Time (Unix ms),Phase,Device Id,Position Id,Phase Name,Capture Phase Id,Record Id,Fx,Fy,Fz,Mx,My,Mz,COPx,COPy
1779744288517,1,12.00000018,Upper Delivery,Loading,pitch.0,700068,-0.3067,0.1578,0.3765,-0.509,-0.342,-2.454,0.0,0.0
1779744288517,1,Pitching Mound.Parent,,Loading,pitch.0,697758,-1.8321,4.9505,42.7706,39.6822,-2.3618,-7.8393,0.005,0.0971
1779744288518,1,12.00000015,Lower Delivery,Loading,pitch.0,699382,-0.3189,0.0827,1.03,-1.4852,0.1033,-2.9015,0.0,0.0
1779744288518,1,12.00000018,Upper Delivery,Loading,pitch.0,700069,-0.3518,0.2063,0.4882,-0.6366,-0.4827,-2.3739,0.0,0.0
1779744288518,1,Pitching Mound.Delivery,,Loading,pitch.0,698435,-0.6707,0.2889,1.5182,-1.9376,-0.3793,-5.2866,0.0,0.0
1779744288518,1,Pitching Mound.Parent,,Loading,pitch.0,697759,-1.883,4.9932,43.0222,39.5142,-2.7457,-7.7865,0.0052,0.0959
1779744288519,1,11.0000004b,Drive,Loading,pitch.0,699294,-1.2156,4.693,41.473,41.4512,-2.2311,-2.485,0.0051,0.0951
1779744288519,1,11.0000004b,Drive,Loading,pitch.0,699295,-1.2014,4.6931,41.4404,41.4224,-2.2485,-2.4434,0.0052,0.0951
1779744288519,1,12.00000015,Lower Delivery,Loading,pitch.0,699383,-0.3255,0.0858,1.0599,-1.4692,0.2148,-2.8984,0.0,0.0
1779744288519,1,12.00000018,Upper Delivery,Loading,pitch.0,700070,-0.4259,0.2666,0.6762,-0.7151,-0.5622,-2.449,0.0,0.0
1779744288519,1,Pitching Mound.Delivery,,Loading,pitch.0,698436,-0.7514,0.3525,1.7361,-2.0538,-0.3474,-5.3816,0.0,0.0
1779744288519,1,Pitching Mound.Drive,,Loading,pitch.0,699294,-1.2156,4.693,41.473,41.4512,-2.2311,-2.485,0.0051,0.0951
1779744288519,1,Pitching Mound.Drive,,Loading,pitch.0,699295,-1.2014,4.6931,41.4404,41.4224,-2.2485,-2.4434,0.0052,0.0951
1779744288519,1,Pitching Mound.Parent,,Loading,pitch.0,697760,-1.967,5.0455,43.2092,39.3974,-2.5784,-7.8666,0.0049,0.0943
1779744288520,1,12.00000015,Lower Delivery,Loading,pitch.0,699384,-0.3338,0.0879,1.0331,-1.3931,0.2061,-2.8944,0.0,0.0
1779744288520,1,12.00000018,Upper Delivery,Loading,pitch.0,700071,-0.4513,0.3053,0.8129,-0.7428,-0.5906,-2.4683,0.0,0.0
1779744288520,1,Pitching Mound.Delivery,,Loading,pitch.0,698437,-0.7851,0.3932,1.846,-2.0611,-0.3846,-5.4026,0.0,0.0
1779744288520,1,Pitching Mound.Parent,,Loading,pitch.0,697761,-1.9865,5.0863,43.2864,39.3614,-2.6331,-7.846,0.0049,0.0928
1779744288521,1,11.0000004b,Drive,Loading,pitch.0,699296,-1.209,4.6818,41.421,41.3664,-2.0379,-2.4668,0.0047,0.095
1779744288521,1,11.0000004b,Drive,Loading,pitch.0,699297,-1.2069,4.6924,41.4911,41.449,-2.1637,-2.4642,0.005,0.095
1779744288521,1,12.00000015,Lower Delivery,Loading,pitch.0,699385,-0.3297,0.0867,1.0518,-1.415,0.3251,-2.9093,0.0,0.0
1779744288521,1,12.00000018,Upper Delivery,Loading,pitch.0,700072,-0.4375,0.2891,0.6474,-0.7672,-0.6147,-2.5026,0.0,0.0
1779744288521,1,Pitching Mound.Delivery,,Loading,pitch.0,698438,-0.7672,0.3759,1.6992,-2.0447,-0.2896,-5.4486,0.0,0.0
1779744288521,1,Pitching Mound.Drive,,Loading,pitch.0,699296,-1.209,4.6818,41.421,41.3664,-2.0379,-2.4668,0.0047,0.095
1779744288521,1,Pitching Mound.Drive,,Loading,pitch.0,699297,-1.2069,4.6924,41.4911,41.449,-2.1637,-2.4642,0.005,0.095
1779744288521,1,Pitching Mound.Parent,,Loading,pitch.0,697762,-1.9763,5.0577,43.1202,39.3217,-2.3276,-7.9154,0.0045,0.0944
1779744288522,1,11.0000004b,Drive,Loading,pitch.0,699298,-1.2042,4.6901,41.3966,41.3918,-2.1584,-2.4677,0.005,0.0951
1779744288522,1,12.00000015,Lower Delivery,Loading,pitch.0,699386,-0.3091,0.0872,1.0145,-1.5368,0.1365,-2.8814,0.0,0.0
1779744288522,1,12.00000018,Upper Delivery,Loading,pitch.0,700073,-0.5128,0.3419,0.8103,-1.1171,-0.9817,-2.6149,0.0,0.0
1779744288522,1,Pitching Mound.Delivery,,Loading,pitch.0,698439,-0.8219,0.4291,1.8249,-2.5845,-0.8452,-5.5656,0.0,0.0
1779744288522,1,Pitching Mound.Drive,,Loading,pitch.0,699298,-1.2042,4.6901,41.3966,41.3918,-2.1584,-2.4677,0.005,0.0951
1779744288522,1,Pitching Mound.Parent,,Loading,pitch.0,697763,-2.0288,5.1215,43.316,38.8645,-3.0089,-8.0297,0.0048,0.0926
1779744288523,1,11.0000004b,Drive,Loading,pitch.0,699299,-1.2072,4.6909,41.4285,41.4458,-2.1097,-2.458,0.0048,0.0952
1779744288523,1,12.00000015,Lower Delivery,Loading,pitch.0,699387,-0.3208,0.0849,0.9963,-1.2985,0.0842,-2.9413,0.0,0.0
1779744288523,1,12.00000018,Upper Delivery,Loading,pitch.0,700074,-0.4898,0.2923,0.7617,-1.1456,-1.0107,-2.6375,0.0,0.0
1779744288523,1,Pitching Mound.Delivery,,Loading,pitch.0,698440,-0.8106,0.3772,1.7581,-2.3643,-0.9265,-5.6362,0.0,0.0
1779744288523,1,Pitching Mound.Drive,,Loading,pitch.0,699299,-1.2072,4.6909,41.4285,41.4458,-2.1097,-2.458,0.0048,0.0952
1779744288523,1,Pitching Mound.Parent,,Loading,pitch.0,697764,-2.0148,5.0673,43.1547,39.0275,-3.0849,-8.104,0.0048,0.0931
1779744288524,1,11.0000004b,Drive,Loading,pitch.0,699300,-1.1931,4.6863,41.3603,41.3225,-2.1457,-2.4472,0.0049,0.095
1779744288524,1,12.00000015,Lower Delivery,Loading,pitch.0,699388,-0.3,0.0835,0.9579,-1.2854,0.1218,-2.9198,0.0,0.0
1779744288524,1,12.00000018,Upper Delivery,Loading,pitch.0,700075,-0.4984,0.3139,0.7179,-1.1122,-0.9748,-2.6439,0.0,0.0
1779744288524,1,Pitching Mound.Delivery,,Loading,pitch.0,698441,-0.7983,0.3974,1.6758,-2.316,-0.853,-5.6311,0.0,0.0
1779744288524,1,Pitching Mound.Drive,,Loading,pitch.0,699300,-1.1931,4.6863,41.3603,41.3225,-2.1457,-2.4472,0.0049,0.095
1779744288524,1,Pitching Mound.Parent,,Loading,pitch.0,697765,-2.0055,5.0883,43.1043,39.1297,-2.9628,-8.0891,0.0047,0.0934
1779744288525,1,11.0000004b,Drive,Loading,pitch.0,699301,-1.2005,4.6793,41.3637,41.342,-1.9873,-2.4435,0.0046,0.0951
1779744288525,1,12.00000015,Lower Delivery,Loading,pitch.0,699389,-0.2978,0.0877,0.9272,-0.7911,0.4836,-2.9113,0.0,0.0
1779744288525,1,12.00000018,Upper Delivery,Loading,pitch.0,700076,-0.424,0.2156,0.4333,-1.0341,-0.8932,-2.6135,0.0,0.0
1779744288525,1,Pitching Mound.Delivery,,Loading,pitch.0,698442,-0.7219,0.3033,1.3605,-1.6573,-0.4096,-5.5677,0.0,0.0
1779744288525,1,Pitching Mound.Drive,,Loading,pitch.0,699301,-1.2005,4.6793,41.3637,41.342,-1.9873,-2.4435,0.0046,0.0951
1779744288525,1,Pitching Mound.Parent,,Loading,pitch.0,697766,-1.915,4.9896,42.7208,39.6652,-2.5552,-8.0149,0.0048,0.0959
1779744288526,1,11.0000004b,Drive,Loading,pitch.0,699302,-1.1928,4.678,41.3399,41.3986,-1.9261,-2.4494,0.0044,0.0953
1779744288526,1,12.00000015,Lower Delivery,Loading,pitch.0,699390,-0.2825,0.0819,0.9315,-0.6329,0.5972,-2.9377,0.0,0.0
1779744288526,1,12.00000018,Upper Delivery,Loading,pitch.0,700077,-0.3753,0.1759,0.3194,-1.0612,-0.9215,-2.6252,0.0,0.0
1779744288526,1,Pitching Mound.Delivery,,Loading,pitch.0,698443,-0.6578,0.2577,1.2509,-1.4861,-0.3243,-5.5944,0.0,0.0
1779744288526,1,Pitching Mound.Drive,,Loading,pitch.0,699302,-1.1928,4.678,41.3399,41.3986,-1.9261,-2.4494,0.0044,0.0953
1779744288526,1,Pitching Mound.Parent,,Loading,pitch.0,697767,-1.8583,4.937,42.6146,39.856,-2.3116,-8.0379,0.0044,0.0972
1779744288527,1,11.0000004b,Drive,Loading,pitch.0,699303,-1.187,4.6692,41.2938,41.2742,-2.0075,-2.4525,0.0046,0.0951
1779744288527,1,12.00000015,Lower Delivery,Loading,pitch.0,699391,-0.2574,0.0989,0.9338,-0.6451,0.6804,-2.933,0.0,0.0
1779744288527,1,12.00000018,Upper Delivery,Loading,pitch.0,700078,-0.3565,0.1495,0.3337,-1.3626,-1.237,-2.7303,0.0,0.0
1779744288527,1,Pitching Mound.Delivery,,Loading,pitch.0,698444,-0.6139,0.2484,1.2675,-1.8036,-0.5567,-5.697,0.0,0.0
1779744288527,1,Pitching Mound.Drive,,Loading,pitch.0,699303,-1.187,4.6692,41.2938,41.2742,-2.0075,-2.4525,0.0046,0.0951
1779744288527,1,Pitching Mound.Parent,,Loading,pitch.0,697768,-1.8067,4.9264,42.6074,39.595,-2.4828,-8.1464,0.0043,0.0972
1779744288528,1,11.0000004b,Drive,Loading,pitch.0,699304,-1.189,4.6605,41.2712,41.2643,-1.9533,-2.4632,0.0045,0.0951
1779744288528,1,12.00000015,Lower Delivery,Loading,pitch.0,699392,-0.2398,0.1057,1.0023,-0.6718,0.5522,-2.9676,0.0,0.0
1779744288528,1,12.00000018,Upper Delivery,Loading,pitch.0,700079,-0.3725,0.1469,0.3542,-1.363,-1.2387,-2.708,0.0,0.0
1779744288528,1,Pitching Mound.Delivery,,Loading,pitch.0,698445,-0.6122,0.2526,1.3565,-1.8144,-0.6864,-5.7207,0.0,0.0
1779744288528,1,Pitching Mound.Drive,,Loading,pitch.0,699304,-1.189,4.6605,41.2712,41.2643,-1.9533,-2.4632,0.0045,0.0951
1779744288528,1,Pitching Mound.Parent,,Loading,pitch.0,697769,-1.7993,4.9218,42.6502,39.4598,-2.6939,-8.1732,0.0045,0.0972
1779744288529,1,11.0000004b,Drive,Loading,pitch.0,699305,-1.1946,4.6678,41.2256,41.1988,-2.0432,-2.4339,0.0047,0.0951
1779744288529,1,12.00000015,Lower Delivery,Loading,pitch.0,699393,-0.2624,0.112,0.9616,-0.6397,0.7045,-2.9167,0.0,0.0
1779744288529,1,12.00000018,Upper Delivery,Loading,pitch.0,700080,-0.3473,0.1391,0.3241,-1.2962,-1.1626,-2.7946,0.0,0.0
1779744288529,1,Pitching Mound.Delivery,,Loading,pitch.0,698446,-0.6098,0.2511,1.2857,-1.7191,-0.458,-5.7402,0.0,0.0
1779744288529,1,Pitching Mound.Drive,,Loading,pitch.0,699305,-1.1946,4.6678,41.2256,41.1988,-2.0432,-2.4339,0.0047,0.0951
1779744288529,1,Pitching Mound.Parent,,Loading,pitch.0,697770,-1.7988,4.9115,42.5569,39.5452,-2.4113,-8.2034,0.0044,0.0973
1779744288530,1,11.0000004b,Drive,Loading,pitch.0,699306,-1.1932,4.6587,41.1949,41.2206,-2.1472,-2.4354,0.005,0.0952
1779744288530,1,12.00000015,Lower Delivery,Loading,pitch.0,699394,-0.2462,0.1071,0.9818,-0.7345,0.7755,-2.92,0.0,0.0
1779744288530,1,12.00000018,Upper Delivery,Loading,pitch.0,700081,-0.3298,0.1285,0.3153,-1.2153,-1.0789,-2.7487,0.0,0.0
1779744288530,1,Pitching Mound.Delivery,,Loading,pitch.0,698447,-0.5759,0.2356,1.2971,-1.7233,-0.3035,-5.6971,0.0,0.0
1779744288530,1,Pitching Mound.Drive,,Loading,pitch.0,699306,-1.1932,4.6587,41.1949,41.2206,-2.1472,-2.4354,0.005,0.0952
1779744288530,1,Pitching Mound.Parent,,Loading,pitch.0,697771,-1.7705,4.9034,42.5227,39.4756,-2.3466,-8.131,0.0046,0.0975
1779744288531,1,11.0000004b,Drive,Loading,pitch.0,699307,-1.1898,4.6573,41.2347,41.2275,-2.0902,-2.4131,0.0048,0.0951
1779744288531,1,12.00000015,Lower Delivery,Loading,pitch.0,699395,-0.2762,0.1073,1.0169,-0.8193,0.6515,-2.9247,0.0,0.0
1779744288531,1,12.00000018,Upper Delivery,Loading,pitch.0,700082,-0.3164,0.1114,0.2937,-1.1839,-1.0478,-2.7056,0.0,0.0
1779744288531,1,Pitching Mound.Delivery,,Loading,pitch.0,698448,-0.5926,0.2187,1.3106,-1.7573,-0.3963,-5.644,0.0,0.0
1779744288531,1,Pitching Mound.Drive,,Loading,pitch.0,699307,-1.1898,4.6573,41.2347,41.2275,-2.0902,-2.4131,0.0048,0.0951
1779744288531,1,Pitching Mound.Parent,,Loading,pitch.0,697772,-1.7858,4.8774,42.5055,39.4633,-2.5435,-8.0794,0.0048,0.098
1779744288532,1,11.0000004b,Drive,Loading,pitch.0,699308,-1.1908,4.6588,41.2382,41.2433,-2.0552,-2.4209,0.0047,0.0951
1779744288532,1,12.00000015,Lower Delivery,Loading,pitch.0,699396,-0.2613,0.12,1.0319,-0.9678,0.7495,-2.9045,0.0,0.0
1779744288532,1,12.00000018,Upper Delivery,Loading,pitch.0,700083,-0.2887,0.0893,0.2445,-1.085,-0.9466,-2.6292,0.0,0.0
1779744288532,1,Pitching Mound.Delivery,,Loading,pitch.0,698449,-0.55,0.2093,1.2764,-1.7851,-0.1971,-5.543,0.0,0.0
1779744288532,1,Pitching Mound.Drive,,Loading,pitch.0,699308,-1.1908,4.6588,41.2382,41.2433,-2.0552,-2.4209,0.0047,0.0951
1779744288532,1,Pitching Mound.Parent,,Loading,pitch.0,697773,-1.7398,4.8667,42.5111,39.4423,-2.2873,-7.9561,0.0047,0.0986
1779744288533,1,11.0000004b,Drive,Loading,pitch.0,699309,-1.1873,4.6657,41.1787,41.2686,-2.0735,-2.4106,0.0048,0.0953
1779744288533,1,12.00000015,Lower Delivery,Loading,pitch.0,699397,-0.2997,0.0839,1.0133,-1.0348,0.5618,-2.8665,0.0,0.0
1779744288533,1,12.00000018,Upper Delivery,Loading,pitch.0,700084,-0.2777,0.0904,0.2733,-1.1111,-0.9787,-2.5541,0.0,0.0
1779744288533,1,Pitching Mound.Delivery,,Loading,pitch.0,698450,-0.5774,0.1743,1.2866,-1.8943,-0.4169,-5.4131,0.0,0.0
1779744288533,1,Pitching Mound.Drive,,Loading,pitch.0,699309,-1.1873,4.6657,41.1787,41.2686,-2.0735,-2.4106,0.0048,0.0953
1779744288533,1,Pitching Mound.Parent,,Loading,pitch.0,697774,-1.7682,4.833,42.5248,39.349,-2.4721,-7.834,0.0046,0.0982
1779744288534,1,11.0000004b,Drive,Loading,pitch.0,699310,-1.1927,4.6636,41.1683,41.1736,-2.2064,-2.4274,0.0051,0.0951
1779744288534,1,12.00000015,Lower Delivery,Loading,pitch.0,699398,-0.3125,0.0818,1.0168,-1.2074,0.421,-2.8824,0.0,0.0
1779744288534,1,12.00000018,Upper Delivery,Loading,pitch.0,700085,-0.2624,0.0839,0.2857,-0.5945,-0.4325,-2.4687,0.0,0.0
1779744288534,1,Pitching Mound.Delivery,,Loading,pitch.0,698451,-0.5749,0.1657,1.3025,-1.5534,-0.0114,-5.334,0.0,0.0
1779744288534,1,Pitching Mound.Drive,,Loading,pitch.0,699310,-1.1927,4.6636,41.1683,41.1736,-2.2064,-2.4274,0.0051,0.0951
1779744288534,1,Pitching Mound.Parent,,Loading,pitch.0,697775,-1.7622,4.8314,42.4812,39.7152,-2.085,-7.7447,0.0046,0.0983
1779744288535,1,11.0000004b,Drive,Loading,pitch.0,699311,-1.1948,4.6807,41.1471,41.2354,-2.214,-2.3938,0.0051,0.0953
1779744288535,1,12.00000015,Lower Delivery,Loading,pitch.0,699400,-0.3234,0.084,0.9981,-1.2472,-0.0904,-2.9046,0.0,0.0
1779744288535,1,12.00000015,Lower Delivery,Loading,pitch.0,699399,-0.3325,0.0876,1.0461,-1.2891,0.4544,-2.8817,0.0,0.0
1779744288535,1,12.00000018,Upper Delivery,Loading,pitch.0,700086,-0.2565,0.0766,0.2748,-0.5753,-0.4132,-2.4458,0.0,0.0
1779744288535,1,Pitching Mound.Delivery,,Loading,pitch.0,698452,-0.589,0.1642,1.3209,-1.6022,0.0412,-5.3017,0.0,0.0
1779744288535,1,Pitching Mound.Drive,,Loading,pitch.0,699311,-1.1948,4.6807,41.1471,41.2354,-2.214,-2.3938,0.0051,0.0953
1779744288535,1,Pitching Mound.Parent,,Loading,pitch.0,697776,-1.7817,4.8278,42.4892,39.5714,-2.1652,-7.7291,0.0049,0.0984
1779744288536,1,11.0000004b,Drive,Loading,pitch.0,699312,-1.1938,4.6789,41.0662,41.1376,-2.1543,-2.4134,0.005,0.0953
1779744288536,1,12.00000018,Upper Delivery,Loading,pitch.0,700087,-0.2682,0.0779,0.3144,-0.86,-0.7134,-2.5068,0.0,0.0
1779744288536,1,Pitching Mound.Delivery,,Loading,pitch.0,698453,-0.5915,0.1619,1.3126,-1.8748,-0.8039,-5.3926,0.0,0.0
1779744288536,1,Pitching Mound.Drive,,Loading,pitch.0,699312,-1.1938,4.6789,41.0662,41.1376,-2.1543,-2.4134,0.005,0.0953
1779744288536,1,Pitching Mound.Parent,,Loading,pitch.0,697777,-1.7864,4.8426,42.4597,39.3607,-3.0178,-7.7865,0.005,0.0979
1779744288537,1,11.0000004b,Drive,Loading,pitch.0,699313,-1.1924,4.6751,41.0184,41.0066,-2.1932,-2.4037,0.0051,0.0951
1779744288537,1,12.00000015,Lower Delivery,Loading,pitch.0,699401,-0.343,0.0879,0.9874,-1.2272,-0.202,-2.9462,0.0,0.0
1779744288537,1,12.00000018,Upper Delivery,Loading,pitch.0,700088,-0.2528,0.0755,0.3018,-0.5577,-0.3992,-2.3605,0.0,0.0
1779744288537,1,Pitching Mound.Delivery,,Loading,pitch.0,698454,-0.5958,0.1634,1.2892,-1.5518,-0.6012,-5.2761,0.0,0.0
1779744288537,1,Pitching Mound.Drive,,Loading,pitch.0,699313,-1.1924,4.6751,41.0184,41.0066,-2.1932,-2.4037,0.0051,0.0951
1779744288537,1,Pitching Mound.Parent,,Loading,pitch.0,697778,-1.7897,4.8423,42.3554,39.5858,-2.7555,-7.6894,0.0048,0.0979
1779744288538,1,11.0000004b,Drive,Loading,pitch.0,699314,-1.1828,4.68,40.9911,41.0543,-2.1925,-2.4189,0.0051,0.0953
1779744288538,1,12.00000015,Lower Delivery,Loading,pitch.0,699402,-0.3126,0.0815,0.9728,-1.2687,0.057,-2.9357,0.0,0.0
1779744288538,1,12.00000018,Upper Delivery,Loading,pitch.0,700089,-0.2736,0.0933,0.3178,-0.4907,-0.3279,-2.3569,0.0,0.0
1779744288538,1,Pitching Mound.Delivery,,Loading,pitch.0,698455,-0.5863,0.1748,1.2906,-1.5368,-0.271,-5.2794,0.0,0.0
1779744288538,1,Pitching Mound.Drive,,Loading,pitch.0,699314,-1.1828,4.68,40.9911,41.0543,-2.1925,-2.4189,0.0051,0.0953
1779744288538,1,Pitching Mound.Parent,,Loading,pitch.0,697779,-1.7787,4.8499,42.309,39.4699,-2.4641,-7.6831,0.0049,0.0975
1779744288539,1,11.0000004b,Drive,Loading,pitch.0,699315,-1.1876,4.6884,40.9058,40.9723,-2.3062,-2.4278,0.0054,0.0953
1779744288539,1,12.00000015,Lower Delivery,Loading,pitch.0,699403,-0.2767,0.0719,1.0543,-1.175,0.0417,-2.9666,0.0,0.0
1779744288539,1,12.00000018,Upper Delivery,Loading,pitch.0,700090,-0.2893,0.0755,0.2782,-0.4208,-0.2551,-2.3255,0.0,0.0
1779744288539,1,Pitching Mound.Delivery,,Loading,pitch.0,698456,-0.566,0.1475,1.3324,-1.3319,-0.2134,-5.2964,0.0,0.0
1779744288539,1,Pitching Mound.Drive,,Loading,pitch.0,699315,-1.1876,4.6884,40.9058,40.9723,-2.3062,-2.4278,0.0054,0.0953
1779744288539,1,Pitching Mound.Parent,,Loading,pitch.0,697780,-1.7488,4.8275,42.3236,39.7224,-2.4059,-7.7152,0.0049,0.0985
1779744288540,1,11.0000004b,Drive,Loading,pitch.0,699316,-1.1825,4.67,40.9327,40.9858,-2.1912,-2.4295,0.0051,0.0953
1779744288540,1,12.00000015,Lower Delivery,Loading,pitch.0,699404,-0.2995,0.0773,1.0682,-1.313,0.2135,-2.9716,0.0,0.0
1779744288540,1,12.00000018,Upper Delivery,Loading,pitch.0,700091,-0.2966,0.0886,0.3314,-0.2131,-0.038,-2.2473,0.0,0.0
1779744288540,1,Pitching Mound.Delivery,,Loading,pitch.0,698457,-0.5961,0.1659,1.3996,-1.2756,0.1755,-5.218,0.0,0.0
1779744288540,1,Pitching Mound.Drive,,Loading,pitch.0,699316,-1.1825,4.67,40.9327,40.9858,-2.1912,-2.4295,0.0051,0.0953
1779744288540,1,Pitching Mound.Parent,,Loading,pitch.0,697781,-1.7837,4.8543,42.3053,39.6966,-2.1307,-7.6458,0.0052,0.0981
1779744288541,1,11.0000004b,Drive,Loading,pitch.0,699317,-1.1668,4.6697,40.9061,40.9789,-2.4121,-2.4497,0.0056,0.0953
1779744288541,1,12.00000015,Lower Delivery,Loading,pitch.0,699405,-0.2904,0.0752,1.0275,-1.3462,0.1027,-2.957,0.0,0.0
1779744288541,1,12.00000018,Upper Delivery,Loading,pitch.0,700092,-0.3127,0.0936,0.3241,-0.3857,-0.2176,-2.3275,0.0,0.0
1779744288541,1,Pitching Mound.Delivery,,Loading,pitch.0,698458,-0.6031,0.1688,1.3517,-1.4927,-0.1149,-5.2921,0.0,0.0
1779744288541,1,Pitching Mound.Drive,,Loading,pitch.0,699317,-1.1668,4.6697,40.9061,40.9789,-2.4121,-2.4497,0.0056,0.0953
1779744288541,1,Pitching Mound.Parent,,Loading,pitch.0,697782,-1.7855,4.8388,42.2843,39.4931,-2.3061,-7.7216,0.0049,0.0979
1779744288542,1,11.0000004b,Drive,Loading,pitch.0,699318,-1.1745,4.6617,40.9882,41.0798,-2.5533,-2.4371,0.0059,0.0953
1779744288542,1,12.00000015,Lower Delivery,Loading,pitch.0,699406,-0.2533,0.0667,1.0838,-1.4142,0.0986,-2.9568,0.0,0.0
1779744288542,1,12.00000018,Upper Delivery,Loading,pitch.0,700093,-0.3229,0.112,0.3315,-0.4031,-0.2344,-2.3581,0.0,0.0
1779744288542,1,Pitching Mound.Delivery,,Loading,pitch.0,698459,-0.5762,0.1787,1.4153,-1.5616,-0.1358,-5.3385,0.0,0.0
1779744288542,1,Pitching Mound.Drive,,Loading,pitch.0,699318,-1.1745,4.6617,40.9882,41.0798,-2.5533,-2.4371,0.0059,0.0953
1779744288542,1,Pitching Mound.Parent,,Loading,pitch.0,697783,-1.7429,4.8484,42.3214,39.4173,-2.5479,-7.7883,0.0054,0.0982
1779744288543,1,11.0000004b,Drive,Loading,pitch.0,699319,-1.1575,4.6552,40.8875,40.9485,-2.6599,-2.4374,0.0062,0.0953
1779744288543,1,12.00000015,Lower Delivery,Loading,pitch.0,699407,-0.2286,0.0601,1.1373,-1.5536,-0.0556,-2.9182,0.0,0.0
1779744288543,1,12.00000018,Upper Delivery,Loading,pitch.0,700094,-0.3251,0.1071,0.302,-0.3847,-0.2102,-2.4416,0.0,0.0
1779744288543,1,Pitching Mound.Delivery,,Loading,pitch.0,698460,-0.5537,0.1671,1.4393,-1.6543,-0.2658,-5.3927,0.0,0.0
1779744288543,1,Pitching Mound.Drive,,Loading,pitch.0,699319,-1.1575,4.6552,40.8875,40.9485,-2.6599,-2.4374,0.0062,0.0953
1779744288543,1,Pitching Mound.Parent,,Loading,pitch.0,697784,-1.7282,4.8288,42.4275,39.4255,-2.819,-7.8298,0.0057,0.0988
1779744288544,1,11.0000004b,Drive,Loading,pitch.0,699320,-1.1656,4.6541,40.9453,41.0257,-2.6033,-2.46,0.006,0.0953
1779744288544,1,12.00000015,Lower Delivery,Loading,pitch.0,699408,-0.2428,0.0737,1.1851,-1.6864,-0.0754,-2.8902,0.0,0.0
1779744288544,1,12.00000018,Upper Delivery,Loading,pitch.0,700095,-0.3195,0.1216,0.2686,-0.4025,-0.2278,-2.4658,0.0,0.0
1779744288544,1,Pitching Mound.Delivery,,Loading,pitch.0,698461,-0.5623,0.1953,1.4537,-1.7773,-0.3032,-5.3821,0.0,0.0
1779744288544,1,Pitching Mound.Drive,,Loading,pitch.0,699320,-1.1656,4.6541,40.9453,41.0257,-2.6033,-2.46,0.006,0.0953
1779744288544,1,Pitching Mound.Parent,,Loading,pitch.0,697785,-1.7198,4.8505,42.3412,39.1713,-2.963,-7.8195,0.006,0.0994
1779744288545,1,11.0000004b,Drive,Loading,pitch.0,699321,-1.1695,4.6583,40.9368,41.1096,-2.5986,-2.4317,0.006,0.0955
1779744288545,1,12.00000015,Lower Delivery,Loading,pitch.0,699409,-0.2393,0.0778,1.139,-1.7521,0.0964,-2.8484,0.0,0.0
1779744288545,1,12.00000018,Upper Delivery,Loading,pitch.0,700096,-0.3319,0.1338,0.3078,-0.8406,-0.6896,-2.5646,0.0,0.0
1779744288545,1,12.00000018,Upper Delivery,Loading,pitch.0,700097,-0.3325,0.1271,0.3182,-0.9513,-0.8083,-2.5532,0.0,0.0
1779744288545,1,Pitching Mound.Delivery,,Loading,pitch.0,698462,-0.5712,0.2116,1.4469,-2.3102,-0.5932,-5.4445,0.0,0.0
1779744288545,1,Pitching Mound.Drive,,Loading,pitch.0,699321,-1.1695,4.6583,40.9368,41.1096,-2.5986,-2.4317,0.006,0.0955
1779744288545,1,Pitching Mound.Parent,,Loading,pitch.0,697786,-1.7368,4.8657,42.3921,38.7156,-3.1965,-7.9045,0.0058,0.0987
1779744288546,1,11.0000004b,Drive,Loading,pitch.0,699322,-1.1709,4.6631,40.9696,41.0266,-2.6309,-2.4513,0.0061,0.0953
1779744288546,1,12.00000015,Lower Delivery,Loading,pitch.0,699410,-0.226,0.0677,1.0624,-1.9321,-0.0166,-2.7998,0.0,0.0
1779744288546,1,Pitching Mound.Delivery,,Loading,pitch.0,698463,-0.5585,0.1948,1.3806,-2.6304,-0.8249,-5.3893,0.0,0.0
1779744288546,1,Pitching Mound.Drive,,Loading,pitch.0,699322,-1.1709,4.6631,40.9696,41.0266,-2.6309,-2.4513,0.0061,0.0953
1779744288546,1,Pitching Mound.Parent,,Loading,pitch.0,697787,-1.728,4.8531,42.3173,38.4792,-3.4235,-7.821,0.0058,0.0984
1779744288547,1,11.0000004b,Drive,Loading,pitch.0,699323,-1.1723,4.6567,41.0317,41.1068,-2.6845,-2.458,0.0062,0.0953
1779744288547,1,12.00000015,Lower Delivery,Loading,pitch.0,699411,-0.2473,0.0712,0.9277,-2.2263,-0.4156,-2.8121,0.0,0.0
1779744288547,1,12.00000018,Upper Delivery,Loading,pitch.0,700098,-0.3498,0.1571,0.3824,-0.9571,-0.814,-2.5619,0.0,0.0
1779744288547,1,Pitching Mound.Delivery,,Loading,pitch.0,698464,-0.5972,0.2283,1.3101,-2.998,-1.2296,-5.4089,0.0,0.0
1779744288547,1,Pitching Mound.Drive,,Loading,pitch.0,699323,-1.1723,4.6567,41.0317,41.1068,-2.6845,-2.458,0.0062,0.0953
1779744288547,1,Pitching Mound.Parent,,Loading,pitch.0,697788,-1.768,4.8914,42.2797,38.0285,-3.8605,-7.8602,0.0059,0.0967
1779744288548,1,11.0000004b,Drive,Loading,pitch.0,699324,-1.1635,4.641,41.0239,41.0458,-2.6615,-2.449,0.0062,0.0952
1779744288548,1,12.00000015,Lower Delivery,Loading,pitch.0,699412,-0.2539,0.0704,0.8668,-2.395,-0.8258,-2.7685,0.0,0.0
1779744288548,1,12.00000018,Upper Delivery,Loading,pitch.0,700099,-0.4059,0.205,0.5439,-1.1731,-1.042,-2.6025,0.0,0.0
1779744288548,1,Pitching Mound.Delivery,,Loading,pitch.0,698465,-0.6598,0.2754,1.4107,-3.4583,-1.8678,-5.4227,0.0,0.0
1779744288548,1,Pitching Mound.Drive,,Loading,pitch.0,699324,-1.1635,4.641,41.0239,41.0458,-2.6615,-2.449,0.0062,0.0952
1779744288548,1,Pitching Mound.Parent,,Loading,pitch.0,697789,-1.832,4.9321,42.4424,37.6485,-4.5523,-7.8807,0.006,0.0947
1779744288549,1,11.0000004b,Drive,Loading,pitch.0,699325,-1.1595,4.648,41.0486,41.0602,-2.7072,-2.4584,0.0063,0.0952
1779744288549,1,12.00000015,Lower Delivery,Loading,pitch.0,699413,-0.2421,0.0764,0.869,-2.3777,-0.6081,-2.8119,0.0,0.0
1779744288549,1,12.00000018,Upper Delivery,Loading,pitch.0,700100,-0.3945,0.1949,0.4862,-1.348,-1.2287,-2.6012,0.0,0.0
1779744288549,1,Pitching Mound.Delivery,,Loading,pitch.0,698466,-0.6365,0.2713,1.3552,-3.5956,-1.8368,-5.465,0.0,0.0
1779744288549,1,Pitching Mound.Drive,,Loading,pitch.0,699325,-1.1595,4.648,41.0486,41.0602,-2.7072,-2.4584,0.0063,0.0952
1779744288549,1,Pitching Mound.Parent,,Loading,pitch.0,697790,-1.8001,4.9123,42.3792,37.4502,-4.4983,-7.914,0.006,0.0952
1779744288550,1,11.0000004b,Drive,Loading,pitch.0,699326,-1.1499,4.6326,41.0357,40.9379,-2.5809,-2.4399,0.006,0.0949
1779744288550,1,12.00000015,Lower Delivery,Loading,pitch.0,699414,-0.2552,0.0762,0.8344,-2.2602,-0.4992,-2.768,0.0,0.0
1779744288550,1,12.00000018,Upper Delivery,Loading,pitch.0,700101,-0.3645,0.1854,0.4601,-1.287,-1.1611,-2.6465,0.0,0.0
1779744288550,1,12.00000018,Upper Delivery,Loading,pitch.0,700102,-0.3995,0.2146,0.5822,-1.1794,-1.0462,-2.6448,0.0,0.0
1779744288550,1,Pitching Mound.Delivery,,Loading,pitch.0,698467,-0.6197,0.2616,1.2945,-3.42,-1.6603,-5.4516,0.0,0.0
1779744288550,1,Pitching Mound.Drive,,Loading,pitch.0,699326,-1.1499,4.6326,41.0357,40.9379,-2.5809,-2.4399,0.006,0.0949
1779744288550,1,Pitching Mound.Parent,,Loading,pitch.0,697791,-1.7792,4.9097,42.3431,37.6402,-4.3676,-7.91,0.0061,0.0953
1779744288551,1,11.0000004b,Drive,Loading,pitch.0,699327,-1.1519,4.6434,41.0801,40.9864,-2.6086,-2.4539,0.006,0.0949
1779744288551,1,12.00000015,Lower Delivery,Loading,pitch.0,699415,-0.2241,0.0654,0.724,-1.9218,-0.2602,-2.8075,0.0,0.0
1779744288551,1,12.00000018,Upper Delivery,Loading,pitch.0,700103,-0.3916,0.1925,0.533,-1.1967,-0.9199,-2.7056,0.0,0.0
1779744288551,1,Pitching Mound.Delivery,,Loading,pitch.0,698468,-0.6236,0.28,1.3062,-3.053,-1.3064,-5.5119,0.0,0.0
1779744288551,1,Pitching Mound.Drive,,Loading,pitch.0,699327,-1.1519,4.6434,41.0801,40.9864,-2.6086,-2.4539,0.006,0.0949
1779744288551,1,Pitching Mound.Parent,,Loading,pitch.0,697792,-1.7735,4.9126,42.3418,37.8849,-3.8874,-7.9518,0.0058,0.0931
1779744288552,1,11.0000004b,Drive,Loading,pitch.0,699328,-1.1645,4.648,41.0754,40.9786,-2.4355,-2.4477,0.0056,0.0949
1779744288552,1,12.00000015,Lower Delivery,Loading,pitch.0,699416,-0.2328,0.0638,0.74,-1.8384,-0.2529,-2.8536,0.0,0.0
1779744288552,1,12.00000015,Lower Delivery,Loading,pitch.0,699417,-0.2235,0.0618,0.802,-1.8534,-0.39,-2.8736,0.0,0.0
1779744288552,1,Pitching Mound.Delivery,,Loading,pitch.0,698469,-0.6244,0.2563,1.2729,-2.9647,-1.1728,-5.6132,0.0,0.0
1779744288552,1,Pitching Mound.Drive,,Loading,pitch.0,699328,-1.1645,4.648,41.0754,40.9786,-2.4355,-2.4477,0.0056,0.0949
1779744288552,1,Pitching Mound.Parent,,Loading,pitch.0,697793,-1.7763,4.8997,42.353,38.0217,-3.7813,-8.0671,0.0059,0.0937
1779744288553,1,11.0000004b,Drive,Loading,pitch.0,699329,-1.1542,4.6608,41.0891,40.952,-2.4351,-2.4581,0.0056,0.0948
1779744288553,1,12.00000015,Lower Delivery,Loading,pitch.0,699418,-0.2432,0.0684,0.7367,-1.4276,-0.1247,-2.8805,0.0,0.0
1779744288553,1,12.00000018,Upper Delivery,Loading,pitch.0,700105,-0.4012,0.2016,0.5887,-1.3801,-0.8369,-2.6273,0.0,0.0
1779744288553,1,12.00000018,Upper Delivery,Loading,pitch.0,700104,-0.4191,0.2115,0.6489,-1.1884,-0.937,-2.6451,0.0,0.0
1779744288553,1,Pitching Mound.Delivery,,Loading,pitch.0,698470,-0.6425,0.2733,1.4509,-2.9898,-1.327,-5.5852,0.0,0.0
1779744288553,1,Pitching Mound.Delivery,,Loading,pitch.0,698471,-0.6444,0.2701,1.3253,-2.7574,-0.9616,-5.5615,0.0,0.0
1779744288553,1,Pitching Mound.Drive,,Loading,pitch.0,699329,-1.1542,4.6608,41.0891,40.952,-2.4351,-2.4581,0.0056,0.0948
1779744288553,1,Pitching Mound.Parent,,Loading,pitch.0,697794,-1.807,4.9213,42.5263,37.9889,-3.7625,-8.0328,0.0054,0.0929
1779744288553,1,Pitching Mound.Parent,,Loading,pitch.0,697795,-1.7986,4.9308,42.4144,38.1946,-3.3966,-8.0196,0.0055,0.093
1779744288554,1,11.0000004b,Drive,Loading,pitch.0,699330,-1.1514,4.6623,41.0172,40.9906,-2.2369,-2.4676,0.0052,0.0951
1779744288554,1,12.00000015,Lower Delivery,Loading,pitch.0,699419,-0.2429,0.0643,0.8262,-0.8727,-0.2434,-2.9559,0.0,0.0
1779744288554,1,Pitching Mound.Drive,,Loading,pitch.0,699330,-1.1514,4.6623,41.0172,40.9906,-2.2369,-2.4676,0.0052,0.0951
1779744288555,1,11.0000004b,Drive,Loading,pitch.0,699331,-1.157,4.6721,41.0373,41.0201,-2.251,-2.4727,0.0052,0.0951
1779744288555,1,12.00000015,Lower Delivery,Loading,pitch.0,699420,-0.2701,0.0711,0.7158,-0.6688,-0.2116,-2.9325,0.0,0.0
1779744288555,1,12.00000018,Upper Delivery,Loading,pitch.0,700106,-0.3843,0.1929,0.5787,-1.5774,-0.8332,-2.6939,0.0,0.0
1779744288555,1,Pitching Mound.Delivery,,Loading,pitch.0,698472,-0.6272,0.2573,1.4049,-2.3659,-1.0766,-5.6978,0.0,0.0
1779744288555,1,Pitching Mound.Drive,,Loading,pitch.0,699331,-1.157,4.6721,41.0373,41.0201,-2.251,-2.4727,0.0052,0.0951
1779744288555,1,Pitching Mound.Parent,,Loading,pitch.0,697796,-1.7786,4.9196,42.4221,38.6247,-3.3135,-8.1654,0.005,0.0939
1779744288556,1,11.0000004b,Drive,Loading,pitch.0,699332,-1.1513,4.6775,40.9806,41.0545,-2.2248,-2.4808,0.0052,0.0953
1779744288556,1,12.00000015,Lower Delivery,Loading,pitch.0,699421,-0.2887,0.0744,0.8566,-0.7944,-0.3737,-2.9439,0.0,0.0
1779744288556,1,12.00000018,Upper Delivery,Loading,pitch.0,700107,-0.3879,0.202,0.6257,-1.4455,-0.9117,-2.6558,0.0,0.0
1779744288556,1,12.00000018,Upper Delivery,Loading,pitch.0,700108,-0.3501,0.1657,0.5111,-1.8613,-0.5932,-2.7712,0.0,0.0
1779744288556,1,Pitching Mound.Delivery,,Loading,pitch.0,698474,-0.6389,0.2401,1.3677,-2.5382,-0.9669,-5.736,0.0,0.0
1779744288556,1,Pitching Mound.Delivery,,Loading,pitch.0,698473,-0.658,0.2732,1.3416,-2.0836,-1.1233,-5.6283,0.0,0.0
1779744288556,1,Pitching Mound.Drive,,Loading,pitch.0,699332,-1.1513,4.6775,40.9806,41.0545,-2.2248,-2.4808,0.0052,0.0953
1779744288556,1,Pitching Mound.Parent,,Loading,pitch.0,697798,-1.7901,4.9176,42.3483,38.5164,-3.1917,-8.2168,0.005,0.095
1779744288556,1,Pitching Mound.Parent,,Loading,pitch.0,697797,-1.815,4.9453,42.3788,38.9365,-3.3744,-8.101,0.0051,0.0928
1779744288557,1,11.0000004b,Drive,Loading,pitch.0,699333,-1.1535,4.6803,41.0139,41.1493,-2.2925,-2.4883,0.0053,0.0954
1779744288557,1,12.00000015,Lower Delivery,Loading,pitch.0,699422,-0.2939,0.0783,0.8794,-0.5222,-0.1605,-2.9054,0.0,0.0
1779744288557,1,12.00000018,Upper Delivery,Loading,pitch.0,700109,-0.3328,0.1471,0.4192,-1.9904,-0.3391,-2.8085,0.0,0.0
1779744288557,1,Pitching Mound.Delivery,,Loading,pitch.0,698475,-0.6267,0.2255,1.2986,-2.3562,-0.4996,-5.7272,0.0,0.0
1779744288557,1,Pitching Mound.Drive,,Loading,pitch.0,699333,-1.1535,4.6803,41.0139,41.1493,-2.2925,-2.4883,0.0053,0.0954
1779744288557,1,Pitching Mound.Parent,,Loading,pitch.0,697799,-1.7802,4.9058,42.3125,38.7931,-2.7922,-8.2155,0.0052,0.0962
1779744288558,1,11.0000004b,Drive,Loading,pitch.0,699334,-1.1628,4.6908,40.9888,41.2348,-2.2984,-2.489,0.0053,0.0957
1779744288558,1,12.00000015,Lower Delivery,Loading,pitch.0,699423,-0.2852,0.0768,0.9,-0.8594,-0.0986,-2.9354,0.0,0.0
1779744288558,1,12.00000018,Upper Delivery,Loading,pitch.0,700110,-0.3103,0.1383,0.4047,-1.7146,-0.8416,-2.7791,0.0,0.0
1779744288558,1,Pitching Mound.Delivery,,Loading,pitch.0,698476,-0.5955,0.2151,1.3048,-2.4056,-0.9401,-5.723,0.0,0.0
1779744288558,1,Pitching Mound.Drive,,Loading,pitch.0,699334,-1.1628,4.6908,40.9888,41.2348,-2.2984,-2.489,0.0053,0.0957
1779744288558,1,Pitching Mound.Parent,,Loading,pitch.0,697800,-1.7583,4.9058,42.2936,38.8292,-3.2385,-8.212,0.0052,0.0967
1779744288559,1,11.0000004b,Drive,Loading,pitch.0,699335,-1.1524,4.7041,40.8859,41.2627,-2.3922,-2.5079,0.0056,0.096
1779744288559,1,12.00000015,Lower Delivery,Loading,pitch.0,699424,-0.2932,0.0765,0.9025,-0.7858,-0.0951,-2.9629,0.0,0.0
1779744288559,1,Pitching Mound.Drive,,Loading,pitch.0,699335,-1.1524,4.7041,40.8859,41.2627,-2.3922,-2.5079,0.0056,0.096
1779744288560,1,11.0000004b,Drive,Loading,pitch.0,699336,-1.1526,4.7145,40.9253,41.2574,-2.3469,-2.5062,0.0055,0.0959
1779744288560,1,12.00000015,Lower Delivery,Loading,pitch.0,699425,-0.2929,0.0775,0.8159,-0.8754,-0.1478,-2.993,0.0,0.0
1779744288560,1,12.00000018,Upper Delivery,Loading,pitch.0,700111,-0.3067,0.1208,0.3784,-1.8814,-0.7653,-2.795,0.0,0.0
1779744288560,1,Pitching Mound.Delivery,,Loading,pitch.0,698477,-0.6,0.1973,1.2809,-2.489,-0.8603,-5.7626,0.0,0.0
1779744288560,1,Pitching Mound.Drive,,Loading,pitch.0,699336,-1.1526,4.7145,40.9253,41.2574,-2.3469,-2.5062,0.0055,0.0959
1779744288560,1,Pitching Mound.Parent,,Loading,pitch.0,697801,-1.7523,4.9013,42.1668,38.7737,-3.2525,-8.2705,0.0054,0.0973
1779744288561,1,11.0000004b,Drive,Loading,pitch.0,699337,-1.1534,4.7147,40.8275,41.2978,-2.3749,-2.5013,0.0055,0.0962
1779744288561,1,12.00000015,Lower Delivery,Loading,pitch.0,699426,-0.2902,0.0984,0.8707,-0.9573,-0.2208,-2.9379,0.0,0.0
1779744288561,1,12.00000018,Upper Delivery,Loading,pitch.0,700112,-0.3365,0.1446,0.4396,-2.2869,-0.357,-2.8764,0.0,0.0
1779744288561,1,Pitching Mound.Delivery,,Loading,pitch.0,698478,-0.6294,0.2222,1.2555,-3.0344,-0.5048,-5.8842,0.0,0.0
1779744288561,1,Pitching Mound.Drive,,Loading,pitch.0,699337,-1.1534,4.7147,40.8275,41.2978,-2.3749,-2.5013,0.0055,0.0962
1779744288561,1,Pitching Mound.Parent,,Loading,pitch.0,697802,-1.782,4.9366,42.1808,38.223,-2.8517,-8.3905,0.0053,0.0961
1779744288562,1,11.0000004b,Drive,Loading,pitch.0,699338,-1.1565,4.7076,40.8054,41.2275,-2.2205,-2.4954,0.0052,0.0961
1779744288562,1,12.00000015,Lower Delivery,Loading,pitch.0,699427,-0.3037,0.0882,0.7611,-0.9752,-0.3506,-2.9553,0.0,0.0
1779744288562,1,12.00000018,Upper Delivery,Loading,pitch.0,700113,-0.3502,0.1723,0.4618,-2.2014,-0.717,-2.8601,0.0,0.0
1779744288562,1,Pitching Mound.Delivery,,Loading,pitch.0,698479,-0.6403,0.2707,1.3326,-3.0196,-0.9377,-5.8183,0.0,0.0
1779744288562,1,Pitching Mound.Drive,,Loading,pitch.0,699338,-1.1565,4.7076,40.8054,41.2275,-2.2205,-2.4954,0.0052,0.0961
1779744288562,1,Pitching Mound.Parent,,Loading,pitch.0,697803,-1.7937,4.9854,42.1601,38.2782,-3.3127,-8.3196,0.0054,0.0965
1779744288563,1,11.0000004b,Drive,Loading,pitch.0,699339,-1.1671,4.7007,40.8227,41.1708,-2.3244,-2.5094,0.0054,0.0959
1779744288563,1,12.00000015,Lower Delivery,Loading,pitch.0,699428,-0.2989,0.0936,0.6957,-1.0634,-0.1435,-2.9605,0.0,0.0
1779744288563,1,12.00000018,Upper Delivery,Loading,pitch.0,700114,-0.3682,0.1749,0.4819,-1.8066,-0.7752,-2.8419,0.0,0.0
1779744288563,1,12.00000018,Upper Delivery,Loading,pitch.0,700115,-0.3684,0.1667,0.4737,-1.6071,-0.834,-2.8214,0.0,0.0
1779744288563,1,Pitching Mound.Delivery,,Loading,pitch.0,698481,-0.6672,0.2603,1.1695,-2.595,-0.9775,-5.8055,0.0,0.0
1779744288563,1,Pitching Mound.Delivery,,Loading,pitch.0,698480,-0.6719,0.263,1.243,-2.6868,-1.1257,-5.8192,0.0,0.0
1779744288563,1,Pitching Mound.Drive,,Loading,pitch.0,699339,-1.1671,4.7007,40.8227,41.1708,-2.3244,-2.5094,0.0054,0.0959
1779744288563,1,Pitching Mound.Parent,,Loading,pitch.0,697805,-1.8344,4.961,41.9922,38.5758,-3.3018,-8.3149,0.0053,0.0951
1779744288563,1,Pitching Mound.Parent,,Loading,pitch.0,697804,-1.8284,4.9707,42.0484,38.5406,-3.3462,-8.3146,0.005,0.0955
1779744288564,1,11.0000004b,Drive,Loading,pitch.0,699340,-1.171,4.6977,40.7891,41.0238,-2.3554,-2.4887,0.0055,0.0957
1779744288564,1,12.00000015,Lower Delivery,Loading,pitch.0,699429,-0.2937,0.0785,0.6874,-1.0934,-0.2032,-2.9172,0.0,0.0
1779744288564,1,12.00000018,Upper Delivery,Loading,pitch.0,700116,-0.3641,0.1385,0.444,-1.5609,-0.8979,-2.7674,0.0,0.0
1779744288564,1,Pitching Mound.Delivery,,Loading,pitch.0,698482,-0.6578,0.217,1.1314,-2.5715,-1.1011,-5.7086,0.0,0.0
1779744288564,1,Pitching Mound.Drive,,Loading,pitch.0,699340,-1.171,4.6977,40.7891,41.0238,-2.3554,-2.4887,0.0055,0.0957
1779744288564,1,Pitching Mound.Parent,,Loading,pitch.0,697806,-1.8288,4.9147,41.9205,38.4523,-3.4564,-8.1973,0.0053,0.0951
1779744288565,1,11.0000004b,Drive,Loading,pitch.0,699341,-1.1588,4.7025,40.8167,41.093,-2.4681,-2.5026,0.0058,0.0958
1779744288565,1,12.00000015,Lower Delivery,Loading,pitch.0,699430,-0.3143,0.0833,0.7048,-1.1226,-0.1615,-2.8824,0.0,0.0
1779744288565,1,Pitching Mound.Drive,,Loading,pitch.0,699341,-1.1588,4.7025,40.8167,41.093,-2.4681,-2.5026,0.0058,0.0958
1779744288566,1,11.0000004b,Drive,Loading,pitch.0,699342,-1.1725,4.7042,40.7843,41.0966,-2.2529,-2.486,0.0053,0.0959
1779744288566,1,12.00000015,Lower Delivery,Loading,pitch.0,699431,-0.3231,0.0847,0.7846,-0.9883,-0.1716,-2.9101,0.0,0.0
1779744288566,1,12.00000018,Upper Delivery,Loading,pitch.0,700117,-0.3834,0.1538,0.4545,-1.7678,-0.8128,-2.7972,0.0,0.0
1779744288566,1,12.00000018,Upper Delivery,Loading,pitch.0,700118,-0.3603,0.1353,0.4196,-1.4744,-1.053,-2.7528,0.0,0.0
1779744288566,1,Pitching Mound.Delivery,,Loading,pitch.0,698484,-0.6834,0.22,1.2043,-2.3387,-1.2246,-5.6755,0.0,0.0
1779744288566,1,Pitching Mound.Delivery,,Loading,pitch.0,698483,-0.6977,0.2371,1.1593,-2.8053,-0.9743,-5.703,0.0,0.0
1779744288566,1,Pitching Mound.Drive,,Loading,pitch.0,699342,-1.1725,4.7042,40.7843,41.0966,-2.2529,-2.486,0.0053,0.0959
1779744288566,1,Pitching Mound.Parent,,Loading,pitch.0,697808,-1.8559,4.9242,41.9885,38.7579,-3.4776,-8.1615,0.0051,0.0961
1779744288566,1,Pitching Mound.Parent,,Loading,pitch.0,697807,-1.8565,4.9396,41.976,38.2877,-3.4424,-8.2057,0.0056,0.0952
1779744288567,1,11.0000004b,Drive,Loading,pitch.0,699343,-1.169,4.7079,40.8748,41.0668,-2.1714,-2.4925,0.0051,0.0956
1779744288567,1,12.00000015,Lower Delivery,Loading,pitch.0,699432,-0.2844,0.0762,0.8375,-1.0596,-0.1335,-2.9352,0.0,0.0
1779744288567,1,12.00000018,Upper Delivery,Loading,pitch.0,700119,-0.343,0.1171,0.3474,-1.4235,-1.2686,-2.6724,0.0,0.0
1779744288567,1,Pitching Mound.Delivery,,Loading,pitch.0,698485,-0.6274,0.1933,1.1849,-2.3165,-1.402,-5.6275,0.0,0.0
1779744288567,1,Pitching Mound.Drive,,Loading,pitch.0,699343,-1.169,4.7079,40.8748,41.0668,-2.1714,-2.4925,0.0051,0.0956
1779744288567,1,Pitching Mound.Parent,,Loading,pitch.0,697809,-1.7964,4.9012,42.0597,38.7503,-3.5734,-8.12,0.0049,0.0968
1779744288568,1,11.0000004b,Drive,Loading,pitch.0,699344,-1.1785,4.7051,40.9315,41.0641,-2.1816,-2.4612,0.0051,0.0954
1779744288568,1,12.00000015,Lower Delivery,Loading,pitch.0,699433,-0.2657,0.0703,0.8563,-1.0911,-0.1615,-2.8979,0.0,0.0
1779744288568,1,12.00000018,Upper Delivery,Loading,pitch.0,700120,-0.3379,0.0967,0.3178,-1.2534,-1.1266,-2.6211,0.0,0.0
1779744288568,1,Pitching Mound.Delivery,,Loading,pitch.0,698486,-0.6037,0.167,1.1742,-2.1614,-1.2881,-5.5435,0.0,0.0
1779744288568,1,Pitching Mound.Drive,,Loading,pitch.0,699344,-1.1785,4.7051,40.9315,41.0641,-2.1816,-2.4612,0.0051,0.0954
1779744288568,1,Pitching Mound.Parent,,Loading,pitch.0,697810,-1.7822,4.872,42.1057,38.9028,-3.4697,-8.0047,0.0049,0.0971
1779744288569,1,11.0000004b,Drive,Loading,pitch.0,699345,-1.1739,4.702,40.9341,41.023,-2.2334,-2.4832,0.0052,0.0953
1779744288569,1,12.00000015,Lower Delivery,Loading,pitch.0,699434,-0.2855,0.0745,0.9056,-0.8696,-0.1246,-2.8982,0.0,0.0
1779744288569,1,12.00000018,Upper Delivery,Loading,pitch.0,700121,-0.337,0.1153,0.333,-1.3753,-1.2544,-2.6614,0.0,0.0
1779744288569,1,Pitching Mound.Delivery,,Loading,pitch.0,698487,-0.6225,0.1898,1.2386,-2.0502,-1.379,-5.577,0.0,0.0
1779744288569,1,Pitching Mound.Drive,,Loading,pitch.0,699345,-1.1739,4.702,40.9341,41.023,-2.2334,-2.4832,0.0052,0.0953
1779744288569,1,Pitching Mound.Parent,,Loading,pitch.0,697811,-1.7964,4.8917,42.1727,38.9728,-3.6124,-8.0603,0.005,0.0972
1779744288570,1,11.0000004b,Drive,Loading,pitch.0,699346,-1.1609,4.7004,40.8855,40.9296,-2.2655,-2.4686,0.0053,0.0952
1779744288570,1,12.00000015,Lower Delivery,Loading,pitch.0,699435,-0.2933,0.0769,1.061,-0.9631,-0.0454,-2.9375,0.0,0.0
1779744288570,1,12.00000018,Upper Delivery,Loading,pitch.0,700122,-0.3044,0.0907,0.3255,-1.4676,-1.3532,-2.6566,0.0,0.0
1779744288570,1,Pitching Mound.Delivery,,Loading,pitch.0,698488,-0.5977,0.1675,1.3865,-2.1807,-1.3986,-5.5979,0.0,0.0
1779744288570,1,Pitching Mound.Drive,,Loading,pitch.0,699346,-1.1609,4.7004,40.8855,40.9296,-2.2655,-2.4686,0.0053,0.0952
1779744288570,1,Pitching Mound.Parent,,Loading,pitch.0,697812,-1.7586,4.868,42.272,38.7489,-3.6641,-8.0664,0.0051,0.098
1779744288571,1,11.0000004b,Drive,Loading,pitch.0,699347,-1.1752,4.7038,40.8771,40.8874,-2.292,-2.4802,0.0053,0.0952
1779744288571,1,12.00000015,Lower Delivery,Loading,pitch.0,699436,-0.2818,0.0738,1.0764,-0.9589,-0.1316,-2.9324,0.0,0.0
1779744288571,1,12.00000018,Upper Delivery,Loading,pitch.0,700123,-0.3192,0.1217,0.394,-1.5417,-1.4325,-2.652,0.0,0.0
1779744288571,1,Pitching Mound.Delivery,,Loading,pitch.0,698489,-0.601,0.1955,1.4704,-2.2686,-1.564,-5.5971,0.0,0.0
1779744288571,1,Pitching Mound.Drive,,Loading,pitch.0,699347,-1.1752,4.7038,40.8771,40.8874,-2.292,-2.4802,0.0053,0.0952
1779744288571,1,Pitching Mound.Parent,,Loading,pitch.0,697813,-1.7762,4.8994,42.3475,38.6188,-3.856,-8.0773,0.0051,0.0973
1779744288572,1,11.0000004b,Drive,Loading,pitch.0,699348,-1.1475,4.7012,40.9457,40.9765,-2.3424,-2.492,0.0054,0.0952
1779744288572,1,12.00000015,Lower Delivery,Loading,pitch.0,699437,-0.2931,0.0761,1.1099,-0.9562,0.1112,-2.9744,0.0,0.0
1779744288572,1,12.00000018,Upper Delivery,Loading,pitch.0,700124,-0.3138,0.1163,0.3751,-1.3852,-1.2664,-2.6366,0.0,0.0
1779744288572,1,Pitching Mound.Delivery,,Loading,pitch.0,698490,-0.6069,0.1924,1.4851,-2.0916,-1.1552,-5.6181,0.0,0.0
1779744288572,1,Pitching Mound.Drive,,Loading,pitch.0,699348,-1.1475,4.7012,40.9457,40.9765,-2.3424,-2.492,0.0054,0.0952
1779744288572,1,Pitching Mound.Parent,,Loading,pitch.0,697814,-1.7544,4.8936,42.4308,38.8849,-3.4976,-8.1101,0.0053,0.0978
1779744288573,1,11.0000004b,Drive,Loading,pitch.0,699349,-1.1379,4.7001,41.0341,41.0458,-2.5124,-2.4762,0.0058,0.0952
1779744288573,1,12.00000015,Lower Delivery,Loading,pitch.0,699438,-0.2636,0.0692,1.1509,-0.982,0.2634,-2.9802,0.0,0.0
1779744288573,1,12.00000018,Upper Delivery,Loading,pitch.0,700125,-0.3078,0.1259,0.3475,-1.5089,-1.3079,-2.6482,0.0,0.0
1779744288573,1,Pitching Mound.Delivery,,Loading,pitch.0,698491,-0.5714,0.1951,1.4984,-2.2177,-1.0444,-5.6435,0.0,0.0
1779744288573,1,Pitching Mound.Drive,,Loading,pitch.0,699349,-1.1379,4.7001,41.0341,41.0458,-2.5124,-2.4762,0.0058,0.0952
1779744288573,1,Pitching Mound.Parent,,Loading,pitch.0,697815,-1.7093,4.8952,42.5325,38.8281,-3.5568,-8.1197,0.0056,0.0982
1779744288574,1,11.0000004b,Drive,Loading,pitch.0,699350,-1.1199,4.7036,41.0581,41.0704,-2.5391,-2.4977,0.0059,0.0952
1779744288574,1,12.00000015,Lower Delivery,Loading,pitch.0,699439,-0.251,0.0663,1.1233,-0.9277,0.2568,-2.9851,0.0,0.0
1779744288574,1,12.00000018,Upper Delivery,Loading,pitch.0,700126,-0.3126,0.1247,0.329,-1.5632,-1.4549,-2.6587,0.0,0.0
1779744288574,1,Pitching Mound.Delivery,,Loading,pitch.0,698492,-0.5636,0.191,1.4523,-2.2208,-1.1982,-5.6647,0.0,0.0
1779744288574,1,Pitching Mound.Drive,,Loading,pitch.0,699350,-1.1199,4.7036,41.0581,41.0704,-2.5391,-2.4977,0.0059,0.0952
1779744288574,1,Pitching Mound.Parent,,Loading,pitch.0,697816,-1.6835,4.8947,42.5104,38.8496,-3.7373,-8.1624,0.0057,0.0983
1779744288575,1,11.0000004b,Drive,Loading,pitch.0,699351,-1.1026,4.7036,41.0498,41.0695,-2.5015,-2.4801,0.0058,0.0952
1779744288575,1,12.00000015,Lower Delivery,Loading,pitch.0,699440,-0.251,0.0737,1.1411,-1.0729,0.3503,-2.9642,0.0,0.0
1779744288575,1,12.00000018,Upper Delivery,Loading,pitch.0,700127,-0.3079,0.1327,0.3056,-1.4818,-1.3169,-2.665,0.0,0.0
1779744288575,1,Pitching Mound.Delivery,,Loading,pitch.0,698493,-0.559,0.2064,1.4467,-2.2705,-0.9666,-5.6486,0.0,0.0
1779744288575,1,Pitching Mound.Drive,,Loading,pitch.0,699351,-1.1026,4.7036,41.0498,41.0695,-2.5015,-2.4801,0.0058,0.0952
1779744288575,1,Pitching Mound.Parent,,Loading,pitch.0,697817,-1.6616,4.91,42.4966,38.799,-3.4681,-8.1287,0.0056,0.0986
1779744288576,1,11.0000004b,Drive,Loading,pitch.0,699352,-1.0919,4.7017,41.0462,41.0765,-2.4814,-2.4814,0.0058,0.0952
1779744288576,1,12.00000015,Lower Delivery,Loading,pitch.0,699441,-0.2585,0.0774,1.2442,-1.4369,0.2376,-2.9745,0.0,0.0
1779744288576,1,12.00000018,Upper Delivery,Loading,pitch.0,700128,-0.2991,0.1173,0.2841,-1.3013,-1.178,-2.6168,0.0,0.0
1779744288576,1,Pitching Mound.Delivery,,Loading,pitch.0,698494,-0.5576,0.1946,1.5283,-2.4118,-0.9405,-5.6051,0.0,0.0
1779744288576,1,Pitching Mound.Drive,,Loading,pitch.0,699352,-1.0919,4.7017,41.0462,41.0765,-2.4814,-2.4814,0.0058,0.0952
1779744288576,1,Pitching Mound.Parent,,Loading,pitch.0,697818,-1.6495,4.8963,42.5745,38.6647,-3.4219,-8.0865,0.0055,0.0994
1779744288577,1,11.0000004b,Drive,Loading,pitch.0,699353,-1.0816,4.6982,41.0589,40.9967,-2.3984,-2.4768,0.0056,0.095
1779744288577,1,12.00000015,Lower Delivery,Loading,pitch.0,699442,-0.2635,0.0928,1.1877,-1.2494,0.3098,-2.9439,0.0,0.0
1779744288577,1,12.00000018,Upper Delivery,Loading,pitch.0,700129,-0.293,0.1272,0.294,-1.738,-1.5243,-2.6773,0.0,0.0
1779744288577,1,Pitching Mound.Delivery,,Loading,pitch.0,698495,-0.5565,0.22,1.4817,-2.6836,-1.2145,-5.6312,0.0,0.0
1779744288577,1,Pitching Mound.Drive,,Loading,pitch.0,699353,-1.0816,4.6982,41.0589,40.9967,-2.3984,-2.4768,0.0056,0.095
1779744288577,1,Pitching Mound.Parent,,Loading,pitch.0,697819,-1.6381,4.9182,42.5406,38.3131,-3.6129,-8.1081,0.0054,0.0988
1779744288578,1,11.0000004b,Drive,Loading,pitch.0,699354,-1.0661,4.6905,41.0446,41.0022,-2.4301,-2.4525,0.0056,0.095
1779744288578,1,12.00000015,Lower Delivery,Loading,pitch.0,699443,-0.2624,0.1121,1.1764,-1.4192,0.5079,-2.908,0.0,0.0
1779744288578,1,12.00000018,Upper Delivery,Loading,pitch.0,700130,-0.3216,0.1438,0.3285,-1.9652,-1.4781,-2.7061,0.0,0.0
1779744288578,1,Pitching Mound.Delivery,,Loading,pitch.0,698496,-0.584,0.2558,1.5049,-3.096,-0.9702,-5.6342,0.0,0.0
1779744288578,1,Pitching Mound.Drive,,Loading,pitch.0,699354,-1.0661,4.6905,41.0446,41.0022,-2.4301,-2.4525,0.0056,0.095
1779744288578,1,Pitching Mound.Parent,,Loading,pitch.0,697820,-1.6501,4.9463,42.5495,37.9062,-3.4003,-8.0867,0.0054,0.0984
1779744288579,1,11.0000004b,Drive,Loading,pitch.0,699355,-1.0675,4.7009,41.0727,41.056,-2.3079,-2.4678,0.0053,0.0951
1779744288579,1,12.00000015,Lower Delivery,Loading,pitch.0,699444,-0.3385,0.094,1.0865,-1.5669,0.237,-2.8998,0.0,0.0
1779744288579,1,12.00000018,Upper Delivery,Loading,pitch.0,700131,-0.2976,0.1347,0.3229,-2.0566,-1.3452,-2.7242,0.0,0.0
1779744288579,1,Pitching Mound.Delivery,,Loading,pitch.0,698497,-0.6361,0.2286,1.4094,-3.3639,-1.1082,-5.6101,0.0,0.0
1779744288579,1,Pitching Mound.Drive,,Loading,pitch.0,699355,-1.0675,4.7009,41.0727,41.056,-2.3079,-2.4678,0.0053,0.0951
1779744288579,1,Pitching Mound.Parent,,Loading,pitch.0,697821,-1.7036,4.9296,42.4821,37.6922,-3.4161,-8.0779,0.0052,0.098
1779744288580,1,11.0000004b,Drive,Loading,pitch.0,699356,-1.076,4.7026,41.1306,41.1059,-2.2272,-2.4736,0.0052,0.0951
1779744288580,1,12.00000015,Lower Delivery,Loading,pitch.0,699445,-0.3157,0.1118,1.0391,-1.9352,-0.0695,-2.9176,0.0,0.0
1779744288580,1,12.00000018,Upper Delivery,Loading,pitch.0,700132,-0.2629,0.106,0.3136,-1.5714,-1.2613,-2.6499,0.0,0.0
1779744288580,1,Pitching Mound.Delivery,,Loading,pitch.0,698498,-0.5786,0.2178,1.3527,-3.2599,-1.3308,-5.5496,0.0,0.0
1779744288580,1,Pitching Mound.Drive,,Loading,pitch.0,699356,-1.076,4.7026,41.1306,41.1059,-2.2272,-2.4736,0.0052,0.0951
1779744288580,1,Pitching Mound.Parent,,Loading,pitch.0,697822,-1.6546,4.9204,42.4833,37.846,-3.5581,-8.0232,0.005,0.0979
1779744288581,1,11.0000004b,Drive,Loading,pitch.0,699357,-1.0763,4.702,41.1244,41.1392,-2.1491,-2.4618,0.005,0.0952
1779744288581,1,12.00000015,Lower Delivery,Loading,pitch.0,699446,-0.3419,0.1105,0.9474,-2.1287,-0.7596,-2.8596,0.0,0.0
1779744288581,1,12.00000018,Upper Delivery,Loading,pitch.0,700133,-0.2889,0.1178,0.3393,-1.8009,-1.2676,-2.6757,0.0,0.0
1779744288581,1,Pitching Mound.Delivery,,Loading,pitch.0,698499,-0.6308,0.2283,1.2867,-3.7229,-2.0272,-5.5172,0.0,0.0
1779744288581,1,Pitching Mound.Drive,,Loading,pitch.0,699357,-1.0763,4.702,41.1244,41.1392,-2.1491,-2.4618,0.005,0.0952
1779744288581,1,Pitching Mound.Parent,,Loading,pitch.0,697823,-1.7071,4.9304,42.4111,37.4163,-4.1763,-7.979,0.0048,0.0972
1779744288582,1,11.0000004b,Drive,Loading,pitch.0,699358,-1.084,4.6977,41.1757,41.2879,-2.2103,-2.4633,0.0051,0.0954
1779744288582,1,12.00000015,Lower Delivery,Loading,pitch.0,699447,-0.3376,0.1251,0.9841,-1.9324,-0.0773,-2.8504,0.0,0.0
1779744288582,1,12.00000018,Upper Delivery,Loading,pitch.0,700134,-0.2803,0.099,0.3119,-1.4128,-1.2855,-2.6714,0.0,0.0
1779744288582,1,Pitching Mound.Delivery,,Loading,pitch.0,698500,-0.6179,0.2241,1.296,-3.1167,-1.3628,-5.5023,0.0,0.0
1779744288582,1,Pitching Mound.Drive,,Loading,pitch.0,699358,-1.084,4.6977,41.1757,41.2879,-2.2103,-2.4633,0.0051,0.0954
1779744288582,1,Pitching Mound.Parent,,Loading,pitch.0,697824,-1.7019,4.9217,42.4716,38.1712,-3.5731,-7.9656,0.005,0.0979
1779744288583,1,11.0000004b,Drive,Loading,pitch.0,699359,-1.1067,4.6993,41.1194,41.181,-2.0392,-2.4781,0.0047,0.0953
1779744288583,1,12.00000015,Lower Delivery,Loading,pitch.0,699448,-0.2983,0.1248,1.003,-1.747,0.1606,-2.8888,0.0,0.0
1779744288583,1,12.00000018,Upper Delivery,Loading,pitch.0,700135,-0.2782,0.1043,0.3593,-1.6403,-1.5306,-2.7773,0.0,0.0
1779744288583,1,Pitching Mound.Delivery,,Loading,pitch.0,698501,-0.5765,0.2291,1.3623,-3.1685,-1.37,-5.6593,0.0,0.0
1779744288583,1,Pitching Mound.Drive,,Loading,pitch.0,699359,-1.1067,4.6993,41.1194,41.181,-2.0392,-2.4781,0.0047,0.0953
1779744288583,1,Pitching Mound.Parent,,Loading,pitch.0,697825,-1.6831,4.9284,42.4816,38.0125,-3.4092,-8.1374,0.0046,0.0974
1779744288584,1,11.0000004b,Drive,Loading,pitch.0,699360,-1.1037,4.701,41.0838,41.1196,-1.9493,-2.4995,0.0045,0.0952
1779744288584,1,12.00000015,Lower Delivery,Loading,pitch.0,699449,-0.2968,0.0998,1.0392,-1.5246,0.0193,-2.9257,0.0,0.0
1779744288584,1,12.00000018,Upper Delivery,Loading,pitch.0,700136,-0.2669,0.1085,0.3907,-1.4944,-1.3797,-2.6931,0.0,0.0
1779744288584,1,Pitching Mound.Delivery,,Loading,pitch.0,698502,-0.5637,0.2082,1.4299,-2.7986,-1.3604,-5.6086,0.0,0.0
1779744288584,1,Pitching Mound.Drive,,Loading,pitch.0,699360,-1.1037,4.701,41.0838,41.1196,-1.9493,-2.4995,0.0045,0.0952
1779744288584,1,Pitching Mound.Parent,,Loading,pitch.0,697826,-1.6674,4.9092,42.5137,38.3211,-3.3097,-8.108,0.0044,0.0972
1779744288585,1,11.0000004b,Drive,Loading,pitch.0,699361,-1.1137,4.7066,41.0821,41.1493,-1.9546,-2.5094,0.0045,0.0953
1779744288585,1,12.00000015,Lower Delivery,Loading,pitch.0,699450,-0.2782,0.1051,1.0433,-1.4428,-0.1063,-2.9542,0.0,0.0
1779744288585,1,12.00000018,Upper Delivery,Loading,pitch.0,700137,-0.273,0.1066,0.4105,-1.5345,-1.4217,-2.7081,0.0,0.0
1779744288585,1,Pitching Mound.Delivery,,Loading,pitch.0,698503,-0.5512,0.2117,1.4538,-2.7622,-1.528,-5.6605,0.0,0.0
1779744288585,1,Pitching Mound.Drive,,Loading,pitch.0,699361,-1.1137,4.7066,41.0821,41.1493,-1.9546,-2.5094,0.0045,0.0953
1779744288585,1,Pitching Mound.Parent,,Loading,pitch.0,697827,-1.665,4.9183,42.5359,38.3871,-3.4826,-8.1699,0.0044,0.0971
1779744288586,1,11.0000004b,Drive,Loading,pitch.0,699362,-1.1028,4.6989,41.0942,41.0914,-1.9102,-2.4879,0.0044,0.0951
1779744288586,1,12.00000015,Lower Delivery,Loading,pitch.0,699451,-0.2257,0.091,1.0484,-1.2239,0.0217,-3.0161,0.0,0.0
1779744288586,1,12.00000018,Upper Delivery,Loading,pitch.0,700138,-0.2849,0.1178,0.4144,-1.5207,-1.4047,-2.7475,0.0,0.0
1779744288586,1,Pitching Mound.Delivery,,Loading,pitch.0,698504,-0.5106,0.2087,1.4627,-2.529,-1.383,-5.7838,0.0,0.0
1779744288586,1,Pitching Mound.Drive,,Loading,pitch.0,699362,-1.1028,4.6989,41.0942,41.0914,-1.9102,-2.4879,0.0044,0.0951
1779744288586,1,Pitching Mound.Parent,,Loading,pitch.0,697828,-1.6134,4.9077,42.5569,38.5624,-3.2932,-8.2717,0.0043,0.0969
1779744288587,1,11.0000004b,Drive,Loading,pitch.0,699363,-1.1069,4.6944,41.1373,41.1318,-1.9737,-2.4959,0.0046,0.0951
1779744288587,1,12.00000015,Lower Delivery,Loading,pitch.0,699452,-0.2356,0.0961,0.9842,-0.8942,0.2314,-3.02,0.0,0.0
1779744288587,1,12.00000018,Upper Delivery,Loading,pitch.0,700139,-0.2796,0.1197,0.3738,-1.6088,-1.4713,-2.8015,0.0,0.0
1779744288587,1,Pitching Mound.Delivery,,Loading,pitch.0,698505,-0.5152,0.2158,1.358,-2.2955,-1.2399,-5.8364,0.0,0.0
1779744288587,1,Pitching Mound.Drive,,Loading,pitch.0,699363,-1.1069,4.6944,41.1373,41.1318,-1.9737,-2.4959,0.0046,0.0951
1779744288587,1,Pitching Mound.Parent,,Loading,pitch.0,697829,-1.6221,4.9102,42.4953,38.8363,-3.2136,-8.3323,0.0044,0.097
1779744288588,1,11.0000004b,Drive,Loading,pitch.0,699364,-1.1242,4.6772,41.1692,41.1093,-1.9342,-2.5049,0.0045,0.095
1779744288588,1,12.00000015,Lower Delivery,Loading,pitch.0,699453,-0.2535,0.1027,0.9932,-0.4796,0.2846,-3.0036,0.0,0.0
1779744288588,1,12.00000018,Upper Delivery,Loading,pitch.0,700140,-0.2778,0.0993,0.3623,-1.4796,-1.3594,-2.7725,0.0,0.0
1779744288588,1,Pitching Mound.Delivery,,Loading,pitch.0,698506,-0.5313,0.202,1.3555,-1.7447,-1.0748,-5.7843,0.0,0.0
1779744288588,1,Pitching Mound.Drive,,Loading,pitch.0,699364,-1.1242,4.6772,41.1692,41.1093,-1.9342,-2.5049,0.0045,0.095
1779744288588,1,Pitching Mound.Parent,,Loading,pitch.0,697830,-1.6555,4.8792,42.5247,39.3646,-3.0091,-8.2892,0.0043,0.097
1779744288589,1,11.0000004b,Drive,Loading,pitch.0,699365,-1.119,4.6796,41.145,41.1478,-1.8754,-2.5139,0.0043,0.0951
1779744288589,1,12.00000015,Lower Delivery,Loading,pitch.0,699454,-0.2441,0.1124,0.9719,-0.547,0.3449,-2.9952,0.0,0.0
1779744288589,1,12.00000018,Upper Delivery,Loading,pitch.0,700141,-0.2844,0.1161,0.3618,-1.5118,-1.3719,-2.7775,0.0,0.0
1779744288589,1,Pitching Mound.Delivery,,Loading,pitch.0,698507,-0.5285,0.2284,1.3337,-1.8514,-1.027,-5.7865,0.0,0.0
1779744288589,1,Pitching Mound.Drive,,Loading,pitch.0,699365,-1.119,4.6796,41.145,41.1478,-1.8754,-2.5139,0.0043,0.0951
1779744288589,1,Pitching Mound.Parent,,Loading,pitch.0,697831,-1.6475,4.908,42.4787,39.2964,-2.9023,-8.3004,0.0042,0.097
1779744288590,1,11.0000004b,Drive,Loading,pitch.0,699366,-1.1132,4.684,41.2367,41.196,-1.946,-2.505,0.0045,0.095
1779744288590,1,12.00000015,Lower Delivery,Loading,pitch.0,699455,-0.2359,0.1308,1.0768,-0.2548,0.2367,-2.9979,0.0,0.0
1779744288590,1,12.00000018,Upper Delivery,Loading,pitch.0,700142,-0.3227,0.1222,0.4052,-1.416,-1.2283,-2.8202,0.0,0.0
1779744288590,1,Pitching Mound.Delivery,,Loading,pitch.0,698508,-0.5586,0.253,1.482,-1.4425,-0.9915,-5.8476,0.0,0.0
1779744288590,1,Pitching Mound.Drive,,Loading,pitch.0,699366,-1.1132,4.684,41.2367,41.196,-1.946,-2.505,0.0045,0.095
1779744288590,1,Pitching Mound.Parent,,Loading,pitch.0,697832,-1.6718,4.937,42.7188,39.7535,-2.9375,-8.3526,0.0043,0.0971
1779744288591,1,11.0000004b,Drive,Loading,pitch.0,699367,-1.0888,4.6783,41.2493,41.2076,-1.8499,-2.5032,0.0043,0.095
1779744288591,1,12.00000015,Lower Delivery,Loading,pitch.0,699456,-0.226,0.1265,1.0055,-0.5973,-0.1947,-2.964,0.0,0.0
1779744288591,1,12.00000018,Upper Delivery,Loading,pitch.0,700143,-0.3309,0.1325,0.3876,-1.6922,-1.1721,-2.8618,0.0,0.0
1779744288591,1,Pitching Mound.Delivery,,Loading,pitch.0,698509,-0.5569,0.259,1.3931,-2.0794,-1.3668,-5.8615,0.0,0.0
1779744288591,1,Pitching Mound.Drive,,Loading,pitch.0,699367,-1.0888,4.6783,41.2493,41.2076,-1.8499,-2.5032,0.0043,0.095
1779744288591,1,Pitching Mound.Parent,,Loading,pitch.0,697833,-1.6457,4.9373,42.6425,39.1283,-3.2167,-8.3647,0.0041,0.0969
1779744288592,1,11.0000004b,Drive,Loading,pitch.0,699368,-1.0819,4.6729,41.3044,41.1321,-1.9258,-2.5139,0.0044,0.0947
1779744288592,1,12.00000015,Lower Delivery,Loading,pitch.0,699457,-0.244,0.1195,1.0301,-1.0286,-0.0667,-2.9079,0.0,0.0
1779744288592,1,12.00000018,Upper Delivery,Loading,pitch.0,700144,-0.3475,0.1515,0.4414,-1.4222,-1.1884,-2.8698,0.0,0.0
1779744288592,1,Pitching Mound.Delivery,,Loading,pitch.0,698510,-0.5914,0.271,1.4714,-2.2506,-1.2551,-5.8129,0.0,0.0
1779744288592,1,Pitching Mound.Drive,,Loading,pitch.0,699368,-1.0819,4.6729,41.3044,41.1321,-1.9258,-2.5139,0.0044,0.0947
1779744288592,1,Pitching Mound.Parent,,Loading,pitch.0,697834,-1.6734,4.9438,42.7759,38.8815,-3.1809,-8.3268,0.0043,0.0962
1779744288593,1,11.0000004b,Drive,Loading,pitch.0,699369,-1.0693,4.6748,41.2648,41.089,-1.9424,-2.4983,0.0045,0.0947
1779744288593,1,12.00000015,Lower Delivery,Loading,pitch.0,699458,-0.2763,0.1144,0.9793,-1.0922,-0.247,-2.8689,0.0,0.0
1779744288593,1,12.00000018,Upper Delivery,Loading,pitch.0,700145,-0.3374,0.1357,0.4392,-1.5611,-1.2265,-2.9165,0.0,0.0
1779744288593,1,Pitching Mound.Delivery,,Loading,pitch.0,698511,-0.6138,0.2501,1.4185,-2.4697,-1.4735,-5.8062,0.0,0.0
1779744288593,1,Pitching Mound.Drive,,Loading,pitch.0,699369,-1.0693,4.6748,41.2648,41.089,-1.9424,-2.4983,0.0045,0.0947
1779744288593,1,Pitching Mound.Parent,,Loading,pitch.0,697835,-1.6831,4.9249,42.6833,38.6193,-3.4159,-8.3045,0.0043,0.0959
1779744288594,1,11.0000004b,Drive,Loading,pitch.0,699370,-1.0634,4.6636,41.3323,41.1096,-2.01,-2.4931,0.0046,0.0946
1779744288594,1,12.00000015,Lower Delivery,Loading,pitch.0,699459,-0.2994,0.1121,0.982,-1.3324,-0.0353,-2.834,0.0,0.0
1779744288594,1,12.00000018,Upper Delivery,Loading,pitch.0,700146,-0.3337,0.1446,0.4366,-1.5341,-1.106,-2.84,0.0,0.0
1779744288594,1,Pitching Mound.Delivery,,Loading,pitch.0,698512,-0.6331,0.2567,1.4186,-2.6811,-1.1413,-5.6856,0.0,0.0
1779744288594,1,Pitching Mound.Drive,,Loading,pitch.0,699370,-1.0634,4.6636,41.3323,41.1096,-2.01,-2.4931,0.0046,0.0946
1779744288594,1,Pitching Mound.Parent,,Loading,pitch.0,697836,-1.6965,4.9203,42.7509,38.4285,-3.1513,-8.1787,0.0045,0.0958
1779744288595,1,11.0000004b,Drive,Loading,pitch.0,699371,-1.0654,4.6662,41.391,41.2384,-2.0231,-2.465,0.0046,0.0948
1779744288595,1,12.00000015,Lower Delivery,Loading,pitch.0,699460,-0.3473,0.0958,0.9561,-1.4149,-0.1501,-2.8181,0.0,0.0
1779744288595,1,12.00000018,Upper Delivery,Loading,pitch.0,700147,-0.3701,0.181,0.5816,-1.4114,-1.0958,-2.7835,0.0,0.0
1779744288595,1,Pitching Mound.Delivery,,Loading,pitch.0,698513,-0.7174,0.2768,1.5377,-2.6989,-1.246,-5.6093,0.0,0.0
1779744288595,1,Pitching Mound.Drive,,Loading,pitch.0,699371,-1.0654,4.6662,41.391,41.2384,-2.0231,-2.465,0.0046,0.0948
1779744288595,1,Pitching Mound.Parent,,Loading,pitch.0,697837,-1.7828,4.943,42.9287,38.5394,-3.2691,-8.0743,0.0045,0.0943
1779744288596,1,11.0000004b,Drive,Loading,pitch.0,699372,-1.0624,4.671,41.3767,41.2085,-2.0138,-2.4871,0.0046,0.0947
1779744288596,1,12.00000015,Lower Delivery,Loading,pitch.0,699461,-0.3559,0.0918,0.9963,-1.0725,-0.3011,-2.8588,0.0,0.0
1779744288596,1,12.00000018,Upper Delivery,Loading,pitch.0,700148,-0.4386,0.2568,0.769,-1.438,-1.153,-2.7942,0.0,0.0
1779744288596,1,Pitching Mound.Delivery,,Loading,pitch.0,698514,-0.7945,0.3486,1.7652,-2.4333,-1.4541,-5.6812,0.0,0.0
1779744288596,1,Pitching Mound.Drive,,Loading,pitch.0,699372,-1.0624,4.671,41.3767,41.2085,-2.0138,-2.4871,0.0046,0.0947
1779744288596,1,Pitching Mound.Parent,,Loading,pitch.0,697838,-1.8569,5.0197,43.142,38.7752,-3.4679,-8.1683,0.0044,0.0927
1779744288597,1,11.0000004b,Drive,Loading,pitch.0,699373,-1.0827,4.6743,41.3486,41.2054,-2.012,-2.4704,0.0046,0.0948
1779744288597,1,12.00000015,Lower Delivery,Loading,pitch.0,699462,-0.3536,0.0904,0.863,-1.174,-0.4958,-2.8391,0.0,0.0
1779744288597,1,12.00000018,Upper Delivery,Loading,pitch.0,700149,-0.4151,0.2114,0.6929,-1.4938,-1.0354,-2.7577,0.0,0.0
1779744288597,1,Pitching Mound.Delivery,,Loading,pitch.0,698515,-0.7687,0.3019,1.556,-2.61,-1.5312,-5.6176,0.0,0.0
1779744288597,1,Pitching Mound.Drive,,Loading,pitch.0,699373,-1.0827,4.6743,41.3486,41.2054,-2.012,-2.4704,0.0046,0.0948
1779744288597,1,Pitching Mound.Parent,,Loading,pitch.0,697839,-1.8515,4.9761,42.9046,38.5954,-3.5432,-8.088,0.0045,0.0927
1779744288598,1,11.0000004b,Drive,Loading,pitch.0,699374,-1.0838,4.6889,41.3176,41.1395,-2.0781,-2.497,0.0048,0.0947
1779744288598,1,12.00000015,Lower Delivery,Loading,pitch.0,699463,-0.3366,0.0869,0.9038,-0.8516,-0.5354,-2.8554,0.0,0.0
1779744288598,1,12.00000018,Upper Delivery,Loading,pitch.0,700150,-0.4531,0.2629,0.8264,-1.3234,-1.1388,-2.7605,0.0,0.0
1779744288598,1,Pitching Mound.Delivery,,Loading,pitch.0,698516,-0.7898,0.3498,1.7303,-2.1486,-1.6741,-5.6555,0.0,0.0
1779744288598,1,Pitching Mound.Drive,,Loading,pitch.0,699374,-1.0838,4.6889,41.3176,41.1395,-2.0781,-2.497,0.0048,0.0947
1779744288598,1,Pitching Mound.Parent,,Loading,pitch.0,697840,-1.8735,5.0387,43.0478,38.9909,-3.7522,-8.1525,0.0046,0.0915
1779744288599,1,11.0000004b,Drive,Loading,pitch.0,699375,-1.0791,4.6791,41.3555,41.1871,-2.0968,-2.4817,0.0048,0.0947
1779744288599,1,12.00000015,Lower Delivery,Loading,pitch.0,699464,-0.2843,0.0757,0.9306,-0.7834,-0.5505,-2.877,0.0,0.0
1779744288599,1,12.00000018,Upper Delivery,Loading,pitch.0,700151,-0.3894,0.1992,0.6386,-1.4083,-1.068,-2.7167,0.0,0.0
1779744288599,1,Pitching Mound.Delivery,,Loading,pitch.0,698517,-0.6737,0.275,1.5692,-2.0923,-1.6185,-5.6294,0.0,0.0
1779744288599,1,Pitching Mound.Drive,,Loading,pitch.0,699375,-1.0791,4.6791,41.3555,41.1871,-2.0968,-2.4817,0.0048,0.0947
1779744288599,1,Pitching Mound.Parent,,Loading,pitch.0,697841,-1.7528,4.9541,42.9247,39.0947,-3.7153,-8.1111,0.0046,0.0936
1779744288600,1,11.0000004b,Drive,Loading,pitch.0,699376,-1.0892,4.682,41.2694,41.1655,-2.2248,-2.5079,0.0051,0.0949
1779744288600,1,12.00000015,Lower Delivery,Loading,pitch.0,699465,-0.284,0.0752,0.8588,-0.5351,-0.6241,-2.8601,0.0,0.0
1779744288600,1,12.00000018,Upper Delivery,Loading,pitch.0,700152,-0.3977,0.2136,0.6702,-1.3743,-1.1422,-2.7105,0.0,0.0
1779744288600,1,Pitching Mound.Delivery,,Loading,pitch.0,698518,-0.6817,0.2888,1.5291,-1.8452,-1.7663,-5.6093,0.0,0.0
1779744288600,1,Pitching Mound.Drive,,Loading,pitch.0,699376,-1.0892,4.682,41.2694,41.1655,-2.2248,-2.5079,0.0051,0.0949
1779744288600,1,Pitching Mound.Parent,,Loading,pitch.0,697842,-1.7709,4.9708,42.7985,39.3202,-3.9911,-8.1172,0.0049,0.093
1779744288601,1,11.0000004b,Drive,Loading,pitch.0,699378,-1.1167,4.6851,41.1837,41.1147,-2.2333,-2.5195,0.0052,0.095
1779744288601,1,11.0000004b,Drive,Loading,pitch.0,699377,-1.1008,4.6865,41.1782,41.0314,-2.252,-2.5444,0.0052,0.0948
1779744288601,1,12.00000015,Lower Delivery,Loading,pitch.0,699466,-0.2598,0.0703,0.9262,-1.0752,-0.5271,-2.8632,0.0,0.0
1779744288601,1,12.00000018,Upper Delivery,Loading,pitch.0,700153,-0.3333,0.1677,0.5024,-1.5286,-1.1078,-2.6766,0.0,0.0
1779744288601,1,Pitching Mound.Delivery,,Loading,pitch.0,698519,-0.5932,0.238,1.4287,-2.4597,-1.6349,-5.5648,0.0,0.0
1779744288601,1,Pitching Mound.Drive,,Loading,pitch.0,699378,-1.1167,4.6851,41.1837,41.1147,-2.2333,-2.5195,0.0052,0.095
1779744288601,1,Pitching Mound.Drive,,Loading,pitch.0,699377,-1.1008,4.6865,41.1782,41.0314,-2.252,-2.5444,0.0052,0.0948
1779744288601,1,Pitching Mound.Parent,,Loading,pitch.0,697843,-1.6939,4.9245,42.6069,38.5717,-3.8869,-8.1092,0.005,0.095
1779744288602,1,11.0000004b,Drive,Loading,pitch.0,699379,-1.1234,4.6859,41.2061,41.2104,-2.0256,-2.5043,0.0047,0.0951
1779744288602,1,12.00000015,Lower Delivery,Loading,pitch.0,699467,-0.2603,0.0707,1.0246,-1.7177,-0.574,-2.8588,0.0,0.0
1779744288602,1,12.00000018,Upper Delivery,Loading,pitch.0,700154,-0.3108,0.1532,0.4326,-1.2164,-1.0279,-2.6447,0.0,0.0
1779744288602,1,Pitching Mound.Delivery,,Loading,pitch.0,698520,-0.5711,0.2239,1.4572,-2.7328,-1.6018,-5.5207,0.0,0.0
1779744288602,1,Pitching Mound.Drive,,Loading,pitch.0,699379,-1.1234,4.6859,41.2061,41.2104,-2.0256,-2.5043,0.0047,0.0951
1779744288602,1,Pitching Mound.Parent,,Loading,pitch.0,697844,-1.6878,4.909,42.6409,38.3819,-3.8352,-8.0402,0.005,0.0964
1779744288603,1,11.0000004b,Drive,Loading,pitch.0,699380,-1.1301,4.6825,41.168,41.1996,-2.0656,-2.5188,0.0048,0.0952
1779744288603,1,12.00000015,Lower Delivery,Loading,pitch.0,699468,-0.2362,0.0709,0.9811,-1.4831,-0.4854,-2.8201,0.0,0.0
1779744288603,1,12.00000018,Upper Delivery,Loading,pitch.0,700155,-0.2713,0.1012,0.3786,-1.274,-0.9943,-2.6185,0.0,0.0
1779744288603,1,Pitching Mound.Delivery,,Loading,pitch.0,698521,-0.5075,0.1722,1.3597,-2.5523,-1.4797,-5.4505,0.0,0.0
1779744288603,1,Pitching Mound.Drive,,Loading,pitch.0,699380,-1.1301,4.6825,41.168,41.1996,-2.0656,-2.5188,0.0048,0.0952
1779744288603,1,Pitching Mound.Parent,,Loading,pitch.0,697845,-1.6309,4.8581,42.5658,38.6581,-3.5053,-7.9547,0.0045,0.0969
1779744288604,1,11.0000004b,Drive,Loading,pitch.0,699381,-1.1383,4.686,41.1693,41.2999,-2.0054,-2.5242,0.0046,0.0954
1779744288604,1,12.00000015,Lower Delivery,Loading,pitch.0,699469,-0.2029,0.0604,1.0182,-1.1974,-0.1642,-2.789,0.0,0.0
1779744288604,1,12.00000018,Upper Delivery,Loading,pitch.0,700156,-0.2673,0.1102,0.3822,-1.582,-1.2004,-2.6626,0.0,0.0
1779744288604,1,Pitching Mound.Delivery,,Loading,pitch.0,698522,-0.4703,0.1706,1.4003,-2.5632,-1.3645,-5.4735,0.0,0.0
1779744288604,1,Pitching Mound.Drive,,Loading,pitch.0,699381,-1.1383,4.686,41.1693,41.2999,-2.0054,-2.5242,0.0046,0.0954
1779744288604,1,Pitching Mound.Parent,,Loading,pitch.0,697846,-1.6004,4.8531,42.5684,38.6364,-3.4301,-7.9923,0.0046,0.0972
1779744288605,1,12.00000015,Lower Delivery,Loading,pitch.0,699470,-0.189,0.0687,1.0543,-1.3816,-0.0743,-2.8014,0.0,0.0
1779744288605,1,12.00000018,Upper Delivery,Loading,pitch.0,700157,-0.2482,0.0852,0.3409,-1.5864,-1.125,-2.6855,0.0,0.0
1779744288605,1,Pitching Mound.Delivery,,Loading,pitch.0,698523,-0.4372,0.1539,1.3952,-2.7255,-1.1993,-5.507,0.0,0.0
1779744288605,1,Pitching Mound.Parent,,Loading,pitch.0,697847,-1.5755,4.8399,42.5645,38.5744,-3.2048,-8.0312,0.0045,0.098
1779744288606,1,11.0000004b,Drive,Loading,pitch.0,699382,-1.1376,4.6642,41.1379,41.2078,-1.9801,-2.4774,0.0046,0.0953
1779744288606,1,12.00000015,Lower Delivery,Loading,pitch.0,699471,-0.1584,0.0917,1.0545,-1.0082,0.1943,-2.8123,0.0,0.0
1779744288606,1,12.00000018,Upper Delivery,Loading,pitch.0,700158,-0.2514,0.0765,0.3296,-1.5108,-1.2545,-2.7206,0.0,0.0
1779744288606,1,Pitching Mound.Delivery,,Loading,pitch.0,698524,-0.4098,0.1682,1.3841,-2.2725,-1.0602,-5.5645,0.0,0.0
1779744288606,1,Pitching Mound.Drive,,Loading,pitch.0,699382,-1.1376,4.6642,41.1379,41.2078,-1.9801,-2.4774,0.0046,0.0953
1779744288606,1,Pitching Mound.Parent,,Loading,pitch.0,697848,-1.5474,4.8324,42.522,38.9353,-3.0404,-8.0419,0.0044,0.098
1779744288607,1,11.0000004b,Drive,Loading,pitch.0,699383,-1.1446,4.6663,41.1795,41.241,-1.964,-2.4468,0.0045,0.0953
1779744288607,1,12.00000015,Lower Delivery,Loading,pitch.0,699472,-0.2209,0.0772,0.99,-1.2096,0.0495,-2.8012,0.0,0.0
1779744288607,1,12.00000018,Upper Delivery,Loading,pitch.0,700159,-0.2505,0.0843,0.3523,-1.3699,-1.1145,-2.6832,0.0,0.0
1779744288607,1,Pitching Mound.Delivery,,Loading,pitch.0,698525,-0.4714,0.1615,1.3424,-2.3626,-1.065,-5.4944,0.0,0.0
1779744288607,1,Pitching Mound.Drive,,Loading,pitch.0,699383,-1.1446,4.6663,41.1795,41.241,-1.964,-2.4468,0.0045,0.0953
1779744288607,1,Pitching Mound.Parent,,Loading,pitch.0,697849,-1.616,4.8278,42.5218,38.8784,-3.029,-7.9412,0.0044,0.0974
1779744288608,1,11.0000004b,Drive,Loading,pitch.0,699384,-1.1459,4.6673,41.0866,41.0959,-1.9861,-2.4724,0.0046,0.0952
1779744288608,1,12.00000015,Lower Delivery,Loading,pitch.0,699473,-0.2433,0.073,0.9752,-1.4576,0.053,-2.8206,0.0,0.0
1779744288608,1,12.00000018,Upper Delivery,Loading,pitch.0,700160,-0.2457,0.081,0.3351,-1.1632,-1.0272,-2.6781,0.0,0.0
1779744288608,1,Pitching Mound.Delivery,,Loading,pitch.0,698526,-0.489,0.154,1.3103,-2.4032,-0.9743,-5.4996,0.0,0.0
1779744288608,1,Pitching Mound.Drive,,Loading,pitch.0,699384,-1.1459,4.6673,41.0866,41.0959,-1.9861,-2.4724,0.0046,0.0952
1779744288608,1,Pitching Mound.Parent,,Loading,pitch.0,697850,-1.6349,4.8213,42.3969,38.6927,-2.9604,-7.972,0.0045,0.0973
1779744288609,1,11.0000004b,Drive,Loading,pitch.0,699385,-1.1404,4.6599,41.0555,41.1448,-1.8914,-2.4547,0.0044,0.0953
1779744288609,1,12.00000015,Lower Delivery,Loading,pitch.0,699474,-0.2376,0.0741,0.9851,-1.4439,-0.0622,-2.8315,0.0,0.0
1779744288609,1,12.00000018,Upper Delivery,Loading,pitch.0,700161,-0.2419,0.088,0.3514,-0.7604,-0.6005,-2.6286,0.0,0.0
1779744288609,1,Pitching Mound.Delivery,,Loading,pitch.0,698527,-0.4794,0.1621,1.3365,-1.9889,-0.6627,-5.4616,0.0,0.0
1779744288609,1,Pitching Mound.Drive,,Loading,pitch.0,699385,-1.1404,4.6599,41.0555,41.1448,-1.8914,-2.4547,0.0044,0.0953
1779744288609,1,Pitching Mound.Parent,,Loading,pitch.0,697851,-1.6198,4.8221,42.392,39.1559,-2.554,-7.9163,0.0042,0.0974
1779744288610,1,11.0000004b,Drive,Loading,pitch.0,699386,-1.1368,4.6702,41.0746,41.14,-1.9819,-2.4137,0.0046,0.0953
1779744288610,1,12.00000015,Lower Delivery,Loading,pitch.0,699475,-0.2919,0.0798,1.0465,-1.6359,-0.0796,-2.8627,0.0,0.0
1779744288610,1,12.00000018,Upper Delivery,Loading,pitch.0,700162,-0.2422,0.0764,0.3197,-1.1064,-0.947,-2.6548,0.0,0.0
1779744288610,1,Pitching Mound.Delivery,,Loading,pitch.0,698528,-0.5342,0.1562,1.3662,-2.4951,-1.0266,-5.5006,0.0,0.0
1779744288610,1,Pitching Mound.Drive,,Loading,pitch.0,699386,-1.1368,4.6702,41.0746,41.14,-1.9819,-2.4137,0.0046,0.0953
1779744288610,1,Pitching Mound.Parent,,Loading,pitch.0,697852,-1.671,4.8264,42.4408,38.6449,-3.0085,-7.9144,0.0044,0.098
1779744288611,1,11.0000004b,Drive,Loading,pitch.0,699387,-1.1332,4.6715,41.0811,41.0154,-1.9712,-2.3964,0.0046,0.095
1779744288611,1,12.00000015,Lower Delivery,Loading,pitch.0,699476,-0.2943,0.0833,1.0839,-1.4034,-0.1049,-2.8939,0.0,0.0
1779744288611,1,12.00000018,Upper Delivery,Loading,pitch.0,700163,-0.2599,0.0854,0.3805,-0.9068,-0.7575,-2.6125,0.0,0.0
1779744288611,1,Pitching Mound.Delivery,,Loading,pitch.0,698529,-0.5542,0.1687,1.4644,-2.0712,-0.8624,-5.4947,0.0,0.0
1779744288611,1,Pitching Mound.Drive,,Loading,pitch.0,699387,-1.1332,4.6715,41.0811,41.0154,-1.9712,-2.3964,0.0046,0.095
1779744288611,1,Pitching Mound.Parent,,Loading,pitch.0,697853,-1.6874,4.8402,42.5455,38.9442,-2.8336,-7.8912,0.0044,0.0973
1779744288612,1,11.0000004b,Drive,Loading,pitch.0,699388,-1.1377,4.6692,41.0666,41.0859,-1.9038,-2.3756,0.0044,0.0952
1779744288612,1,12.00000015,Lower Delivery,Loading,pitch.0,699477,-0.3188,0.0842,1.0942,-1.4207,-0.0484,-2.9152,0.0,0.0
1779744288612,1,12.00000018,Upper Delivery,Loading,pitch.0,700164,-0.2721,0.0986,0.4391,-1.0507,-0.9117,-2.5985,0.0,0.0
1779744288612,1,Pitching Mound.Delivery,,Loading,pitch.0,698530,-0.5909,0.1828,1.5333,-2.2486,-0.9601,-5.4979,0.0,0.0
1779744288612,1,Pitching Mound.Drive,,Loading,pitch.0,699388,-1.1377,4.6692,41.0666,41.0859,-1.9038,-2.3756,0.0044,0.0952
1779744288612,1,Pitching Mound.Parent,,Loading,pitch.0,697854,-1.7287,4.852,42.5999,38.8372,-2.864,-7.8735,0.0043,0.097
1779744288613,1,11.0000004b,Drive,Loading,pitch.0,699389,-1.1364,4.6817,41.0191,41.0151,-2.0478,-2.3602,0.0047,0.0951
1779744288613,1,12.00000015,Lower Delivery,Loading,pitch.0,699478,-0.3273,0.0867,1.0897,-1.4644,0.0685,-2.9234,0.0,0.0
1779744288613,1,12.00000018,Upper Delivery,Loading,pitch.0,700165,-0.2723,0.0869,0.4045,-1.3172,-0.9848,-2.655,0.0,0.0
1779744288613,1,Pitching Mound.Delivery,,Loading,pitch.0,698531,-0.5995,0.1737,1.4942,-2.5486,-0.9163,-5.5597,0.0,0.0
1779744288613,1,Pitching Mound.Drive,,Loading,pitch.0,699389,-1.1364,4.6817,41.0191,41.0151,-2.0478,-2.3602,0.0047,0.0951
1779744288613,1,Pitching Mound.Parent,,Loading,pitch.0,697855,-1.7359,4.8554,42.5133,38.4666,-2.9641,-7.9199,0.0046,0.0973
1779744288614,1,11.0000004b,Drive,Loading,pitch.0,699390,-1.1581,4.6825,40.9354,41.0103,-2.0455,-2.3461,0.0048,0.0953
1779744288614,1,12.00000015,Lower Delivery,Loading,pitch.0,699479,-0.3477,0.091,1.0958,-1.6283,0.3968,-2.9247,0.0,0.0
1779744288614,1,12.00000018,Upper Delivery,Loading,pitch.0,700166,-0.3011,0.1075,0.4276,-0.922,-0.7753,-2.5832,0.0,0.0
1779744288614,1,Pitching Mound.Delivery,,Loading,pitch.0,698532,-0.6488,0.1985,1.5233,-2.3231,-0.3785,-5.4921,0.0,0.0
1779744288614,1,Pitching Mound.Drive,,Loading,pitch.0,699390,-1.1581,4.6825,40.9354,41.0103,-2.0455,-2.3461,0.0048,0.0953
1779744288614,1,Pitching Mound.Parent,,Loading,pitch.0,697856,-1.8069,4.881,42.4587,38.6872,-2.4239,-7.8382,0.0046,0.0972
1779744288615,1,11.0000004b,Drive,Loading,pitch.0,699391,-1.1595,4.6852,40.9083,41.0441,-2.0854,-2.3334,0.0048,0.0954
1779744288615,1,12.00000015,Lower Delivery,Loading,pitch.0,699480,-0.3221,0.0851,1.0772,-1.5302,0.4205,-2.9366,0.0,0.0
1779744288615,1,12.00000018,Upper Delivery,Loading,pitch.0,700167,-0.3321,0.1409,0.4457,-1.0537,-0.7033,-2.588,0.0,0.0
1779744288615,1,Pitching Mound.Delivery,,Loading,pitch.0,698533,-0.6542,0.226,1.523,-2.3692,-0.2828,-5.528,0.0,0.0
1779744288615,1,Pitching Mound.Drive,,Loading,pitch.0,699391,-1.1595,4.6852,40.9083,41.0441,-2.0854,-2.3334,0.0048,0.0954
1779744288615,1,Pitching Mound.Parent,,Loading,pitch.0,697857,-1.8136,4.9112,42.4313,38.6749,-2.3682,-7.8614,0.0047,0.0971
1779744288616,1,11.0000004b,Drive,Loading,pitch.0,699392,-1.16,4.6974,40.8965,41.1095,-2.0926,-2.3588,0.0049,0.0956
1779744288616,1,11.0000004b,Drive,Loading,pitch.0,699393,-1.175,4.6936,40.9605,41.1533,-2.0183,-2.3724,0.0047,0.0956
1779744288616,1,12.00000015,Lower Delivery,Loading,pitch.0,699481,-0.3228,0.0845,1.1061,-1.4211,0.4106,-2.9617,0.0,0.0
1779744288616,1,12.00000018,Upper Delivery,Loading,pitch.0,700168,-0.3088,0.152,0.4254,-1.4907,-1.0358,-2.5906,0.0,0.0
1779744288616,1,Pitching Mound.Delivery,,Loading,pitch.0,698534,-0.6316,0.2366,1.5316,-2.6804,-0.6252,-5.5475,0.0,0.0
1779744288616,1,Pitching Mound.Drive,,Loading,pitch.0,699392,-1.16,4.6974,40.8965,41.1095,-2.0926,-2.3588,0.0049,0.0956
1779744288616,1,Pitching Mound.Drive,,Loading,pitch.0,699393,-1.175,4.6936,40.9605,41.1533,-2.0183,-2.3724,0.0047,0.0956
1779744288616,1,Pitching Mound.Parent,,Loading,pitch.0,697858,-1.7915,4.9339,42.428,38.4291,-2.7178,-7.9063,0.0047,0.0976
1779744288617,1,12.00000015,Lower Delivery,Loading,pitch.0,699482,-0.2791,0.0766,1.0847,-1.4432,0.4725,-2.974,0.0,0.0
1779744288617,1,12.00000018,Upper Delivery,Loading,pitch.0,700169,-0.2758,0.1379,0.3765,-1.5121,-1.0921,-2.5912,0.0,0.0
1779744288617,1,Pitching Mound.Delivery,,Loading,pitch.0,698535,-0.5549,0.2145,1.4612,-2.7145,-0.6196,-5.5641,0.0,0.0
1779744288617,1,Pitching Mound.Parent,,Loading,pitch.0,697859,-1.7299,4.9081,42.4217,38.4388,-2.6379,-7.9365,0.0045,0.098
1779744288618,1,11.0000004b,Drive,Loading,pitch.0,699394,-1.1764,4.6927,40.9674,41.1848,-2.0112,-2.3518,0.0047,0.0956
1779744288618,1,11.0000004b,Drive,Loading,pitch.0,699395,-1.1722,4.6822,40.9242,41.1411,-2.0417,-2.3216,0.0047,0.0956
1779744288618,1,12.00000015,Lower Delivery,Loading,pitch.0,699483,-0.2953,0.0792,1.1131,-1.4869,0.2188,-2.9518,0.0,0.0
1779744288618,1,12.00000018,Upper Delivery,Loading,pitch.0,700170,-0.2756,0.1158,0.3724,-2.0313,-1.1908,-2.6665,0.0,0.0
1779744288618,1,Pitching Mound.Delivery,,Loading,pitch.0,698536,-0.5709,0.195,1.4855,-3.2663,-0.972,-5.6116,0.0,0.0
1779744288618,1,Pitching Mound.Drive,,Loading,pitch.0,699394,-1.1764,4.6927,40.9674,41.1848,-2.0112,-2.3518,0.0047,0.0956
1779744288618,1,Pitching Mound.Drive,,Loading,pitch.0,699395,-1.1722,4.6822,40.9242,41.1411,-2.0417,-2.3216,0.0047,0.0956
1779744288618,1,Pitching Mound.Parent,,Loading,pitch.0,697860,-1.7473,4.8876,42.4529,37.9185,-2.9832,-7.9634,0.0045,0.0982
1779744288619,1,11.0000004b,Drive,Loading,pitch.0,699396,-1.187,4.6854,41.0132,41.2025,-2.0167,-2.3524,0.0047,0.0956
1779744288619,1,12.00000015,Lower Delivery,Loading,pitch.0,699484,-0.2725,0.0759,1.0932,-1.3166,0.3393,-2.9385,0.0,0.0
1779744288619,1,12.00000018,Upper Delivery,Loading,pitch.0,700171,-0.2735,0.1181,0.3959,-1.8617,-1.3969,-2.6087,0.0,0.0
1779744288619,1,Pitching Mound.Delivery,,Loading,pitch.0,698537,-0.546,0.194,1.4892,-2.9412,-1.0576,-5.5475,0.0,0.0
1779744288619,1,Pitching Mound.Drive,,Loading,pitch.0,699396,-1.187,4.6854,41.0132,41.2025,-2.0167,-2.3524,0.0047,0.0956
1779744288619,1,Pitching Mound.Parent,,Loading,pitch.0,697861,-1.7183,4.8762,42.4134,38.1999,-3.0994,-7.8691,0.0046,0.0979
1779744288620,1,11.0000004b,Drive,Loading,pitch.0,699397,-1.1975,4.6789,40.9695,41.0873,-2.0543,-2.3615,0.0048,0.0954
1779744288620,1,12.00000015,Lower Delivery,Loading,pitch.0,699485,-0.2758,0.0744,1.0724,-1.3636,0.1842,-2.9281,0.0,0.0
1779744288620,1,12.00000018,Upper Delivery,Loading,pitch.0,700172,-0.2857,0.1153,0.3838,-1.7604,-1.5195,-2.5844,0.0,0.0
1779744288620,1,Pitching Mound.Delivery,,Loading,pitch.0,698538,-0.5615,0.1898,1.4562,-2.8899,-1.3353,-5.5159,0.0,0.0
1779744288620,1,Pitching Mound.Drive,,Loading,pitch.0,699397,-1.1975,4.6789,40.9695,41.0873,-2.0543,-2.3615,0.0048,0.0954
1779744288620,1,Pitching Mound.Parent,,Loading,pitch.0,697862,-1.7484,4.8751,42.4694,38.3126,-3.352,-7.8683,0.0045,0.0978
1779744288621,1,11.0000004b,Drive,Loading,pitch.0,699398,-1.2046,4.6754,40.9076,40.9498,-2.0768,-2.3458,0.0048,0.0952
1779744288621,1,12.00000015,Lower Delivery,Loading,pitch.0,699486,-0.2632,0.0717,1.0607,-1.4469,0.0,-2.9196,0.0,0.0
1779744288621,1,12.00000018,Upper Delivery,Loading,pitch.0,700173,-0.2862,0.1355,0.4133,-2.1459,-1.6749,-2.6324,0.0,0.0
1779744288621,1,Pitching Mound.Delivery,,Loading,pitch.0,698539,-0.5494,0.2073,1.4741,-3.3726,-1.6749,-5.5597,0.0,0.0
1779744288621,1,Pitching Mound.Drive,,Loading,pitch.0,699398,-1.2046,4.6754,40.9076,40.9498,-2.0768,-2.3458,0.0048,0.0952
1779744288621,1,Pitching Mound.Parent,,Loading,pitch.0,697863,-1.7469,4.8862,42.4436,37.7147,-3.7292,-7.9212,0.0046,0.0973
1779744288622,1,11.0000004b,Drive,Loading,pitch.0,699399,-1.2102,4.6734,40.967,41.0478,-2.0557,-2.3249,0.0048,0.0953
1779744288622,1,12.00000015,Lower Delivery,Loading,pitch.0,699487,-0.2411,0.0646,0.9644,-1.5215,-0.16,-2.9349,0.0,0.0
1779744288622,1,12.00000018,Upper Delivery,Loading,pitch.0,700174,-0.2828,0.11,0.3861,-2.1099,-1.655,-2.6745,0.0,0.0
1779744288622,1,Pitching Mound.Delivery,,Loading,pitch.0,698540,-0.5239,0.1747,1.3505,-3.4348,-1.815,-5.6236,0.0,0.0
1779744288622,1,Pitching Mound.Drive,,Loading,pitch.0,699399,-1.2102,4.6734,40.967,41.0478,-2.0557,-2.3249,0.0048,0.0953
1779744288622,1,Pitching Mound.Parent,,Loading,pitch.0,697864,-1.7285,4.8501,42.258,37.515,-3.8918,-7.9694,0.0047,0.0968
1779744288623,1,11.0000004b,Drive,Loading,pitch.0,699400,-1.2113,4.6729,40.943,40.9912,-2.1269,-2.3396,0.0049,0.0952
1779744288623,1,12.00000015,Lower Delivery,Loading,pitch.0,699488,-0.2708,0.0716,0.956,-1.293,-0.2762,-2.8879,0.0,0.0
1779744288623,1,12.00000018,Upper Delivery,Loading,pitch.0,700175,-0.2797,0.1172,0.3664,-1.4953,-1.389,-2.543,0.0,0.0
1779744288623,1,Pitching Mound.Delivery,,Loading,pitch.0,698541,-0.5505,0.1888,1.3224,-2.5878,-1.6652,-5.4339,0.0,0.0
1779744288623,1,Pitching Mound.Drive,,Loading,pitch.0,699400,-1.2113,4.6729,40.943,40.9912,-2.1269,-2.3396,0.0049,0.0952
1779744288623,1,Pitching Mound.Parent,,Loading,pitch.0,697865,-1.7607,4.8622,42.2894,38.46,-3.7209,-7.7588,0.0046,0.0971
1779744288624,1,11.0000004b,Drive,Loading,pitch.0,699401,-1.2056,4.6795,40.9906,40.9225,-2.3082,-2.34,0.0054,0.095
1779744288624,1,12.00000015,Lower Delivery,Loading,pitch.0,699489,-0.25,0.0669,1.0444,-1.0981,-0.4579,-2.9366,0.0,0.0
1779744288624,1,12.00000018,Upper Delivery,Loading,pitch.0,700176,-0.2559,0.1141,0.3689,-1.3806,-1.2683,-2.5152,0.0,0.0
1779744288624,1,Pitching Mound.Delivery,,Loading,pitch.0,698542,-0.5059,0.181,1.4134,-2.249,-1.7262,-5.4538,0.0,0.0
1779744288624,1,Pitching Mound.Drive,,Loading,pitch.0,699401,-1.2056,4.6795,40.9906,40.9225,-2.3082,-2.34,0.0054,0.095
1779744288624,1,Pitching Mound.Parent,,Loading,pitch.0,697866,-1.7172,4.8539,42.3563,38.7422,-3.8531,-7.7934,0.0048,0.0975
1779744288625,1,11.0000004b,Drive,Loading,pitch.0,699402,-1.2195,4.6886,40.9191,40.9238,-2.3192,-2.3588,0.0054,0.0951
1779744288625,1,12.00000015,Lower Delivery,Loading,pitch.0,699490,-0.3016,0.0781,1.0038,-0.6945,-0.4815,-2.9506,0.0,0.0
1779744288625,1,12.00000018,Upper Delivery,Loading,pitch.0,700177,-0.2939,0.1321,0.4142,-1.1751,-1.0497,-2.5042,0.0,0.0
1779744288625,1,Pitching Mound.Delivery,,Loading,pitch.0,698543,-0.5955,0.2102,1.418,-1.6692,-1.5312,-5.4523,0.0,0.0
1779744288625,1,Pitching Mound.Drive,,Loading,pitch.0,699402,-1.2195,4.6886,40.9191,40.9238,-2.3192,-2.3588,0.0054,0.0951
1779744288625,1,Pitching Mound.Parent,,Loading,pitch.0,697867,-1.801,4.8897,42.4086,39.2533,-3.8394,-7.7922,0.0052,0.0965
1779744288626,1,11.0000004b,Drive,Loading,pitch.0,699403,-1.2139,4.6882,40.9079,40.8728,-2.3899,-2.3398,0.0056,0.095
1779744288626,1,12.00000015,Lower Delivery,Loading,pitch.0,699491,-0.3057,0.0782,1.0481,-0.7286,-0.482,-2.9115,0.0,0.0
1779744288626,1,12.00000018,Upper Delivery,Loading,pitch.0,700178,-0.2714,0.1007,0.364,-1.1363,-1.0068,-2.5312,0.0,0.0
1779744288626,1,Pitching Mound.Delivery,,Loading,pitch.0,698544,-0.5771,0.1789,1.412,-1.6323,-1.4887,-5.4311,0.0,0.0
1779744288626,1,Pitching Mound.Drive,,Loading,pitch.0,699403,-1.2139,4.6882,40.9079,40.8728,-2.3899,-2.3398,0.0056,0.095
1779744288626,1,Pitching Mound.Parent,,Loading,pitch.0,697868,-1.7966,4.8676,42.3312,39.2914,-3.8079,-7.7899,0.0052,0.0975
1779744288627,1,11.0000004b,Drive,Loading,pitch.0,699404,-1.216,4.6776,40.8636,40.8055,-2.3379,-2.3565,0.0054,0.095
1779744288627,1,12.00000015,Lower Delivery,Loading,pitch.0,699492,-0.298,0.0791,1.1097,-0.8412,-0.3964,-2.9212,0.0,0.0
1779744288627,1,12.00000018,Upper Delivery,Loading,pitch.0,700179,-0.3097,0.1283,0.3785,-1.1425,-1.0108,-2.579,0.0,0.0
1779744288627,1,Pitching Mound.Delivery,,Loading,pitch.0,698545,-0.6077,0.2074,1.4883,-1.7351,-1.4071,-5.5042,0.0,0.0
1779744288627,1,Pitching Mound.Drive,,Loading,pitch.0,699404,-1.216,4.6776,40.8636,40.8055,-2.3379,-2.3565,0.0054,0.095
1779744288627,1,Pitching Mound.Parent,,Loading,pitch.0,697869,-1.8216,4.8956,42.3961,39.1376,-3.797,-7.8439,0.0054,0.0976
1779744288628,1,11.0000004b,Drive,Loading,pitch.0,699405,-1.2335,4.6923,40.8769,40.9024,-2.2731,-2.3698,0.0053,0.0952
1779744288628,1,12.00000015,Lower Delivery,Loading,pitch.0,699493,-0.3048,0.0794,1.0342,-0.8926,-0.4583,-2.8547,0.0,0.0
1779744288628,1,12.00000018,Upper Delivery,Loading,pitch.0,700180,-0.3155,0.1182,0.418,-0.9935,-0.8505,-2.6028,0.0,0.0
1779744288628,1,Pitching Mound.Delivery,,Loading,pitch.0,698546,-0.6203,0.1976,1.4522,-1.6767,-1.3088,-5.4611,0.0,0.0
1779744288628,1,Pitching Mound.Drive,,Loading,pitch.0,699405,-1.2335,4.6923,40.8769,40.9024,-2.2731,-2.3698,0.0053,0.0952
1779744288628,1,Pitching Mound.Parent,,Loading,pitch.0,697870,-1.8363,4.8752,42.3158,39.1288,-3.6467,-7.8176,0.0053,0.0967
1779744288629,1,11.0000004b,Drive,Loading,pitch.0,699406,-1.2335,4.6781,40.9314,40.9612,-2.2189,-2.3633,0.0052,0.0952
1779744288629,1,12.00000015,Lower Delivery,Loading,pitch.0,699494,-0.2733,0.0746,1.1693,-0.9147,-0.1312,-2.8637,0.0,0.0
1779744288629,1,12.00000018,Upper Delivery,Loading,pitch.0,700181,-0.3389,0.1421,0.4299,-1.0536,-0.9129,-2.6339,0.0,0.0
1779744288629,1,Pitching Mound.Delivery,,Loading,pitch.0,698547,-0.6123,0.2167,1.5992,-1.7169,-1.044,-5.5199,0.0,0.0
1779744288629,1,Pitching Mound.Drive,,Loading,pitch.0,699406,-1.2335,4.6781,40.9314,40.9612,-2.2189,-2.3633,0.0052,0.0952
1779744288629,1,Pitching Mound.Parent,,Loading,pitch.0,697871,-1.8457,4.9091,42.4761,39.1855,-3.3172,-7.8897,0.0051,0.0975
1779744288630,1,11.0000004b,Drive,Loading,pitch.0,699407,-1.2365,4.6826,40.8939,40.9458,-2.2027,-2.3486,0.0051,0.0952
1779744288630,1,12.00000015,Lower Delivery,Loading,pitch.0,699495,-0.2698,0.0806,1.1307,-0.9514,0.0495,-2.8847,0.0,0.0
1779744288630,1,12.00000018,Upper Delivery,Loading,pitch.0,700182,-0.3446,0.1467,0.4242,-0.8552,-0.7028,-2.6072,0.0,0.0
1779744288630,1,Pitching Mound.Delivery,,Loading,pitch.0,698548,-0.6144,0.2273,1.5549,-1.5664,-0.6533,-5.5174,0.0,0.0
1779744288630,1,Pitching Mound.Drive,,Loading,pitch.0,699407,-1.2365,4.6826,40.8939,40.9458,-2.2027,-2.3486,0.0051,0.0952
1779744288630,1,Pitching Mound.Parent,,Loading,pitch.0,697872,-1.8479,4.9054,42.4863,39.3947,-2.8721,-7.8807,0.005,0.0974
1779744288631,1,11.0000004b,Drive,Loading,pitch.0,699408,-1.2262,4.6786,40.9312,41.0155,-2.1633,-2.3814,0.005,0.0953
1779744288631,1,12.00000015,Lower Delivery,Loading,pitch.0,699496,-0.3179,0.0836,1.0706,-1.3439,-0.3988,-2.8966,0.0,0.0
1779744288631,1,12.00000018,Upper Delivery,Loading,pitch.0,700183,-0.3483,0.1312,0.3605,-0.9613,-0.8144,-2.6357,0.0,0.0
1779744288631,1,Pitching Mound.Delivery,,Loading,pitch.0,698549,-0.6662,0.2148,1.4311,-2.0638,-1.2132,-5.5426,0.0,0.0
1779744288631,1,Pitching Mound.Drive,,Loading,pitch.0,699408,-1.2262,4.6786,40.9312,41.0155,-2.1633,-2.3814,0.005,0.0953
1779744288631,1,Pitching Mound.Parent,,Loading,pitch.0,697873,-1.9027,4.8974,42.325,38.8819,-3.4158,-7.8912,0.005,0.0977
1779744288632,1,11.0000004b,Drive,Loading,pitch.0,699409,-1.2403,4.6723,40.884,41.0632,-2.0064,-2.3911,0.0047,0.0955
1779744288632,1,12.00000015,Lower Delivery,Loading,pitch.0,699497,-0.3036,0.0829,1.0792,-1.2701,-0.0558,-2.9059,0.0,0.0
1779744288632,1,12.00000018,Upper Delivery,Loading,pitch.0,700184,-0.3419,0.13,0.3765,-0.6089,-0.443,-2.5532,0.0,0.0
1779744288632,1,Pitching Mound.Delivery,,Loading,pitch.0,698550,-0.6455,0.2128,1.4557,-1.6401,-0.4988,-5.4721,0.0,0.0
1779744288632,1,Pitching Mound.Drive,,Loading,pitch.0,699409,-1.2403,4.6723,40.884,41.0632,-2.0064,-2.3911,0.0047,0.0955
1779744288632,1,Pitching Mound.Parent,,Loading,pitch.0,697874,-1.8717,4.8914,42.3869,39.3755,-2.6622,-7.8535,0.0049,0.0977
1779744288633,1,11.0000004b,Drive,Loading,pitch.0,699410,-1.221,4.6711,40.9307,41.0086,-2.1521,-2.4229,0.005,0.0953
1779744288633,1,12.00000015,Lower Delivery,Loading,pitch.0,699498,-0.3146,0.0846,1.0187,-1.5998,-0.2958,-2.9367,0.0,0.0
1779744288633,1,12.00000018,Upper Delivery,Loading,pitch.0,700185,-0.3452,0.173,0.4256,-0.7459,-0.5887,-2.5609,0.0,0.0
1779744288633,1,Pitching Mound.Delivery,,Loading,pitch.0,698551,-0.6598,0.2576,1.4443,-2.144,-0.8845,-5.508,0.0,0.0
1779744288633,1,Pitching Mound.Drive,,Loading,pitch.0,699410,-1.221,4.6711,40.9307,41.0086,-2.1521,-2.4229,0.005,0.0953
1779744288633,1,Pitching Mound.Parent,,Loading,pitch.0,697875,-1.9001,4.9299,42.3283,38.9192,-2.8909,-7.899,0.0045,0.097
1779744288634,1,11.0000004b,Drive,Loading,pitch.0,699411,-1.2342,4.6649,40.8489,40.9302,-2.1254,-2.4103,0.0049,0.0953
1779744288634,1,12.00000015,Lower Delivery,Loading,pitch.0,699499,-0.3009,0.0807,0.9666,-1.5984,-0.4029,-2.9762,0.0,0.0
1779744288634,1,12.00000018,Upper Delivery,Loading,pitch.0,700186,-0.3356,0.1669,0.3989,-0.8781,-0.7287,-2.5798,0.0,0.0
1779744288634,1,Pitching Mound.Delivery,,Loading,pitch.0,698552,-0.6365,0.2476,1.3655,-2.2835,-1.1316,-5.5678,0.0,0.0
1779744288634,1,Pitching Mound.Drive,,Loading,pitch.0,699411,-1.2342,4.6649,40.8489,40.9302,-2.1254,-2.4103,0.0049,0.0953
1779744288634,1,Pitching Mound.Parent,,Loading,pitch.0,697876,-1.8575,4.9187,42.2962,38.7251,-3.2837,-7.9907,0.0048,0.0968
1779744288635,1,11.0000004b,Drive,Loading,pitch.0,699412,-1.2368,4.6589,40.8636,40.9706,-2.0039,-2.4421,0.0047,0.0954
1779744288635,1,12.00000015,Lower Delivery,Loading,pitch.0,699500,-0.2899,0.0839,0.9977,-1.6506,-0.06,-3.0231,0.0,0.0
1779744288635,1,12.00000018,Upper Delivery,Loading,pitch.0,700187,-0.3432,0.1748,0.4006,-0.884,-0.6005,-2.5798,0.0,0.0
1779744288635,1,Pitching Mound.Delivery,,Loading,pitch.0,698553,-0.6331,0.2587,1.3982,-2.3316,-0.6606,-5.6211,0.0,0.0
1779744288635,1,Pitching Mound.Drive,,Loading,pitch.0,699412,-1.2368,4.6589,40.8636,40.9706,-2.0039,-2.4421,0.0047,0.0954
1779744288635,1,Pitching Mound.Parent,,Loading,pitch.0,697877,-1.8673,4.9237,42.2471,38.5985,-2.786,-8.0314,0.0048,0.097
1779744288636,1,11.0000004b,Drive,Loading,pitch.0,699413,-1.2336,4.6635,40.9153,41.0521,-1.9899,-2.435,0.0046,0.0954
1779744288636,1,12.00000015,Lower Delivery,Loading,pitch.0,699501,-0.2663,0.0794,1.034,-1.4435,-0.1127,-3.0062,0.0,0.0
1779744288636,1,12.00000018,Upper Delivery,Loading,pitch.0,700188,-0.3274,0.1613,0.3812,-0.8819,-0.5864,-2.5643,0.0,0.0
1779744288636,1,Pitching Mound.Delivery,,Loading,pitch.0,698554,-0.5937,0.2407,1.4151,-2.1035,-0.6991,-5.5912,0.0,0.0
1779744288636,1,Pitching Mound.Drive,,Loading,pitch.0,699413,-1.2336,4.6635,40.9153,41.0521,-1.9899,-2.435,0.0046,0.0954
1779744288636,1,Pitching Mound.Parent,,Loading,pitch.0,697878,-1.8305,4.8996,42.2787,38.8671,-2.703,-8.0333,0.0045,0.0974
1779744288637,1,11.0000004b,Drive,Loading,pitch.0,699414,-1.2323,4.6582,40.788,40.9778,-2.0078,-2.4357,0.0047,0.0956
1779744288637,1,12.00000015,Lower Delivery,Loading,pitch.0,699502,-0.2977,0.0863,1.0619,-1.5213,-0.1076,-2.9908,0.0,0.0
1779744288637,1,12.00000018,Upper Delivery,Loading,pitch.0,700189,-0.3138,0.1701,0.398,-0.6348,-0.4088,-2.4923,0.0,0.0
1779744288637,1,Pitching Mound.Delivery,,Loading,pitch.0,698555,-0.6115,0.2564,1.4599,-1.9304,-0.5164,-5.4886,0.0,0.0
1779744288637,1,Pitching Mound.Drive,,Loading,pitch.0,699414,-1.2323,4.6582,40.788,40.9778,-2.0078,-2.4357,0.0047,0.0956
1779744288637,1,Pitching Mound.Parent,,Loading,pitch.0,697879,-1.8451,4.9198,42.3752,39.1217,-2.5063,-7.9236,0.0045,0.0975
1779744288638,1,11.0000004b,Drive,Loading,pitch.0,699415,-1.209,4.6588,40.7592,40.9682,-2.1279,-2.4208,0.005,0.0956
1779744288638,1,12.00000015,Lower Delivery,Loading,pitch.0,699503,-0.2668,0.0827,1.0766,-1.5296,-0.0061,-2.9876,0.0,0.0
1779744288638,1,12.00000018,Upper Delivery,Loading,pitch.0,700190,-0.3175,0.1481,0.3833,-0.6607,-0.5028,-2.4733,0.0,0.0
1779744288638,1,Pitching Mound.Delivery,,Loading,pitch.0,698556,-0.5843,0.2308,1.4598,-1.9546,-0.5088,-5.4783,0.0,0.0
1779744288638,1,Pitching Mound.Drive,,Loading,pitch.0,699415,-1.209,4.6588,40.7592,40.9682,-2.1279,-2.4208,0.005,0.0956
1779744288638,1,Pitching Mound.Parent,,Loading,pitch.0,697880,-1.8166,4.889,42.2479,39.0232,-2.5166,-7.914,0.0045,0.0978
1779744288639,1,11.0000004b,Drive,Loading,pitch.0,699416,-1.2126,4.6607,40.7501,40.9251,-2.1828,-2.4403,0.0051,0.0955
1779744288639,1,12.00000015,Lower Delivery,Loading,pitch.0,699504,-0.2837,0.0785,1.0861,-1.6416,-0.1868,-3.0241,0.0,0.0
1779744288639,1,12.00000018,Upper Delivery,Loading,pitch.0,700191,-0.3225,0.152,0.3634,-0.5022,-0.3329,-2.4885,0.0,0.0
1779744288639,1,Pitching Mound.Delivery,,Loading,pitch.0,698557,-0.6061,0.2306,1.4496,-1.8981,-0.5196,-5.5259,0.0,0.0
1779744288639,1,Pitching Mound.Drive,,Loading,pitch.0,699416,-1.2126,4.6607,40.7501,40.9251,-2.1828,-2.4403,0.0051,0.0955
1779744288639,1,Pitching Mound.Parent,,Loading,pitch.0,697881,-1.8151,4.8894,42.2088,39.07,-2.6475,-7.9467,0.0048,0.0982
1779744288640,1,11.0000004b,Drive,Loading,pitch.0,699417,-1.2133,4.6687,40.6801,40.9183,-2.1497,-2.4369,0.005,0.0957
1779744288640,1,12.00000015,Lower Delivery,Loading,pitch.0,699505,-0.2349,0.0903,1.0938,-1.5203,-0.0394,-3.0271,0.0,0.0
1779744288640,1,12.00000018,Upper Delivery,Loading,pitch.0,700192,-0.3154,0.1555,0.3625,-0.4042,-0.2298,-2.464,0.0,0.0
1779744288640,1,Pitching Mound.Delivery,,Loading,pitch.0,698558,-0.5503,0.2458,1.4563,-1.6759,-0.2691,-5.5185,0.0,0.0
1779744288640,1,Pitching Mound.Drive,,Loading,pitch.0,699417,-1.2133,4.6687,40.6801,40.9183,-2.1497,-2.4369,0.005,0.0957
1779744288640,1,Pitching Mound.Parent,,Loading,pitch.0,697882,-1.7629,4.9065,42.2064,39.2492,-2.4519,-7.9588,0.0049,0.0981
1779744288641,1,11.0000004b,Drive,Loading,pitch.0,699418,-1.2104,4.657,40.7225,40.9272,-2.0758,-2.438,0.0048,0.0956
1779744288641,1,12.00000015,Lower Delivery,Loading,pitch.0,699506,-0.2336,0.0669,0.9869,-1.7017,-0.1481,-2.9476,0.0,0.0
1779744288641,1,12.00000018,Upper Delivery,Loading,pitch.0,700193,-0.3209,0.159,0.3942,-0.2544,-0.07,-2.4623,0.0,0.0
1779744288641,1,Pitching Mound.Delivery,,Loading,pitch.0,698559,-0.5545,0.2259,1.3811,-1.7546,-0.2181,-5.4395,0.0,0.0
1779744288641,1,Pitching Mound.Drive,,Loading,pitch.0,699418,-1.2104,4.657,40.7225,40.9272,-2.0758,-2.438,0.0048,0.0956
1779744288641,1,Pitching Mound.Parent,,Loading,pitch.0,697883,-1.7678,4.8946,42.0612,39.1637,-2.3678,-7.8764,0.0049,0.0973
1779744288642,1,11.0000004b,Drive,Loading,pitch.0,699419,-1.2009,4.6562,40.6877,40.9214,-2.2058,-2.4243,0.0052,0.0957
1779744288642,1,12.00000015,Lower Delivery,Loading,pitch.0,699507,-0.201,0.0672,1.09,-1.783,0.0999,-2.9624,0.0,0.0
1779744288642,1,12.00000018,Upper Delivery,Loading,pitch.0,700194,-0.3389,0.1834,0.446,-0.8279,-0.5526,-2.5473,0.0,0.0
1779744288642,1,Pitching Mound.Delivery,,Loading,pitch.0,698560,-0.5399,0.2506,1.536,-2.3919,-0.4528,-5.5565,0.0,0.0
1779744288642,1,Pitching Mound.Drive,,Loading,pitch.0,699419,-1.2009,4.6562,40.6877,40.9214,-2.2058,-2.4243,0.0052,0.0957
1779744288642,1,Pitching Mound.Parent,,Loading,pitch.0,697884,-1.7503,4.9077,42.2585,38.5353,-2.5286,-7.9945,0.0047,0.0973
1779744288643,1,11.0000004b,Drive,Loading,pitch.0,699420,-1.1991,4.6514,40.6895,40.8499,-2.0684,-2.407,0.0048,0.0955
1779744288643,1,12.00000015,Lower Delivery,Loading,pitch.0,699508,-0.1855,0.0658,1.0792,-1.3531,0.1538,-2.9452,0.0,0.0
1779744288643,1,12.00000018,Upper Delivery,Loading,pitch.0,700195,-0.3496,0.1618,0.3995,-0.8308,-0.677,-2.6007,0.0,0.0
1779744288643,1,Pitching Mound.Delivery,,Loading,pitch.0,698561,-0.5351,0.2277,1.4787,-1.9528,-0.5233,-5.6017,0.0,0.0
1779744288643,1,Pitching Mound.Drive,,Loading,pitch.0,699420,-1.1991,4.6514,40.6895,40.8499,-2.0684,-2.407,0.0048,0.0955
1779744288643,1,Pitching Mound.Parent,,Loading,pitch.0,697885,-1.7342,4.879,42.1682,38.8972,-2.5917,-8.0087,0.0047,0.0976
1779744288644,1,11.0000004b,Drive,Loading,pitch.0,699421,-1.1978,4.6564,40.6666,40.9103,-2.0217,-2.3834,0.0047,0.0957
1779744288644,1,12.00000015,Lower Delivery,Loading,pitch.0,699509,-0.2084,0.0601,0.9716,-1.3507,0.0735,-2.9025,0.0,0.0
1779744288644,1,12.00000018,Upper Delivery,Loading,pitch.0,700196,-0.3512,0.1641,0.3928,-0.5349,-0.3649,-2.5409,0.0,0.0
1779744288644,1,Pitching Mound.Delivery,,Loading,pitch.0,698562,-0.5596,0.2243,1.3644,-1.6889,-0.2914,-5.492,0.0,0.0
1779744288644,1,Pitching Mound.Drive,,Loading,pitch.0,699421,-1.1978,4.6564,40.6666,40.9103,-2.0217,-2.3834,0.0047,0.0957
1779744288644,1,Pitching Mound.Parent,,Loading,pitch.0,697886,-1.7574,4.8807,42.031,39.2214,-2.3131,-7.8753,0.0046,0.0973
1779744288645,1,11.0000004b,Drive,Loading,pitch.0,699422,-1.1966,4.667,40.5458,40.8758,-1.9591,-2.3814,0.0046,0.0959
1779744288645,1,12.00000015,Lower Delivery,Loading,pitch.0,699510,-0.2003,0.0664,0.8981,-1.1922,0.1091,-2.9095,0.0,0.0
1779744288645,1,12.00000018,Upper Delivery,Loading,pitch.0,700197,-0.3669,0.1697,0.4204,-0.2992,-0.1171,-2.476,0.0,0.0
1779744288645,1,Pitching Mound.Delivery,,Loading,pitch.0,698563,-0.5671,0.2361,1.3186,-1.329,-0.008,-5.4421,0.0,0.0
1779744288645,1,Pitching Mound.Drive,,Loading,pitch.0,699422,-1.1966,4.667,40.5458,40.8758,-1.9591,-2.3814,0.0046,0.0959
1779744288645,1,Pitching Mound.Parent,,Loading,pitch.0,697887,-1.7637,4.9031,41.8644,39.5468,-1.9671,-7.8235,0.0045,0.0968
1779744288646,1,11.0000004b,Drive,Loading,pitch.0,699423,-1.18,4.6657,40.4936,40.712,-1.9651,-2.3644,0.0046,0.0956
1779744288646,1,12.00000015,Lower Delivery,Loading,pitch.0,699511,-0.2128,0.0624,0.7966,-0.9281,0.0942,-2.9255,0.0,0.0
1779744288646,1,12.00000018,Upper Delivery,Loading,pitch.0,700198,-0.3467,0.1449,0.3625,-0.1172,0.0719,-2.3841,0.0,0.0
1779744288646,1,Pitching Mound.Delivery,,Loading,pitch.0,698564,-0.5595,0.2073,1.1591,-0.8977,0.1662,-5.3552,0.0,0.0
1779744288646,1,Pitching Mound.Drive,,Loading,pitch.0,699423,-1.18,4.6657,40.4936,40.712,-1.9651,-2.3644,0.0046,0.0956
1779744288646,1,Pitching Mound.Parent,,Loading,pitch.0,697888,-1.7396,4.873,41.6527,39.8143,-1.7989,-7.7196,0.0045,0.0965
1779744288647,1,11.0000004b,Drive,Loading,pitch.0,699424,-1.1799,4.669,40.4115,40.6463,-1.9869,-2.3816,0.0047,0.0957
1779744288647,1,12.00000015,Lower Delivery,Loading,pitch.0,699512,-0.2315,0.0658,0.7398,-0.8271,0.0977,-2.9125,0.0,0.0
1779744288647,1,12.00000018,Upper Delivery,Loading,pitch.0,700199,-0.353,0.1664,0.4142,-0.0461,0.1456,-2.3461,0.0,0.0
1779744288647,1,Pitching Mound.Delivery,,Loading,pitch.0,698565,-0.5846,0.2322,1.154,-0.7625,0.2433,-5.2999,0.0,0.0
1779744288647,1,Pitching Mound.Drive,,Loading,pitch.0,699424,-1.1799,4.669,40.4115,40.6463,-1.9869,-2.3816,0.0047,0.0957
1779744288647,1,Pitching Mound.Parent,,Loading,pitch.0,697889,-1.7645,4.9012,41.5655,39.8838,-1.7436,-7.6815,0.0045,0.0957
1779744288648,1,11.0000004b,Drive,Loading,pitch.0,699425,-1.1804,4.6657,40.51,40.6761,-1.9847,-2.3575,0.0047,0.0955
1779744288648,1,12.00000015,Lower Delivery,Loading,pitch.0,699513,-0.2313,0.0637,0.649,-0.6472,0.0776,-2.9354,0.0,0.0
1779744288648,1,12.00000018,Upper Delivery,Loading,pitch.0,700200,-0.342,0.1548,0.4073,-0.1699,0.0189,-2.4415,0.0,0.0
1779744288648,1,Pitching Mound.Delivery,,Loading,pitch.0,698566,-0.5733,0.2184,1.0563,-0.7349,0.0964,-5.4146,0.0,0.0
1779744288648,1,Pitching Mound.Drive,,Loading,pitch.0,699425,-1.1804,4.6657,40.51,40.6761,-1.9847,-2.3575,0.0047,0.0955
1779744288648,1,Pitching Mound.Parent,,Loading,pitch.0,697890,-1.7537,4.8841,41.5663,39.9412,-1.8883,-7.7721,0.0045,0.0951
1779744288649,1,11.0000004b,Drive,Loading,pitch.0,699426,-1.1752,4.6662,40.5271,40.6854,-2.0139,-2.3765,0.0047,0.0955
1779744288649,1,12.00000015,Lower Delivery,Loading,pitch.0,699514,-0.2385,0.0634,0.5964,-0.5266,-0.3336,-2.9324,0.0,0.0
1779744288649,1,12.00000018,Upper Delivery,Loading,pitch.0,700201,-0.3566,0.1677,0.3994,-0.2018,-0.0154,-2.4364,0.0,0.0
1779744288649,1,Pitching Mound.Delivery,,Loading,pitch.0,698567,-0.5952,0.2311,0.9959,-0.6614,-0.349,-5.4089,0.0,0.0
1779744288649,1,Pitching Mound.Drive,,Loading,pitch.0,699426,-1.1752,4.6662,40.5271,40.6854,-2.0139,-2.3765,0.0047,0.0955
1779744288649,1,Pitching Mound.Parent,,Loading,pitch.0,697891,-1.7704,4.8974,41.5229,40.024,-2.3629,-7.7854,0.0046,0.0948
1779744288650,1,11.0000004b,Drive,Loading,pitch.0,699427,-1.1674,4.6665,40.4793,40.579,-2.1076,-2.353,0.005,0.0954
1779744288650,1,12.00000015,Lower Delivery,Loading,pitch.0,699515,-0.2896,0.0791,0.7483,-0.7617,-0.2456,-2.8928,0.0,0.0
1779744288650,1,12.00000018,Upper Delivery,Loading,pitch.0,700202,-0.3313,0.1457,0.4012,-0.0189,0.1777,-2.4013,0.0,0.0
1779744288650,1,Pitching Mound.Delivery,,Loading,pitch.0,698568,-0.6208,0.2249,1.1495,-0.6625,-0.0679,-5.3083,0.0,0.0
1779744288650,1,Pitching Mound.Drive,,Loading,pitch.0,699427,-1.1674,4.6665,40.4793,40.579,-2.1076,-2.353,0.005,0.0954
1779744288650,1,Pitching Mound.Parent,,Loading,pitch.0,697892,-1.7883,4.8913,41.6288,39.9165,-2.1755,-7.6613,0.0048,0.0956
1779744288651,1,11.0000004b,Drive,Loading,pitch.0,699428,-1.1713,4.6637,40.5958,40.6227,-2.1159,-2.3234,0.005,0.0952
1779744288651,1,12.00000015,Lower Delivery,Loading,pitch.0,699516,-0.3004,0.0795,0.754,-0.7303,-0.4187,-2.8821,0.0,0.0
1779744288651,1,12.00000018,Upper Delivery,Loading,pitch.0,700203,-0.3377,0.1503,0.3874,-0.1543,0.0358,-2.4469,0.0,0.0
1779744288651,1,Pitching Mound.Delivery,,Loading,pitch.0,698569,-0.6381,0.2299,1.1414,-0.76,-0.3828,-5.3418,0.0,0.0
1779744288651,1,Pitching Mound.Drive,,Loading,pitch.0,699428,-1.1713,4.6637,40.5958,40.6227,-2.1159,-2.3234,0.005,0.0952
1779744288651,1,Pitching Mound.Parent,,Loading,pitch.0,697893,-1.8095,4.8936,41.7372,39.8627,-2.4987,-7.6651,0.0048,0.0956
1779744288652,1,11.0000004b,Drive,Loading,pitch.0,699429,-1.159,4.6539,40.5455,40.6444,-2.1514,-2.3117,0.005,0.0954
1779744288652,1,12.00000015,Lower Delivery,Loading,pitch.0,699517,-0.3112,0.0833,0.8162,-0.8786,-0.4334,-2.9053,0.0,0.0
1779744288652,1,12.00000018,Upper Delivery,Loading,pitch.0,700204,-0.312,0.1431,0.366,-0.1377,0.0565,-2.4993,0.0,0.0
1779744288652,1,Pitching Mound.Delivery,,Loading,pitch.0,698570,-0.6232,0.2264,1.1822,-0.8632,-0.3769,-5.4048,0.0,0.0
1779744288652,1,Pitching Mound.Drive,,Loading,pitch.0,699429,-1.159,4.6539,40.5455,40.6444,-2.1514,-2.3117,0.005,0.0954
1779744288652,1,Pitching Mound.Parent,,Loading,pitch.0,697894,-1.7822,4.8803,41.7277,39.7811,-2.5283,-7.7166,0.0049,0.0963
1779744288653,1,11.0000004b,Drive,Loading,pitch.0,699430,-1.1588,4.664,40.5524,40.638,-2.2204,-2.2958,0.0052,0.0953
1779744288653,1,12.00000015,Lower Delivery,Loading,pitch.0,699518,-0.2967,0.0914,0.9798,-1.1345,-0.0903,-2.939,0.0,0.0
1779744288653,1,12.00000018,Upper Delivery,Loading,pitch.0,700205,-0.3254,0.1615,0.3595,-0.0138,0.1906,-2.5352,0.0,0.0
1779744288653,1,Pitching Mound.Delivery,,Loading,pitch.0,698571,-0.622,0.2529,1.3393,-0.9374,0.1003,-5.4839,0.0,0.0
1779744288653,1,Pitching Mound.Drive,,Loading,pitch.0,699430,-1.1588,4.664,40.5524,40.638,-2.2204,-2.2958,0.0052,0.0953
1779744288653,1,Pitching Mound.Parent,,Loading,pitch.0,697895,-1.7808,4.9169,41.8917,39.7005,-2.1202,-7.7797,0.005,0.0973
1779744288654,1,11.0000004b,Drive,Loading,pitch.0,699431,-1.1575,4.6502,40.6065,40.6112,-2.2975,-2.3007,0.0054,0.0951
1779744288654,1,12.00000015,Lower Delivery,Loading,pitch.0,699519,-0.268,0.0934,0.9919,-1.3329,-0.2291,-2.9488,0.0,0.0
1779744288654,1,12.00000018,Upper Delivery,Loading,pitch.0,700206,-0.337,0.172,0.3817,-0.0136,0.1897,-2.5142,0.0,0.0
1779744288654,1,Pitching Mound.Delivery,,Loading,pitch.0,698572,-0.6051,0.2654,1.3735,-1.139,-0.0394,-5.4865,0.0,0.0
1779744288654,1,Pitching Mound.Drive,,Loading,pitch.0,699431,-1.1575,4.6502,40.6065,40.6112,-2.2975,-2.3007,0.0054,0.0951
1779744288654,1,Pitching Mound.Parent,,Loading,pitch.0,697896,-1.7626,4.9155,41.98,39.4722,-2.3369,-7.7872,0.0052,0.097
1779744288655,1,11.0000004b,Drive,Loading,pitch.0,699432,-1.1486,4.6405,40.6041,40.6709,-2.42,-2.3059,0.0057,0.0953
1779744288655,1,12.00000015,Lower Delivery,Loading,pitch.0,699520,-0.2686,0.1102,1.1145,-1.1243,0.3586,-2.9278,0.0,0.0
1779744288655,1,12.00000018,Upper Delivery,Loading,pitch.0,700207,-0.3594,0.1917,0.4018,-0.341,-0.1543,-2.6077,0.0,0.0
1779744288655,1,Pitching Mound.Delivery,,Loading,pitch.0,698573,-0.628,0.3019,1.5163,-1.223,0.2043,-5.5664,0.0,0.0
1779744288655,1,Pitching Mound.Drive,,Loading,pitch.0,699432,-1.1486,4.6405,40.6041,40.6709,-2.42,-2.3059,0.0057,0.0953
1779744288655,1,Pitching Mound.Parent,,Loading,pitch.0,697897,-1.7766,4.9424,42.1204,39.4479,-2.2157,-7.8723,0.0055,0.0976
1779744288656,1,11.0000004b,Drive,Loading,pitch.0,699433,-1.1388,4.6285,40.6369,40.6693,-2.4393,-2.2923,0.0057,0.0952
1779744288656,1,12.00000015,Lower Delivery,Loading,pitch.0,699521,-0.2907,0.0839,1.103,-1.4495,0.09,-2.9418,0.0,0.0
1779744288656,1,12.00000018,Upper Delivery,Loading,pitch.0,700208,-0.3505,0.1835,0.3921,-0.4907,-0.3137,-2.6119,0.0,0.0
1779744288656,1,Pitching Mound.Delivery,,Loading,pitch.0,698574,-0.6411,0.2674,1.4951,-1.6985,-0.2237,-5.574,0.0,0.0
1779744288656,1,Pitching Mound.Drive,,Loading,pitch.0,699433,-1.1388,4.6285,40.6369,40.6693,-2.4393,-2.2923,0.0057,0.0952
1779744288656,1,Pitching Mound.Parent,,Loading,pitch.0,697898,-1.7799,4.8959,42.132,38.9708,-2.663,-7.8662,0.0055,0.0976
1779744288657,1,11.0000004b,Drive,Loading,pitch.0,699434,-1.1482,4.6232,40.7894,40.8106,-2.4655,-2.2985,0.0057,0.0952
1779744288657,1,12.00000015,Lower Delivery,Loading,pitch.0,699522,-0.281,0.0828,1.13,-1.2468,0.1007,-2.9323,0.0,0.0
1779744288657,1,12.00000018,Upper Delivery,Loading,pitch.0,700209,-0.3755,0.1879,0.3868,-0.6798,-0.511,-2.6915,0.0,0.0
1779744288657,1,Pitching Mound.Delivery,,Loading,pitch.0,698575,-0.6565,0.2708,1.5169,-1.6739,-0.4103,-5.6559,0.0,0.0
1779744288657,1,Pitching Mound.Drive,,Loading,pitch.0,699434,-1.1482,4.6232,40.7894,40.8106,-2.4655,-2.2985,0.0057,0.0952
1779744288657,1,Pitching Mound.Parent,,Loading,pitch.0,697899,-1.8046,4.894,42.3062,39.1367,-2.8757,-7.9544,0.0055,0.0977
1779744288658,1,11.0000004b,Drive,Loading,pitch.0,699435,-1.1545,4.6265,40.7039,40.7152,-2.3569,-2.3168,0.0055,0.0952
1779744288658,1,12.00000015,Lower Delivery,Loading,pitch.0,699523,-0.2814,0.0789,1.1215,-1.4748,0.1602,-2.9343,0.0,0.0
1779744288658,1,12.00000018,Upper Delivery,Loading,pitch.0,700210,-0.3803,0.1941,0.3751,-0.756,-0.5895,-2.7392,0.0,0.0
1779744288658,1,Pitching Mound.Delivery,,Loading,pitch.0,698576,-0.6617,0.273,1.4966,-1.9769,-0.4293,-5.7072,0.0,0.0
1779744288658,1,Pitching Mound.Drive,,Loading,pitch.0,699435,-1.1545,4.6265,40.7039,40.7152,-2.3569,-2.3168,0.0055,0.0952
1779744288658,1,Pitching Mound.Parent,,Loading,pitch.0,697900,-1.8162,4.8996,42.2005,38.7382,-2.7862,-8.024,0.0053,0.0978
1779744288659,1,11.0000004b,Drive,Loading,pitch.0,699436,-1.1614,4.628,40.7044,40.6947,-2.1738,-2.2938,0.0051,0.0951
1779744288659,1,12.00000015,Lower Delivery,Loading,pitch.0,699524,-0.269,0.077,1.1319,-1.569,0.2546,-2.9197,0.0,0.0
1779744288659,1,12.00000018,Upper Delivery,Loading,pitch.0,700211,-0.387,0.2087,0.3945,-0.7314,-0.568,-2.6556,0.0,0.0
1779744288659,1,Pitching Mound.Delivery,,Loading,pitch.0,698577,-0.6559,0.2857,1.5265,-2.0497,-0.3134,-5.6155,0.0,0.0
1779744288659,1,Pitching Mound.Drive,,Loading,pitch.0,699436,-1.1614,4.628,40.7044,40.6947,-2.1738,-2.2938,0.0051,0.0951
1779744288659,1,Pitching Mound.Parent,,Loading,pitch.0,697901,-1.8173,4.9137,42.2308,38.645,-2.4873,-7.9093,0.0049,0.0976
1779744288660,1,11.0000004b,Drive,Loading,pitch.0,699437,-1.1674,4.6213,40.7283,40.7499,-2.2249,-2.2842,0.0052,0.0952
1779744288660,1,12.00000015,Lower Delivery,Loading,pitch.0,699525,-0.285,0.0839,1.12,-1.1504,0.5134,-2.87,0.0,0.0
1779744288660,1,12.00000018,Upper Delivery,Loading,pitch.0,700212,-0.402,0.2062,0.4333,-1.0142,-0.8662,-2.7179,0.0,0.0
1779744288660,1,Pitching Mound.Delivery,,Loading,pitch.0,698578,-0.687,0.2901,1.5533,-1.9312,-0.3528,-5.6277,0.0,0.0
1779744288660,1,Pitching Mound.Drive,,Loading,pitch.0,699437,-1.1674,4.6213,40.7283,40.7499,-2.2249,-2.2842,0.0052,0.0952
1779744288660,1,Pitching Mound.Parent,,Loading,pitch.0,697902,-1.8544,4.9114,42.2816,38.8187,-2.5777,-7.912,0.005,0.0972
1779744288661,1,11.0000004b,Drive,Loading,pitch.0,699438,-1.1755,4.6123,40.6819,40.7017,-2.2597,-2.2781,0.0053,0.0952
1779744288661,1,12.00000015,Lower Delivery,Loading,pitch.0,699526,-0.2502,0.0872,1.1249,-1.1119,0.4906,-2.8903,0.0,0.0
1779744288661,1,12.00000018,Upper Delivery,Loading,pitch.0,700213,-0.3795,0.1823,0.4241,-0.9357,-0.784,-2.6898,0.0,0.0
1779744288661,1,Pitching Mound.Delivery,,Loading,pitch.0,698579,-0.6296,0.2695,1.549,-1.8093,-0.2934,-5.624,0.0,0.0
1779744288661,1,Pitching Mound.Drive,,Loading,pitch.0,699438,-1.1755,4.6123,40.6819,40.7017,-2.2597,-2.2781,0.0053,0.0952
1779744288661,1,Pitching Mound.Parent,,Loading,pitch.0,697903,-1.8051,4.8818,42.2309,38.8923,-2.5531,-7.9022,0.0051,0.0973
1779744288662,1,11.0000004b,Drive,Loading,pitch.0,699439,-1.1824,4.6169,40.7081,40.7037,-2.0825,-2.313,0.0049,0.0951
1779744288662,1,12.00000015,Lower Delivery,Loading,pitch.0,699527,-0.2643,0.072,1.1721,-1.1425,0.291,-2.907,0.0,0.0
1779744288662,1,12.00000018,Upper Delivery,Loading,pitch.0,700214,-0.391,0.2001,0.4758,-1.2494,-1.1163,-2.7303,0.0,0.0
1779744288662,1,Pitching Mound.Delivery,,Loading,pitch.0,698580,-0.6554,0.2721,1.6479,-2.1551,-0.8252,-5.6804,0.0,0.0
1779744288662,1,Pitching Mound.Drive,,Loading,pitch.0,699439,-1.1824,4.6169,40.7081,40.7037,-2.0825,-2.313,0.0049,0.0951
1779744288662,1,Pitching Mound.Parent,,Loading,pitch.0,697904,-1.8378,4.889,42.356,38.5486,-2.9077,-7.9934,0.0047,0.097
1779744288663,1,11.0000004b,Drive,Loading,pitch.0,699440,-1.185,4.6201,40.7514,40.7033,-2.1884,-2.3062,0.0051,0.095
1779744288663,1,12.00000015,Lower Delivery,Loading,pitch.0,699528,-0.2864,0.0739,1.1599,-1.0525,0.2127,-2.8997,0.0,0.0
1779744288663,1,12.00000018,Upper Delivery,Loading,pitch.0,700215,-0.3911,0.19,0.4457,-1.2965,-1.1667,-2.7269,0.0,0.0
1779744288663,1,Pitching Mound.Delivery,,Loading,pitch.0,698581,-0.6775,0.2638,1.6056,-2.1062,-0.9539,-5.6622,0.0,0.0
1779744288663,1,Pitching Mound.Drive,,Loading,pitch.0,699440,-1.185,4.6201,40.7514,40.7033,-2.1884,-2.3062,0.0051,0.095
1779744288663,1,Pitching Mound.Parent,,Loading,pitch.0,697905,-1.8625,4.8839,42.357,38.5971,-3.1424,-7.9684,0.0049,0.0971
1779744288664,1,11.0000004b,Drive,Loading,pitch.0,699441,-1.1812,4.6077,40.7024,40.5979,-2.1844,-2.3123,0.0051,0.0949
1779744288664,1,12.00000015,Lower Delivery,Loading,pitch.0,699529,-0.3008,0.0767,1.1065,-1.4653,-0.0692,-2.849,0.0,0.0
1779744288664,1,12.00000018,Upper Delivery,Loading,pitch.0,700216,-0.3409,0.1337,0.322,-1.0863,-0.9486,-2.6177,0.0,0.0
1779744288664,1,Pitching Mound.Delivery,,Loading,pitch.0,698582,-0.6417,0.2104,1.4285,-2.2848,-1.0178,-5.4804,0.0,0.0
1779744288664,1,Pitching Mound.Drive,,Loading,pitch.0,699441,-1.1812,4.6077,40.7024,40.5979,-2.1844,-2.3123,0.0051,0.0949
1779744288664,1,Pitching Mound.Parent,,Loading,pitch.0,697906,-1.8229,4.8181,42.1309,38.3131,-3.2023,-7.7926,0.0049,0.098
1779744288665,1,11.0000004b,Drive,Loading,pitch.0,699442,-1.1905,4.6094,40.6796,40.5412,-2.2635,-2.3086,0.0053,0.0948
1779744288665,1,12.00000015,Lower Delivery,Loading,pitch.0,699530,-0.2788,0.0723,1.0869,-1.4747,0.148,-2.8764,0.0,0.0
1779744288665,1,12.00000018,Upper Delivery,Loading,pitch.0,700217,-0.3381,0.1408,0.3354,-1.1192,-0.9828,-2.6339,0.0,0.0
1779744288665,1,Pitching Mound.Delivery,,Loading,pitch.0,698583,-0.6169,0.2131,1.4224,-2.3383,-0.8348,-5.5305,0.0,0.0
1779744288665,1,Pitching Mound.Drive,,Loading,pitch.0,699442,-1.1905,4.6094,40.6796,40.5412,-2.2635,-2.3086,0.0053,0.0948
1779744288665,1,Pitching Mound.Parent,,Loading,pitch.0,697907,-1.8073,4.8225,42.102,38.2028,-3.0982,-7.8392,0.0051,0.0977
1779744288666,1,11.0000004b,Drive,Loading,pitch.0,699443,-1.1773,4.6097,40.6745,40.4596,-2.4873,-2.2883,0.0058,0.0946
1779744288666,1,12.00000015,Lower Delivery,Loading,pitch.0,699531,-0.2717,0.0703,1.1169,-1.587,0.0716,-2.8419,0.0,0.0
1779744288666,1,12.00000018,Upper Delivery,Loading,pitch.0,700218,-0.304,0.1176,0.2845,-0.8433,-0.6927,-2.5603,0.0,0.0
1779744288666,1,12.00000018,Upper Delivery,Loading,pitch.0,700219,-0.2916,0.1093,0.2756,-0.7343,-0.5823,-2.4564,0.0,0.0
1779744288666,1,Pitching Mound.Delivery,,Loading,pitch.0,698584,-0.5757,0.1879,1.4014,-2.1473,-0.6211,-5.4132,0.0,0.0
1779744288666,1,Pitching Mound.Drive,,Loading,pitch.0,699443,-1.1773,4.6097,40.6745,40.4596,-2.4873,-2.2883,0.0058,0.0946
1779744288666,1,Pitching Mound.Parent,,Loading,pitch.0,697908,-1.753,4.7977,42.0759,38.3124,-3.1085,-7.7015,0.0056,0.0982
1779744288667,1,11.0000004b,Drive,Loading,pitch.0,699444,-1.1817,4.6048,40.6333,40.3953,-2.366,-2.3308,0.0055,0.0946
1779744288667,1,12.00000015,Lower Delivery,Loading,pitch.0,699532,-0.2735,0.0703,1.0417,-1.4557,0.0164,-2.7991,0.0,0.0
1779744288667,1,12.00000018,Upper Delivery,Loading,pitch.0,700220,-0.2314,0.079,0.2666,-0.3503,-0.1803,-2.3193,0.0,0.0
1779744288667,1,Pitching Mound.Delivery,,Loading,pitch.0,698585,-0.5651,0.1795,1.3173,-1.9296,-0.5659,-5.2616,0.0,0.0
1779744288667,1,Pitching Mound.Drive,,Loading,pitch.0,699444,-1.1817,4.6048,40.6333,40.3953,-2.366,-2.3308,0.0055,0.0946
1779744288667,1,Pitching Mound.Parent,,Loading,pitch.0,697909,-1.7468,4.7844,41.9506,38.4657,-2.9319,-7.5925,0.0054,0.0978
1779744288668,1,11.0000004b,Drive,Loading,pitch.0,699445,-1.1726,4.6018,40.5007,40.2614,-2.5632,-2.326,0.006,0.0946
1779744288668,1,12.00000015,Lower Delivery,Loading,pitch.0,699533,-0.2771,0.0717,1.0959,-1.674,0.0767,-2.8552,0.0,0.0
1779744288668,1,12.00000015,Lower Delivery,Loading,pitch.0,699534,-0.3064,0.0783,1.0708,-1.6056,-0.2672,-2.8665,0.0,0.0
1779744288668,1,12.00000018,Upper Delivery,Loading,pitch.0,700221,-0.2403,0.0798,0.2704,-0.2313,-0.0535,-2.3161,0.0,0.0
1779744288668,1,Pitching Mound.Delivery,,Loading,pitch.0,698586,-0.5085,0.1506,1.3626,-1.7423,-0.1036,-5.159,0.0,0.0
1779744288668,1,Pitching Mound.Delivery,,Loading,pitch.0,698587,-0.5467,0.1582,1.3412,-1.5647,-0.3208,-5.1602,0.0,0.0
1779744288668,1,Pitching Mound.Drive,,Loading,pitch.0,699445,-1.1726,4.6018,40.5007,40.2614,-2.5632,-2.326,0.006,0.0946
1779744288668,1,Pitching Mound.Parent,,Loading,pitch.0,697910,-1.6811,4.7524,41.8633,38.5191,-2.6667,-7.485,0.0058,0.0982
1779744288669,1,11.0000004b,Drive,Loading,pitch.0,699446,-1.171,4.5926,40.5529,40.3005,-2.6225,-2.3402,0.0062,0.0945
1779744288669,1,12.00000018,Upper Delivery,Loading,pitch.0,700222,-0.2495,0.0715,0.2616,-0.2609,-0.0823,-2.3659,0.0,0.0
1779744288669,1,Pitching Mound.Drive,,Loading,pitch.0,699446,-1.171,4.5926,40.5529,40.3005,-2.6225,-2.3402,0.0062,0.0945
1779744288669,1,Pitching Mound.Parent,,Loading,pitch.0,697911,-1.7177,4.7508,41.894,38.7358,-2.9433,-7.5003,0.006,0.098
1779744288670,1,11.0000004b,Drive,Loading,pitch.0,699447,-1.1698,4.5901,40.562,40.3127,-2.7012,-2.3595,0.0063,0.0945
1779744288670,1,12.00000015,Lower Delivery,Loading,pitch.0,699535,-0.2996,0.0776,1.1511,-1.6722,-0.2234,-2.8444,0.0,0.0
1779744288670,1,12.00000018,Upper Delivery,Loading,pitch.0,700223,-0.2468,0.0696,0.258,-0.131,0.0539,-2.3247,0.0,0.0
1779744288670,1,Pitching Mound.Delivery,,Loading,pitch.0,698588,-0.5491,0.1491,1.4126,-1.6306,-0.3057,-5.1933,0.0,0.0
1779744288670,1,Pitching Mound.Drive,,Loading,pitch.0,699447,-1.1698,4.5901,40.562,40.3127,-2.7012,-2.3595,0.0063,0.0945
1779744288670,1,Pitching Mound.Parent,,Loading,pitch.0,697912,-1.7189,4.7392,41.9746,38.6821,-3.0069,-7.5529,0.0061,0.0986
1779744288671,1,11.0000004b,Drive,Loading,pitch.0,699448,-1.1791,4.5892,40.4425,40.2364,-2.8343,-2.3444,0.0067,0.0946
1779744288671,1,12.00000015,Lower Delivery,Loading,pitch.0,699536,-0.3122,0.0804,1.0669,-1.7008,-0.6702,-2.8384,0.0,0.0
1779744288671,1,12.00000015,Lower Delivery,Loading,pitch.0,699537,-0.3003,0.0784,1.0857,-1.7605,-0.718,-2.8412,0.0,0.0
1779744288671,1,Pitching Mound.Delivery,,Loading,pitch.0,698589,-0.5591,0.15,1.3249,-1.5567,-0.6163,-5.1408,0.0,0.0
1779744288671,1,Pitching Mound.Drive,,Loading,pitch.0,699448,-1.1791,4.5892,40.4425,40.2364,-2.8343,-2.3444,0.0067,0.0946
1779744288671,1,Pitching Mound.Parent,,Loading,pitch.0,697913,-1.7381,4.7392,41.7674,38.6797,-3.4506,-7.4852,0.0065,0.0982
1779744288672,1,11.0000004b,Drive,Loading,pitch.0,699449,-1.1671,4.583,40.4695,40.2058,-2.8533,-2.3644,0.0067,0.0945
1779744288672,1,12.00000015,Lower Delivery,Loading,pitch.0,699538,-0.288,0.0757,1.0639,-1.7034,-0.6654,-2.887,0.0,0.0
1779744288672,1,12.00000018,Upper Delivery,Loading,pitch.0,700224,-0.2348,0.0686,0.2215,-0.07,0.1175,-2.3,0.0,0.0
1779744288672,1,Pitching Mound.Delivery,,Loading,pitch.0,698590,-0.5351,0.147,1.3072,-1.5367,-0.6005,-5.1188,0.0,0.0
1779744288672,1,Pitching Mound.Drive,,Loading,pitch.0,699449,-1.1671,4.583,40.4695,40.2058,-2.8533,-2.3644,0.0067,0.0945
1779744288672,1,Pitching Mound.Parent,,Loading,pitch.0,697914,-1.7022,4.7299,41.7767,38.6691,-3.4538,-7.4833,0.0065,0.0986
1779744288673,1,11.0000004b,Drive,Loading,pitch.0,699450,-1.1668,4.5718,40.4674,40.1393,-3.0721,-2.363,0.0072,0.0944
1779744288673,1,12.00000015,Lower Delivery,Loading,pitch.0,699539,-0.2865,0.0752,0.9639,-1.9003,-0.7016,-2.8647,0.0,0.0
1779744288673,1,12.00000018,Upper Delivery,Loading,pitch.0,700225,-0.2612,0.0574,0.24,0.0652,0.2643,-2.3464,0.0,0.0
1779744288673,1,12.00000018,Upper Delivery,Loading,pitch.0,700226,-0.2963,0.082,0.2727,-0.1277,0.0609,-2.3886,0.0,0.0
1779744288673,1,Pitching Mound.Delivery,,Loading,pitch.0,698592,-0.5827,0.1572,1.2367,-1.793,-0.6407,-5.2567,0.0,0.0
1779744288673,1,Pitching Mound.Delivery,,Loading,pitch.0,698591,-0.5492,0.1331,1.3039,-1.3581,-0.401,-5.2244,0.0,0.0
1779744288673,1,Pitching Mound.Drive,,Loading,pitch.0,699450,-1.1668,4.5718,40.4674,40.1393,-3.0721,-2.363,0.0072,0.0944
1779744288673,1,Pitching Mound.Parent,,Loading,pitch.0,697915,-1.716,4.7049,41.7714,38.7813,-3.4731,-7.5874,0.007,0.0981
1779744288674,1,11.0000004b,Drive,Loading,pitch.0,699451,-1.1782,4.5664,40.5092,40.26,-3.1079,-2.3788,0.0073,0.0945
1779744288674,1,12.00000015,Lower Delivery,Loading,pitch.0,699540,-0.288,0.0758,0.9653,-1.8731,-0.6136,-2.8824,0.0,0.0
1779744288674,1,12.00000018,Upper Delivery,Loading,pitch.0,700227,-0.336,0.1438,0.4453,-0.3598,-0.1782,-2.5385,0.0,0.0
1779744288674,1,Pitching Mound.Delivery,,Loading,pitch.0,698593,-0.624,0.2196,1.4107,-2.0561,-0.7918,-5.4372,0.0,0.0
1779744288674,1,Pitching Mound.Drive,,Loading,pitch.0,699451,-1.1782,4.5664,40.5092,40.26,-3.1079,-2.3788,0.0073,0.0945
1779744288674,1,Pitching Mound.Parent,,Loading,pitch.0,697916,-1.761,4.7236,41.7459,38.4669,-3.7486,-7.6355,0.0071,0.0974
1779744288675,1,11.0000004b,Drive,Loading,pitch.0,699452,-1.1818,4.5644,40.5577,40.2641,-3.0839,-2.4066,0.0072,0.0944
1779744288675,1,12.00000015,Lower Delivery,Loading,pitch.0,699541,-0.2948,0.0773,1.0132,-1.6813,-0.4783,-2.8863,0.0,0.0
1779744288675,1,Pitching Mound.Drive,,Loading,pitch.0,699452,-1.1818,4.5644,40.5577,40.2641,-3.0839,-2.4066,0.0072,0.0944
1779744288675,1,Pitching Mound.Parent,,Loading,pitch.0,697917,-1.8058,4.784,41.9684,38.2079,-3.8758,-7.8439,0.007,0.0955
1779744288676,1,11.0000004b,Drive,Loading,pitch.0,699453,-1.1888,4.5551,40.5471,40.1987,-2.8876,-2.397,0.0068,0.0943
1779744288676,1,12.00000015,Lower Delivery,Loading,pitch.0,699542,-0.2805,0.0739,1.0499,-1.6655,-0.2236,-2.9196,0.0,0.0
1779744288676,1,12.00000018,Upper Delivery,Loading,pitch.0,700228,-0.3614,0.1639,0.5881,-0.109,0.0863,-2.4854,0.0,0.0
1779744288676,1,Pitching Mound.Delivery,,Loading,pitch.0,698594,-0.6562,0.2412,1.6014,-1.6458,-0.392,-5.3944,0.0,0.0
1779744288676,1,Pitching Mound.Drive,,Loading,pitch.0,699453,-1.1888,4.5551,40.5471,40.1987,-2.8876,-2.397,0.0068,0.0943
1779744288676,1,Pitching Mound.Parent,,Loading,pitch.0,697918,-1.845,4.7963,42.1485,38.5528,-3.2796,-7.7913,0.0065,0.0942
1779744288677,1,11.0000004b,Drive,Loading,pitch.0,699454,-1.2044,4.5592,40.4259,40.1195,-2.714,-2.3962,0.0064,0.0944
1779744288677,1,12.00000015,Lower Delivery,Loading,pitch.0,699543,-0.2775,0.0732,0.9927,-1.8567,-0.1696,-2.8814,0.0,0.0
1779744288677,1,12.00000018,Upper Delivery,Loading,pitch.0,700229,-0.3474,0.1317,0.5199,-0.1827,0.01,-2.5259,0.0,0.0
1779744288677,1,Pitching Mound.Delivery,,Loading,pitch.0,698595,-0.628,0.2055,1.5698,-1.668,-0.2136,-5.4683,0.0,0.0
1779744288677,1,Pitching Mound.Drive,,Loading,pitch.0,699454,-1.2044,4.5592,40.4259,40.1195,-2.714,-2.3962,0.0064,0.0944
1779744288677,1,Pitching Mound.Parent,,Loading,pitch.0,697919,-1.8324,4.7647,41.9957,38.4515,-2.9276,-7.8646,0.0061,0.0952
1779744288678,1,11.0000004b,Drive,Loading,pitch.0,699455,-1.2022,4.5482,40.505,40.1799,-2.7272,-2.3907,0.0064,0.0944
1779744288678,1,12.00000015,Lower Delivery,Loading,pitch.0,699544,-0.2861,0.075,1.0291,-1.8523,-0.2647,-2.8925,0.0,0.0
1779744288678,1,12.00000018,Upper Delivery,Loading,pitch.0,700230,-0.3787,0.1826,0.6017,-0.503,-0.3265,-2.6184,0.0,0.0
1779744288678,1,Pitching Mound.Delivery,,Loading,pitch.0,698596,-0.6562,0.2558,1.5944,-2.2268,-0.4961,-5.5342,0.0,0.0
1779744288678,1,Pitching Mound.Drive,,Loading,pitch.0,699455,-1.2022,4.5482,40.505,40.1799,-2.7272,-2.3907,0.0064,0.0944
1779744288678,1,Pitching Mound.Parent,,Loading,pitch.0,697920,-1.8583,4.8039,42.0994,37.9531,-3.2233,-7.9249,0.0062,0.0939
1779744288679,1,11.0000004b,Drive,Loading,pitch.0,699456,-1.2076,4.5503,40.5774,40.2344,-2.7847,-2.373,0.0065,0.0943
1779744288679,1,12.00000015,Lower Delivery,Loading,pitch.0,699545,-0.2495,0.0665,1.0286,-1.9976,0.0862,-2.902,0.0,0.0
1779744288679,1,12.00000018,Upper Delivery,Loading,pitch.0,700231,-0.383,0.1744,0.5416,-0.8744,-0.7221,-2.6281,0.0,0.0
1779744288679,1,Pitching Mound.Delivery,,Loading,pitch.0,698597,-0.6691,0.2493,1.5707,-2.561,-0.9868,-5.5535,0.0,0.0
1779744288679,1,Pitching Mound.Drive,,Loading,pitch.0,699456,-1.2076,4.5503,40.5774,40.2344,-2.7847,-2.373,0.0065,0.0943
1779744288679,1,Pitching Mound.Parent,,Loading,pitch.0,697921,-1.8767,4.7996,42.1482,37.6733,-3.7715,-7.9265,0.0063,0.0947
1779744288680,1,11.0000004b,Drive,Loading,pitch.0,699457,-1.2038,4.5502,40.5282,40.2225,-2.6396,-2.3739,0.0062,0.0944
1779744288680,1,12.00000015,Lower Delivery,Loading,pitch.0,699546,-0.2589,0.0683,1.0046,-1.4867,-0.1529,-2.9187,0.0,0.0
1779744288680,1,12.00000018,Upper Delivery,Loading,pitch.0,700232,-0.3433,0.1471,0.4182,-0.8284,-0.6738,-2.6133,0.0,0.0
1779744288680,1,Pitching Mound.Delivery,,Loading,pitch.0,698598,-0.5929,0.2136,1.4468,-2.6185,-0.5876,-5.5472,0.0,0.0
1779744288680,1,Pitching Mound.Drive,,Loading,pitch.0,699457,-1.2038,4.5502,40.5282,40.2225,-2.6396,-2.3739,0.0062,0.0944
1779744288680,1,Pitching Mound.Parent,,Loading,pitch.0,697922,-1.7967,4.7638,41.975,37.604,-3.2273,-7.9211,0.006,0.0961
1779744288681,1,11.0000004b,Drive,Loading,pitch.0,699458,-1.2033,4.5574,40.5365,40.1548,-2.6433,-2.3693,0.0062,0.0942
1779744288681,1,12.00000015,Lower Delivery,Loading,pitch.0,699547,-0.2772,0.0727,1.0881,-1.5572,-0.016,-2.9584,0.0,0.0
1779744288681,1,12.00000018,Upper Delivery,Loading,pitch.0,700233,-0.3077,0.1168,0.3464,-0.9807,-0.8338,-2.6562,0.0,0.0
1779744288681,1,Pitching Mound.Delivery,,Loading,pitch.0,698599,-0.5666,0.1851,1.351,-2.2435,-0.9867,-5.5915,0.0,0.0
1779744288681,1,Pitching Mound.Drive,,Loading,pitch.0,699458,-1.2033,4.5574,40.5365,40.1548,-2.6433,-2.3693,0.0062,0.0942
1779744288681,1,Pitching Mound.Parent,,Loading,pitch.0,697923,-1.7699,4.7425,41.8875,37.9113,-3.63,-7.9608,0.006,0.0965
1779744288682,1,11.0000004b,Drive,Loading,pitch.0,699459,-1.2033,4.5573,40.5624,40.3132,-2.4856,-2.3551,0.0058,0.0945
1779744288682,1,12.00000015,Lower Delivery,Loading,pitch.0,699548,-0.2792,0.0733,1.1125,-1.7155,0.0452,-2.982,0.0,0.0
1779744288682,1,12.00000018,Upper Delivery,Loading,pitch.0,700234,-0.3031,0.1195,0.3814,-1.0349,-0.8921,-2.6494,0.0,0.0
1779744288682,1,Pitching Mound.Delivery,,Loading,pitch.0,698600,-0.5802,0.1922,1.4695,-2.3519,-0.9081,-5.6166,0.0,0.0
1779744288682,1,Pitching Mound.Drive,,Loading,pitch.0,699459,-1.2033,4.5573,40.5624,40.3132,-2.4856,-2.3551,0.0058,0.0945
1779744288682,1,Pitching Mound.Parent,,Loading,pitch.0,697924,-1.7836,4.7494,42.0319,37.9614,-3.3936,-7.9717,0.0056,0.097
1779744288683,1,11.0000004b,Drive,Loading,pitch.0,699460,-1.2006,4.5535,40.529,40.3165,-2.3311,-2.3403,0.0055,0.0946
1779744288683,1,12.00000015,Lower Delivery,Loading,pitch.0,699549,-0.2666,0.0706,1.1162,-1.5525,0.2011,-2.9683,0.0,0.0
1779744288683,1,12.00000018,Upper Delivery,Loading,pitch.0,700235,-0.3154,0.1612,0.3999,-1.3422,-1.2151,-2.7337,0.0,0.0
1779744288683,1,Pitching Mound.Delivery,,Loading,pitch.0,698601,-0.5946,0.2345,1.5124,-2.8154,-1.1699,-5.7281,0.0,0.0
1779744288683,1,Pitching Mound.Drive,,Loading,pitch.0,699460,-1.2006,4.5535,40.529,40.3165,-2.3311,-2.3403,0.0055,0.0946
1779744288683,1,Pitching Mound.Parent,,Loading,pitch.0,697925,-1.7953,4.788,42.0413,37.5011,-3.501,-8.0684,0.0053,0.097
1779744288684,1,11.0000004b,Drive,Loading,pitch.0,699461,-1.2078,4.5564,40.4274,40.3114,-2.1809,-2.3325,0.0051,0.0949
1779744288684,1,12.00000018,Upper Delivery,Loading,pitch.0,700236,-0.2954,0.1558,0.4176,-1.5269,-1.4134,-2.7092,0.0,0.0
1779744288684,1,12.00000018,Upper Delivery,Loading,pitch.0,700237,-0.2916,0.1631,0.4735,-1.5841,-1.4762,-2.6778,0.0,0.0
1779744288684,1,Pitching Mound.Delivery,,Loading,pitch.0,698602,-0.562,0.2264,1.5338,-2.8419,-1.2124,-5.6874,0.0,0.0
1779744288684,1,Pitching Mound.Drive,,Loading,pitch.0,699461,-1.2078,4.5564,40.4274,40.3114,-2.1809,-2.3325,0.0051,0.0949
1779744288684,1,Pitching Mound.Parent,,Loading,pitch.0,697926,-1.7698,4.7829,41.9612,37.4696,-3.3933,-8.0198,0.0049,0.097
1779744288685,1,11.0000004b,Drive,Loading,pitch.0,699462,-1.2071,4.5621,40.4318,40.3052,-2.149,-2.3369,0.0051,0.0948
1779744288685,1,12.00000015,Lower Delivery,Loading,pitch.0,699550,-0.2885,0.0772,1.1604,-1.4408,0.4191,-2.9821,0.0,0.0
1779744288685,1,12.00000015,Lower Delivery,Loading,pitch.0,699551,-0.28,0.0814,1.2192,-1.4486,0.4599,-3.0078,0.0,0.0
1779744288685,1,Pitching Mound.Delivery,,Loading,pitch.0,698603,-0.5801,0.2403,1.6339,-2.7913,-1.0571,-5.6609,0.0,0.0
1779744288685,1,Pitching Mound.Drive,,Loading,pitch.0,699462,-1.2071,4.5621,40.4318,40.3052,-2.149,-2.3369,0.0051,0.0948
1779744288685,1,Pitching Mound.Parent,,Loading,pitch.0,697927,-1.7872,4.8024,42.0656,37.5139,-3.2061,-7.9978,0.0049,0.0967
1779744288686,1,11.0000004b,Drive,Loading,pitch.0,699463,-1.2135,4.5688,40.3968,40.446,-1.9743,-2.3522,0.0046,0.0952
1779744288686,1,11.0000004b,Drive,Loading,pitch.0,699464,-1.1996,4.5606,40.3751,40.3608,-2.0067,-2.3541,0.0047,0.0951
1779744288686,1,12.00000015,Lower Delivery,Loading,pitch.0,699552,-0.2701,0.0779,1.1334,-1.6335,0.3133,-2.9925,0.0,0.0
1779744288686,1,12.00000018,Upper Delivery,Loading,pitch.0,700238,-0.2867,0.1722,0.5287,-1.5093,-1.3966,-2.6742,0.0,0.0
1779744288686,1,12.00000018,Upper Delivery,Loading,pitch.0,700239,-0.304,0.1993,0.5772,-1.7333,-1.6365,-2.6583,0.0,0.0
1779744288686,1,Pitching Mound.Delivery,,Loading,pitch.0,698604,-0.5667,0.2536,1.7479,-2.7231,-0.9367,-5.6842,0.0,0.0
1779744288686,1,Pitching Mound.Delivery,,Loading,pitch.0,698605,-0.5741,0.2772,1.7107,-3.1777,-1.3231,-5.6624,0.0,0.0
1779744288686,1,Pitching Mound.Drive,,Loading,pitch.0,699463,-1.2135,4.5688,40.3968,40.446,-1.9743,-2.3522,0.0046,0.0952
1779744288686,1,Pitching Mound.Drive,,Loading,pitch.0,699464,-1.1996,4.5606,40.3751,40.3608,-2.0067,-2.3541,0.0047,0.0951
1779744288686,1,Pitching Mound.Parent,,Loading,pitch.0,697928,-1.7801,4.8224,42.1447,37.7229,-2.911,-8.0364,0.0045,0.0969
1779744288686,1,Pitching Mound.Parent,,Loading,pitch.0,697929,-1.7737,4.8378,42.0857,37.1831,-3.3298,-8.0165,0.0045,0.0957
1779744288687,1,12.00000015,Lower Delivery,Loading,pitch.0,699553,-0.2504,0.0915,1.1843,-1.3806,0.4643,-3.0358,0.0,0.0
1779744288687,1,12.00000018,Upper Delivery,Loading,pitch.0,700240,-0.282,0.2024,0.543,-1.3474,-1.2292,-2.58,0.0,0.0
1779744288687,1,Pitching Mound.Delivery,,Loading,pitch.0,698606,-0.5324,0.2939,1.7273,-2.51,-0.765,-5.6266,0.0,0.0
1779744288688,1,11.0000004b,Drive,Loading,pitch.0,699465,-1.2039,4.5454,40.4355,40.2954,-1.9889,-2.3619,0.0047,0.0948
1779744288688,1,12.00000015,Lower Delivery,Loading,pitch.0,699554,-0.2356,0.1076,1.208,-1.181,0.5649,-3.0383,0.0,0.0
1779744288688,1,12.00000018,Upper Delivery,Loading,pitch.0,700241,-0.2767,0.1864,0.4992,-1.3763,-1.2604,-2.5733,0.0,0.0
1779744288688,1,Pitching Mound.Delivery,,Loading,pitch.0,698607,-0.5122,0.294,1.7071,-2.3163,-0.6955,-5.6257,0.0,0.0
1779744288688,1,Pitching Mound.Drive,,Loading,pitch.0,699465,-1.2039,4.5454,40.4355,40.2954,-1.9889,-2.3619,0.0047,0.0948
1779744288688,1,Pitching Mound.Parent,,Loading,pitch.0,697930,-1.7363,4.8393,42.1628,37.7854,-2.7539,-7.9885,0.0045,0.0961
1779744288689,1,11.0000004b,Drive,Loading,pitch.0,699466,-1.2117,4.5473,40.3241,40.2694,-1.9299,-2.3767,0.0046,0.095
1779744288689,1,12.00000015,Lower Delivery,Loading,pitch.0,699555,-0.2043,0.1229,1.2221,-0.9134,0.8464,-3.0491,0.0,0.0
1779744288689,1,12.00000018,Upper Delivery,Loading,pitch.0,700242,-0.283,0.1945,0.5174,-1.0353,-0.8995,-2.5225,0.0,0.0
1779744288689,1,Pitching Mound.Delivery,,Loading,pitch.0,698608,-0.4873,0.3174,1.7395,-1.709,-0.0531,-5.5984,0.0,0.0
1779744288689,1,Pitching Mound.Drive,,Loading,pitch.0,699466,-1.2117,4.5473,40.3241,40.2694,-1.9299,-2.3767,0.0046,0.095
1779744288689,1,Pitching Mound.Parent,,Loading,pitch.0,697931,-1.7239,4.8412,42.0312,37.9532,-2.6254,-8.0023,0.0044,0.0969
1779744288690,1,11.0000004b,Drive,Loading,pitch.0,699467,-1.2135,4.5571,40.268,40.309,-1.8988,-2.3846,0.0045,0.0952
1779744288690,1,12.00000015,Lower Delivery,Loading,pitch.0,699556,-0.2041,0.1129,1.1632,-0.7753,1.039,-3.022,0.0,0.0
1779744288690,1,12.00000018,Upper Delivery,Loading,pitch.0,700243,-0.2461,0.1688,0.4336,-0.9097,-0.7639,-2.5528,0.0,0.0
1779744288690,1,Pitching Mound.Delivery,,Loading,pitch.0,698609,-0.4502,0.2817,1.5967,-1.4369,0.2752,-5.5891,0.0,0.0
1779744288690,1,Pitching Mound.Drive,,Loading,pitch.0,699467,-1.2135,4.5571,40.268,40.309,-1.8988,-2.3846,0.0045,0.0952
1779744288690,1,Pitching Mound.Parent,,Loading,pitch.0,697932,-1.7007,4.8745,42.0075,38.6,-1.952,-7.983,0.0043,0.097
1779744288691,1,11.0000004b,Drive,Loading,pitch.0,699468,-1.2032,4.5555,40.2728,40.2208,-1.8945,-2.4037,0.0045,0.095
1779744288691,1,12.00000018,Upper Delivery,Loading,pitch.0,700244,-0.2561,0.1866,0.4588,-0.5327,-0.366,-2.479,0.0,0.0
1779744288691,1,Pitching Mound.Drive,,Loading,pitch.0,699468,-1.2032,4.5555,40.2728,40.2208,-1.8945,-2.4037,0.0045,0.095
1779744288691,1,Pitching Mound.Parent,,Loading,pitch.0,697933,-1.6535,4.8372,41.8695,38.7839,-1.6194,-7.9927,0.0043,0.0973
1779744288692,1,11.0000004b,Drive,Loading,pitch.0,699469,-1.2099,4.5432,40.1975,40.2077,-1.8325,-2.4046,0.0043,0.0952
1779744288692,1,12.00000015,Lower Delivery,Loading,pitch.0,699558,-0.1987,0.1255,1.1353,-0.8332,1.0905,-2.988,0.0,0.0
1779744288692,1,12.00000015,Lower Delivery,Loading,pitch.0,699557,-0.2078,0.1172,1.1653,-0.7172,1.1385,-2.9976,0.0,0.0
1779744288692,1,Pitching Mound.Delivery,,Loading,pitch.0,698610,-0.4639,0.3038,1.6241,-1.0097,0.7725,-5.4929,0.0,0.0
1779744288692,1,Pitching Mound.Drive,,Loading,pitch.0,699469,-1.2099,4.5432,40.1975,40.2077,-1.8325,-2.4046,0.0043,0.0952
1779744288692,1,Pitching Mound.Parent,,Loading,pitch.0,697934,-1.6737,4.847,41.8216,39.198,-1.0599,-7.8976,0.0042,0.0972
1779744288693,1,11.0000004b,Drive,Loading,pitch.0,699470,-1.1994,4.5407,40.1772,40.1646,-1.832,-2.419,0.0043,0.0951
1779744288693,1,12.00000018,Upper Delivery,Loading,pitch.0,700245,-0.2631,0.168,0.4288,-0.4865,-0.3165,-2.4827,0.0,0.0
1779744288693,1,12.00000018,Upper Delivery,Loading,pitch.0,700246,-0.2638,0.1624,0.4582,-0.3317,-0.1536,-2.4421,0.0,0.0
1779744288693,1,Pitching Mound.Delivery,,Loading,pitch.0,698611,-0.4619,0.2935,1.5641,-1.0795,0.774,-5.4926,0.0,0.0
1779744288693,1,Pitching Mound.Drive,,Loading,pitch.0,699470,-1.1994,4.5407,40.1772,40.1646,-1.832,-2.419,0.0043,0.0951
1779744288693,1,Pitching Mound.Parent,,Loading,pitch.0,697935,-1.6613,4.8342,41.7412,39.0851,-1.058,-7.9116,0.0042,0.0973
1779744288694,1,11.0000004b,Drive,Loading,pitch.0,699471,-1.204,4.5384,40.1733,40.1051,-1.9329,-2.4224,0.0046,0.095
1779744288694,1,12.00000015,Lower Delivery,Loading,pitch.0,699559,-0.2124,0.1115,1.1391,-0.8649,1.0677,-2.9777,0.0,0.0
1779744288694,1,12.00000015,Lower Delivery,Loading,pitch.0,699560,-0.2552,0.0995,1.1563,-0.9485,1.0254,-2.894,0.0,0.0
1779744288694,1,Pitching Mound.Delivery,,Loading,pitch.0,698612,-0.4762,0.2738,1.5973,-0.9651,0.9141,-5.4373,0.0,0.0
1779744288694,1,Pitching Mound.Drive,,Loading,pitch.0,699471,-1.204,4.5384,40.1733,40.1051,-1.9329,-2.4224,0.0046,0.095
1779744288694,1,Pitching Mound.Parent,,Loading,pitch.0,697936,-1.6801,4.8123,41.7706,39.14,-1.0188,-7.8597,0.0044,0.0969
1779744288695,1,11.0000004b,Drive,Loading,pitch.0,699472,-1.2062,4.5543,40.1306,40.1538,-1.8502,-2.4383,0.0044,0.0952
1779744288695,1,12.00000015,Lower Delivery,Loading,pitch.0,699561,-0.2215,0.117,1.1627,-0.9122,1.1455,-2.9095,0.0,0.0
1779744288695,1,12.00000018,Upper Delivery,Loading,pitch.0,700247,-0.2817,0.1882,0.5066,0.056,0.2573,-2.3958,0.0,0.0
1779744288695,1,12.00000018,Upper Delivery,Loading,pitch.0,700248,-0.2508,0.1597,0.5007,0.2046,0.4096,-2.2857,0.0,0.0
1779744288695,1,Pitching Mound.Delivery,,Loading,pitch.0,698613,-0.5369,0.2878,1.6629,-0.6716,1.2827,-5.2987,0.0,0.0
1779744288695,1,Pitching Mound.Delivery,,Loading,pitch.0,698614,-0.4723,0.2767,1.6634,-0.4825,1.5552,-5.2051,0.0,0.0
1779744288695,1,Pitching Mound.Drive,,Loading,pitch.0,699472,-1.2062,4.5543,40.1306,40.1538,-1.8502,-2.4383,0.0044,0.0952
1779744288695,1,Pitching Mound.Parent,,Loading,pitch.0,697937,-1.743,4.8421,41.7934,39.4821,-0.5675,-7.737,0.0042,0.0967
1779744288696,1,11.0000004b,Drive,Loading,pitch.0,699473,-1.2065,4.5415,40.1178,40.1025,-1.8058,-2.4265,0.0043,0.0951
1779744288696,1,12.00000015,Lower Delivery,Loading,pitch.0,699562,-0.2612,0.1062,1.1349,-1.075,0.9488,-2.906,0.0,0.0
1779744288696,1,Pitching Mound.Drive,,Loading,pitch.0,699473,-1.2065,4.5415,40.1178,40.1025,-1.8058,-2.4265,0.0043,0.0951
1779744288696,1,Pitching Mound.Parent,,Loading,pitch.0,697938,-1.6788,4.8183,41.7811,39.62,-0.2507,-7.6316,0.0041,0.0967
1779744288697,1,11.0000004b,Drive,Loading,pitch.0,699474,-1.1975,4.538,40.0691,40.0492,-1.826,-2.401,0.0043,0.0951
1779744288697,1,11.0000004b,Drive,Loading,pitch.0,699475,-1.2116,4.54,40.0754,40.1425,-1.6924,-2.3902,0.004,0.0953
1779744288697,1,12.00000015,Lower Delivery,Loading,pitch.0,699563,-0.2591,0.1078,1.1609,-1.1288,0.7744,-2.8899,0.0,0.0
1779744288697,1,12.00000018,Upper Delivery,Loading,pitch.0,700249,-0.2364,0.1472,0.4716,0.2072,0.4136,-2.3062,0.0,0.0
1779744288697,1,12.00000018,Upper Delivery,Loading,pitch.0,700250,-0.2491,0.1516,0.4474,0.1759,0.383,-2.3575,0.0,0.0
1779744288697,1,Pitching Mound.Delivery,,Loading,pitch.0,698615,-0.4976,0.2534,1.6065,-0.6423,1.3624,-5.2039,0.0,0.0
1779744288697,1,Pitching Mound.Delivery,,Loading,pitch.0,698616,-0.5082,0.2594,1.6083,-0.7103,1.1574,-5.2441,0.0,0.0
1779744288697,1,Pitching Mound.Drive,,Loading,pitch.0,699474,-1.1975,4.538,40.0691,40.0492,-1.826,-2.401,0.0043,0.0951
1779744288697,1,Pitching Mound.Drive,,Loading,pitch.0,699475,-1.2116,4.54,40.0754,40.1425,-1.6924,-2.3902,0.004,0.0953
1779744288697,1,Pitching Mound.Parent,,Loading,pitch.0,697939,-1.6951,4.7914,41.6757,39.4069,-0.4636,-7.6048,0.0042,0.0968
1779744288697,1,Pitching Mound.Parent,,Loading,pitch.0,697940,-1.7199,4.7994,41.6837,39.4321,-0.5349,-7.6342,0.0039,0.0974
1779744288698,1,12.00000015,Lower Delivery,Loading,pitch.0,699564,-0.2724,0.086,1.0977,-1.2113,0.5267,-2.8782,0.0,0.0
1779744288698,1,12.00000018,Upper Delivery,Loading,pitch.0,700251,-0.2434,0.1444,0.4714,0.0374,0.2373,-2.394,0.0,0.0
1779744288698,1,Pitching Mound.Delivery,,Loading,pitch.0,698617,-0.5158,0.2304,1.5691,-0.961,0.7641,-5.2623,0.0,0.0
1779744288699,1,11.0000004b,Drive,Loading,pitch.0,699476,-1.2027,4.5501,40.0296,40.0825,-1.6918,-2.3954,0.004,0.0953
1779744288699,1,12.00000015,Lower Delivery,Loading,pitch.0,699565,-0.2688,0.0934,1.0999,-1.3173,0.4541,-2.8697,0.0,0.0
1779744288699,1,12.00000018,Upper Delivery,Loading,pitch.0,700252,-0.248,0.1789,0.5189,-0.3462,-0.1687,-2.4487,0.0,0.0
1779744288699,1,Pitching Mound.Delivery,,Loading,pitch.0,698618,-0.5169,0.2723,1.6188,-1.466,0.2854,-5.3113,0.0,0.0
1779744288699,1,Pitching Mound.Drive,,Loading,pitch.0,699476,-1.2027,4.5501,40.0296,40.0825,-1.6918,-2.3954,0.004,0.0953
1779744288699,1,Pitching Mound.Parent,,Loading,pitch.0,697941,-1.7185,4.7805,41.5987,39.1215,-0.9277,-7.6577,0.0039,0.0968
1779744288700,1,11.0000004b,Drive,Loading,pitch.0,699477,-1.2023,4.5537,39.9783,40.1721,-1.7999,-2.3994,0.0043,0.0956
1779744288700,1,12.00000015,Lower Delivery,Loading,pitch.0,699566,-0.301,0.0871,1.1131,-1.3513,0.1782,-2.8175,0.0,0.0
1779744288700,1,12.00000018,Upper Delivery,Loading,pitch.0,700253,-0.2668,0.1834,0.5042,-0.7805,-0.6257,-2.5592,0.0,0.0
1779744288700,1,Pitching Mound.Delivery,,Loading,pitch.0,698619,-0.5678,0.2705,1.6173,-1.9246,-0.4475,-5.3651,0.0,0.0
1779744288700,1,Pitching Mound.Drive,,Loading,pitch.0,699477,-1.2023,4.5537,39.9783,40.1721,-1.7999,-2.3994,0.0043,0.0956
1779744288700,1,Pitching Mound.Parent,,Loading,pitch.0,697942,-1.7191,4.826,41.5971,38.7061,-1.5145,-7.7108,0.0041,0.0966
1779744288701,1,11.0000004b,Drive,Loading,pitch.0,699478,-1.2019,4.5332,39.9678,40.0479,-1.7904,-2.4181,0.0043,0.0953
1779744288701,1,12.00000015,Lower Delivery,Loading,pitch.0,699567,-0.2736,0.1089,1.0935,-1.3063,0.1468,-2.797,0.0,0.0
1779744288701,1,12.00000018,Upper Delivery,Loading,pitch.0,700254,-0.2703,0.1785,0.5901,-1.0569,-0.9214,-2.5443,0.0,0.0
1779744288701,1,Pitching Mound.Delivery,,Loading,pitch.0,698620,-0.5439,0.2874,1.6836,-2.1921,-0.7745,-5.3401,0.0,0.0
1779744288701,1,Pitching Mound.Drive,,Loading,pitch.0,699478,-1.2019,4.5332,39.9678,40.0479,-1.7904,-2.4181,0.0043,0.0953
1779744288701,1,Pitching Mound.Parent,,Loading,pitch.0,697943,-1.7698,4.8038,41.5851,38.1232,-2.238,-7.7832,0.0041,0.0966
1779744288702,1,11.0000004b,Drive,Loading,pitch.0,699479,-1.2031,4.5339,39.9102,40.0478,-1.8312,-2.4303,0.0044,0.0955
1779744288702,1,12.00000015,Lower Delivery,Loading,pitch.0,699568,-0.2784,0.1066,1.1245,-1.5503,-0.0343,-2.7872,0.0,0.0
1779744288702,1,12.00000018,Upper Delivery,Loading,pitch.0,700255,-0.2935,0.1921,0.5794,-1.5062,-1.394,-2.662,0.0,0.0
1779744288702,1,Pitching Mound.Delivery,,Loading,pitch.0,698621,-0.5719,0.2987,1.7039,-2.8712,-1.4283,-5.4544,0.0,0.0
1779744288702,1,Pitching Mound.Drive,,Loading,pitch.0,699479,-1.2031,4.5339,39.9102,40.0478,-1.8312,-2.4303,0.0044,0.0955
1779744288702,1,Pitching Mound.Parent,,Loading,pitch.0,697944,-1.747,4.8213,41.5938,37.8557,-2.6057,-7.7704,0.0042,0.0957
1779744288703,1,11.0000004b,Drive,Loading,pitch.0,699480,-1.2032,4.5438,39.8473,40.0586,-1.8997,-2.4639,0.0045,0.0956
1779744288703,1,12.00000015,Lower Delivery,Loading,pitch.0,699569,-0.247,0.1389,1.2077,-1.5268,0.3873,-2.8081,0.0,0.0
1779744288703,1,12.00000018,Upper Delivery,Loading,pitch.0,700256,-0.293,0.197,0.6044,-1.5222,-1.4112,-2.6604,0.0,0.0
1779744288703,1,Pitching Mound.Delivery,,Loading,pitch.0,698622,-0.54,0.3359,1.812,-2.8439,-1.0239,-5.4841,0.0,0.0
1779744288703,1,Pitching Mound.Drive,,Loading,pitch.0,699480,-1.2032,4.5438,39.8473,40.0586,-1.8997,-2.4639,0.0045,0.0956
1779744288703,1,Pitching Mound.Parent,,Loading,pitch.0,697945,-1.775,4.8425,41.5512,37.1874,-3.3279,-7.9183,0.0043,0.0962
1779744288704,1,11.0000004b,Drive,Loading,pitch.0,699482,-1.1865,4.5395,39.8134,39.9542,-1.8862,-2.4396,0.0045,0.0955
1779744288704,1,11.0000004b,Drive,Loading,pitch.0,699481,-1.2014,4.5344,39.8726,40.0195,-1.8906,-2.4525,0.0045,0.0955
1779744288704,1,12.00000015,Lower Delivery,Loading,pitch.0,699570,-0.2716,0.1275,1.1705,-1.542,0.2093,-2.7935,0.0,0.0
1779744288704,1,12.00000018,Upper Delivery,Loading,pitch.0,700257,-0.2765,0.202,0.595,-1.9651,-1.743,-2.7809,0.0,0.0
1779744288704,1,Pitching Mound.Delivery,,Loading,pitch.0,698623,-0.548,0.3295,1.7655,-3.3114,-1.5338,-5.5761,0.0,0.0
1779744288704,1,Pitching Mound.Drive,,Loading,pitch.0,699482,-1.1865,4.5395,39.8134,39.9542,-1.8862,-2.4396,0.0045,0.0955
1779744288704,1,Pitching Mound.Drive,,Loading,pitch.0,699481,-1.2014,4.5344,39.8726,40.0195,-1.8906,-2.4525,0.0045,0.0955
1779744288704,1,Pitching Mound.Parent,,Loading,pitch.0,697946,-1.7414,4.8703,41.6847,37.1756,-2.9145,-7.9366,0.0043,0.0962
1779744288704,1,Pitching Mound.Parent,,Loading,pitch.0,697947,-1.7345,4.869,41.5789,36.6428,-3.4199,-8.0157,0.0043,0.0961
1779744288705,1,12.00000015,Lower Delivery,Loading,pitch.0,699571,-0.2695,0.1419,1.1565,-1.6484,0.4242,-2.8215,0.0,0.0
1779744288705,1,12.00000018,Upper Delivery,Loading,pitch.0,700258,-0.2712,0.1755,0.5322,-1.7968,-1.675,-2.8403,0.0,0.0
1779744288705,1,Pitching Mound.Delivery,,Loading,pitch.0,698624,-0.5407,0.3174,1.6887,-3.233,-1.2509,-5.6624,0.0,0.0
1779744288706,1,11.0000004b,Drive,Loading,pitch.0,699483,-1.1863,4.5231,39.8458,39.99,-1.9177,-2.4465,0.0046,0.0955
1779744288706,1,12.00000015,Lower Delivery,Loading,pitch.0,699572,-0.2762,0.1381,1.1521,-1.4883,0.2296,-2.8181,0.0,0.0
1779744288706,1,12.00000018,Upper Delivery,Loading,pitch.0,700259,-0.2844,0.186,0.5788,-1.8927,-1.7421,-2.829,0.0,0.0
1779744288706,1,Pitching Mound.Delivery,,Loading,pitch.0,698625,-0.5606,0.3241,1.7309,-3.1861,-1.5125,-5.6499,0.0,0.0
1779744288706,1,Pitching Mound.Drive,,Loading,pitch.0,699483,-1.1863,4.5231,39.8458,39.99,-1.9177,-2.4465,0.0046,0.0955
1779744288706,1,Pitching Mound.Parent,,Loading,pitch.0,697948,-1.727,4.8405,41.5345,36.757,-3.1685,-8.1089,0.0044,0.0967
1779744288707,1,11.0000004b,Drive,Loading,pitch.0,699484,-1.1799,4.5159,39.8178,39.9881,-1.9866,-2.4417,0.0047,0.0955
1779744288707,1,12.00000015,Lower Delivery,Loading,pitch.0,699573,-0.2558,0.1371,1.1966,-1.3966,0.5118,-2.8708,0.0,0.0
1779744288707,1,12.00000018,Upper Delivery,Loading,pitch.0,700260,-0.3114,0.2074,0.5896,-2.0349,-1.4657,-2.8977,0.0,0.0
1779744288707,1,Pitching Mound.Delivery,,Loading,pitch.0,698626,-0.5672,0.3446,1.7862,-3.2251,-0.9539,-5.7874,0.0,0.0
1779744288707,1,Pitching Mound.Drive,,Loading,pitch.0,699484,-1.1799,4.5159,39.8178,39.9881,-1.9866,-2.4417,0.0047,0.0955
1779744288707,1,Pitching Mound.Parent,,Loading,pitch.0,697949,-1.7405,4.8401,41.5487,36.802,-3.4991,-8.0916,0.0045,0.0962
1779744288708,1,11.0000004b,Drive,Loading,pitch.0,699485,-1.1725,4.5154,39.8012,39.9349,-2.0491,-2.4481,0.0049,0.0954
1779744288708,1,12.00000015,Lower Delivery,Loading,pitch.0,699574,-0.2577,0.1386,1.187,-1.375,0.6896,-2.8846,0.0,0.0
1779744288708,1,12.00000018,Upper Delivery,Loading,pitch.0,700261,-0.2998,0.1939,0.5727,-2.0274,-1.4429,-2.9132,0.0,0.0
1779744288708,1,Pitching Mound.Delivery,,Loading,pitch.0,698627,-0.5574,0.3324,1.7597,-3.1934,-0.7533,-5.8121,0.0,0.0
1779744288708,1,Pitching Mound.Drive,,Loading,pitch.0,699485,-1.1725,4.5154,39.8012,39.9349,-2.0491,-2.4481,0.0049,0.0954
1779744288708,1,Pitching Mound.Parent,,Loading,pitch.0,697950,-1.7397,4.86,41.5874,36.7098,-3.003,-8.2355,0.0047,0.0963
1779744288709,1,11.0000004b,Drive,Loading,pitch.0,699486,-1.1604,4.5226,39.8507,39.9948,-1.9662,-2.4594,0.0047,0.0955
1779744288709,1,12.00000018,Upper Delivery,Loading,pitch.0,700262,-0.2916,0.1714,0.5244,-1.9518,-1.3493,-2.9539,0.0,0.0
1779744288709,1,Pitching Mound.Drive,,Loading,pitch.0,699486,-1.1604,4.5226,39.8507,39.9948,-1.9662,-2.4594,0.0047,0.0955
1779744288709,1,Pitching Mound.Parent,,Loading,pitch.0,697951,-1.7178,4.8551,41.6104,36.8014,-2.7195,-8.2715,0.0045,0.0965
1779744288710,1,11.0000004b,Drive,Loading,pitch.0,699487,-1.1601,4.5162,39.9098,40.0776,-1.9523,-2.4844,0.0047,0.0955
1779744288710,1,12.00000015,Lower Delivery,Loading,pitch.0,699575,-0.2319,0.1242,1.1663,-1.5237,0.5467,-2.9177,0.0,0.0
1779744288710,1,12.00000015,Lower Delivery,Loading,pitch.0,699576,-0.2282,0.1154,1.1996,-1.5365,0.5949,-2.9429,0.0,0.0
1779744288710,1,12.00000018,Upper Delivery,Loading,pitch.0,700263,-0.3348,0.1883,0.5143,-1.8746,-1.3142,-2.9126,0.0,0.0
1779744288710,1,Pitching Mound.Delivery,,Loading,pitch.0,698628,-0.5235,0.2956,1.6907,-3.2573,-0.8026,-5.8919,0.0,0.0
1779744288710,1,Pitching Mound.Delivery,,Loading,pitch.0,698629,-0.563,0.3038,1.7139,-3.1781,-0.7193,-5.8918,0.0,0.0
1779744288710,1,Pitching Mound.Drive,,Loading,pitch.0,699487,-1.1601,4.5162,39.9098,40.0776,-1.9523,-2.4844,0.0047,0.0955
1779744288710,1,Pitching Mound.Parent,,Loading,pitch.0,697952,-1.6836,4.8118,41.6005,36.8203,-2.7549,-8.3763,0.0045,0.0969
1779744288711,1,11.0000004b,Drive,Loading,pitch.0,699488,-1.1577,4.507,39.9393,40.0284,-1.7981,-2.4702,0.0043,0.0953
1779744288711,1,11.0000004b,Drive,Loading,pitch.0,699489,-1.1559,4.5221,39.9704,40.1451,-1.7474,-2.4622,0.0042,0.0955
1779744288711,1,12.00000015,Lower Delivery,Loading,pitch.0,699577,-0.2359,0.089,1.2297,-1.5064,0.3705,-3.004,0.0,0.0
1779744288711,1,12.00000018,Upper Delivery,Loading,pitch.0,700264,-0.3331,0.1847,0.456,-1.9147,-1.2358,-2.9186,0.0,0.0
1779744288711,1,Pitching Mound.Delivery,,Loading,pitch.0,698630,-0.569,0.2737,1.6858,-3.1581,-0.8652,-5.9556,0.0,0.0
1779744288711,1,Pitching Mound.Drive,,Loading,pitch.0,699488,-1.1577,4.507,39.9393,40.0284,-1.7981,-2.4702,0.0043,0.0953
1779744288711,1,Pitching Mound.Drive,,Loading,pitch.0,699489,-1.1559,4.5221,39.9704,40.1451,-1.7474,-2.4622,0.0042,0.0955
1779744288711,1,Pitching Mound.Parent,,Loading,pitch.0,697953,-1.7208,4.8108,41.6533,36.8503,-2.5174,-8.3619,0.0041,0.097
1779744288711,1,Pitching Mound.Parent,,Loading,pitch.0,697954,-1.7249,4.7958,41.6561,36.9871,-2.6126,-8.4178,0.004,0.098
1779744288712,1,12.00000015,Lower Delivery,Loading,pitch.0,699578,-0.2427,0.069,1.1974,-1.6197,0.2299,-3.0355,0.0,0.0
1779744288712,1,12.00000018,Upper Delivery,Loading,pitch.0,700265,-0.369,0.2086,0.4693,-1.777,-1.2835,-2.8895,0.0,0.0
1779744288712,1,Pitching Mound.Delivery,,Loading,pitch.0,698631,-0.6116,0.2776,1.6667,-3.1492,-1.0537,-5.968,0.0,0.0
1779744288713,1,11.0000004b,Drive,Loading,pitch.0,699490,-1.1569,4.5113,39.9137,40.1128,-1.5768,-2.469,0.0038,0.0956
1779744288713,1,12.00000015,Lower Delivery,Loading,pitch.0,699579,-0.2229,0.0694,1.1908,-1.8152,0.3615,-3.0667,0.0,0.0
1779744288713,1,12.00000018,Upper Delivery,Loading,pitch.0,700266,-0.3696,0.1891,0.4286,-1.5401,-1.3765,-2.7294,0.0,0.0
1779744288713,1,Pitching Mound.Delivery,,Loading,pitch.0,698632,-0.5925,0.2586,1.6195,-3.0962,-1.015,-5.846,0.0,0.0
1779744288713,1,Pitching Mound.Drive,,Loading,pitch.0,699490,-1.1569,4.5113,39.9137,40.1128,-1.5768,-2.469,0.0038,0.0956
1779744288713,1,Pitching Mound.Parent,,Loading,pitch.0,697955,-1.7685,4.7889,41.5805,36.9636,-2.6304,-8.437,0.0036,0.0977
1779744288714,1,11.0000004b,Drive,Loading,pitch.0,699491,-1.1492,4.5223,39.9601,40.1124,-1.5732,-2.4405,0.0037,0.0955
1779744288714,1,12.00000015,Lower Delivery,Loading,pitch.0,699580,-0.2653,0.0708,1.1338,-1.8515,0.2887,-2.9851,0.0,0.0
1779744288714,1,12.00000018,Upper Delivery,Loading,pitch.0,700267,-0.366,0.1821,0.4119,-1.3736,-1.2281,-2.7097,0.0,0.0
1779744288714,1,Pitching Mound.Delivery,,Loading,pitch.0,698633,-0.6313,0.2529,1.5457,-2.9796,-0.9394,-5.7291,0.0,0.0
1779744288714,1,Pitching Mound.Drive,,Loading,pitch.0,699491,-1.1492,4.5223,39.9601,40.1124,-1.5732,-2.4405,0.0037,0.0955
1779744288714,1,Pitching Mound.Parent,,Loading,pitch.0,697956,-1.7417,4.7809,41.5795,37.0162,-2.5882,-8.2865,0.0036,0.098
1779744288715,1,11.0000004b,Drive,Loading,pitch.0,699492,-1.1499,4.5149,40.0326,40.2206,-1.4813,-2.4582,0.0035,0.0956
1779744288715,1,12.00000015,Lower Delivery,Loading,pitch.0,699581,-0.2629,0.0708,1.125,-2.1189,0.4015,-3.0131,0.0,0.0
1779744288715,1,12.00000018,Upper Delivery,Loading,pitch.0,700268,-0.3836,0.1855,0.4208,-0.743,-0.5875,-2.5272,0.0,0.0
1779744288715,1,Pitching Mound.Delivery,,Loading,pitch.0,698634,-0.6465,0.2563,1.5458,-2.6225,-0.186,-5.5813,0.0,0.0
1779744288715,1,Pitching Mound.Drive,,Loading,pitch.0,699492,-1.1499,4.5149,40.0326,40.2206,-1.4813,-2.4582,0.0035,0.0956
1779744288715,1,Pitching Mound.Parent,,Loading,pitch.0,697957,-1.7811,4.7678,41.5783,37.2409,-2.4207,-8.1873,0.0034,0.0979
1779744288716,1,11.0000004b,Drive,Loading,pitch.0,699493,-1.1533,4.5137,40.0292,40.1502,-1.5811,-2.4587,0.0038,0.0954
1779744288716,1,12.00000015,Lower Delivery,Loading,pitch.0,699582,-0.2462,0.0666,1.1463,-2.208,0.3185,-3.0138,0.0,0.0
1779744288716,1,12.00000018,Upper Delivery,Loading,pitch.0,700269,-0.3435,0.1474,0.3632,-0.4794,-0.307,-2.5158,0.0,0.0
1779744288716,1,Pitching Mound.Delivery,,Loading,pitch.0,698635,-0.5896,0.214,1.5094,-2.4212,0.0115,-5.5627,0.0,0.0
1779744288716,1,Pitching Mound.Drive,,Loading,pitch.0,699493,-1.1533,4.5137,40.0292,40.1502,-1.5811,-2.4587,0.0038,0.0954
1779744288716,1,Pitching Mound.Parent,,Loading,pitch.0,697958,-1.7998,4.77,41.575,37.5277,-1.7671,-8.04,0.0036,0.0976
1779744288717,1,11.0000004b,Drive,Loading,pitch.0,699494,-1.1514,4.5165,40.0445,40.2197,-1.4103,-2.4624,0.0034,0.0955
1779744288717,1,11.0000004b,Drive,Loading,pitch.0,699495,-1.155,4.5234,40.1151,40.2543,-1.3542,-2.4478,0.0032,0.0955
1779744288717,1,12.00000015,Lower Delivery,Loading,pitch.0,699583,-0.2644,0.0708,1.1029,-2.2349,0.4101,-3.0303,0.0,0.0
1779744288717,1,12.00000018,Upper Delivery,Loading,pitch.0,700270,-0.3586,0.1563,0.3299,-0.7683,-0.6155,-2.509,0.0,0.0
1779744288717,1,Pitching Mound.Delivery,,Loading,pitch.0,698636,-0.6231,0.2272,1.4328,-2.7403,-0.2054,-5.5713,0.0,0.0
1779744288717,1,Pitching Mound.Drive,,Loading,pitch.0,699494,-1.1514,4.5165,40.0445,40.2197,-1.4103,-2.4624,0.0034,0.0955
1779744288717,1,Pitching Mound.Drive,,Loading,pitch.0,699495,-1.155,4.5234,40.1151,40.2543,-1.3542,-2.4478,0.0032,0.0955
1779744288717,1,Pitching Mound.Parent,,Loading,pitch.0,697959,-1.7411,4.7305,41.5539,37.7985,-1.3988,-8.0251,0.0032,0.0985
1779744288717,1,Pitching Mound.Parent,,Loading,pitch.0,697960,-1.7781,4.7506,41.5478,37.514,-1.5596,-8.0191,0.0031,0.0985
1779744288718,1,12.00000015,Lower Delivery,Loading,pitch.0,699584,-0.2935,0.0773,1.037,-2.0916,0.2888,-2.9598,0.0,0.0
1779744288718,1,12.00000018,Upper Delivery,Loading,pitch.0,700271,-0.3472,0.1491,0.2958,-0.5671,-0.4053,-2.43,0.0,0.0
1779744288718,1,Pitching Mound.Delivery,,Loading,pitch.0,698637,-0.6407,0.2264,1.3327,-2.4067,-0.1165,-5.4081,0.0,0.0
1779744288719,1,11.0000004b,Drive,Loading,pitch.0,699496,-1.1455,4.5163,40.0664,40.1328,-1.3371,-2.4491,0.0032,0.0953
1779744288719,1,11.0000004b,Drive,Loading,pitch.0,699497,-1.1534,4.5168,40.0309,40.0366,-1.5032,-2.469,0.0036,0.0951
1779744288719,1,12.00000015,Lower Delivery,Loading,pitch.0,699585,-0.3013,0.0787,1.0642,-2.199,0.3023,-2.9657,0.0,0.0
1779744288719,1,12.00000018,Upper Delivery,Loading,pitch.0,700272,-0.3361,0.146,0.2603,-0.4427,-0.2748,-2.3924,0.0,0.0
1779744288719,1,Pitching Mound.Delivery,,Loading,pitch.0,698638,-0.6374,0.2247,1.3245,-2.3683,0.0275,-5.37,0.0,0.0
1779744288719,1,Pitching Mound.Drive,,Loading,pitch.0,699496,-1.1455,4.5163,40.0664,40.1328,-1.3371,-2.4491,0.0032,0.0953
1779744288719,1,Pitching Mound.Drive,,Loading,pitch.0,699497,-1.1534,4.5168,40.0309,40.0366,-1.5032,-2.469,0.0036,0.0951
1779744288719,1,Pitching Mound.Parent,,Loading,pitch.0,697962,-1.7909,4.7415,41.3554,37.6683,-1.4758,-7.8389,0.0035,0.0987
1779744288719,1,Pitching Mound.Parent,,Loading,pitch.0,697961,-1.7862,4.7426,41.3992,37.7261,-1.4536,-7.8572,0.0031,0.0983
1779744288720,1,11.0000004b,Drive,Loading,pitch.0,699498,-1.1551,4.5228,39.9425,39.9855,-1.4805,-2.4631,0.0035,0.0952
1779744288720,1,12.00000015,Lower Delivery,Loading,pitch.0,699586,-0.344,0.089,1.0903,-2.0931,0.4518,-2.9662,0.0,0.0
1779744288720,1,12.00000018,Upper Delivery,Loading,pitch.0,700273,-0.3349,0.1514,0.2766,-0.3871,-0.2149,-2.4019,0.0,0.0
1779744288720,1,Pitching Mound.Delivery,,Loading,pitch.0,698639,-0.679,0.2404,1.3669,-2.2035,0.2369,-5.3649,0.0,0.0
1779744288720,1,Pitching Mound.Drive,,Loading,pitch.0,699498,-1.1551,4.5228,39.9425,39.9855,-1.4805,-2.4631,0.0035,0.0952
1779744288720,1,Pitching Mound.Parent,,Loading,pitch.0,697963,-1.8341,4.7632,41.3095,37.782,-1.2436,-7.8281,0.0034,0.0988
1779744288721,1,11.0000004b,Drive,Loading,pitch.0,699499,-1.1538,4.5229,39.9538,39.9396,-1.4766,-2.4835,0.0035,0.0951
1779744288721,1,12.00000015,Lower Delivery,Loading,pitch.0,699587,-0.3411,0.088,1.0518,-1.7881,0.4603,-2.9385,0.0,0.0
1779744288721,1,12.00000018,Upper Delivery,Loading,pitch.0,700274,-0.2942,0.1317,0.2372,-0.0762,0.1117,-2.3131,0.0,0.0
1779744288721,1,Pitching Mound.Delivery,,Loading,pitch.0,698640,-0.6354,0.2197,1.2889,-1.5874,0.572,-5.2357,0.0,0.0
1779744288721,1,Pitching Mound.Drive,,Loading,pitch.0,699499,-1.1538,4.5229,39.9538,39.9396,-1.4766,-2.4835,0.0035,0.0951
1779744288721,1,Pitching Mound.Parent,,Loading,pitch.0,697964,-1.7892,4.7426,41.2427,38.3522,-0.9046,-7.7191,0.0034,0.0988
1779744288722,1,11.0000004b,Drive,Loading,pitch.0,699500,-1.1441,4.5233,39.9772,39.9873,-1.5739,-2.5047,0.0037,0.0952
1779744288722,1,12.00000015,Lower Delivery,Loading,pitch.0,699588,-0.3534,0.0909,1.067,-1.9628,0.3175,-2.9064,0.0,0.0
1779744288722,1,12.00000018,Upper Delivery,Loading,pitch.0,700275,-0.3053,0.1401,0.2295,-0.2116,-0.0287,-2.3846,0.0,0.0
1779744288722,1,Pitching Mound.Delivery,,Loading,pitch.0,698641,-0.6587,0.231,1.2965,-1.8896,0.2888,-5.2746,0.0,0.0
1779744288722,1,Pitching Mound.Drive,,Loading,pitch.0,699500,-1.1441,4.5233,39.9772,39.9873,-1.5739,-2.5047,0.0037,0.0952
1779744288722,1,Pitching Mound.Parent,,Loading,pitch.0,697965,-1.8028,4.7543,41.2737,38.0977,-1.2851,-7.7793,0.0036,0.0991
1779744288723,1,11.0000004b,Drive,Loading,pitch.0,699501,-1.1415,4.5173,40.0096,40.0434,-1.4275,-2.5097,0.0034,0.0952
1779744288723,1,12.00000015,Lower Delivery,Loading,pitch.0,699589,-0.35,0.0899,1.0719,-1.7288,0.2044,-2.9137,0.0,0.0
1779744288723,1,12.00000018,Upper Delivery,Loading,pitch.0,700276,-0.2895,0.1348,0.2249,-0.2968,-0.116,-2.4504,0.0,0.0
1779744288723,1,Pitching Mound.Delivery,,Loading,pitch.0,698642,-0.6395,0.2248,1.2969,-1.7377,0.0884,-5.3435,0.0,0.0
1779744288723,1,Pitching Mound.Drive,,Loading,pitch.0,699501,-1.1415,4.5173,40.0096,40.0434,-1.4275,-2.5097,0.0034,0.0952
1779744288723,1,Pitching Mound.Parent,,Loading,pitch.0,697966,-1.781,4.742,41.3065,38.3057,-1.3391,-7.8533,0.0033,0.0992
1779744288724,1,11.0000004b,Drive,Loading,pitch.0,699502,-1.1315,4.4975,40.0434,40.0648,-1.3238,-2.5231,0.0031,0.0952
1779744288724,1,12.00000015,Lower Delivery,Loading,pitch.0,699590,-0.334,0.0863,1.0742,-1.5697,0.2218,-2.8438,0.0,0.0
1779744288724,1,12.00000018,Upper Delivery,Loading,pitch.0,700277,-0.2935,0.1501,0.2446,-0.799,-0.6462,-2.5469,0.0,0.0
1779744288724,1,Pitching Mound.Delivery,,Loading,pitch.0,698643,-0.6275,0.2364,1.3188,-2.0866,-0.4243,-5.3769,0.0,0.0
1779744288724,1,Pitching Mound.Drive,,Loading,pitch.0,699502,-1.1315,4.4975,40.0434,40.0648,-1.3238,-2.5231,0.0031,0.0952
1779744288724,1,Pitching Mound.Parent,,Loading,pitch.0,697967,-1.759,4.7339,41.3623,37.9782,-1.7481,-7.9001,0.003,0.099
1779744288725,1,11.0000004b,Drive,Loading,pitch.0,699503,-1.1388,4.5052,39.9555,39.9922,-1.4583,-2.5327,0.0035,0.0952
1779744288725,1,12.00000015,Lower Delivery,Loading,pitch.0,699591,-0.3336,0.0866,1.085,-1.4063,0.6056,-2.8735,0.0,0.0
1779744288725,1,12.00000018,Upper Delivery,Loading,pitch.0,700278,-0.293,0.1664,0.2795,-0.9274,-0.7775,-2.648,0.0,0.0
1779744288725,1,Pitching Mound.Delivery,,Loading,pitch.0,698644,-0.6266,0.253,1.3645,-2.0599,-0.1719,-5.5077,0.0,0.0
1779744288725,1,Pitching Mound.Drive,,Loading,pitch.0,699503,-1.1388,4.5052,39.9555,39.9922,-1.4583,-2.5327,0.0035,0.0952
1779744288725,1,Pitching Mound.Parent,,Loading,pitch.0,697968,-1.7654,4.7582,41.3201,37.9323,-1.6302,-8.0404,0.0034,0.0987
1779744288726,1,11.0000004b,Drive,Loading,pitch.0,699504,-1.1467,4.495,39.8901,40.0204,-1.3078,-2.5476,0.0031,0.0954
1779744288726,1,12.00000015,Lower Delivery,Loading,pitch.0,699592,-0.3202,0.0848,1.0888,-1.7594,0.4883,-2.8586,0.0,0.0
1779744288726,1,12.00000018,Upper Delivery,Loading,pitch.0,700279,-0.2808,0.1743,0.3046,-1.2832,-1.1555,-2.6722,0.0,0.0
1779744288726,1,Pitching Mound.Delivery,,Loading,pitch.0,698645,-0.6009,0.259,1.3934,-2.7759,-0.6673,-5.5174,0.0,0.0
1779744288726,1,Pitching Mound.Drive,,Loading,pitch.0,699504,-1.1467,4.495,39.8901,40.0204,-1.3078,-2.5476,0.0031,0.0954
1779744288726,1,Pitching Mound.Parent,,Loading,pitch.0,697969,-1.7476,4.754,41.2835,37.2445,-1.9751,-8.065,0.003,0.0987
1779744288727,1,11.0000004b,Drive,Loading,pitch.0,699505,-1.1381,4.492,39.8627,40.0862,-1.2934,-2.5564,0.0031,0.0957
1779744288727,1,12.00000015,Lower Delivery,Loading,pitch.0,699593,-0.3265,0.0853,1.0611,-1.9287,0.3675,-2.8385,0.0,0.0
1779744288727,1,12.00000018,Upper Delivery,Loading,pitch.0,700280,-0.2993,0.1881,0.3394,-1.4601,-1.3428,-2.6984,0.0,0.0
1779744288727,1,Pitching Mound.Delivery,,Loading,pitch.0,698646,-0.6259,0.2734,1.4006,-3.1434,-0.9753,-5.5277,0.0,0.0
1779744288727,1,Pitching Mound.Drive,,Loading,pitch.0,699505,-1.1381,4.492,39.8627,40.0862,-1.2934,-2.5564,0.0031,0.0957
1779744288727,1,Pitching Mound.Parent,,Loading,pitch.0,697970,-1.764,4.7655,41.2633,36.9428,-2.2687,-8.084,0.003,0.0984
1779744288728,1,11.0000004b,Drive,Loading,pitch.0,699506,-1.1325,4.4911,39.8789,40.0438,-1.2702,-2.5602,0.003,0.0955
1779744288728,1,12.00000015,Lower Delivery,Loading,pitch.0,699594,-0.3088,0.089,1.0786,-1.9034,0.5482,-2.8496,0.0,0.0
1779744288728,1,12.00000018,Upper Delivery,Loading,pitch.0,700281,-0.2694,0.165,0.3354,-1.4321,-1.3116,-2.7237,0.0,0.0
1779744288728,1,Pitching Mound.Delivery,,Loading,pitch.0,698647,-0.5782,0.254,1.414,-3.0828,-0.7634,-5.5599,0.0,0.0
1779744288728,1,Pitching Mound.Drive,,Loading,pitch.0,699506,-1.1325,4.4911,39.8789,40.0438,-1.2702,-2.5602,0.003,0.0955
1779744288728,1,Pitching Mound.Parent,,Loading,pitch.0,697971,-1.7107,4.745,41.2929,36.961,-2.0336,-8.1201,0.0029,0.0984
1779744288729,1,11.0000004b,Drive,Loading,pitch.0,699507,-1.138,4.4852,40.0314,40.1539,-1.2943,-2.57,0.0031,0.0954
1779744288729,1,12.00000015,Lower Delivery,Loading,pitch.0,699595,-0.2656,0.084,1.0684,-1.8359,0.5813,-2.8584,0.0,0.0
1779744288729,1,12.00000018,Upper Delivery,Loading,pitch.0,700282,-0.2765,0.1741,0.36,-1.6956,-1.5916,-2.7411,0.0,0.0
1779744288729,1,Pitching Mound.Delivery,,Loading,pitch.0,698648,-0.542,0.258,1.4284,-3.2907,-1.0103,-5.6032,0.0,0.0
1779744288729,1,Pitching Mound.Drive,,Loading,pitch.0,699507,-1.138,4.4852,40.0314,40.1539,-1.2943,-2.57,0.0031,0.0954
1779744288729,1,Pitching Mound.Parent,,Loading,pitch.0,697972,-1.68,4.7432,41.4598,36.8631,-2.3046,-8.1732,0.003,0.0979
1779744288730,1,11.0000004b,Drive,Loading,pitch.0,699508,-1.1175,4.481,39.9006,40.1681,-1.2301,-2.5562,0.0029,0.0958
1779744288730,1,12.00000015,Lower Delivery,Loading,pitch.0,699596,-0.273,0.0777,1.0099,-1.8181,0.4819,-2.8681,0.0,0.0
1779744288730,1,12.00000018,Upper Delivery,Loading,pitch.0,700283,-0.2457,0.1629,0.3533,-1.5795,-1.4678,-2.7401,0.0,0.0
1779744288730,1,Pitching Mound.Delivery,,Loading,pitch.0,698649,-0.5188,0.2406,1.3632,-3.1744,-0.9859,-5.5989,0.0,0.0
1779744288730,1,Pitching Mound.Drive,,Loading,pitch.0,699508,-1.1175,4.481,39.9006,40.1681,-1.2301,-2.5562,0.0029,0.0958
1779744288730,1,Pitching Mound.Parent,,Loading,pitch.0,697973,-1.6362,4.7216,41.2638,36.9937,-2.216,-8.1551,0.0028,0.098
1779744288731,1,11.0000004b,Drive,Loading,pitch.0,699509,-1.1282,4.4828,39.9776,40.2532,-1.0973,-2.5348,0.0026,0.0958
1779744288731,1,12.00000015,Lower Delivery,Loading,pitch.0,699597,-0.2674,0.0753,1.0589,-1.6781,0.454,-2.8923,0.0,0.0
1779744288731,1,12.00000018,Upper Delivery,Loading,pitch.0,700284,-0.2689,0.165,0.3757,-1.5834,-1.4727,-2.7279,0.0,0.0
1779744288731,1,Pitching Mound.Delivery,,Loading,pitch.0,698650,-0.5364,0.2403,1.4346,-3.0293,-1.0187,-5.6208,0.0,0.0
1779744288731,1,Pitching Mound.Drive,,Loading,pitch.0,699509,-1.1282,4.4828,39.9776,40.2532,-1.0973,-2.5348,0.0026,0.0958
1779744288731,1,Pitching Mound.Parent,,Loading,pitch.0,697974,-1.6646,4.7231,41.4122,37.2239,-2.1161,-8.1555,0.0025,0.0981
1779744288732,1,11.0000004b,Drive,Loading,pitch.0,699510,-1.1245,4.4841,39.9835,40.1612,-1.1549,-2.5458,0.0027,0.0956
1779744288732,1,12.00000015,Lower Delivery,Loading,pitch.0,699598,-0.2624,0.0754,1.1055,-1.2584,0.7671,-2.8888,0.0,0.0
1779744288732,1,12.00000018,Upper Delivery,Loading,pitch.0,700285,-0.2728,0.1928,0.4027,-1.7834,-1.684,-2.7643,0.0,0.0
1779744288732,1,Pitching Mound.Delivery,,Loading,pitch.0,698651,-0.5352,0.2682,1.5082,-2.8028,-0.9169,-5.6566,0.0,0.0
1779744288732,1,Pitching Mound.Drive,,Loading,pitch.0,699510,-1.1245,4.4841,39.9835,40.1612,-1.1549,-2.5458,0.0027,0.0956
1779744288732,1,Pitching Mound.Parent,,Loading,pitch.0,697975,-1.6597,4.7522,41.4916,37.3584,-2.0718,-8.2024,0.0026,0.0978
1779744288733,1,11.0000004b,Drive,Loading,pitch.0,699511,-1.1205,4.4867,39.9462,40.115,-1.1467,-2.5367,0.0027,0.0955
1779744288733,1,12.00000015,Lower Delivery,Loading,pitch.0,699599,-0.255,0.0844,1.0977,-1.0445,0.6884,-2.8915,0.0,0.0
1779744288733,1,12.00000018,Upper Delivery,Loading,pitch.0,700286,-0.2831,0.1908,0.402,-1.6294,-1.523,-2.7058,0.0,0.0
1779744288733,1,Pitching Mound.Delivery,,Loading,pitch.0,698652,-0.538,0.2752,1.4997,-2.4374,-0.8346,-5.6069,0.0,0.0
1779744288733,1,Pitching Mound.Drive,,Loading,pitch.0,699511,-1.1205,4.4867,39.9462,40.115,-1.1467,-2.5367,0.0027,0.0955
1779744288733,1,Pitching Mound.Parent,,Loading,pitch.0,697976,-1.6586,4.7619,41.4459,37.6776,-1.9813,-8.1436,0.0026,0.0978
1779744288734,1,11.0000004b,Drive,Loading,pitch.0,699512,-1.1264,4.4928,39.9249,40.0882,-1.2,-2.5602,0.0029,0.0955
1779744288734,1,12.00000015,Lower Delivery,Loading,pitch.0,699600,-0.265,0.0734,1.0799,-1.1294,0.4315,-2.9092,0.0,0.0
1779744288734,1,12.00000018,Upper Delivery,Loading,pitch.0,700287,-0.3075,0.2226,0.4395,-1.5908,-1.4805,-2.7297,0.0,0.0
1779744288734,1,Pitching Mound.Delivery,,Loading,pitch.0,698653,-0.5725,0.296,1.5194,-2.5025,-1.0489,-5.6533,0.0,0.0
1779744288734,1,Pitching Mound.Drive,,Loading,pitch.0,699512,-1.1264,4.4928,39.9249,40.0882,-1.2,-2.5602,0.0029,0.0955
1779744288734,1,Pitching Mound.Parent,,Loading,pitch.0,697977,-1.6989,4.7888,41.4443,37.5857,-2.2489,-8.2135,0.0028,0.0973
1779744288735,1,11.0000004b,Drive,Loading,pitch.0,699513,-1.1266,4.4942,39.83,40.0348,-1.1365,-2.5547,0.0027,0.0956
1779744288735,1,12.00000015,Lower Delivery,Loading,pitch.0,699601,-0.2619,0.0708,1.034,-0.9963,0.3333,-2.9034,0.0,0.0
1779744288735,1,12.00000018,Upper Delivery,Loading,pitch.0,700288,-0.3226,0.2234,0.4523,-1.5245,-1.4106,-2.7148,0.0,0.0
1779744288735,1,Pitching Mound.Delivery,,Loading,pitch.0,698654,-0.5845,0.2943,1.4863,-2.323,-1.0773,-5.6388,0.0,0.0
1779744288735,1,Pitching Mound.Drive,,Loading,pitch.0,699513,-1.1266,4.4942,39.83,40.0348,-1.1365,-2.5547,0.0027,0.0956
1779744288735,1,Pitching Mound.Parent,,Loading,pitch.0,697978,-1.7111,4.7884,41.3163,37.7118,-2.2138,-8.1935,0.0026,0.097
1779744288736,1,11.0000004b,Drive,Loading,pitch.0,699514,-1.1329,4.5021,39.8945,40.1065,-0.9745,-2.5498,0.0023,0.0956
1779744288736,1,12.00000015,Lower Delivery,Loading,pitch.0,699602,-0.2574,0.068,0.9494,-0.9458,0.187,-2.8878,0.0,0.0
1779744288736,1,12.00000018,Upper Delivery,Loading,pitch.0,700289,-0.3299,0.2053,0.4129,-1.4971,-1.3796,-2.7452,0.0,0.0
1779744288736,1,Pitching Mound.Delivery,,Loading,pitch.0,698655,-0.5873,0.2733,1.3623,-2.2605,-1.1926,-5.6576,0.0,0.0
1779744288736,1,Pitching Mound.Drive,,Loading,pitch.0,699514,-1.1329,4.5021,39.8945,40.1065,-0.9745,-2.5498,0.0023,0.0956
1779744288736,1,Pitching Mound.Parent,,Loading,pitch.0,697979,-1.7202,4.7754,41.2568,37.846,-2.1671,-8.2075,0.0022,0.0969
1779744288737,1,11.0000004b,Drive,Loading,pitch.0,699515,-1.1402,4.4901,39.8468,40.069,-0.914,-2.5401,0.0022,0.0957
1779744288737,1,12.00000015,Lower Delivery,Loading,pitch.0,699603,-0.2549,0.0669,0.88,-1.0219,-0.0634,-2.8943,0.0,0.0
1779744288737,1,12.00000018,Upper Delivery,Loading,pitch.0,700290,-0.3237,0.2053,0.4274,-1.5049,-1.3875,-2.7526,0.0,0.0
1779744288737,1,Pitching Mound.Delivery,,Loading,pitch.0,698656,-0.5785,0.2722,1.3074,-2.3729,-1.451,-5.6703,0.0,0.0
1779744288737,1,Pitching Mound.Drive,,Loading,pitch.0,699515,-1.1402,4.4901,39.8468,40.069,-0.914,-2.5401,0.0022,0.0957
1779744288737,1,Pitching Mound.Parent,,Loading,pitch.0,697980,-1.7187,4.7623,41.1542,37.6961,-2.365,-8.2105,0.0021,0.0964
1779744288738,1,11.0000004b,Drive,Loading,pitch.0,699516,-1.1426,4.4954,39.8827,40.1336,-0.6771,-2.5278,0.0016,0.0957
1779744288738,1,12.00000015,Lower Delivery,Loading,pitch.0,699604,-0.2517,0.0669,0.9148,-1.2,-0.0932,-2.9035,0.0,0.0
1779744288738,1,12.00000018,Upper Delivery,Loading,pitch.0,700291,-0.3093,0.1808,0.4187,-1.4581,-1.338,-2.7477,0.0,0.0
1779744288738,1,Pitching Mound.Delivery,,Loading,pitch.0,698657,-0.561,0.2476,1.3335,-2.4895,-1.4311,-5.6708,0.0,0.0
1779744288738,1,Pitching Mound.Drive,,Loading,pitch.0,699516,-1.1426,4.4954,39.8827,40.1336,-0.6771,-2.5278,0.0016,0.0957
1779744288738,1,Pitching Mound.Parent,,Loading,pitch.0,697981,-1.7036,4.743,41.2163,37.6441,-2.1083,-8.1986,0.0016,0.0967
1779744288739,1,11.0000004b,Drive,Loading,pitch.0,699517,-1.1426,4.4964,39.821,40.1177,-0.6232,-2.566,0.0015,0.0958
1779744288739,1,12.00000015,Lower Delivery,Loading,pitch.0,699605,-0.2801,0.0726,0.8348,-1.3672,-0.5454,-2.8889,0.0,0.0
1779744288739,1,12.00000018,Upper Delivery,Loading,pitch.0,700292,-0.3332,0.1987,0.4422,-1.395,-1.2706,-2.7475,0.0,0.0
1779744288739,1,Pitching Mound.Delivery,,Loading,pitch.0,698658,-0.6133,0.2713,1.2769,-2.6288,-1.816,-5.6544,0.0,0.0
1779744288739,1,Pitching Mound.Drive,,Loading,pitch.0,699517,-1.1426,4.4964,39.821,40.1177,-0.6232,-2.566,0.0015,0.0958
1779744288739,1,Pitching Mound.Parent,,Loading,pitch.0,697982,-1.7559,4.7677,41.098,37.489,-2.4393,-8.2205,0.0014,0.0961
1779744288740,1,11.0000004b,Drive,Loading,pitch.0,699518,-1.1371,4.5062,39.8053,40.1648,-0.6976,-2.5633,0.0017,0.096
1779744288740,1,12.00000015,Lower Delivery,Loading,pitch.0,699606,-0.2991,0.0769,0.7573,-1.655,-0.6148,-2.8379,0.0,0.0
1779744288740,1,12.00000018,Upper Delivery,Loading,pitch.0,700293,-0.3155,0.1675,0.4128,-1.4,-1.237,-2.8132,0.0,0.0
1779744288740,1,Pitching Mound.Delivery,,Loading,pitch.0,698659,-0.6146,0.2444,1.1701,-2.9379,-1.8518,-5.6567,0.0,0.0
1779744288740,1,Pitching Mound.Drive,,Loading,pitch.0,699518,-1.1371,4.5062,39.8053,40.1648,-0.6976,-2.5633,0.0017,0.096
1779744288740,1,Pitching Mound.Parent,,Loading,pitch.0,697983,-1.7517,4.7507,40.9754,37.2269,-2.5494,-8.22,0.0016,0.0961
1779744288741,1,11.0000004b,Drive,Loading,pitch.0,699519,-1.1471,4.5109,39.8575,40.1791,-0.5849,-2.5607,0.0014,0.0959
1779744288741,1,12.00000015,Lower Delivery,Loading,pitch.0,699607,-0.2962,0.0765,0.763,-1.7776,-0.4598,-2.8641,0.0,0.0
1779744288741,1,12.00000018,Upper Delivery,Loading,pitch.0,700294,-0.319,0.1506,0.3599,-1.1887,-1.0508,-2.7442,0.0,0.0
1779744288741,1,Pitching Mound.Delivery,,Loading,pitch.0,698660,-0.6152,0.2271,1.1228,-2.8292,-1.5105,-5.616,0.0,0.0
1779744288741,1,Pitching Mound.Drive,,Loading,pitch.0,699519,-1.1471,4.5109,39.8575,40.1791,-0.5849,-2.5607,0.0014,0.0959
1779744288741,1,Pitching Mound.Parent,,Loading,pitch.0,697984,-1.7623,4.738,40.9804,37.3499,-2.0955,-8.1767,0.0014,0.0966
1779744288742,1,11.0000004b,Drive,Loading,pitch.0,699520,-1.1423,4.5101,39.7931,40.1727,-0.6265,-2.5937,0.0015,0.096
1779744288742,1,12.00000015,Lower Delivery,Loading,pitch.0,699608,-0.2866,0.0746,0.7528,-1.86,-0.4767,-2.872,0.0,0.0
1779744288742,1,12.00000018,Upper Delivery,Loading,pitch.0,700295,-0.3015,0.122,0.3484,-1.277,-1.1455,-2.7347,0.0,0.0
1779744288742,1,Pitching Mound.Delivery,,Loading,pitch.0,698661,-0.5881,0.1966,1.1012,-2.9995,-1.6222,-5.6118,0.0,0.0
1779744288742,1,Pitching Mound.Drive,,Loading,pitch.0,699520,-1.1423,4.5101,39.7931,40.1727,-0.6265,-2.5937,0.0015,0.096
1779744288742,1,Pitching Mound.Parent,,Loading,pitch.0,697985,-1.7305,4.7067,40.8943,37.1733,-2.2488,-8.2055,0.0015,0.0968
1779744288743,1,11.0000004b,Drive,Loading,pitch.0,699521,-1.1307,4.53,39.7511,40.2126,-0.6339,-2.5743,0.0015,0.0962
1779744288743,1,12.00000015,Lower Delivery,Loading,pitch.0,699609,-0.2822,0.0732,0.6987,-1.9022,-0.6063,-2.8763,0.0,0.0
1779744288743,1,12.00000018,Upper Delivery,Loading,pitch.0,700296,-0.3039,0.0987,0.3179,-1.2212,-1.0862,-2.73,0.0,0.0
1779744288743,1,Pitching Mound.Delivery,,Loading,pitch.0,698662,-0.5861,0.1718,1.0166,-2.994,-1.6925,-5.6137,0.0,0.0
1779744288743,1,Pitching Mound.Drive,,Loading,pitch.0,699521,-1.1307,4.53,39.7511,40.2126,-0.6339,-2.5743,0.0015,0.0962
1779744288743,1,Pitching Mound.Parent,,Loading,pitch.0,697986,-1.7168,4.7018,40.7677,37.2186,-2.3264,-8.188,0.0015,0.097
1779744288744,1,11.0000004b,Drive,Loading,pitch.0,699522,-1.1266,4.526,39.7945,40.1864,-0.7086,-2.5698,0.0017,0.0961
1779744288744,1,12.00000015,Lower Delivery,Loading,pitch.0,699610,-0.2858,0.074,0.7522,-1.8626,-0.3901,-2.8875,0.0,0.0
1779744288744,1,12.00000018,Upper Delivery,Loading,pitch.0,700297,-0.2965,0.0903,0.3216,-1.1542,-1.0147,-2.7325,0.0,0.0
1779744288744,1,Pitching Mound.Delivery,,Loading,pitch.0,698663,-0.5823,0.1643,1.0738,-2.8704,-1.4047,-5.6236,0.0,0.0
1779744288744,1,Pitching Mound.Drive,,Loading,pitch.0,699522,-1.1266,4.526,39.7945,40.1864,-0.7086,-2.5698,0.0017,0.0961
1779744288744,1,Pitching Mound.Parent,,Loading,pitch.0,697987,-1.7089,4.6903,40.8683,37.316,-2.1134,-8.1934,0.0016,0.0971
1779744288745,1,11.0000004b,Drive,Loading,pitch.0,699523,-1.1233,4.5228,39.7759,40.0806,-0.7444,-2.599,0.0018,0.0959
1779744288745,1,12.00000015,Lower Delivery,Loading,pitch.0,699611,-0.257,0.0672,0.7693,-1.5578,-0.1841,-2.9187,0.0,0.0
1779744288745,1,12.00000018,Upper Delivery,Loading,pitch.0,700298,-0.3036,0.0834,0.3084,-1.0554,-0.9127,-2.6709,0.0,0.0
1779744288745,1,Pitching Mound.Delivery,,Loading,pitch.0,698664,-0.5606,0.1506,1.0777,-2.4565,-1.0968,-5.6055,0.0,0.0
1779744288745,1,Pitching Mound.Drive,,Loading,pitch.0,699523,-1.1233,4.5228,39.7759,40.0806,-0.7444,-2.599,0.0018,0.0959
1779744288745,1,Pitching Mound.Parent,,Loading,pitch.0,697988,-1.6839,4.6734,40.8536,37.6241,-1.8411,-8.2045,0.0017,0.0972
1779744288746,1,11.0000004b,Drive,Loading,pitch.0,699524,-1.1107,4.524,39.752,39.9695,-0.7999,-2.6282,0.0019,0.0956
1779744288746,1,12.00000015,Lower Delivery,Loading,pitch.0,699612,-0.253,0.0674,0.8612,-1.5599,0.076,-2.9392,0.0,0.0
1779744288746,1,12.00000018,Upper Delivery,Loading,pitch.0,700299,-0.3244,0.1123,0.3466,-0.8271,-0.6721,-2.6189,0.0,0.0
1779744288746,1,Pitching Mound.Delivery,,Loading,pitch.0,698665,-0.5775,0.1797,1.2078,-2.212,-0.5962,-5.5824,0.0,0.0
1779744288746,1,Pitching Mound.Drive,,Loading,pitch.0,699524,-1.1107,4.524,39.752,39.9695,-0.7999,-2.6282,0.0019,0.0956
1779744288746,1,Pitching Mound.Parent,,Loading,pitch.0,697989,-1.6882,4.7038,40.9598,37.7574,-1.3961,-8.2106,0.0019,0.0971
1779744288747,1,11.0000004b,Drive,Loading,pitch.0,699525,-1.0929,4.516,39.7531,39.876,-0.9216,-2.6017,0.0022,0.0954
1779744288747,1,12.00000015,Lower Delivery,Loading,pitch.0,699613,-0.2267,0.0855,1.0418,-1.4512,0.2427,-2.9508,0.0,0.0
1779744288747,1,12.00000018,Upper Delivery,Loading,pitch.0,700300,-0.3189,0.1261,0.3287,-0.9891,-0.8444,-2.6285,0.0,0.0
1779744288747,1,Pitching Mound.Delivery,,Loading,pitch.0,698666,-0.5457,0.2116,1.3705,-2.1979,-0.6017,-5.6107,0.0,0.0
1779744288747,1,Pitching Mound.Drive,,Loading,pitch.0,699525,-1.0929,4.516,39.7531,39.876,-0.9216,-2.6017,0.0022,0.0954
1779744288747,1,Pitching Mound.Parent,,Loading,pitch.0,697990,-1.6385,4.7275,41.1236,37.678,-1.5234,-8.2124,0.0021,0.0981
1779744288748,1,11.0000004b,Drive,Loading,pitch.0,699526,-1.0849,4.5276,39.8042,39.8763,-0.9528,-2.6169,0.0023,0.0953
1779744288748,1,12.00000015,Lower Delivery,Loading,pitch.0,699614,-0.1919,0.0926,1.0615,-1.285,0.3402,-2.9895,0.0,0.0
1779744288748,1,12.00000018,Upper Delivery,Loading,pitch.0,700301,-0.3427,0.1268,0.3242,-1.1591,-1.0205,-2.7212,0.0,0.0
1779744288748,1,Pitching Mound.Delivery,,Loading,pitch.0,698667,-0.5346,0.2194,1.3857,-2.1934,-0.6804,-5.762,0.0,0.0
1779744288748,1,Pitching Mound.Drive,,Loading,pitch.0,699526,-1.0849,4.5276,39.8042,39.8763,-0.9528,-2.6169,0.0023,0.0953
1779744288748,1,Pitching Mound.Parent,,Loading,pitch.0,697991,-1.6196,4.747,41.1899,37.6828,-1.6332,-8.3789,0.0022,0.0982
1779744288749,1,11.0000004b,Drive,Loading,pitch.0,699527,-1.0804,4.5263,39.8412,39.8868,-1.0704,-2.6279,0.0026,0.0952
1779744288749,1,12.00000015,Lower Delivery,Loading,pitch.0,699615,-0.2032,0.1083,1.1028,-1.3004,0.2794,-3.0245,0.0,0.0
1779744288749,1,12.00000018,Upper Delivery,Loading,pitch.0,700302,-0.341,0.1617,0.3566,-0.9753,-0.825,-2.7113,0.0,0.0
1779744288749,1,Pitching Mound.Delivery,,Loading,pitch.0,698668,-0.5442,0.27,1.4594,-2.022,-0.5456,-5.7827,0.0,0.0
1779744288749,1,Pitching Mound.Drive,,Loading,pitch.0,699527,-1.0804,4.5263,39.8412,39.8868,-1.0704,-2.6279,0.0026,0.0952
1779744288749,1,Pitching Mound.Parent,,Loading,pitch.0,697992,-1.6246,4.7963,41.3006,37.8648,-1.616,-8.4106,0.0025,0.098
1779744288750,1,11.0000004b,Drive,Loading,pitch.0,699528,-1.0771,4.5198,39.8605,39.9134,-0.9618,-2.6165,0.0023,0.0953
1779744288750,1,12.00000015,Lower Delivery,Loading,pitch.0,699616,-0.2091,0.0953,1.113,-1.294,0.3583,-3.0334,0.0,0.0
1779744288750,1,12.00000018,Upper Delivery,Loading,pitch.0,700303,-0.3086,0.1439,0.347,-0.7519,-0.5884,-2.6822,0.0,0.0
1779744288750,1,Pitching Mound.Delivery,,Loading,pitch.0,698669,-0.5177,0.2391,1.46,-1.7855,-0.2301,-5.7494,0.0,0.0
1779744288750,1,Pitching Mound.Drive,,Loading,pitch.0,699528,-1.0771,4.5198,39.8605,39.9134,-0.9618,-2.6165,0.0023,0.0953
1779744288750,1,Pitching Mound.Parent,,Loading,pitch.0,697993,-1.5948,4.759,41.3204,38.1279,-1.1919,-8.3658,0.0022,0.0982
1779744288751,1,11.0000004b,Drive,Loading,pitch.0,699529,-1.0808,4.5232,39.8165,39.9398,-0.9753,-2.6056,0.0023,0.0954
1779744288751,1,12.00000015,Lower Delivery,Loading,pitch.0,699617,-0.2518,0.084,1.148,-1.2689,0.3854,-2.9938,0.0,0.0
1779744288751,1,12.00000018,Upper Delivery,Loading,pitch.0,700304,-0.3297,0.1689,0.463,-0.5761,-0.4047,-2.6127,0.0,0.0
1779744288751,1,Pitching Mound.Delivery,,Loading,pitch.0,698670,-0.5815,0.2529,1.6109,-1.6121,-0.0193,-5.633,0.0,0.0
1779744288751,1,Pitching Mound.Drive,,Loading,pitch.0,699529,-1.0808,4.5232,39.8165,39.9398,-0.9753,-2.6056,0.0023,0.0954
1779744288751,1,Pitching Mound.Parent,,Loading,pitch.0,697994,-1.6623,4.7761,41.4275,38.3278,-0.9946,-8.2386,0.0022,0.0973
1779744288752,1,11.0000004b,Drive,Loading,pitch.0,699530,-1.0887,4.5202,39.7849,39.9882,-1.0134,-2.6041,0.0024,0.0956
1779744288752,1,12.00000015,Lower Delivery,Loading,pitch.0,699618,-0.2775,0.0845,1.1673,-1.2837,0.4305,-2.9786,0.0,0.0
1779744288752,1,12.00000018,Upper Delivery,Loading,pitch.0,700305,-0.3272,0.1597,0.4839,-0.7227,-0.5592,-2.647,0.0,0.0
1779744288752,1,Pitching Mound.Delivery,,Loading,pitch.0,698671,-0.6048,0.2442,1.6513,-1.7741,-0.1287,-5.6425,0.0,0.0
1779744288752,1,Pitching Mound.Drive,,Loading,pitch.0,699530,-1.0887,4.5202,39.7849,39.9882,-1.0134,-2.6041,0.0024,0.0956
1779744288752,1,Pitching Mound.Parent,,Loading,pitch.0,697995,-1.6934,4.7644,41.4361,38.2141,-1.1421,-8.2466,0.0023,0.0974
1779744288753,1,11.0000004b,Drive,Loading,pitch.0,699531,-1.0872,4.5225,39.933,40.1277,-0.9304,-2.598,0.0022,0.0956
1779744288753,1,12.00000015,Lower Delivery,Loading,pitch.0,699619,-0.2942,0.0845,1.1262,-1.3977,0.3894,-2.9588,0.0,0.0
1779744288753,1,12.00000018,Upper Delivery,Loading,pitch.0,700306,-0.3117,0.1703,0.521,-1.0823,-0.9402,-2.6927,0.0,0.0
1779744288753,1,Pitching Mound.Delivery,,Loading,pitch.0,698672,-0.6059,0.2549,1.6472,-2.2743,-0.5507,-5.6575,0.0,0.0
1779744288753,1,Pitching Mound.Drive,,Loading,pitch.0,699531,-1.0872,4.5225,39.933,40.1277,-0.9304,-2.598,0.0022,0.0956
1779744288753,1,Pitching Mound.Parent,,Loading,pitch.0,697996,-1.693,4.7774,41.5802,37.8534,-1.4811,-8.2555,0.0021,0.0968
1779744288754,1,11.0000004b,Drive,Loading,pitch.0,699532,-1.0973,4.5194,39.9967,40.2178,-0.8491,-2.5991,0.002,0.0957
1779744288754,1,12.00000015,Lower Delivery,Loading,pitch.0,699620,-0.3055,0.0912,1.0106,-1.4088,0.4301,-2.923,0.0,0.0
1779744288754,1,12.00000018,Upper Delivery,Loading,pitch.0,700307,-0.2952,0.1827,0.5486,-0.8683,-0.7129,-2.6747,0.0,0.0
1779744288754,1,Pitching Mound.Delivery,,Loading,pitch.0,698673,-0.6007,0.2739,1.5592,-2.12,-0.2828,-5.5942,0.0,0.0
1779744288754,1,Pitching Mound.Drive,,Loading,pitch.0,699532,-1.0973,4.5194,39.9967,40.2178,-0.8491,-2.5991,0.002,0.0957
1779744288754,1,Pitching Mound.Parent,,Loading,pitch.0,697997,-1.698,4.7932,41.5559,38.0979,-1.132,-8.1933,0.0019,0.0958
1779744288755,1,11.0000004b,Drive,Loading,pitch.0,699533,-1.0892,4.5199,40.0008,40.2168,-0.8439,-2.6177,0.002,0.0956
1779744288755,1,12.00000015,Lower Delivery,Loading,pitch.0,699621,-0.3112,0.0963,1.0237,-1.2885,0.7408,-2.9406,0.0,0.0
1779744288755,1,12.00000018,Upper Delivery,Loading,pitch.0,700308,-0.3061,0.1735,0.5225,-0.6879,-0.522,-2.6478,0.0,0.0
1779744288755,1,Pitching Mound.Delivery,,Loading,pitch.0,698674,-0.6173,0.2697,1.5461,-1.806,0.2188,-5.5866,0.0,0.0
1779744288755,1,Pitching Mound.Drive,,Loading,pitch.0,699533,-1.0892,4.5199,40.0008,40.2168,-0.8439,-2.6177,0.002,0.0956
1779744288755,1,Pitching Mound.Parent,,Loading,pitch.0,697998,-1.7065,4.7896,41.5469,38.4108,-0.6251,-8.2043,0.0019,0.0962
1779744288756,1,11.0000004b,Drive,Loading,pitch.0,699534,-1.0875,4.5229,39.9358,40.3246,-0.7474,-2.6167,0.0018,0.0961
1779744288756,1,12.00000015,Lower Delivery,Loading,pitch.0,699622,-0.3497,0.0928,0.9223,-1.7218,0.3805,-2.8841,0.0,0.0
1779744288756,1,12.00000018,Upper Delivery,Loading,pitch.0,700309,-0.3235,0.1828,0.5069,-1.0564,-0.9147,-2.6554,0.0,0.0
1779744288756,1,Pitching Mound.Delivery,,Loading,pitch.0,698675,-0.6732,0.2756,1.4292,-2.637,-0.5342,-5.5305,0.0,0.0
1779744288756,1,Pitching Mound.Drive,,Loading,pitch.0,699534,-1.0875,4.5229,39.9358,40.3246,-0.7474,-2.6167,0.0018,0.0961
1779744288756,1,Pitching Mound.Parent,,Loading,pitch.0,697999,-1.7607,4.7985,41.365,37.6877,-1.2816,-8.1472,0.0017,0.0962
1779744288757,1,11.0000004b,Drive,Loading,pitch.0,699535,-1.0939,4.5218,39.9956,40.4304,-0.6943,-2.618,0.0017,0.0962
1779744288757,1,12.00000015,Lower Delivery,Loading,pitch.0,699623,-0.3623,0.0933,0.8297,-1.8539,-0.0126,-2.845,0.0,0.0
1779744288757,1,12.00000018,Upper Delivery,Loading,pitch.0,700310,-0.2913,0.1354,0.4337,-1.0831,-0.9412,-2.6908,0.0,0.0
1779744288757,1,Pitching Mound.Delivery,,Loading,pitch.0,698676,-0.6536,0.2286,1.2634,-2.8024,-0.9537,-5.5117,0.0,0.0
1779744288757,1,Pitching Mound.Drive,,Loading,pitch.0,699535,-1.0939,4.5218,39.9956,40.4304,-0.6943,-2.618,0.0017,0.0962
1779744288757,1,Pitching Mound.Parent,,Loading,pitch.0,698000,-1.7475,4.7505,41.259,37.628,-1.648,-8.1297,0.0016,0.0965
1779744288758,1,11.0000004b,Drive,Loading,pitch.0,699536,-1.091,4.5154,39.9944,40.4217,-0.5583,-2.645,0.0013,0.0961
1779744288758,1,12.00000015,Lower Delivery,Loading,pitch.0,699624,-0.3811,0.097,0.6864,-1.7347,-0.9531,-2.8238,0.0,0.0
1779744288758,1,12.00000018,Upper Delivery,Loading,pitch.0,700311,-0.2646,0.131,0.45,-0.8523,-0.7008,-2.5868,0.0,0.0
1779744288758,1,Pitching Mound.Delivery,,Loading,pitch.0,698677,-0.6457,0.228,1.1364,-2.5066,-1.6539,-5.371,0.0,0.0
1779744288758,1,Pitching Mound.Drive,,Loading,pitch.0,699536,-1.091,4.5154,39.9944,40.4217,-0.5583,-2.645,0.0013,0.0961
1779744288758,1,Pitching Mound.Parent,,Loading,pitch.0,698001,-1.7367,4.7434,41.1307,37.9151,-2.2122,-8.0159,0.0013,0.0954
1779744288759,1,11.0000004b,Drive,Loading,pitch.0,699537,-1.0935,4.5161,39.9206,40.3676,-0.4798,-2.6381,0.0011,0.0962
1779744288759,1,12.00000015,Lower Delivery,Loading,pitch.0,699625,-0.3706,0.0948,0.7874,-2.0216,-0.6369,-2.8201,0.0,0.0
1779744288759,1,12.00000018,Upper Delivery,Loading,pitch.0,700312,-0.2463,0.12,0.421,-0.649,-0.488,-2.5146,0.0,0.0
1779744288759,1,Pitching Mound.Delivery,,Loading,pitch.0,698678,-0.6169,0.2149,1.2085,-2.546,-1.1249,-5.2924,0.0,0.0
1779744288759,1,Pitching Mound.Drive,,Loading,pitch.0,699537,-1.0935,4.5161,39.9206,40.3676,-0.4798,-2.6381,0.0011,0.0962
1779744288759,1,Pitching Mound.Parent,,Loading,pitch.0,698002,-1.7104,4.731,41.1291,37.8216,-1.6047,-7.9304,0.0011,0.0964
1779744288760,1,11.0000004b,Drive,Loading,pitch.0,699538,-1.0866,4.5223,39.9077,40.3616,-0.3474,-2.643,0.0008,0.0962
1779744288760,1,12.00000015,Lower Delivery,Loading,pitch.0,699626,-0.3392,0.0881,0.8436,-2.2221,-0.8112,-2.8129,0.0,0.0
1779744288760,1,12.00000018,Upper Delivery,Loading,pitch.0,700313,-0.2553,0.1383,0.4679,-0.7644,-0.6114,-2.5085,0.0,0.0
1779744288760,1,Pitching Mound.Delivery,,Loading,pitch.0,698679,-0.5945,0.2264,1.3115,-2.8587,-1.4226,-5.2928,0.0,0.0
1779744288760,1,Pitching Mound.Drive,,Loading,pitch.0,699538,-1.0866,4.5223,39.9077,40.3616,-0.3474,-2.643,0.0008,0.0962
1779744288760,1,Pitching Mound.Parent,,Loading,pitch.0,698003,-1.6812,4.7487,41.2192,37.5029,-1.77,-7.9358,0.0008,0.0962
1779744288761,1,11.0000004b,Drive,Loading,pitch.0,699539,-1.091,4.5254,39.9775,40.3553,-0.524,-2.6575,0.0012,0.096
1779744288761,1,12.00000015,Lower Delivery,Loading,pitch.0,699627,-0.3362,0.088,0.9154,-2.3378,-0.6802,-2.8378,0.0,0.0
1779744288761,1,12.00000018,Upper Delivery,Loading,pitch.0,700314,-0.2637,0.1522,0.4817,-0.9176,-0.7723,-2.5534,0.0,0.0
1779744288761,1,Pitching Mound.Delivery,,Loading,pitch.0,698680,-0.5999,0.2402,1.3971,-3.108,-1.4525,-5.3666,0.0,0.0
1779744288761,1,Pitching Mound.Drive,,Loading,pitch.0,699539,-1.091,4.5254,39.9775,40.3553,-0.524,-2.6575,0.0012,0.096
1779744288761,1,Pitching Mound.Parent,,Loading,pitch.0,698004,-1.6909,4.7656,41.3745,37.2473,-1.9765,-8.0241,0.0012,0.0963
1779744288762,1,11.0000004b,Drive,Loading,pitch.0,699540,-1.0671,4.5302,39.9195,40.3002,-0.5793,-2.6589,0.0014,0.096
1779744288762,1,12.00000015,Lower Delivery,Loading,pitch.0,699628,-0.3171,0.0831,0.7898,-2.4022,-1.058,-2.8073,0.0,0.0
1779744288762,1,12.00000018,Upper Delivery,Loading,pitch.0,700315,-0.2393,0.1403,0.4628,-1.1867,-1.0567,-2.6,0.0,0.0
1779744288762,1,Pitching Mound.Delivery,,Loading,pitch.0,698681,-0.5564,0.2234,1.2526,-3.4777,-2.1146,-5.3808,0.0,0.0
1779744288762,1,Pitching Mound.Drive,,Loading,pitch.0,699540,-1.0671,4.5302,39.9195,40.3002,-0.5793,-2.6589,0.0014,0.096
1779744288762,1,Pitching Mound.Parent,,Loading,pitch.0,698005,-1.6236,4.7536,41.1721,36.8225,-2.6939,-8.0397,0.0013,0.0958
1779744288763,1,11.0000004b,Drive,Loading,pitch.0,699541,-1.0715,4.5301,39.9084,40.2176,-0.4458,-2.6438,0.0011,0.0959
1779744288763,1,12.00000015,Lower Delivery,Loading,pitch.0,699629,-0.3082,0.0813,0.7918,-2.5968,-1.1503,-2.8374,0.0,0.0
1779744288763,1,12.00000018,Upper Delivery,Loading,pitch.0,700316,-0.2536,0.1888,0.5026,-1.2547,-1.1283,-2.6179,0.0,0.0
1779744288763,1,Pitching Mound.Delivery,,Loading,pitch.0,698682,-0.5618,0.2701,1.2944,-3.7532,-2.2786,-5.4367,0.0,0.0
1779744288763,1,Pitching Mound.Drive,,Loading,pitch.0,699541,-1.0715,4.5301,39.9084,40.2176,-0.4458,-2.6438,0.0011,0.0959
1779744288763,1,Pitching Mound.Parent,,Loading,pitch.0,698006,-1.6333,4.8002,41.2028,36.4644,-2.7244,-8.0805,0.001,0.0952
1779744288764,1,11.0000004b,Drive,Loading,pitch.0,699542,-1.0728,4.5331,39.8733,40.1563,-0.4675,-2.6623,0.0011,0.0958
1779744288764,1,12.00000015,Lower Delivery,Loading,pitch.0,699630,-0.3088,0.0806,0.8317,-2.6159,-0.5672,-2.8095,0.0,0.0
1779744288764,1,12.00000018,Upper Delivery,Loading,pitch.0,700317,-0.2243,0.163,0.4572,-1.1648,-1.0345,-2.5807,0.0,0.0
1779744288764,1,Pitching Mound.Delivery,,Loading,pitch.0,698683,-0.5331,0.2435,1.2889,-3.6533,-1.6017,-5.3615,0.0,0.0
1779744288764,1,Pitching Mound.Drive,,Loading,pitch.0,699542,-1.0728,4.5331,39.8733,40.1563,-0.4675,-2.6623,0.0011,0.0958
1779744288764,1,Pitching Mound.Parent,,Loading,pitch.0,698007,-1.6059,4.7766,41.1622,36.5029,-2.0691,-8.0238,0.0011,0.0959
1779744288765,1,11.0000004b,Drive,Loading,pitch.0,699543,-1.0771,4.5256,39.8538,40.0963,-0.3974,-2.636,0.0009,0.0957
1779744288765,1,12.00000015,Lower Delivery,Loading,pitch.0,699631,-0.3295,0.0855,0.7911,-2.7629,-0.9351,-2.794,0.0,0.0
1779744288765,1,12.00000018,Upper Delivery,Loading,pitch.0,700318,-0.2404,0.1565,0.4248,-1.304,-1.1804,-2.6248,0.0,0.0
1779744288765,1,Pitching Mound.Delivery,,Loading,pitch.0,698684,-0.57,0.2419,1.2159,-3.9424,-2.1155,-5.3885,0.0,0.0
1779744288765,1,Pitching Mound.Drive,,Loading,pitch.0,699543,-1.0771,4.5256,39.8538,40.0963,-0.3974,-2.636,0.0009,0.0957
1779744288765,1,Pitching Mound.Parent,,Loading,pitch.0,698008,-1.6471,4.7676,41.0696,36.1539,-2.513,-8.0245,0.0009,0.0959
1779744288766,1,11.0000004b,Drive,Loading,pitch.0,699544,-1.0817,4.5243,39.7691,40.049,-0.4456,-2.6494,0.0011,0.0958
1779744288766,1,12.00000015,Lower Delivery,Loading,pitch.0,699632,-0.3164,0.0849,0.8664,-2.7422,-1.0374,-2.8168,0.0,0.0
1779744288766,1,12.00000018,Upper Delivery,Loading,pitch.0,700319,-0.2287,0.1543,0.4292,-1.3449,-1.223,-2.6438,0.0,0.0
1779744288766,1,Pitching Mound.Delivery,,Loading,pitch.0,698685,-0.5451,0.2391,1.2956,-3.9384,-2.2604,-5.4307,0.0,0.0
1779744288766,1,Pitching Mound.Drive,,Loading,pitch.0,699544,-1.0817,4.5243,39.7691,40.049,-0.4456,-2.6494,0.0011,0.0958
1779744288766,1,Pitching Mound.Parent,,Loading,pitch.0,698009,-1.6268,4.7634,41.0646,36.1105,-2.706,-8.0801,0.001,0.0964
1779744288767,1,11.0000004b,Drive,Loading,pitch.0,699545,-1.0848,4.5343,39.7851,40.0521,-0.4355,-2.636,0.001,0.0958
1779744288767,1,12.00000015,Lower Delivery,Loading,pitch.0,699633,-0.3211,0.0849,0.8926,-2.5866,-0.8798,-2.8176,0.0,0.0
1779744288767,1,12.00000018,Upper Delivery,Loading,pitch.0,700320,-0.2142,0.1539,0.4345,-1.522,-1.4078,-2.7164,0.0,0.0
1779744288767,1,Pitching Mound.Delivery,,Loading,pitch.0,698686,-0.5353,0.2388,1.327,-3.9528,-2.2876,-5.4977,0.0,0.0
1779744288767,1,Pitching Mound.Drive,,Loading,pitch.0,699545,-1.0848,4.5343,39.7851,40.0521,-0.4355,-2.636,0.001,0.0958
1779744288767,1,Pitching Mound.Parent,,Loading,pitch.0,698010,-1.6202,4.7732,41.1122,36.0993,-2.7231,-8.1337,0.001,0.0965
1779744288768,1,11.0000004b,Drive,Loading,pitch.0,699546,-1.092,4.5328,39.8124,40.082,-0.4843,-2.6305,0.0012,0.0958
1779744288768,1,12.00000015,Lower Delivery,Loading,pitch.0,699634,-0.3406,0.0879,0.9325,-2.54,-0.6109,-2.8067,0.0,0.0
1779744288768,1,12.00000018,Upper Delivery,Loading,pitch.0,700321,-0.2273,0.1739,0.4625,-1.4795,-1.3636,-2.6963,0.0,0.0
1779744288768,1,Pitching Mound.Delivery,,Loading,pitch.0,698687,-0.5679,0.2619,1.395,-3.8597,-1.9745,-5.4645,0.0,0.0
1779744288768,1,Pitching Mound.Drive,,Loading,pitch.0,699546,-1.092,4.5328,39.8124,40.082,-0.4843,-2.6305,0.0012,0.0958
1779744288768,1,Pitching Mound.Parent,,Loading,pitch.0,698011,-1.6598,4.7947,41.2074,36.2223,-2.4588,-8.095,0.0011,0.0964
1779744288769,1,11.0000004b,Drive,Loading,pitch.0,699547,-1.0723,4.5379,39.8245,40.0947,-0.5519,-2.6411,0.0013,0.0958
1779744288769,1,12.00000015,Lower Delivery,Loading,pitch.0,699635,-0.3305,0.0895,0.9667,-2.4692,-0.5551,-2.792,0.0,0.0
1779744288769,1,12.00000018,Upper Delivery,Loading,pitch.0,700322,-0.2411,0.167,0.4425,-1.5434,-1.4328,-2.677,0.0,0.0
1779744288769,1,Pitching Mound.Delivery,,Loading,pitch.0,698688,-0.5716,0.2566,1.4091,-3.8343,-1.9879,-5.4386,0.0,0.0
1779744288769,1,Pitching Mound.Drive,,Loading,pitch.0,699547,-1.0723,4.5379,39.8245,40.0947,-0.5519,-2.6411,0.0013,0.0958
1779744288769,1,Pitching Mound.Parent,,Loading,pitch.0,698012,-1.6439,4.7944,41.2336,36.2604,-2.5398,-8.0797,0.0013,0.0968
1779744288770,1,11.0000004b,Drive,Loading,pitch.0,699548,-1.0723,4.536,39.8493,40.0432,-0.5357,-2.6364,0.0013,0.0956
1779744288770,1,12.00000015,Lower Delivery,Loading,pitch.0,699636,-0.3333,0.0872,0.9108,-2.0321,-0.3887,-2.8182,0.0,0.0
1779744288770,1,12.00000018,Upper Delivery,Loading,pitch.0,700323,-0.2627,0.1946,0.4119,-1.623,-1.5165,-2.6998,0.0,0.0
1779744288770,1,Pitching Mound.Delivery,,Loading,pitch.0,698689,-0.596,0.2818,1.3227,-3.4854,-1.9052,-5.4939,0.0,0.0
1779744288770,1,Pitching Mound.Drive,,Loading,pitch.0,699548,-1.0723,4.536,39.8493,40.0432,-0.5357,-2.6364,0.0013,0.0956
1779744288770,1,Pitching Mound.Parent,,Loading,pitch.0,698013,-1.6683,4.8178,41.172,36.5577,-2.4408,-8.1303,0.0012,0.0966
1779744288771,1,11.0000004b,Drive,Loading,pitch.0,699549,-1.068,4.5413,39.9147,40.0949,-0.666,-2.6747,0.0016,0.0956
1779744288771,1,12.00000015,Lower Delivery,Loading,pitch.0,699637,-0.3269,0.0862,0.9316,-2.0163,-0.3368,-2.8442,0.0,0.0
1779744288771,1,12.00000018,Upper Delivery,Loading,pitch.0,700324,-0.2541,0.1666,0.3668,-1.3101,-1.1832,-2.6921,0.0,0.0
1779744288771,1,Pitching Mound.Delivery,,Loading,pitch.0,698690,-0.581,0.2529,1.2984,-3.1344,-1.5199,-5.5115,0.0,0.0
1779744288771,1,Pitching Mound.Drive,,Loading,pitch.0,699549,-1.068,4.5413,39.9147,40.0949,-0.666,-2.6747,0.0016,0.0956
1779744288771,1,Pitching Mound.Parent,,Loading,pitch.0,698014,-1.6489,4.7941,41.2131,36.9605,-2.1859,-8.1863,0.0015,0.0972
1779744288772,1,11.0000004b,Drive,Loading,pitch.0,699550,-1.0625,4.5373,39.8729,40.0962,-0.709,-2.6654,0.0017,0.0957
1779744288772,1,12.00000015,Lower Delivery,Loading,pitch.0,699638,-0.3423,0.0896,0.9652,-1.953,-0.4237,-2.825,0.0,0.0
1779744288772,1,12.00000018,Upper Delivery,Loading,pitch.0,700325,-0.2709,0.1788,0.3583,-1.2573,-1.1252,-2.721,0.0,0.0
1779744288772,1,Pitching Mound.Delivery,,Loading,pitch.0,698691,-0.6133,0.2684,1.3235,-3.004,-1.5489,-5.5217,0.0,0.0
1779744288772,1,Pitching Mound.Drive,,Loading,pitch.0,699550,-1.0625,4.5373,39.8729,40.0962,-0.709,-2.6654,0.0017,0.0957
1779744288772,1,Pitching Mound.Parent,,Loading,pitch.0,698015,-1.6758,4.8057,41.1964,37.0922,-2.258,-8.1871,0.0016,0.0976
1779744288773,1,11.0000004b,Drive,Loading,pitch.0,699551,-1.0611,4.5449,39.839,40.0823,-0.697,-2.657,0.0017,0.0957
1779744288773,1,12.00000015,Lower Delivery,Loading,pitch.0,699639,-0.3625,0.0962,0.9869,-1.6918,-0.2968,-2.8141,0.0,0.0
1779744288773,1,12.00000018,Upper Delivery,Loading,pitch.0,700326,-0.2829,0.1709,0.358,-1.1772,-1.0422,-2.678,0.0,0.0
1779744288773,1,Pitching Mound.Delivery,,Loading,pitch.0,698692,-0.6455,0.267,1.3449,-2.6551,-1.3389,-5.4651,0.0,0.0
1779744288773,1,Pitching Mound.Drive,,Loading,pitch.0,699551,-1.0611,4.5449,39.839,40.0823,-0.697,-2.657,0.0017,0.0957
1779744288773,1,Pitching Mound.Parent,,Loading,pitch.0,698016,-1.7066,4.8119,41.1839,37.4272,-2.0359,-8.122,0.0016,0.0978
1779744288774,1,11.0000004b,Drive,Loading,pitch.0,699552,-1.0589,4.5547,39.8509,40.0798,-0.6052,-2.6707,0.0014,0.0957
1779744288774,1,12.00000015,Lower Delivery,Loading,pitch.0,699640,-0.3634,0.094,0.9818,-1.7036,-0.5499,-2.8001,0.0,0.0
1779744288774,1,12.00000018,Upper Delivery,Loading,pitch.0,700327,-0.2773,0.1556,0.3156,-1.1866,-1.0547,-2.6348,0.0,0.0
1779744288774,1,Pitching Mound.Delivery,,Loading,pitch.0,698693,-0.6407,0.2496,1.2974,-2.6636,-1.6045,-5.4056,0.0,0.0
1779744288774,1,Pitching Mound.Drive,,Loading,pitch.0,699552,-1.0589,4.5547,39.8509,40.0798,-0.6052,-2.6707,0.0014,0.0957
1779744288774,1,Pitching Mound.Parent,,Loading,pitch.0,698017,-1.6996,4.8043,41.1483,37.4161,-2.2097,-8.0763,0.0014,0.0982
1779744288775,1,11.0000004b,Drive,Loading,pitch.0,699553,-1.0672,4.5544,39.9053,40.2039,-0.5166,-2.6743,0.0012,0.0958
1779744288775,1,12.00000015,Lower Delivery,Loading,pitch.0,699641,-0.3586,0.0949,0.9494,-1.8074,-0.9206,-2.8737,0.0,0.0
1779744288775,1,12.00000018,Upper Delivery,Loading,pitch.0,700328,-0.3096,0.159,0.3552,-0.8367,-0.6814,-2.6359,0.0,0.0
1779744288775,1,Pitching Mound.Delivery,,Loading,pitch.0,698694,-0.6682,0.2539,1.3046,-2.4421,-1.6021,-5.4929,0.0,0.0
1779744288775,1,Pitching Mound.Drive,,Loading,pitch.0,699553,-1.0672,4.5544,39.9053,40.2039,-0.5166,-2.6743,0.0012,0.0958
1779744288775,1,Pitching Mound.Parent,,Loading,pitch.0,698018,-1.7354,4.8083,41.2099,37.7618,-2.1187,-8.1673,0.0012,0.0977
1779744288776,1,11.0000004b,Drive,Loading,pitch.0,699554,-1.0759,4.5685,39.8458,40.1663,-0.5113,-2.6867,0.0012,0.0959
1779744288776,1,12.00000015,Lower Delivery,Loading,pitch.0,699642,-0.3302,0.0904,0.9438,-1.7061,-0.348,-2.8505,0.0,0.0
1779744288776,1,12.00000018,Upper Delivery,Loading,pitch.0,700329,-0.3056,0.144,0.3583,-0.6294,-0.4622,-2.6016,0.0,0.0
1779744288776,1,Pitching Mound.Delivery,,Loading,pitch.0,698695,-0.6358,0.2344,1.3021,-2.1364,-0.8102,-5.4438,0.0,0.0
1779744288776,1,Pitching Mound.Drive,,Loading,pitch.0,699554,-1.0759,4.5685,39.8458,40.1663,-0.5113,-2.6867,0.0012,0.0959
1779744288776,1,Pitching Mound.Parent,,Loading,pitch.0,698019,-1.7117,4.8029,41.1479,38.03,-1.3215,-8.1305,0.0012,0.0977
1779744288777,1,11.0000004b,Drive,Loading,pitch.0,699555,-1.0687,4.5583,39.9055,40.0724,-0.6136,-2.6909,0.0015,0.0955
1779744288777,1,12.00000015,Lower Delivery,Loading,pitch.0,699643,-0.345,0.0893,0.896,-1.6847,-0.2579,-2.847,0.0,0.0
1779744288777,1,12.00000018,Upper Delivery,Loading,pitch.0,700330,-0.3249,0.1669,0.3729,-0.5397,-0.3686,-2.5638,0.0,0.0
1779744288777,1,Pitching Mound.Delivery,,Loading,pitch.0,698696,-0.6698,0.2562,1.2689,-2.0465,-0.6265,-5.404,0.0,0.0
1779744288777,1,Pitching Mound.Drive,,Loading,pitch.0,699555,-1.0687,4.5583,39.9055,40.0724,-0.6136,-2.6909,0.0015,0.0955
1779744288777,1,Pitching Mound.Parent,,Loading,pitch.0,698020,-1.7385,4.8145,41.1744,38.0259,-1.2401,-8.0949,0.0014,0.0969
1779744288778,1,11.0000004b,Drive,Loading,pitch.0,699556,-1.075,4.5556,39.8776,40.0653,-0.5668,-2.6692,0.0014,0.0956
1779744288778,1,12.00000015,Lower Delivery,Loading,pitch.0,699644,-0.336,0.0869,0.8831,-1.6499,-0.2023,-2.862,0.0,0.0
1779744288778,1,12.00000018,Upper Delivery,Loading,pitch.0,700331,-0.3611,0.1765,0.4513,-0.275,-0.0866,-2.5596,0.0,0.0
1779744288778,1,Pitching Mound.Delivery,,Loading,pitch.0,698697,-0.6971,0.2634,1.3345,-1.7781,-0.2889,-5.4301,0.0,0.0
1779744288778,1,Pitching Mound.Drive,,Loading,pitch.0,699556,-1.075,4.5556,39.8776,40.0653,-0.5668,-2.6692,0.0014,0.0956
1779744288778,1,Pitching Mound.Parent,,Loading,pitch.0,698021,-1.7721,4.8189,41.2121,38.2872,-0.8557,-8.0993,0.0013,0.096
1779744288779,1,11.0000004b,Drive,Loading,pitch.0,699557,-1.0771,4.5542,39.8708,40.1752,-0.3626,-2.6764,0.0009,0.0959
1779744288779,1,12.00000015,Lower Delivery,Loading,pitch.0,699645,-0.3171,0.0831,0.8086,-1.6919,-0.2558,-2.8825,0.0,0.0
1779744288779,1,12.00000018,Upper Delivery,Loading,pitch.0,700332,-0.3917,0.2098,0.582,-0.3502,-0.1672,-2.5524,0.0,0.0
1779744288779,1,Pitching Mound.Delivery,,Loading,pitch.0,698698,-0.7088,0.2929,1.3907,-1.9651,-0.423,-5.4602,0.0,0.0
1779744288779,1,Pitching Mound.Drive,,Loading,pitch.0,699557,-1.0771,4.5542,39.8708,40.1752,-0.3626,-2.6764,0.0009,0.0959
1779744288779,1,Pitching Mound.Parent,,Loading,pitch.0,698022,-1.7858,4.8471,41.2615,38.2101,-0.7856,-8.1366,0.0008,0.0945
1779744288780,1,11.0000004b,Drive,Loading,pitch.0,699558,-1.0797,4.5547,39.8607,40.1427,-0.2773,-2.6529,0.0007,0.0958
1779744288780,1,12.00000015,Lower Delivery,Loading,pitch.0,699646,-0.3482,0.0889,0.8063,-1.6365,-0.1544,-2.9225,0.0,0.0
1779744288780,1,12.00000018,Upper Delivery,Loading,pitch.0,700333,-0.335,0.1618,0.4337,-0.3472,-0.1664,-2.5097,0.0,0.0
1779744288780,1,Pitching Mound.Delivery,,Loading,pitch.0,698699,-0.6832,0.2508,1.24,-1.8571,-0.3208,-5.4277,0.0,0.0
1779744288780,1,Pitching Mound.Drive,,Loading,pitch.0,699558,-1.0797,4.5547,39.8607,40.1427,-0.2773,-2.6529,0.0007,0.0958
1779744288780,1,Pitching Mound.Parent,,Loading,pitch.0,698023,-1.7629,4.8055,41.1007,38.2856,-0.5981,-8.0806,0.0006,0.096
1779744288781,1,11.0000004b,Drive,Loading,pitch.0,699559,-1.0845,4.5409,39.8835,40.2771,-0.3313,-2.6585,0.0008,0.0961
1779744288781,1,12.00000015,Lower Delivery,Loading,pitch.0,699647,-0.315,0.0816,0.8316,-1.8602,0.0445,-2.9443,0.0,0.0
1779744288781,1,12.00000018,Upper Delivery,Loading,pitch.0,700334,-0.3211,0.1353,0.3972,-0.4306,-0.2523,-2.5637,0.0,0.0
1779744288781,1,Pitching Mound.Delivery,,Loading,pitch.0,698700,-0.6362,0.2169,1.2287,-2.1431,-0.2078,-5.5101,0.0,0.0
1779744288781,1,Pitching Mound.Drive,,Loading,pitch.0,699559,-1.0845,4.5409,39.8835,40.2771,-0.3313,-2.6585,0.0008,0.0961
1779744288781,1,Pitching Mound.Parent,,Loading,pitch.0,698024,-1.7207,4.7579,41.1123,38.134,-0.5392,-8.1685,0.0008,0.0968
1779744288782,1,11.0000004b,Drive,Loading,pitch.0,699560,-1.0849,4.5204,39.8841,40.1773,-0.1904,-2.6391,0.0005,0.0958
1779744288782,1,12.00000015,Lower Delivery,Loading,pitch.0,699648,-0.3221,0.0832,0.8296,-1.9005,0.0562,-2.9269,0.0,0.0
1779744288782,1,12.00000018,Upper Delivery,Loading,pitch.0,700335,-0.3096,0.141,0.388,-0.4803,-0.3071,-2.5305,0.0,0.0
1779744288782,1,Pitching Mound.Delivery,,Loading,pitch.0,698701,-0.6317,0.2243,1.2176,-2.2306,-0.2509,-5.4531,0.0,0.0
1779744288782,1,Pitching Mound.Drive,,Loading,pitch.0,699560,-1.0849,4.5204,39.8841,40.1773,-0.1904,-2.6391,0.0005,0.0958
1779744288782,1,Pitching Mound.Parent,,Loading,pitch.0,698025,-1.7167,4.7446,41.1017,37.9468,-0.4413,-8.0922,0.0004,0.0966
1779744288783,1,11.0000004b,Drive,Loading,pitch.0,699561,-1.0774,4.5121,39.9083,40.1588,-0.2776,-2.6465,0.0007,0.0957
1779744288783,1,12.00000015,Lower Delivery,Loading,pitch.0,699649,-0.3193,0.0825,0.8872,-1.6738,0.1402,-2.9155,0.0,0.0
1779744288783,1,12.00000018,Upper Delivery,Loading,pitch.0,700336,-0.3024,0.1192,0.368,-0.2584,-0.0739,-2.4712,0.0,0.0
1779744288783,1,Pitching Mound.Delivery,,Loading,pitch.0,698702,-0.6217,0.2017,1.2552,-1.7556,0.0663,-5.3809,0.0,0.0
1779744288783,1,Pitching Mound.Drive,,Loading,pitch.0,699561,-1.0774,4.5121,39.9083,40.1588,-0.2776,-2.6465,0.0007,0.0957
1779744288783,1,Pitching Mound.Parent,,Loading,pitch.0,698026,-1.699,4.7137,41.1635,38.4031,-0.2113,-8.0275,0.0006,0.0971
1779744288784,1,11.0000004b,Drive,Loading,pitch.0,699562,-1.0812,4.4972,39.9037,40.1347,-0.3648,-2.6538,0.0009,0.0957
1779744288784,1,12.00000015,Lower Delivery,Loading,pitch.0,699650,-0.2739,0.0733,0.9327,-1.6538,0.3615,-2.9223,0.0,0.0
1779744288784,1,12.00000018,Upper Delivery,Loading,pitch.0,700337,-0.3031,0.1271,0.393,-0.3109,-0.1271,-2.5195,0.0,0.0
1779744288784,1,Pitching Mound.Delivery,,Loading,pitch.0,698703,-0.577,0.2004,1.3257,-1.7812,0.2344,-5.4518,0.0,0.0
1779744288784,1,Pitching Mound.Drive,,Loading,pitch.0,699562,-1.0812,4.4972,39.9037,40.1347,-0.3648,-2.6538,0.0009,0.0957
1779744288784,1,Pitching Mound.Parent,,Loading,pitch.0,698027,-1.6582,4.6975,41.2293,38.3535,-0.1303,-8.1056,0.0008,0.0971
1779744288785,1,11.0000004b,Drive,Loading,pitch.0,699563,-1.0751,4.5006,39.8196,40.1628,-0.5243,-2.6695,0.0013,0.0959
1779744288785,1,12.00000015,Lower Delivery,Loading,pitch.0,699651,-0.2789,0.0761,0.957,-1.6942,0.5038,-2.95,0.0,0.0
1779744288785,1,12.00000018,Upper Delivery,Loading,pitch.0,700338,-0.2878,0.1204,0.3997,-0.5609,-0.3912,-2.5653,0.0,0.0
1779744288785,1,Pitching Mound.Delivery,,Loading,pitch.0,698704,-0.5667,0.1965,1.3567,-2.0657,0.1125,-5.5184,0.0,0.0
1779744288785,1,Pitching Mound.Drive,,Loading,pitch.0,699563,-1.0751,4.5006,39.8196,40.1628,-0.5243,-2.6695,0.0013,0.0959
1779744288785,1,Pitching Mound.Parent,,Loading,pitch.0,698028,-1.6418,4.6971,41.1763,38.0972,-0.4118,-8.1879,0.0012,0.0974
1779744288786,1,11.0000004b,Drive,Loading,pitch.0,699564,-1.0515,4.4964,39.8345,40.0675,-0.5488,-2.6539,0.0013,0.0957
1779744288786,1,12.00000015,Lower Delivery,Loading,pitch.0,699652,-0.2645,0.0748,0.9787,-1.4472,0.4727,-2.9324,0.0,0.0
1779744288786,1,12.00000018,Upper Delivery,Loading,pitch.0,700339,-0.3031,0.1411,0.4118,-0.4738,-0.2998,-2.5385,0.0,0.0
1779744288786,1,Pitching Mound.Delivery,,Loading,pitch.0,698705,-0.5676,0.2159,1.3905,-1.7282,0.1728,-5.4841,0.0,0.0
1779744288786,1,Pitching Mound.Drive,,Loading,pitch.0,699564,-1.0515,4.4964,39.8345,40.0675,-0.5488,-2.6539,0.0013,0.0957
1779744288786,1,Pitching Mound.Parent,,Loading,pitch.0,698029,-1.6192,4.7123,41.225,38.3392,-0.3759,-8.138,0.0013,0.0971
1779744288787,1,11.0000004b,Drive,Loading,pitch.0,699565,-1.0422,4.4924,39.8474,40.1,-0.5889,-2.6645,0.0014,0.0957
1779744288787,1,12.00000015,Lower Delivery,Loading,pitch.0,699653,-0.2724,0.0734,0.9586,-1.4964,0.2346,-2.9279,0.0,0.0
1779744288787,1,12.00000018,Upper Delivery,Loading,pitch.0,700340,-0.3018,0.1371,0.3465,-0.6331,-0.467,-2.5871,0.0,0.0
1779744288787,1,Pitching Mound.Delivery,,Loading,pitch.0,698706,-0.5743,0.2105,1.3051,-1.9215,-0.2324,-5.525,0.0,0.0
1779744288787,1,Pitching Mound.Drive,,Loading,pitch.0,699565,-1.0422,4.4924,39.8474,40.1,-0.5889,-2.6645,0.0014,0.0957
1779744288787,1,Pitching Mound.Parent,,Loading,pitch.0,698030,-1.6165,4.7029,41.1526,38.1786,-0.8213,-8.1894,0.0014,0.0978
1779744288788,1,11.0000004b,Drive,Loading,pitch.0,699566,-1.0332,4.4988,39.8246,40.1265,-0.5619,-2.6551,0.0013,0.0959
1779744288788,1,12.00000015,Lower Delivery,Loading,pitch.0,699654,-0.2451,0.0686,0.9763,-1.4375,0.1669,-2.9615,0.0,0.0
1779744288788,1,12.00000018,Upper Delivery,Loading,pitch.0,700341,-0.2943,0.1209,0.3649,-0.6199,-0.4547,-2.5558,0.0,0.0
1779744288788,1,Pitching Mound.Delivery,,Loading,pitch.0,698707,-0.5394,0.1896,1.3412,-1.8496,-0.2877,-5.534,0.0,0.0
1779744288788,1,Pitching Mound.Drive,,Loading,pitch.0,699566,-1.0332,4.4988,39.8246,40.1265,-0.5619,-2.6551,0.0013,0.0959
1779744288788,1,Pitching Mound.Parent,,Loading,pitch.0,698031,-1.5727,4.6884,41.1657,38.2769,-0.8497,-8.1891,0.0013,0.0978
1779744288789,1,11.0000004b,Drive,Loading,pitch.0,699567,-1.0188,4.5028,39.823,40.0681,-0.5678,-2.6726,0.0014,0.0957
1779744288789,1,11.0000004b,Drive,Loading,pitch.0,699568,-1.0172,4.5034,39.9311,40.1489,-0.6972,-2.6554,0.0017,0.0956
1779744288789,1,12.00000015,Lower Delivery,Loading,pitch.0,699655,-0.253,0.0704,0.9748,-1.2348,-0.0244,-2.9275,0.0,0.0
1779744288789,1,12.00000018,Upper Delivery,Loading,pitch.0,700342,-0.2939,0.1343,0.358,-0.4666,-0.296,-2.4679,0.0,0.0
1779744288789,1,Pitching Mound.Delivery,,Loading,pitch.0,698708,-0.5469,0.2047,1.3328,-1.4917,-0.3204,-5.4093,0.0,0.0
1779744288789,1,Pitching Mound.Drive,,Loading,pitch.0,699567,-1.0188,4.5028,39.823,40.0681,-0.5678,-2.6726,0.0014,0.0957
1779744288789,1,Pitching Mound.Drive,,Loading,pitch.0,699568,-1.0172,4.5034,39.9311,40.1489,-0.6972,-2.6554,0.0017,0.0956
1779744288789,1,Pitching Mound.Parent,,Loading,pitch.0,698032,-1.5657,4.7074,41.1558,38.5765,-0.8883,-8.0819,0.0013,0.0977
1779744288790,1,11.0000004b,Drive,Loading,pitch.0,699569,-1.0083,4.4925,39.896,40.1238,-0.6536,-2.6494,0.0016,0.0957
1779744288790,1,12.00000015,Lower Delivery,Loading,pitch.0,699656,-0.2371,0.0653,1.0619,-0.8392,0.4283,-2.9885,0.0,0.0
1779744288790,1,12.00000018,Upper Delivery,Loading,pitch.0,700343,-0.3086,0.1371,0.3749,-0.5379,-0.3701,-2.5041,0.0,0.0
1779744288790,1,Pitching Mound.Delivery,,Loading,pitch.0,698709,-0.5457,0.2024,1.4368,-1.1435,0.0583,-5.517,0.0,0.0
1779744288790,1,Pitching Mound.Drive,,Loading,pitch.0,699569,-1.0083,4.4925,39.896,40.1238,-0.6536,-2.6494,0.0016,0.0957
1779744288790,1,Pitching Mound.Parent,,Loading,pitch.0,698033,-1.5629,4.7058,41.3679,39.0053,-0.6389,-8.1724,0.0016,0.098
1779744288791,1,11.0000004b,Drive,Loading,pitch.0,699570,-1.0098,4.4982,39.9293,40.0917,-0.6598,-2.653,0.0016,0.0955
1779744288791,1,12.00000015,Lower Delivery,Loading,pitch.0,699657,-0.247,0.0659,1.0596,-0.7624,0.6674,-2.9665,0.0,0.0
1779744288791,1,12.00000018,Upper Delivery,Loading,pitch.0,700344,-0.3085,0.1346,0.3848,-0.496,-0.3242,-2.5257,0.0,0.0
1779744288791,1,Pitching Mound.Delivery,,Loading,pitch.0,698710,-0.5555,0.2005,1.4444,-1.029,0.3432,-5.5131,0.0,0.0
1779744288791,1,Pitching Mound.Drive,,Loading,pitch.0,699570,-1.0098,4.4982,39.9293,40.0917,-0.6598,-2.653,0.0016,0.0955
1779744288791,1,Pitching Mound.Parent,,Loading,pitch.0,698034,-1.5637,4.693,41.3404,39.0949,-0.3104,-8.1626,0.0015,0.0979
1779744288792,1,11.0000004b,Drive,Loading,pitch.0,699571,-1.0206,4.5151,39.9172,40.1046,-0.5837,-2.6526,0.0014,0.0956
1779744288792,1,12.00000015,Lower Delivery,Loading,pitch.0,699658,-0.2454,0.067,1.1207,-0.7374,0.8722,-3.0168,0.0,0.0
1779744288792,1,12.00000018,Upper Delivery,Loading,pitch.0,700345,-0.3365,0.1881,0.4465,-0.2721,-0.0883,-2.4743,0.0,0.0
1779744288792,1,Pitching Mound.Delivery,,Loading,pitch.0,698711,-0.5819,0.2551,1.5672,-0.7803,0.784,-5.522,0.0,0.0
1779744288792,1,Pitching Mound.Drive,,Loading,pitch.0,699571,-1.0206,4.5151,39.9172,40.1046,-0.5837,-2.6526,0.0014,0.0956
1779744288792,1,Pitching Mound.Parent,,Loading,pitch.0,698035,-1.5917,4.7533,41.4965,39.3115,0.1242,-8.175,0.0015,0.0974
1779744288793,1,11.0000004b,Drive,Loading,pitch.0,699572,-1.0221,4.5143,39.9445,40.1791,-0.31,-2.6399,0.0007,0.0957
1779744288793,1,12.00000015,Lower Delivery,Loading,pitch.0,699659,-0.2542,0.0668,1.1545,-1.0739,0.901,-3.0027,0.0,0.0
1779744288793,1,12.00000018,Upper Delivery,Loading,pitch.0,700346,-0.3491,0.1737,0.4282,-0.5653,-0.3958,-2.5682,0.0,0.0
1779744288793,1,Pitching Mound.Delivery,,Loading,pitch.0,698712,-0.6033,0.2406,1.5828,-1.3923,0.5053,-5.6032,0.0,0.0
1779744288793,1,Pitching Mound.Drive,,Loading,pitch.0,699572,-1.0221,4.5143,39.9445,40.1791,-0.31,-2.6399,0.0007,0.0957
1779744288793,1,Pitching Mound.Parent,,Loading,pitch.0,698036,-1.6238,4.7557,41.4999,38.7123,-0.0784,-8.2558,0.0013,0.0979
1779744288794,1,11.0000004b,Drive,Loading,pitch.0,699573,-1.0249,4.5112,39.9797,40.2501,-0.245,-2.6482,0.0006,0.0958
1779744288794,1,12.00000015,Lower Delivery,Loading,pitch.0,699660,-0.2626,0.0705,1.2011,-1.0043,0.6057,-3.0397,0.0,0.0
1779744288794,1,12.00000018,Upper Delivery,Loading,pitch.0,700347,-0.3409,0.1794,0.4372,-0.9154,-0.7672,-2.6012,0.0,0.0
1779744288794,1,Pitching Mound.Delivery,,Loading,pitch.0,698713,-0.6035,0.2498,1.6383,-1.6599,-0.1615,-5.6675,0.0,0.0
1779744288794,1,Pitching Mound.Drive,,Loading,pitch.0,699573,-1.0249,4.5112,39.9797,40.2501,-0.245,-2.6482,0.0006,0.0958
1779744288794,1,Pitching Mound.Parent,,Loading,pitch.0,698037,-1.6257,4.7641,41.5827,38.5192,-0.4715,-8.3074,0.0007,0.0982
1779744288795,1,11.0000004b,Drive,Loading,pitch.0,699574,-1.0313,4.5253,39.9764,40.3194,-0.148,-2.6626,0.0004,0.0959
1779744288795,1,12.00000015,Lower Delivery,Loading,pitch.0,699661,-0.2809,0.0772,1.2071,-0.8318,0.3567,-3.0105,0.0,0.0
1779744288795,1,12.00000018,Upper Delivery,Loading,pitch.0,700348,-0.3405,0.1824,0.4405,-0.9689,-0.8196,-2.6871,0.0,0.0
1779744288795,1,Pitching Mound.Delivery,,Loading,pitch.0,698714,-0.6214,0.2596,1.6476,-1.5401,-0.4629,-5.7179,0.0,0.0
1779744288795,1,Pitching Mound.Drive,,Loading,pitch.0,699574,-1.0313,4.5253,39.9764,40.3194,-0.148,-2.6626,0.0004,0.0959
1779744288795,1,Pitching Mound.Parent,,Loading,pitch.0,698038,-1.6463,4.7707,41.6272,38.71,-0.7078,-8.3661,0.0006,0.0982
1779744288796,1,11.0000004b,Drive,Loading,pitch.0,699575,-1.0478,4.5302,39.9196,40.2862,-0.1897,-2.6686,0.0005,0.096
1779744288796,1,12.00000015,Lower Delivery,Loading,pitch.0,699662,-0.2698,0.0867,1.2779,-0.9435,0.4529,-3.012,0.0,0.0
1779744288796,1,12.00000018,Upper Delivery,Loading,pitch.0,700349,-0.3743,0.2291,0.4938,-1.2569,-1.124,-2.7364,0.0,0.0
1779744288796,1,Pitching Mound.Delivery,,Loading,pitch.0,698715,-0.6441,0.3158,1.7717,-1.9338,-0.6711,-5.784,0.0,0.0
1779744288796,1,Pitching Mound.Drive,,Loading,pitch.0,699575,-1.0478,4.5302,39.9196,40.2862,-0.1897,-2.6686,0.0005,0.096
1779744288796,1,Pitching Mound.Parent,,Loading,pitch.0,698039,-1.6755,4.8411,41.7482,38.3855,-0.8191,-8.4466,0.0003,0.0983
1779744288797,1,11.0000004b,Drive,Loading,pitch.0,699576,-1.0554,4.531,39.9382,40.2517,-0.1504,-2.6461,0.0004,0.0959
1779744288797,1,12.00000015,Lower Delivery,Loading,pitch.0,699664,-0.2811,0.0858,1.1528,-1.3326,0.0357,-2.9521,0.0,0.0
1779744288797,1,12.00000015,Lower Delivery,Loading,pitch.0,699663,-0.2674,0.1087,1.241,-1.1616,0.0595,-3.0091,0.0,0.0
1779744288797,1,12.00000018,Upper Delivery,Loading,pitch.0,700350,-0.3508,0.2246,0.4717,-1.1571,-1.0203,-2.6868,0.0,0.0
1779744288797,1,Pitching Mound.Delivery,,Loading,pitch.0,698716,-0.6182,0.3333,1.7127,-2.0571,-0.9608,-5.7242,0.0,0.0
1779744288797,1,Pitching Mound.Drive,,Loading,pitch.0,699576,-1.0554,4.531,39.9382,40.2517,-0.1504,-2.6461,0.0004,0.0959
1779744288797,1,Pitching Mound.Parent,,Loading,pitch.0,698040,-1.666,4.8635,41.6322,38.2291,-1.1505,-8.3928,0.0004,0.0983
1779744288798,1,11.0000004b,Drive,Loading,pitch.0,699577,-1.0554,4.5327,39.8782,40.2576,-0.072,-2.6605,0.0002,0.096
1779744288798,1,12.00000018,Upper Delivery,Loading,pitch.0,700351,-0.3488,0.216,0.4734,-1.037,-0.8946,-2.644,0.0,0.0
1779744288798,1,Pitching Mound.Delivery,,Loading,pitch.0,698717,-0.6299,0.3018,1.6261,-2.1386,-0.8589,-5.6191,0.0,0.0
1779744288798,1,Pitching Mound.Drive,,Loading,pitch.0,699577,-1.0554,4.5327,39.8782,40.2576,-0.072,-2.6605,0.0002,0.096
1779744288798,1,Pitching Mound.Parent,,Loading,pitch.0,698041,-1.6854,4.8328,41.5643,38.1132,-1.0093,-8.2653,0.0003,0.0977
1779744288799,1,11.0000004b,Drive,Loading,pitch.0,699578,-1.0622,4.5246,39.8218,40.2278,-0.0387,-2.6842,0.0001,0.0961
1779744288799,1,12.00000015,Lower Delivery,Loading,pitch.0,699665,-0.2842,0.0941,1.1248,-1.3737,-0.0873,-2.9458,0.0,0.0
1779744288799,1,12.00000018,Upper Delivery,Loading,pitch.0,700352,-0.3292,0.2063,0.471,-0.7736,-0.6157,-2.6084,0.0,0.0
1779744288799,1,Pitching Mound.Delivery,,Loading,pitch.0,698718,-0.6134,0.3004,1.5958,-1.925,-0.703,-5.5694,0.0,0.0
1779744288799,1,Pitching Mound.Drive,,Loading,pitch.0,699578,-1.0622,4.5246,39.8218,40.2278,-0.0387,-2.6842,0.0001,0.0961
1779744288799,1,Pitching Mound.Parent,,Loading,pitch.0,698042,-1.6687,4.833,41.474,38.3326,-0.7749,-8.23,0.0002,0.0977
1779744288800,1,11.0000004b,Drive,Loading,pitch.0,699579,-1.0441,4.5292,39.7135,40.152,-0.144,-2.7183,0.0003,0.0962
1779744288800,1,12.00000015,Lower Delivery,Loading,pitch.0,699667,-0.304,0.0924,1.1381,-1.6937,0.1957,-2.8941,0.0,0.0
1779744288800,1,12.00000015,Lower Delivery,Loading,pitch.0,699666,-0.28,0.1131,1.067,-1.401,0.4506,-2.8684,0.0,0.0
1779744288800,1,12.00000018,Upper Delivery,Loading,pitch.0,700353,-0.3161,0.1992,0.4677,-0.8834,-0.7333,-2.6001,0.0,0.0
1779744288800,1,Pitching Mound.Delivery,,Loading,pitch.0,698719,-0.5961,0.3122,1.5347,-2.0807,-0.2826,-5.4807,0.0,0.0
1779744288800,1,Pitching Mound.Drive,,Loading,pitch.0,699579,-1.0441,4.5292,39.7135,40.152,-0.144,-2.7183,0.0003,0.0962
1779744288800,1,Pitching Mound.Parent,,Loading,pitch.0,698043,-1.6583,4.8368,41.3565,38.1472,-0.3213,-8.1649,0.0001,0.0975
1779744288801,1,11.0000004b,Drive,Loading,pitch.0,699580,-1.0415,4.5259,39.73,40.0891,-0.1096,-2.7318,0.0003,0.096
1779744288801,1,12.00000018,Upper Delivery,Loading,pitch.0,700354,-0.2987,0.1811,0.4547,-0.7499,-0.5928,-2.5635,0.0,0.0
1779744288801,1,Pitching Mound.Delivery,,Loading,pitch.0,698720,-0.6027,0.2736,1.5928,-2.2112,-0.3972,-5.4558,0.0,0.0
1779744288801,1,Pitching Mound.Drive,,Loading,pitch.0,699580,-1.0415,4.5259,39.73,40.0891,-0.1096,-2.7318,0.0003,0.096
1779744288801,1,Pitching Mound.Parent,,Loading,pitch.0,698044,-1.6467,4.8028,41.3063,37.9408,-0.5412,-8.1741,0.0003,0.0981
1779744288802,1,11.0000004b,Drive,Loading,pitch.0,699581,-1.0389,4.528,39.737,40.161,-0.0845,-2.7287,0.0002,0.0961
1779744288802,1,12.00000015,Lower Delivery,Loading,pitch.0,699668,-0.2784,0.0965,1.1423,-1.4632,0.3349,-2.8528,0.0,0.0
1779744288802,1,12.00000015,Lower Delivery,Loading,pitch.0,699669,-0.2531,0.0792,1.088,-1.4921,0.0048,-2.8618,0.0,0.0
1779744288802,1,12.00000018,Upper Delivery,Loading,pitch.0,700355,-0.2996,0.1836,0.4406,-0.7634,-0.6074,-2.5611,0.0,0.0
1779744288802,1,Pitching Mound.Delivery,,Loading,pitch.0,698721,-0.578,0.2801,1.5829,-1.988,-0.2725,-5.4211,0.0,0.0
1779744288802,1,Pitching Mound.Drive,,Loading,pitch.0,699581,-1.0389,4.528,39.737,40.161,-0.0845,-2.7287,0.0002,0.0961
1779744288802,1,Pitching Mound.Parent,,Loading,pitch.0,698045,-1.6195,4.8061,41.3129,38.101,-0.3821,-8.1529,0.0003,0.0981
1779744288803,1,11.0000004b,Drive,Loading,pitch.0,699582,-1.0358,4.5086,39.7582,40.0905,-0.1385,-2.7663,0.0003,0.0959
1779744288803,1,12.00000018,Upper Delivery,Loading,pitch.0,700356,-0.3028,0.1733,0.4264,-0.6425,-0.4829,-2.4817,0.0,0.0
1779744288803,1,Pitching Mound.Delivery,,Loading,pitch.0,698722,-0.5559,0.2525,1.5144,-1.9098,-0.4781,-5.3605,0.0,0.0
1779744288803,1,Pitching Mound.Drive,,Loading,pitch.0,699582,-1.0358,4.5086,39.7582,40.0905,-0.1385,-2.7663,0.0003,0.0959
1779744288803,1,Pitching Mound.Parent,,Loading,pitch.0,698046,-1.5948,4.7804,41.2514,38.2513,-0.5626,-8.0891,0.0002,0.0981
1779744288804,1,11.0000004b,Drive,Loading,pitch.0,699583,-1.0296,4.5168,39.8077,40.1293,-0.1746,-2.7668,0.0004,0.0959
1779744288804,1,12.00000015,Lower Delivery,Loading,pitch.0,699670,-0.2594,0.0825,1.0792,-1.3731,-0.0915,-2.8639,0.0,0.0
1779744288804,1,12.00000015,Lower Delivery,Loading,pitch.0,699671,-0.2715,0.0827,1.057,-1.2138,-0.1286,-2.8419,0.0,0.0
1779744288804,1,12.00000018,Upper Delivery,Loading,pitch.0,700357,-0.3066,0.1764,0.4423,-0.3619,-0.1872,-2.4175,0.0,0.0
1779744288804,1,Pitching Mound.Delivery,,Loading,pitch.0,698723,-0.566,0.2589,1.5215,-1.5185,-0.2787,-5.2975,0.0,0.0
1779744288804,1,Pitching Mound.Drive,,Loading,pitch.0,699583,-1.0296,4.5168,39.8077,40.1293,-0.1746,-2.7668,0.0004,0.0959
1779744288804,1,Pitching Mound.Parent,,Loading,pitch.0,698047,-1.6018,4.7674,41.2798,38.572,-0.4172,-8.0638,0.0003,0.0976
1779744288805,1,11.0000004b,Drive,Loading,pitch.0,699584,-1.0242,4.5115,39.7943,40.1069,-0.2449,-2.7843,0.0006,0.0959
1779744288805,1,12.00000015,Lower Delivery,Loading,pitch.0,699672,-0.2847,0.0858,1.0319,-1.136,-0.0283,-2.858,0.0,0.0
1779744288805,1,12.00000018,Upper Delivery,Loading,pitch.0,700358,-0.3319,0.1869,0.4174,-0.1691,0.0193,-2.4334,0.0,0.0
1779744288805,1,Pitching Mound.Delivery,,Loading,pitch.0,698724,-0.6034,0.2696,1.4744,-1.1654,-0.1093,-5.2957,0.0,0.0
1779744288805,1,Pitching Mound.Drive,,Loading,pitch.0,699584,-1.0242,4.5115,39.7943,40.1069,-0.2449,-2.7843,0.0006,0.0959
1779744288805,1,Pitching Mound.Parent,,Loading,pitch.0,698048,-1.633,4.7864,41.2821,38.9639,-0.2839,-8.0626,0.0004,0.0977
1779744288806,1,11.0000004b,Drive,Loading,pitch.0,699585,-1.0222,4.5102,39.8516,40.153,-0.0523,-2.7593,0.0001,0.0958
1779744288806,1,12.00000015,Lower Delivery,Loading,pitch.0,699673,-0.2835,0.0854,1.0341,-0.9858,0.1365,-2.8617,0.0,0.0
1779744288806,1,12.00000018,Upper Delivery,Loading,pitch.0,700359,-0.3435,0.1976,0.4427,-0.6082,-0.4483,-2.4454,0.0,0.0
1779744288806,1,Pitching Mound.Delivery,,Loading,pitch.0,698725,-0.6281,0.2834,1.4746,-1.5439,-0.4767,-5.3234,0.0,0.0
1779744288806,1,Pitching Mound.Drive,,Loading,pitch.0,699585,-1.0222,4.5102,39.8516,40.153,-0.0523,-2.7593,0.0001,0.0958
1779744288806,1,Pitching Mound.Parent,,Loading,pitch.0,698049,-1.6523,4.7949,41.2689,38.5631,-0.7216,-8.1077,0.0006,0.0973
1779744288807,1,11.0000004b,Drive,Loading,pitch.0,699586,-1.0136,4.5223,39.8345,40.2585,0.0153,-2.7596,0.0,0.0961
1779744288807,1,12.00000018,Upper Delivery,Loading,pitch.0,700360,-0.3323,0.1558,0.4018,-0.2678,-0.0881,-2.395,0.0,0.0
1779744288807,1,Pitching Mound.Delivery,,Loading,pitch.0,698726,-0.6158,0.2412,1.4359,-1.0386,0.0484,-5.2733,0.0,0.0
1779744288807,1,Pitching Mound.Drive,,Loading,pitch.0,699586,-1.0136,4.5223,39.8345,40.2585,0.0153,-2.7596,0.0,0.0961
1779744288807,1,Pitching Mound.Parent,,Loading,pitch.0,698050,-1.638,4.7514,41.2876,39.1144,-0.004,-8.0326,0.0001,0.0977
1779744288808,1,11.0000004b,Drive,Loading,pitch.0,699587,-1.0153,4.5194,39.7455,40.2107,0.1164,-2.7761,-0.0003,0.0962
1779744288808,1,12.00000015,Lower Delivery,Loading,pitch.0,699674,-0.2948,0.0815,1.0801,-1.1518,0.0941,-2.8447,0.0,0.0
1779744288808,1,12.00000015,Lower Delivery,Loading,pitch.0,699675,-0.277,0.0849,1.0096,-1.1789,-0.1394,-2.8658,0.0,0.0
1779744288808,1,12.00000018,Upper Delivery,Loading,pitch.0,700361,-0.3378,0.1447,0.3814,-0.613,-0.4514,-2.4829,0.0,0.0
1779744288808,1,Pitching Mound.Delivery,,Loading,pitch.0,698727,-0.6326,0.2262,1.4615,-1.5273,-0.3573,-5.3422,0.0,0.0
1779744288808,1,Pitching Mound.Drive,,Loading,pitch.0,699587,-1.0153,4.5194,39.7455,40.2107,0.1164,-2.7761,-0.0003,0.0962
1779744288808,1,Pitching Mound.Parent,,Loading,pitch.0,698051,-1.6462,4.7484,41.296,38.7312,-0.342,-8.1018,0.0,0.0985
1779744288809,1,11.0000004b,Drive,Loading,pitch.0,699588,-1.0284,4.5204,39.7714,40.2949,0.1837,-2.7438,-0.0004,0.0964
1779744288809,1,12.00000015,Lower Delivery,Loading,pitch.0,699676,-0.2681,0.0738,0.9451,-1.2389,-0.4259,-2.8932,0.0,0.0
1779744288809,1,12.00000018,Upper Delivery,Loading,pitch.0,700362,-0.3651,0.179,0.3947,-0.6298,-0.4674,-2.5158,0.0,0.0
1779744288809,1,Pitching Mound.Delivery,,Loading,pitch.0,698728,-0.6421,0.2639,1.4043,-1.5996,-0.6068,-5.4116,0.0,0.0
1779744288809,1,Pitching Mound.Drive,,Loading,pitch.0,699588,-1.0284,4.5204,39.7714,40.2949,0.1837,-2.7438,-0.0004,0.0964
1779744288809,1,Pitching Mound.Parent,,Loading,pitch.0,698052,-1.6573,4.7833,41.1498,38.6111,-0.4904,-8.1876,-0.0003,0.098
1779744288810,1,11.0000004b,Drive,Loading,pitch.0,699589,-1.034,4.5247,39.7728,40.2915,0.2244,-2.7272,-0.0005,0.0964
1779744288810,1,12.00000015,Lower Delivery,Loading,pitch.0,699677,-0.237,0.0754,0.9292,-1.0335,-0.0517,-2.9044,0.0,0.0
1779744288810,1,12.00000018,Upper Delivery,Loading,pitch.0,700363,-0.3486,0.1637,0.366,-0.8483,-0.6959,-2.5991,0.0,0.0
1779744288810,1,Pitching Mound.Delivery,,Loading,pitch.0,698729,-0.6167,0.2375,1.3111,-1.8903,-1.1217,-5.5197,0.0,0.0
1779744288810,1,Pitching Mound.Drive,,Loading,pitch.0,699589,-1.034,4.5247,39.7728,40.2915,0.2244,-2.7272,-0.0005,0.0964
1779744288810,1,Pitching Mound.Parent,,Loading,pitch.0,698053,-1.6451,4.7579,41.0825,38.4046,-0.938,-8.2635,-0.0004,0.0981
1779744288811,1,11.0000004b,Drive,Loading,pitch.0,699590,-1.0418,4.518,39.7076,40.2672,0.339,-2.7307,-0.0008,0.0965
1779744288811,1,12.00000015,Lower Delivery,Loading,pitch.0,699678,-0.2067,0.0925,0.9311,-1.2845,0.1482,-2.9264,0.0,0.0
1779744288811,1,12.00000018,Upper Delivery,Loading,pitch.0,700364,-0.3623,0.1583,0.3356,-0.7556,-0.5958,-2.6193,0.0,0.0
1779744288811,1,12.00000018,Upper Delivery,Loading,pitch.0,700365,-0.3776,0.1722,0.351,-0.6137,-0.444,-2.6285,0.0,0.0
1779744288811,1,Pitching Mound.Delivery,,Loading,pitch.0,698731,-0.5843,0.2647,1.2821,-1.701,-0.2957,-5.613,0.0,0.0
1779744288811,1,Pitching Mound.Delivery,,Loading,pitch.0,698730,-0.5993,0.2336,1.2648,-1.5873,-0.6475,-5.5663,0.0,0.0
1779744288811,1,Pitching Mound.Drive,,Loading,pitch.0,699590,-1.0418,4.518,39.7076,40.2672,0.339,-2.7307,-0.0008,0.0965
1779744288811,1,Pitching Mound.Parent,,Loading,pitch.0,698055,-1.6261,4.7827,40.9897,38.5662,0.0433,-8.3437,-0.0008,0.0983
1779744288811,1,Pitching Mound.Parent,,Loading,pitch.0,698054,-1.6333,4.7584,41.0376,38.7043,-0.4231,-8.2935,-0.0005,0.0983
1779744288812,1,11.0000004b,Drive,Loading,pitch.0,699591,-1.0432,4.5084,39.674,40.2131,0.331,-2.7317,-0.0008,0.0964
1779744288812,1,12.00000015,Lower Delivery,Loading,pitch.0,699679,-0.2445,0.0958,0.8359,-1.1308,0.1666,-2.9189,0.0,0.0
1779744288812,1,Pitching Mound.Drive,,Loading,pitch.0,699591,-1.0432,4.5084,39.674,40.2131,0.331,-2.7317,-0.0008,0.0964
1779744288813,1,11.0000004b,Drive,Loading,pitch.0,699592,-1.0474,4.5095,39.729,40.184,0.325,-2.7294,-0.0008,0.0962
1779744288813,1,12.00000015,Lower Delivery,Loading,pitch.0,699680,-0.2454,0.0746,0.8655,-1.5345,-0.0331,-2.9717,0.0,0.0
1779744288813,1,12.00000018,Upper Delivery,Loading,pitch.0,700366,-0.3474,0.1475,0.3389,-0.727,-0.563,-2.6595,0.0,0.0
1779744288813,1,Pitching Mound.Delivery,,Loading,pitch.0,698732,-0.5919,0.2433,1.1749,-1.6888,-0.3964,-5.6134,0.0,0.0
1779744288813,1,Pitching Mound.Drive,,Loading,pitch.0,699592,-1.0474,4.5095,39.729,40.184,0.325,-2.7294,-0.0008,0.0962
1779744288813,1,Pitching Mound.Parent,,Loading,pitch.0,698056,-1.6351,4.7517,40.8489,38.5243,-0.0654,-8.3451,-0.0008,0.0978
1779744288814,1,11.0000004b,Drive,Loading,pitch.0,699593,-1.0474,4.501,39.6532,40.0555,0.3597,-2.7199,-0.0009,0.0961
1779744288814,1,12.00000015,Lower Delivery,Loading,pitch.0,699681,-0.2608,0.0738,0.9558,-1.4728,0.1593,-3.0271,0.0,0.0
1779744288814,1,12.00000018,Upper Delivery,Loading,pitch.0,700367,-0.2889,0.1165,0.3132,-0.468,-0.2951,-2.5108,0.0,0.0
1779744288814,1,Pitching Mound.Delivery,,Loading,pitch.0,698733,-0.5343,0.1912,1.1786,-1.8147,-0.3283,-5.4973,0.0,0.0
1779744288814,1,Pitching Mound.Drive,,Loading,pitch.0,699593,-1.0474,4.501,39.6532,40.0555,0.3597,-2.7199,-0.0009,0.0961
1779744288814,1,Pitching Mound.Parent,,Loading,pitch.0,698057,-1.5816,4.7007,40.9077,38.3693,-0.0033,-8.2267,-0.0008,0.098
1779744288815,1,11.0000004b,Drive,Loading,pitch.0,699594,-1.0426,4.4931,39.6427,40.0698,0.3148,-2.7602,-0.0008,0.0962
1779744288815,1,12.00000015,Lower Delivery,Loading,pitch.0,699682,-0.2463,0.0669,0.9381,-1.396,0.0729,-3.0263,0.0,0.0
1779744288815,1,12.00000018,Upper Delivery,Loading,pitch.0,700368,-0.2899,0.099,0.2655,-0.2338,-0.0486,-2.452,0.0,0.0
1779744288815,1,Pitching Mound.Delivery,,Loading,pitch.0,698734,-0.5507,0.1728,1.2213,-1.4719,0.1107,-5.4889,0.0,0.0
1779744288815,1,Pitching Mound.Drive,,Loading,pitch.0,699594,-1.0426,4.4931,39.6427,40.0698,0.3148,-2.7602,-0.0008,0.0962
1779744288815,1,Pitching Mound.Parent,,Loading,pitch.0,698058,-1.5981,4.6737,40.8745,38.5835,0.4704,-8.2088,-0.0008,0.099
1779744288816,1,11.0000004b,Drive,Loading,pitch.0,699595,-1.043,4.4878,39.656,39.9487,0.2524,-2.7546,-0.0006,0.0958
1779744288816,1,12.00000015,Lower Delivery,Loading,pitch.0,699683,-0.2488,0.0686,1.0624,-1.5244,0.0874,-3.0325,0.0,0.0
1779744288816,1,12.00000018,Upper Delivery,Loading,pitch.0,700369,-0.2442,0.0629,0.2632,0.0475,0.2475,-2.3813,0.0,0.0
1779744288816,1,Pitching Mound.Delivery,,Loading,pitch.0,698735,-0.4905,0.1298,1.2013,-1.1189,0.3203,-5.407,0.0,0.0
1779744288816,1,Pitching Mound.Drive,,Loading,pitch.0,699595,-1.043,4.4878,39.656,39.9487,0.2524,-2.7546,-0.0006,0.0958
1779744288816,1,Pitching Mound.Parent,,Loading,pitch.0,698059,-1.5331,4.6229,40.8441,38.9509,0.6352,-8.1671,-0.0007,0.0989
1779744288817,1,11.0000004b,Drive,Loading,pitch.0,699596,-1.0336,4.4801,39.684,39.8857,0.2135,-2.7657,-0.0005,0.0956
1779744288817,1,12.00000015,Lower Delivery,Loading,pitch.0,699684,-0.266,0.0719,1.1465,-1.6916,0.1453,-3.0189,0.0,0.0
1779744288817,1,12.00000018,Upper Delivery,Loading,pitch.0,700370,-0.2546,0.0891,0.2671,0.0681,0.267,-2.3382,0.0,0.0
1779744288817,1,Pitching Mound.Delivery,,Loading,pitch.0,698736,-0.5034,0.1577,1.3296,-1.1859,0.3543,-5.3726,0.0,0.0
1779744288817,1,Pitching Mound.Drive,,Loading,pitch.0,699596,-1.0336,4.4801,39.684,39.8857,0.2135,-2.7657,-0.0005,0.0956
1779744288817,1,Pitching Mound.Parent,,Loading,pitch.0,698060,-1.5464,4.6455,40.9856,38.7628,0.6067,-8.1273,-0.0006,0.0993
1779744288818,1,11.0000004b,Drive,Loading,pitch.0,699597,-1.0383,4.4757,39.6984,39.9075,0.1433,-2.7601,-0.0003,0.0956
1779744288818,1,12.00000015,Lower Delivery,Loading,pitch.0,699685,-0.26,0.0691,1.1062,-1.4477,0.1494,-3.0534,0.0,0.0
1779744288818,1,12.00000018,Upper Delivery,Loading,pitch.0,700371,-0.2582,0.0923,0.2421,-0.0623,0.1259,-2.302,0.0,0.0
1779744288818,1,Pitching Mound.Delivery,,Loading,pitch.0,698737,-0.5243,0.1641,1.3887,-1.4463,0.2712,-5.3183,0.0,0.0
1779744288818,1,Pitching Mound.Drive,,Loading,pitch.0,699597,-1.0383,4.4757,39.6984,39.9075,0.1433,-2.7601,-0.0003,0.0956
1779744288818,1,Pitching Mound.Parent,,Loading,pitch.0,698061,-1.5579,4.6442,41.0727,38.4394,0.4846,-8.0841,-0.0005,0.0999
1779744288819,1,11.0000004b,Drive,Loading,pitch.0,699598,-1.0313,4.4777,39.8381,40.0441,0.1912,-2.8021,-0.0005,0.0956
1779744288819,1,12.00000015,Lower Delivery,Loading,pitch.0,699686,-0.2625,0.0694,1.1449,-1.3816,0.2248,-3.0183,0.0,0.0
1779744288819,1,12.00000018,Upper Delivery,Loading,pitch.0,700372,-0.2643,0.0772,0.253,0.076,0.2718,-2.2734,0.0,0.0
1779744288819,1,12.00000018,Upper Delivery,Loading,pitch.0,700373,-0.2667,0.0726,0.2527,-0.1653,0.0176,-2.331,0.0,0.0
1779744288819,1,Pitching Mound.Delivery,,Loading,pitch.0,698738,-0.5243,0.1463,1.3592,-1.0816,0.4212,-5.3282,0.0,0.0
1779744288819,1,Pitching Mound.Delivery,,Loading,pitch.0,698739,-0.5292,0.142,1.3976,-1.2435,0.2424,-5.3508,0.0,0.0
1779744288819,1,Pitching Mound.Drive,,Loading,pitch.0,699598,-1.0313,4.4777,39.8381,40.0441,0.1912,-2.8021,-0.0005,0.0956
1779744288819,1,Pitching Mound.Parent,,Loading,pitch.0,698062,-1.5626,4.622,41.0577,38.826,0.5645,-8.0883,-0.0003,0.0995
1779744288819,1,Pitching Mound.Parent,,Loading,pitch.0,698063,-1.5605,4.6197,41.2357,38.8006,0.4336,-8.153,-0.0004,0.0997
1779744288820,1,11.0000004b,Drive,Loading,pitch.0,699599,-1.0249,4.4795,39.778,39.9889,0.2215,-2.7724,-0.0005,0.0956
1779744288820,1,12.00000015,Lower Delivery,Loading,pitch.0,699687,-0.2629,0.0719,1.1425,-1.5974,-0.0525,-2.96,0.0,0.0
1779744288820,1,12.00000018,Upper Delivery,Loading,pitch.0,700374,-0.2949,0.0944,0.254,-0.2648,-0.087,-2.3571,0.0,0.0
1779744288820,1,Pitching Mound.Delivery,,Loading,pitch.0,698740,-0.5578,0.1662,1.3965,-1.5601,-0.1396,-5.3279,0.0,0.0
1779744288820,1,Pitching Mound.Drive,,Loading,pitch.0,699599,-1.0249,4.4795,39.778,39.9889,0.2215,-2.7724,-0.0005,0.0956
1779744288820,1,Pitching Mound.Parent,,Loading,pitch.0,698064,-1.5827,4.6457,41.1746,38.4289,0.082,-8.1003,-0.0005,0.0997
1779744288821,1,11.0000004b,Drive,Loading,pitch.0,699600,-1.031,4.4805,39.8088,40.0146,0.288,-2.7654,-0.0007,0.0956
1779744288821,1,12.00000015,Lower Delivery,Loading,pitch.0,699688,-0.2928,0.0765,1.0662,-1.5321,-0.2591,-2.9879,0.0,0.0
1779744288821,1,Pitching Mound.Drive,,Loading,pitch.0,699600,-1.031,4.4805,39.8088,40.0146,0.288,-2.7654,-0.0007,0.0956
1779744288822,1,11.0000004b,Drive,Loading,pitch.0,699601,-1.0262,4.4907,39.858,40.1126,0.3139,-2.7715,-0.0007,0.0957
1779744288822,1,12.00000015,Lower Delivery,Loading,pitch.0,699689,-0.3066,0.0798,1.0069,-1.5566,-0.3084,-2.9434,0.0,0.0
1779744288822,1,12.00000018,Upper Delivery,Loading,pitch.0,700375,-0.3003,0.1197,0.3369,-0.2859,-0.1097,-2.3541,0.0,0.0
1779744288822,1,12.00000018,Upper Delivery,Loading,pitch.0,700376,-0.3202,0.1369,0.3623,-0.5335,-0.3722,-2.3817,0.0,0.0
1779744288822,1,Pitching Mound.Delivery,,Loading,pitch.0,698741,-0.5931,0.1962,1.4031,-1.57,-0.3688,-5.3446,0.0,0.0
1779744288822,1,Pitching Mound.Delivery,,Loading,pitch.0,698742,-0.6268,0.2167,1.3692,-1.8709,-0.6806,-5.3297,0.0,0.0
1779744288822,1,Pitching Mound.Drive,,Loading,pitch.0,699601,-1.0262,4.4907,39.858,40.1126,0.3139,-2.7715,-0.0007,0.0957
1779744288822,1,Pitching Mound.Parent,,Loading,pitch.0,698065,-1.6241,4.6767,41.2119,38.4446,-0.0808,-8.11,-0.0007,0.0984
1779744288822,1,Pitching Mound.Parent,,Loading,pitch.0,698066,-1.653,4.7074,41.2272,38.2417,-0.3667,-8.1012,-0.0007,0.0979
1779744288823,1,11.0000004b,Drive,Loading,pitch.0,699602,-1.0187,4.4924,39.9306,40.1032,0.283,-2.7838,-0.0007,0.0955
1779744288823,1,12.00000018,Upper Delivery,Loading,pitch.0,700377,-0.3385,0.1559,0.4196,-0.5903,-0.4318,-2.3978,0.0,0.0
1779744288823,1,Pitching Mound.Drive,,Loading,pitch.0,699602,-1.0187,4.4924,39.9306,40.1032,0.283,-2.7838,-0.0007,0.0955
1779744288824,1,11.0000004b,Drive,Loading,pitch.0,699603,-1.0311,4.4964,39.8928,40.0839,0.2741,-2.7571,-0.0007,0.0956
1779744288824,1,12.00000015,Lower Delivery,Loading,pitch.0,699690,-0.2982,0.078,0.9303,-1.3904,-0.5681,-2.9136,0.0,0.0
1779744288824,1,12.00000018,Upper Delivery,Loading,pitch.0,700378,-0.3293,0.1232,0.3766,-0.4558,-0.2844,-2.47,0.0,0.0
1779744288824,1,Pitching Mound.Delivery,,Loading,pitch.0,698743,-0.6367,0.2339,1.3499,-1.807,-0.9999,-5.3251,0.0,0.0
1779744288824,1,Pitching Mound.Drive,,Loading,pitch.0,699603,-1.0311,4.4964,39.8928,40.0839,0.2741,-2.7571,-0.0007,0.0956
1779744288824,1,Pitching Mound.Parent,,Loading,pitch.0,698067,-1.6554,4.7262,41.2805,38.2961,-0.7169,-8.1089,-0.0007,0.0966
1779744288825,1,11.0000004b,Drive,Loading,pitch.0,699604,-1.0258,4.505,39.8561,40.1012,0.2724,-2.7733,-0.0007,0.0957
1779744288825,1,12.00000015,Lower Delivery,Loading,pitch.0,699691,-0.2971,0.0808,0.8918,-1.5991,-0.5987,-2.9024,0.0,0.0
1779744288825,1,12.00000018,Upper Delivery,Loading,pitch.0,700379,-0.3536,0.153,0.4375,-0.6937,-0.5329,-2.5637,0.0,0.0
1779744288825,1,Pitching Mound.Delivery,,Loading,pitch.0,698744,-0.6263,0.204,1.2684,-1.8798,-0.8831,-5.3833,0.0,0.0
1779744288825,1,Pitching Mound.Drive,,Loading,pitch.0,699604,-1.0258,4.505,39.8561,40.1012,0.2724,-2.7733,-0.0007,0.0957
1779744288825,1,Pitching Mound.Parent,,Loading,pitch.0,698068,-1.6575,4.7004,41.1612,38.2041,-0.609,-8.1404,-0.0006,0.0969
1779744288826,1,11.0000004b,Drive,Loading,pitch.0,699605,-1.0281,4.5106,39.9038,40.1395,0.3398,-2.7794,-0.0008,0.0957
1779744288826,1,12.00000015,Lower Delivery,Loading,pitch.0,699692,-0.3224,0.0861,0.7445,-1.3586,-1.0588,-2.868,0.0,0.0
1779744288826,1,Pitching Mound.Delivery,,Loading,pitch.0,698745,-0.6761,0.2392,1.182,-1.9479,-1.5918,-5.4423,0.0,0.0
1779744288826,1,Pitching Mound.Drive,,Loading,pitch.0,699605,-1.0281,4.5106,39.9038,40.1395,0.3398,-2.7794,-0.0008,0.0957
1779744288826,1,Pitching Mound.Parent,,Loading,pitch.0,698069,-1.7018,4.7441,41.0381,38.1533,-1.3194,-8.2156,-0.0006,0.0955
1779744288827,1,11.0000004b,Drive,Loading,pitch.0,699606,-1.0293,4.5221,39.8826,40.1617,0.319,-2.7571,-0.0008,0.0958
1779744288827,1,12.00000015,Lower Delivery,Loading,pitch.0,699694,-0.3326,0.0866,0.6286,-1.4744,-1.1524,-2.809,0.0,0.0
1779744288827,1,12.00000015,Lower Delivery,Loading,pitch.0,699693,-0.3272,0.0851,0.5926,-1.3478,-1.281,-2.8293,0.0,0.0
1779744288827,1,12.00000018,Upper Delivery,Loading,pitch.0,700381,-0.3535,0.1617,0.53,-1.2376,-1.1038,-2.7278,0.0,0.0
1779744288827,1,12.00000018,Upper Delivery,Loading,pitch.0,700380,-0.3533,0.1714,0.4953,-1.2583,-1.1302,-2.6529,0.0,0.0
1779744288827,1,Pitching Mound.Delivery,,Loading,pitch.0,698746,-0.6805,0.2565,1.0879,-2.573,-2.4111,-5.4911,0.0,0.0
1779744288827,1,Pitching Mound.Delivery,,Loading,pitch.0,698747,-0.6861,0.2483,1.1586,-2.6784,-2.2562,-5.544,0.0,0.0
1779744288827,1,Pitching Mound.Drive,,Loading,pitch.0,699606,-1.0293,4.5221,39.8826,40.1617,0.319,-2.7571,-0.0008,0.0958
1779744288827,1,Pitching Mound.Parent,,Loading,pitch.0,698070,-1.7086,4.7671,40.9917,37.5665,-2.0713,-8.2705,-0.0008,0.094
1779744288827,1,Pitching Mound.Parent,,Loading,pitch.0,698071,-1.7154,4.7704,41.0411,37.4833,-1.9372,-8.3011,-0.0007,0.0939
1779744288828,1,12.00000015,Lower Delivery,Loading,pitch.0,699695,-0.3419,0.0888,0.5315,-1.275,-1.3683,-2.8217,0.0,0.0
1779744288828,1,12.00000018,Upper Delivery,Loading,pitch.0,700382,-0.3227,0.1502,0.4837,-1.0007,-0.8506,-2.7383,0.0,0.0
1779744288828,1,Pitching Mound.Delivery,,Loading,pitch.0,698748,-0.6646,0.239,1.0152,-2.2595,-2.219,-5.5535,0.0,0.0
1779744288829,1,11.0000004b,Drive,Loading,pitch.0,699608,-1.0295,4.5262,39.8339,40.2462,0.3646,-2.7759,-0.0009,0.0961
1779744288829,1,11.0000004b,Drive,Loading,pitch.0,699607,-1.0342,4.5263,39.818,40.2201,0.3208,-2.7704,-0.0008,0.0961
1779744288829,1,12.00000015,Lower Delivery,Loading,pitch.0,699696,-0.3404,0.0892,0.668,-1.9284,-0.9387,-2.8231,0.0,0.0
1779744288829,1,Pitching Mound.Drive,,Loading,pitch.0,699608,-1.0295,4.5262,39.8339,40.2462,0.3646,-2.7759,-0.0009,0.0961
1779744288829,1,Pitching Mound.Drive,,Loading,pitch.0,699607,-1.0342,4.5263,39.818,40.2201,0.3208,-2.7704,-0.0008,0.0961
1779744288829,1,Pitching Mound.Parent,,Loading,pitch.0,698072,-1.6989,4.7653,40.8332,37.9607,-1.8982,-8.3239,-0.0007,0.0941
1779744288830,1,12.00000015,Lower Delivery,Loading,pitch.0,699697,-0.343,0.0894,0.7034,-2.4309,-0.742,-2.7993,0.0,0.0
1779744288830,1,12.00000018,Upper Delivery,Loading,pitch.0,700383,-0.3508,0.1764,0.5092,-1.3987,-1.2735,-2.7614,0.0,0.0
1779744288830,1,12.00000018,Upper Delivery,Loading,pitch.0,700384,-0.3562,0.1873,0.5476,-1.415,-1.2811,-2.7861,0.0,0.0
1779744288830,1,Pitching Mound.Delivery,,Loading,pitch.0,698749,-0.6912,0.2656,1.1772,-3.2731,-2.2122,-5.588,0.0,0.0
1779744288830,1,Pitching Mound.Delivery,,Loading,pitch.0,698750,-0.6993,0.2767,1.251,-3.7929,-2.0231,-5.5899,0.0,0.0
1779744288830,1,Pitching Mound.Parent,,Loading,pitch.0,698073,-1.7207,4.7918,41.0111,36.9731,-1.8476,-8.3639,-0.0008,0.0947
1779744288831,1,11.0000004b,Drive,Loading,pitch.0,699609,-1.0343,4.5293,39.7852,40.2387,0.374,-2.7563,-0.0009,0.0962
1779744288831,1,11.0000004b,Drive,Loading,pitch.0,699610,-1.0311,4.5379,39.7989,40.2042,0.3089,-2.7953,-0.0007,0.0961
1779744288831,1,12.00000015,Lower Delivery,Loading,pitch.0,699698,-0.3207,0.0896,0.7261,-2.5755,-0.627,-2.85,0.0,0.0
1779744288831,1,12.00000018,Upper Delivery,Loading,pitch.0,700385,-0.3309,0.1734,0.5415,-1.1609,-1.0222,-2.7251,0.0,0.0
1779744288831,1,Pitching Mound.Delivery,,Loading,pitch.0,698751,-0.6516,0.2629,1.2675,-3.6736,-1.6492,-5.5785,0.0,0.0
1779744288831,1,Pitching Mound.Drive,,Loading,pitch.0,699609,-1.0343,4.5293,39.7852,40.2387,0.374,-2.7563,-0.0009,0.0962
1779744288831,1,Pitching Mound.Drive,,Loading,pitch.0,699610,-1.0311,4.5379,39.7989,40.2042,0.3089,-2.7953,-0.0007,0.0961
1779744288831,1,Pitching Mound.Parent,,Loading,pitch.0,698075,-1.6827,4.8008,41.0664,36.5306,-1.3403,-8.3738,-0.0007,0.0947
1779744288831,1,Pitching Mound.Parent,,Loading,pitch.0,698074,-1.7336,4.8059,41.0362,36.4458,-1.6491,-8.3462,-0.0009,0.0946
1779744288832,1,11.0000004b,Drive,Loading,pitch.0,699611,-1.0349,4.5336,39.8128,40.2745,0.3827,-2.7864,-0.0009,0.0962
1779744288832,1,12.00000015,Lower Delivery,Loading,pitch.0,699699,-0.3238,0.0987,0.8725,-2.4697,-0.4811,-2.8605,0.0,0.0
1779744288832,1,Pitching Mound.Drive,,Loading,pitch.0,699611,-1.0349,4.5336,39.8128,40.2745,0.3827,-2.7864,-0.0009,0.0962
1779744288833,1,11.0000004b,Drive,Loading,pitch.0,699612,-1.0243,4.5455,39.8335,40.3563,0.3947,-2.7664,-0.0009,0.0964
1779744288833,1,12.00000015,Lower Delivery,Loading,pitch.0,699700,-0.2878,0.1128,0.9931,-2.0703,-0.3623,-2.922,0.0,0.0
1779744288833,1,12.00000018,Upper Delivery,Loading,pitch.0,700386,-0.3153,0.1614,0.5188,-1.1683,-1.032,-2.69,0.0,0.0
1779744288833,1,12.00000018,Upper Delivery,Loading,pitch.0,700387,-0.2832,0.1055,0.4057,-0.7952,-0.6344,-2.6851,0.0,0.0
1779744288833,1,Pitching Mound.Delivery,,Loading,pitch.0,698752,-0.6391,0.2601,1.3914,-3.5177,-1.5131,-5.5477,0.0,0.0
1779744288833,1,Pitching Mound.Delivery,,Loading,pitch.0,698753,-0.5709,0.2183,1.3988,-2.6658,-0.9967,-5.6055,0.0,0.0
1779744288833,1,Pitching Mound.Drive,,Loading,pitch.0,699612,-1.0243,4.5455,39.8335,40.3563,0.3947,-2.7664,-0.0009,0.0964
1779744288833,1,Pitching Mound.Parent,,Loading,pitch.0,698076,-1.6739,4.7937,41.2042,36.7568,-1.1304,-8.334,-0.0009,0.0959
1779744288833,1,Pitching Mound.Parent,,Loading,pitch.0,698077,-1.5952,4.7638,41.2323,37.6905,-0.6021,-8.3719,-0.0009,0.098
1779744288834,1,11.0000004b,Drive,Loading,pitch.0,699613,-1.0301,4.5444,39.8337,40.3851,0.4627,-2.7663,-0.0011,0.0964
1779744288834,1,12.00000015,Lower Delivery,Loading,pitch.0,699701,-0.3002,0.1219,1.0629,-1.7391,0.4993,-2.9113,0.0,0.0
1779744288834,1,12.00000018,Upper Delivery,Loading,pitch.0,700388,-0.2715,0.1111,0.3888,-0.8283,-0.6702,-2.6768,0.0,0.0
1779744288834,1,Pitching Mound.Delivery,,Loading,pitch.0,698754,-0.5716,0.233,1.4517,-2.3382,-0.1709,-5.5783,0.0,0.0
1779744288834,1,Pitching Mound.Drive,,Loading,pitch.0,699613,-1.0301,4.5444,39.8337,40.3851,0.4627,-2.7663,-0.0011,0.0964
1779744288834,1,Pitching Mound.Parent,,Loading,pitch.0,698078,-1.6017,4.7775,41.2854,38.047,0.2918,-8.3446,-0.0011,0.0986
1779744288835,1,11.0000004b,Drive,Loading,pitch.0,699614,-1.0233,4.5424,39.8007,40.354,0.4065,-2.791,-0.001,0.0965
1779744288835,1,12.00000015,Lower Delivery,Loading,pitch.0,699702,-0.276,0.1159,1.0652,-1.722,0.5033,-2.9161,0.0,0.0
1779744288835,1,12.00000018,Upper Delivery,Loading,pitch.0,700389,-0.2695,0.1271,0.3956,-0.7169,-0.5492,-2.7156,0.0,0.0
1779744288835,1,Pitching Mound.Delivery,,Loading,pitch.0,698755,-0.5456,0.243,1.4607,-2.2112,-0.0459,-5.6295,0.0,0.0
1779744288835,1,Pitching Mound.Drive,,Loading,pitch.0,699614,-1.0233,4.5424,39.8007,40.354,0.4065,-2.791,-0.001,0.0965
1779744288835,1,Pitching Mound.Parent,,Loading,pitch.0,698079,-1.5689,4.7854,41.2615,38.1427,0.3606,-8.4205,-0.0009,0.0986
1779744288836,1,11.0000004b,Drive,Loading,pitch.0,699615,-1.0348,4.5353,39.7956,40.3568,0.4845,-2.7743,-0.0012,0.0965
1779744288836,1,12.00000015,Lower Delivery,Loading,pitch.0,699703,-0.281,0.1042,1.0618,-1.7328,0.5742,-2.9004,0.0,0.0
1779744288836,1,12.00000018,Upper Delivery,Loading,pitch.0,700390,-0.2833,0.1346,0.3688,-0.7588,-0.5992,-2.6201,0.0,0.0
1779744288836,1,Pitching Mound.Delivery,,Loading,pitch.0,698756,-0.5642,0.2388,1.4306,-2.2559,-0.025,-5.5213,0.0,0.0
1779744288836,1,Pitching Mound.Drive,,Loading,pitch.0,699615,-1.0348,4.5353,39.7956,40.3568,0.4845,-2.7743,-0.0012,0.0965
1779744288836,1,Pitching Mound.Parent,,Loading,pitch.0,698080,-1.5991,4.7742,41.2261,38.1009,0.4594,-8.2956,-0.0011,0.0988
1779744288837,1,11.0000004b,Drive,Loading,pitch.0,699616,-1.0376,4.5362,39.7768,40.374,0.324,-2.7623,-0.0008,0.0966
1779744288837,1,12.00000015,Lower Delivery,Loading,pitch.0,699704,-0.2825,0.1049,1.137,-1.092,1.1057,-2.9488,0.0,0.0
1779744288837,1,Pitching Mound.Drive,,Loading,pitch.0,699616,-1.0376,4.5362,39.7768,40.374,0.324,-2.7623,-0.0008,0.0966
1779744288838,1,11.0000004b,Drive,Loading,pitch.0,699617,-1.0305,4.5386,39.7414,40.3592,0.3389,-2.7502,-0.0008,0.0966
1779744288838,1,12.00000015,Lower Delivery,Loading,pitch.0,699705,-0.2509,0.1126,1.0828,-0.9213,1.0115,-3.0009,0.0,0.0
1779744288838,1,12.00000018,Upper Delivery,Loading,pitch.0,700391,-0.2772,0.1317,0.3668,-0.5843,-0.4137,-2.6086,0.0,0.0
1779744288838,1,12.00000018,Upper Delivery,Loading,pitch.0,700392,-0.313,0.1365,0.3521,-0.7939,-0.6353,-2.6439,0.0,0.0
1779744288838,1,Pitching Mound.Delivery,,Loading,pitch.0,698758,-0.5639,0.2491,1.4349,-1.4668,0.3763,-5.6659,0.0,0.0
1779744288838,1,Pitching Mound.Delivery,,Loading,pitch.0,698757,-0.5597,0.2366,1.5038,-1.4144,0.692,-5.5557,0.0,0.0
1779744288838,1,Pitching Mound.Drive,,Loading,pitch.0,699617,-1.0305,4.5386,39.7414,40.3592,0.3389,-2.7502,-0.0008,0.0966
1779744288838,1,Pitching Mound.Parent,,Loading,pitch.0,698081,-1.5973,4.7728,41.2806,38.9596,1.016,-8.318,-0.0007,0.0994
1779744288838,1,Pitching Mound.Parent,,Loading,pitch.0,698082,-1.5945,4.7877,41.1763,38.8924,0.7151,-8.4161,-0.0008,0.0993
1779744288839,1,11.0000004b,Drive,Loading,pitch.0,699618,-1.0279,4.5427,39.7751,40.299,0.3069,-2.7717,-0.0007,0.0964
1779744288839,1,12.00000015,Lower Delivery,Loading,pitch.0,699706,-0.2513,0.1067,1.1017,-1.1087,0.7243,-3.0317,0.0,0.0
1779744288839,1,12.00000018,Upper Delivery,Loading,pitch.0,700393,-0.3293,0.1308,0.365,-0.7909,-0.6307,-2.6693,0.0,0.0
1779744288839,1,Pitching Mound.Delivery,,Loading,pitch.0,698759,-0.5806,0.2375,1.4667,-1.6491,0.0936,-5.7275,0.0,0.0
1779744288839,1,Pitching Mound.Drive,,Loading,pitch.0,699618,-1.0279,4.5427,39.7751,40.299,0.3069,-2.7717,-0.0007,0.0964
1779744288839,1,Pitching Mound.Parent,,Loading,pitch.0,698083,-1.6085,4.7802,41.2418,38.6499,0.4005,-8.4992,-0.0007,0.099
1779744288840,1,11.0000004b,Drive,Loading,pitch.0,699619,-1.0427,4.5446,39.7349,40.2402,0.1396,-2.7812,-0.0003,0.0963
1779744288840,1,12.00000015,Lower Delivery,Loading,pitch.0,699707,-0.2517,0.0877,1.0818,-0.8538,0.7272,-3.0699,0.0,0.0
1779744288840,1,12.00000018,Upper Delivery,Loading,pitch.0,700394,-0.3493,0.1453,0.375,-0.9252,-0.7749,-2.6525,0.0,0.0
1779744288840,1,Pitching Mound.Delivery,,Loading,pitch.0,698760,-0.601,0.233,1.4568,-1.5387,-0.0477,-5.7555,0.0,0.0
1779744288840,1,Pitching Mound.Drive,,Loading,pitch.0,699619,-1.0427,4.5446,39.7349,40.2402,0.1396,-2.7812,-0.0003,0.0963
1779744288840,1,Pitching Mound.Parent,,Loading,pitch.0,698084,-1.6437,4.7775,41.1916,38.7015,0.0918,-8.5367,-0.0003,0.0988
1779744288841,1,11.0000004b,Drive,Loading,pitch.0,699620,-1.0261,4.534,39.7589,40.2145,0.1204,-2.7744,-0.0003,0.0962
1779744288841,1,12.00000015,Lower Delivery,Loading,pitch.0,699708,-0.2422,0.0924,1.076,-0.9607,0.4845,-3.0851,0.0,0.0
1779744288841,1,12.00000018,Upper Delivery,Loading,pitch.0,700395,-0.3732,0.1599,0.4533,-1.2351,-1.0924,-2.7841,0.0,0.0
1779744288841,1,Pitching Mound.Delivery,,Loading,pitch.0,698761,-0.6153,0.2523,1.5293,-1.9841,-0.6079,-5.9137,0.0,0.0
1779744288841,1,Pitching Mound.Drive,,Loading,pitch.0,699620,-1.0261,4.534,39.7589,40.2145,0.1204,-2.7744,-0.0003,0.0962
1779744288841,1,Pitching Mound.Parent,,Loading,pitch.0,698085,-1.6414,4.7864,41.2883,38.2305,-0.4875,-8.6881,-0.0003,0.0978
1779744288842,1,11.0000004b,Drive,Loading,pitch.0,699621,-1.0259,4.5342,39.7473,40.1874,0.0561,-2.7788,-0.0001,0.0962
1779744288842,1,12.00000015,Lower Delivery,Loading,pitch.0,699709,-0.2311,0.0965,1.0988,-0.6086,0.6419,-3.128,0.0,0.0
1779744288842,1,12.00000018,Upper Delivery,Loading,pitch.0,700396,-0.502,0.2952,0.862,-1.2578,-1.0596,-2.7948,0.0,0.0
1779744288842,1,Pitching Mound.Delivery,,Loading,pitch.0,698762,-0.7331,0.3917,1.9608,-1.7858,-0.4177,-6.0149,0.0,0.0
1779744288842,1,Pitching Mound.Drive,,Loading,pitch.0,699621,-1.0259,4.5342,39.7473,40.1874,0.0561,-2.7788,-0.0001,0.0962
1779744288842,1,Pitching Mound.Parent,,Loading,pitch.0,698086,-1.759,4.9259,41.7081,38.4015,-0.3616,-8.7937,-0.0001,0.0936
1779744288843,1,11.0000004b,Drive,Loading,pitch.0,699622,-1.0202,4.5386,39.7616,40.1706,0.0748,-2.7799,-0.0002,0.0961
1779744288843,1,12.00000015,Lower Delivery,Loading,pitch.0,699710,-0.2311,0.0694,1.0883,-1.1316,0.2966,-3.1262,0.0,0.0
1779744288843,1,12.00000018,Upper Delivery,Loading,pitch.0,700397,-0.5113,0.2833,0.7887,-1.2886,-1.1001,-2.8382,0.0,0.0
1779744288843,1,Pitching Mound.Delivery,,Loading,pitch.0,698763,-0.7424,0.3527,1.877,-2.3183,-0.8035,-6.0597,0.0,0.0
1779744288843,1,Pitching Mound.Drive,,Loading,pitch.0,699622,-1.0202,4.5386,39.7616,40.1706,0.0748,-2.7799,-0.0002,0.0961
1779744288843,1,Pitching Mound.Parent,,Loading,pitch.0,698087,-1.7627,4.8913,41.6386,37.8523,-0.7287,-8.8396,-0.0002,0.0942
1779744288844,1,11.0000004b,Drive,Loading,pitch.0,699623,-1.0271,4.5435,39.8073,40.2008,0.0429,-2.7957,-0.0001,0.0961
1779744288844,1,12.00000015,Lower Delivery,Loading,pitch.0,699711,-0.2121,0.0722,1.0511,-1.4359,0.3509,-3.1082,0.0,0.0
1779744288844,1,12.00000018,Upper Delivery,Loading,pitch.0,700398,-0.5163,0.3166,0.818,-1.3437,-1.1058,-2.8167,0.0,0.0
1779744288844,1,Pitching Mound.Delivery,,Loading,pitch.0,698764,-0.7284,0.3888,1.8691,-2.7004,-0.7549,-6.0283,0.0,0.0
1779744288844,1,Pitching Mound.Drive,,Loading,pitch.0,699623,-1.0271,4.5435,39.8073,40.2008,0.0429,-2.7957,-0.0001,0.0961
1779744288844,1,Pitching Mound.Parent,,Loading,pitch.0,698088,-1.7555,4.9323,41.6764,37.5004,-0.712,-8.824,-0.0001,0.0937
1779744288845,1,11.0000004b,Drive,Loading,pitch.0,699624,-1.0379,4.5346,39.7862,40.1546,0.0034,-2.7737,0.0,0.096
1779744288845,1,12.00000015,Lower Delivery,Loading,pitch.0,699712,-0.1965,0.0621,0.9984,-1.8046,0.2341,-3.069,0.0,0.0
1779744288845,1,12.00000018,Upper Delivery,Loading,pitch.0,700399,-0.4886,0.2626,0.6981,-1.4263,-1.2136,-2.8097,0.0,0.0
1779744288845,1,Pitching Mound.Delivery,,Loading,pitch.0,698765,-0.685,0.3247,1.6965,-3.1288,-0.9794,-5.978,0.0,0.0
1779744288845,1,Pitching Mound.Drive,,Loading,pitch.0,699624,-1.0379,4.5346,39.7862,40.1546,0.0034,-2.7737,0.0,0.096
1779744288845,1,Pitching Mound.Parent,,Loading,pitch.0,698089,-1.7229,4.8593,41.4826,37.0259,-0.976,-8.7517,0.0,0.0945
1779744288846,1,11.0000004b,Drive,Loading,pitch.0,699625,-1.033,4.5344,39.8294,40.1619,0.1945,-2.7893,-0.0005,0.0959
1779744288846,1,12.00000015,Lower Delivery,Loading,pitch.0,699713,-0.1934,0.0713,1.0168,-1.9751,0.3207,-3.0767,0.0,0.0
1779744288846,1,12.00000018,Upper Delivery,Loading,pitch.0,700400,-0.427,0.1992,0.505,-1.4054,-1.284,-2.6791,0.0,0.0
1779744288846,1,Pitching Mound.Delivery,,Loading,pitch.0,698766,-0.6205,0.2706,1.5218,-3.2064,-0.9633,-5.8352,0.0,0.0
1779744288846,1,Pitching Mound.Drive,,Loading,pitch.0,699625,-1.033,4.5344,39.8294,40.1619,0.1945,-2.7893,-0.0005,0.0959
1779744288846,1,Pitching Mound.Parent,,Loading,pitch.0,698090,-1.6535,4.8049,41.3512,36.9555,-0.7688,-8.6245,-0.0004,0.0966
1779744288847,1,11.0000004b,Drive,Loading,pitch.0,699626,-1.0302,4.5404,39.8653,40.1394,0.1943,-2.7895,-0.0005,0.0958
1779744288847,1,12.00000015,Lower Delivery,Loading,pitch.0,699714,-0.2045,0.0786,1.0008,-2.1485,0.305,-3.0702,0.0,0.0
1779744288847,1,12.00000018,Upper Delivery,Loading,pitch.0,700401,-0.4525,0.2133,0.578,-1.2075,-1.0759,-2.652,0.0,0.0
1779744288847,1,Pitching Mound.Delivery,,Loading,pitch.0,698767,-0.657,0.2919,1.5788,-3.2122,-0.771,-5.8066,0.0,0.0
1779744288847,1,Pitching Mound.Drive,,Loading,pitch.0,699626,-1.0302,4.5404,39.8653,40.1394,0.1943,-2.7895,-0.0005,0.0958
1779744288847,1,Pitching Mound.Parent,,Loading,pitch.0,698091,-1.6873,4.8323,41.4441,36.9273,-0.5766,-8.5961,-0.0004,0.0956
1779744288848,1,11.0000004b,Drive,Loading,pitch.0,699627,-1.0182,4.5402,39.8544,40.1085,0.2796,-2.7816,-0.0007,0.0957
1779744288848,1,12.00000015,Lower Delivery,Loading,pitch.0,699715,-0.1841,0.0959,0.9003,-2.582,-0.0374,-3.0085,0.0,0.0
1779744288848,1,12.00000018,Upper Delivery,Loading,pitch.0,700402,-0.4411,0.2052,0.5109,-1.2168,-1.085,-2.6686,0.0,0.0
1779744288848,1,Pitching Mound.Delivery,,Loading,pitch.0,698768,-0.6252,0.3011,1.4112,-3.6664,-1.1224,-5.7644,0.0,0.0
1779744288848,1,Pitching Mound.Drive,,Loading,pitch.0,699627,-1.0182,4.5402,39.8544,40.1085,0.2796,-2.7816,-0.0007,0.0957
1779744288848,1,Pitching Mound.Parent,,Loading,pitch.0,698092,-1.6434,4.8414,41.2656,36.4421,-0.8428,-8.546,-0.0006,0.0957
1779744288849,1,11.0000004b,Drive,Loading,pitch.0,699628,-1.0262,4.5452,39.9195,40.1934,0.5768,-2.7648,-0.0014,0.0958
1779744288849,1,12.00000015,Lower Delivery,Loading,pitch.0,699716,-0.2077,0.0726,0.9168,-2.5522,-0.2771,-2.9788,0.0,0.0
1779744288849,1,12.00000018,Upper Delivery,Loading,pitch.0,700403,-0.376,0.1724,0.4134,-1.1086,-0.9724,-2.6167,0.0,0.0
1779744288849,1,Pitching Mound.Delivery,,Loading,pitch.0,698769,-0.5838,0.245,1.3302,-3.4897,-1.2495,-5.6527,0.0,0.0
1779744288849,1,Pitching Mound.Drive,,Loading,pitch.0,699628,-1.0262,4.5452,39.9195,40.1934,0.5768,-2.7648,-0.0014,0.0958
1779744288849,1,Pitching Mound.Parent,,Loading,pitch.0,698093,-1.61,4.7902,41.2497,36.7037,-0.6728,-8.4176,-0.0013,0.0968
1779744288850,1,11.0000004b,Drive,Loading,pitch.0,699629,-1.0224,4.5436,39.8686,40.167,0.5551,-2.8003,-0.0013,0.0958
1779744288850,1,12.00000015,Lower Delivery,Loading,pitch.0,699717,-0.2097,0.116,1.0365,-2.3549,-0.4306,-2.9439,0.0,0.0
1779744288850,1,12.00000018,Upper Delivery,Loading,pitch.0,700404,-0.3822,0.1894,0.4775,-1.3675,-1.2478,-2.6312,0.0,0.0
1779744288850,1,Pitching Mound.Delivery,,Loading,pitch.0,698770,-0.5919,0.3053,1.514,-3.5324,-1.6785,-5.6337,0.0,0.0
1779744288850,1,Pitching Mound.Drive,,Loading,pitch.0,699629,-1.0224,4.5436,39.8686,40.167,0.5551,-2.8003,-0.0013,0.0958
1779744288850,1,Pitching Mound.Parent,,Loading,pitch.0,698094,-1.6143,4.8489,41.3825,36.6346,-1.1234,-8.4341,-0.0013,0.0969
1779744288851,1,11.0000004b,Drive,Loading,pitch.0,699630,-1.0133,4.5584,39.84,40.1887,0.561,-2.8025,-0.0013,0.096
1779744288851,1,12.00000015,Lower Delivery,Loading,pitch.0,699718,-0.222,0.1348,1.1095,-2.4229,-0.6076,-2.9192,0.0,0.0
1779744288851,1,12.00000018,Upper Delivery,Loading,pitch.0,700405,-0.3466,0.1478,0.3878,-1.212,-1.0849,-2.5782,0.0,0.0
1779744288851,1,Pitching Mound.Delivery,,Loading,pitch.0,698771,-0.5686,0.2826,1.4973,-3.3895,-1.6925,-5.5398,0.0,0.0
1779744288851,1,Pitching Mound.Drive,,Loading,pitch.0,699630,-1.0133,4.5584,39.84,40.1887,0.561,-2.8025,-0.0013,0.096
1779744288851,1,Pitching Mound.Parent,,Loading,pitch.0,698095,-1.5819,4.841,41.3373,36.7992,-1.1315,-8.3424,-0.0013,0.0984
1779744288852,1,11.0000004b,Drive,Loading,pitch.0,699631,-1.0244,4.5633,39.813,40.1745,0.6313,-2.7872,-0.0015,0.096
1779744288852,1,12.00000015,Lower Delivery,Loading,pitch.0,699719,-0.2356,0.1473,1.1649,-1.7504,0.3351,-2.9194,0.0,0.0
1779744288852,1,12.00000018,Upper Delivery,Loading,pitch.0,700406,-0.3373,0.1431,0.4107,-1.2594,-1.1374,-2.5429,0.0,0.0
1779744288852,1,Pitching Mound.Delivery,,Loading,pitch.0,698772,-0.5729,0.2904,1.5756,-2.7533,-0.8022,-5.4969,0.0,0.0
1779744288852,1,Pitching Mound.Drive,,Loading,pitch.0,699631,-1.0244,4.5633,39.813,40.1745,0.6313,-2.7872,-0.0015,0.096
1779744288852,1,Pitching Mound.Parent,,Loading,pitch.0,698096,-1.5973,4.8537,41.3885,37.4212,-0.1709,-8.2841,-0.0015,0.0985
1779744288853,1,11.0000004b,Drive,Loading,pitch.0,699632,-1.0193,4.5623,39.7749,40.2903,0.7184,-2.783,-0.0017,0.0964
1779744288853,1,12.00000015,Lower Delivery,Loading,pitch.0,699720,-0.2554,0.1175,1.1795,-1.5144,0.4611,-2.9273,0.0,0.0
1779744288853,1,12.00000018,Upper Delivery,Loading,pitch.0,700407,-0.3192,0.1509,0.4014,-1.076,-0.9413,-2.5523,0.0,0.0
1779744288853,1,Pitching Mound.Delivery,,Loading,pitch.0,698773,-0.5746,0.2685,1.5809,-2.3258,-0.4801,-5.5012,0.0,0.0
1779744288853,1,Pitching Mound.Drive,,Loading,pitch.0,699632,-1.0193,4.5623,39.7749,40.2903,0.7184,-2.783,-0.0017,0.0964
1779744288853,1,Pitching Mound.Parent,,Loading,pitch.0,698097,-1.5939,4.8308,41.3557,37.9645,0.2383,-8.2842,-0.0017,0.0991
1779744288854,1,11.0000004b,Drive,Loading,pitch.0,699633,-1.0102,4.5569,39.8054,40.2866,0.815,-2.8055,-0.0019,0.0963
1779744288854,1,12.00000015,Lower Delivery,Loading,pitch.0,699721,-0.2706,0.1209,1.1067,-1.4874,0.3413,-2.8768,0.0,0.0
1779744288854,1,12.00000018,Upper Delivery,Loading,pitch.0,700408,-0.3182,0.1405,0.3843,-1.4607,-1.3345,-2.6252,0.0,0.0
1779744288854,1,Pitching Mound.Delivery,,Loading,pitch.0,698774,-0.5888,0.2613,1.491,-2.7025,-0.9931,-5.5181,0.0,0.0
1779744288854,1,Pitching Mound.Drive,,Loading,pitch.0,699633,-1.0102,4.5569,39.8054,40.2866,0.815,-2.8055,-0.0019,0.0963
1779744288854,1,Pitching Mound.Parent,,Loading,pitch.0,698098,-1.599,4.8182,41.2964,37.5841,-0.1781,-8.3236,-0.0019,0.0988
1779744288855,1,11.0000004b,Drive,Loading,pitch.0,699634,-1.0168,4.547,39.6891,40.1809,0.7499,-2.7993,-0.0018,0.0963
1779744288855,1,12.00000015,Lower Delivery,Loading,pitch.0,699722,-0.2959,0.0979,1.1111,-1.4094,0.304,-2.8617,0.0,0.0
1779744288855,1,12.00000018,Upper Delivery,Loading,pitch.0,700409,-0.266,0.0854,0.3108,-1.1426,-1.011,-2.5763,0.0,0.0
1779744288855,1,Pitching Mound.Delivery,,Loading,pitch.0,698775,-0.5619,0.1833,1.4219,-2.2799,-0.707,-5.4278,0.0,0.0
1779744288855,1,Pitching Mound.Drive,,Loading,pitch.0,699634,-1.0168,4.547,39.6891,40.1809,0.7499,-2.7993,-0.0018,0.0963
1779744288855,1,Pitching Mound.Parent,,Loading,pitch.0,698099,-1.5788,4.7303,41.111,37.901,0.0429,-8.227,-0.0017,0.0996
1779744288856,1,11.0000004b,Drive,Loading,pitch.0,699635,-1.0102,4.55,39.7662,40.1932,0.9202,-2.8282,-0.0022,0.0962
1779744288856,1,12.00000015,Lower Delivery,Loading,pitch.0,699723,-0.3262,0.095,1.1235,-1.2337,0.4332,-2.8871,0.0,0.0
1779744288856,1,12.00000018,Upper Delivery,Loading,pitch.0,700410,-0.2821,0.1201,0.378,-1.1591,-0.9897,-2.5745,0.0,0.0
1779744288856,1,Pitching Mound.Delivery,,Loading,pitch.0,698776,-0.6084,0.215,1.5015,-2.1394,-0.5565,-5.4465,0.0,0.0
1779744288856,1,Pitching Mound.Drive,,Loading,pitch.0,699635,-1.0102,4.55,39.7662,40.1932,0.9202,-2.8282,-0.0022,0.0962
1779744288856,1,Pitching Mound.Parent,,Loading,pitch.0,698100,-1.6186,4.765,41.2677,38.0538,0.3637,-8.2748,-0.0021,0.0988
1779744288857,1,11.0000004b,Drive,Loading,pitch.0,699636,-1.0156,4.557,39.7072,40.2675,0.799,-2.8589,-0.0019,0.0965
1779744288857,1,12.00000015,Lower Delivery,Loading,pitch.0,699724,-0.3437,0.0951,1.0465,-1.2538,0.2578,-2.863,0.0,0.0
1779744288857,1,12.00000018,Upper Delivery,Loading,pitch.0,700411,-0.2998,0.1302,0.394,-1.1236,-0.9885,-2.6162,0.0,0.0
1779744288857,1,Pitching Mound.Delivery,,Loading,pitch.0,698777,-0.6435,0.2253,1.4406,-2.1555,-0.7306,-5.4643,0.0,0.0
1779744288857,1,Pitching Mound.Drive,,Loading,pitch.0,699636,-1.0156,4.557,39.7072,40.2675,0.799,-2.8589,-0.0019,0.0965
1779744288857,1,Pitching Mound.Parent,,Loading,pitch.0,698101,-1.6591,4.7823,41.1478,38.1121,0.0683,-8.3232,-0.0018,0.0985
1779744288858,1,11.0000004b,Drive,Loading,pitch.0,699637,-1.0181,4.5592,39.7239,40.334,0.8468,-2.8719,-0.002,0.0966
1779744288858,1,12.00000015,Lower Delivery,Loading,pitch.0,699725,-0.3276,0.0953,1.0744,-1.203,0.1717,-2.8978,0.0,0.0
1779744288858,1,12.00000018,Upper Delivery,Loading,pitch.0,700412,-0.2841,0.1159,0.3675,-0.9805,-0.8345,-2.6404,0.0,0.0
1779744288858,1,Pitching Mound.Delivery,,Loading,pitch.0,698778,-0.6116,0.2112,1.442,-1.9431,-0.6628,-5.5234,0.0,0.0
1779744288858,1,Pitching Mound.Drive,,Loading,pitch.0,699637,-1.0181,4.5592,39.7239,40.334,0.8468,-2.8719,-0.002,0.0966
1779744288858,1,Pitching Mound.Parent,,Loading,pitch.0,698102,-1.6297,4.7704,41.1658,38.3909,0.184,-8.3952,-0.002,0.099
1779744288859,1,11.0000004b,Drive,Loading,pitch.0,699638,-1.0261,4.5572,39.7432,40.4022,0.8303,-2.8657,-0.002,0.0967
1779744288859,1,12.00000015,Lower Delivery,Loading,pitch.0,699726,-0.3342,0.0987,0.9792,-1.2724,0.2291,-2.8898,0.0,0.0
1779744288859,1,12.00000018,Upper Delivery,Loading,pitch.0,700413,-0.2672,0.1044,0.3508,-0.8261,-0.6737,-2.5714,0.0,0.0
1779744288859,1,Pitching Mound.Delivery,,Loading,pitch.0,698779,-0.6014,0.2031,1.33,-1.8849,-0.4446,-5.4384,0.0,0.0
1779744288859,1,Pitching Mound.Drive,,Loading,pitch.0,699638,-1.0261,4.5572,39.7432,40.4022,0.8303,-2.8657,-0.002,0.0967
1779744288859,1,Pitching Mound.Parent,,Loading,pitch.0,698103,-1.6275,4.7602,41.0732,38.5173,0.3857,-8.304,-0.0019,0.0988
1779744288860,1,11.0000004b,Drive,Loading,pitch.0,699639,-1.0247,4.5582,39.7345,40.3568,0.669,-2.8851,-0.0016,0.0966
1779744288860,1,12.00000015,Lower Delivery,Loading,pitch.0,699727,-0.3131,0.0993,0.9762,-1.3787,0.273,-2.9787,0.0,0.0
1779744288860,1,12.00000018,Upper Delivery,Loading,pitch.0,700414,-0.2915,0.1314,0.3807,-1.0534,-0.9115,-2.6547,0.0,0.0
1779744288860,1,Pitching Mound.Delivery,,Loading,pitch.0,698780,-0.6046,0.2307,1.3569,-2.2296,-0.6385,-5.6261,0.0,0.0
1779744288860,1,Pitching Mound.Drive,,Loading,pitch.0,699639,-1.0247,4.5582,39.7345,40.3568,0.669,-2.8851,-0.0016,0.0966
1779744288860,1,Pitching Mound.Parent,,Loading,pitch.0,698104,-1.6293,4.7889,41.0915,38.1272,0.0305,-8.5112,-0.0015,0.0984
1779744288861,1,11.0000004b,Drive,Loading,pitch.0,699640,-1.027,4.55,39.7572,40.4164,0.7681,-2.8525,-0.0018,0.0967
1779744288861,1,12.00000015,Lower Delivery,Loading,pitch.0,699728,-0.3199,0.0867,0.9065,-1.4723,-0.0016,-2.9321,0.0,0.0
1779744288861,1,12.00000018,Upper Delivery,Loading,pitch.0,700415,-0.3145,0.1435,0.4134,-1.0933,-0.9116,-2.7286,0.0,0.0
1779744288861,1,Pitching Mound.Delivery,,Loading,pitch.0,698781,-0.6344,0.2302,1.3199,-2.3979,-0.9132,-5.6588,0.0,0.0
1779744288861,1,Pitching Mound.Drive,,Loading,pitch.0,699640,-1.027,4.55,39.7572,40.4164,0.7681,-2.8525,-0.0018,0.0967
1779744288861,1,Pitching Mound.Parent,,Loading,pitch.0,698105,-1.6614,4.7802,41.0771,38.0185,-0.1451,-8.5113,-0.0018,0.0977
1779744288862,1,11.0000004b,Drive,Loading,pitch.0,699641,-1.0301,4.5403,39.7412,40.4459,0.6907,-2.8421,-0.0017,0.0968
1779744288862,1,12.00000015,Lower Delivery,Loading,pitch.0,699729,-0.3112,0.0832,0.8439,-1.5295,0.1028,-2.9595,0.0,0.0
1779744288862,1,12.00000018,Upper Delivery,Loading,pitch.0,700416,-0.3175,0.1473,0.455,-1.1945,-0.8159,-2.7782,0.0,0.0
1779744288862,1,Pitching Mound.Delivery,,Loading,pitch.0,698782,-0.6288,0.2306,1.2989,-2.5918,-0.7131,-5.7399,0.0,0.0
1779744288862,1,Pitching Mound.Drive,,Loading,pitch.0,699641,-1.0301,4.5403,39.7412,40.4459,0.6907,-2.8421,-0.0017,0.0968
1779744288862,1,Pitching Mound.Parent,,Loading,pitch.0,698106,-1.6589,4.7709,41.0401,37.8541,-0.0224,-8.5821,-0.0016,0.097
1779744288863,1,11.0000004b,Drive,Loading,pitch.0,699642,-1.0344,4.5357,39.7311,40.378,0.5829,-2.85,-0.0014,0.0967
1779744288863,1,12.00000015,Lower Delivery,Loading,pitch.0,699730,-0.3086,0.0827,0.7623,-1.522,-0.1663,-2.9794,0.0,0.0
1779744288863,1,12.00000018,Upper Delivery,Loading,pitch.0,700417,-0.335,0.1608,0.5103,-1.5242,-1.2221,-2.8381,0.0,0.0
1779744288863,1,Pitching Mound.Delivery,,Loading,pitch.0,698783,-0.6435,0.2435,1.2726,-2.9606,-1.3884,-5.8265,0.0,0.0
1779744288863,1,Pitching Mound.Drive,,Loading,pitch.0,699642,-1.0344,4.5357,39.7311,40.378,0.5829,-2.85,-0.0014,0.0967
1779744288863,1,Pitching Mound.Parent,,Loading,pitch.0,698107,-1.678,4.7792,41.0037,37.4175,-0.8055,-8.6765,-0.0014,0.0958
1779744288864,1,11.0000004b,Drive,Loading,pitch.0,699643,-1.0419,4.5415,39.6588,40.3368,0.6288,-2.8654,-0.0015,0.0968
1779744288864,1,12.00000015,Lower Delivery,Loading,pitch.0,699731,-0.3342,0.0931,0.7367,-1.6474,-0.3378,-2.937,0.0,0.0
1779744288864,1,12.00000018,Upper Delivery,Loading,pitch.0,700418,-0.3375,0.1535,0.4927,-1.4469,-1.2238,-2.8246,0.0,0.0
1779744288864,1,Pitching Mound.Delivery,,Loading,pitch.0,698784,-0.6717,0.2466,1.2294,-3.0113,-1.5616,-5.7627,0.0,0.0
1779744288864,1,Pitching Mound.Drive,,Loading,pitch.0,699643,-1.0419,4.5415,39.6588,40.3368,0.6288,-2.8654,-0.0015,0.0968
1779744288864,1,Pitching Mound.Parent,,Loading,pitch.0,698108,-1.7136,4.788,40.8882,37.3255,-0.9328,-8.6281,-0.0015,0.0959
1779744288865,1,11.0000004b,Drive,Loading,pitch.0,699644,-1.0432,4.5376,39.668,40.304,0.4882,-2.8523,-0.0012,0.0967
1779744288865,1,12.00000015,Lower Delivery,Loading,pitch.0,699732,-0.3293,0.0905,0.8142,-1.6389,-0.0958,-2.9594,0.0,0.0
1779744288865,1,12.00000018,Upper Delivery,Loading,pitch.0,700419,-0.3437,0.1488,0.4562,-1.2706,-1.0946,-2.7884,0.0,0.0
1779744288865,1,Pitching Mound.Delivery,,Loading,pitch.0,698785,-0.673,0.2393,1.2704,-2.7877,-1.1904,-5.7527,0.0,0.0
1779744288865,1,Pitching Mound.Drive,,Loading,pitch.0,699644,-1.0432,4.5376,39.668,40.304,0.4882,-2.8523,-0.0012,0.0967
1779744288865,1,Pitching Mound.Parent,,Loading,pitch.0,698109,-1.7162,4.7769,40.9384,37.5163,-0.7023,-8.605,-0.0011,0.0966
1779744288866,1,11.0000004b,Drive,Loading,pitch.0,699645,-1.0499,4.5271,39.6334,40.2201,0.4714,-2.8288,-0.0011,0.0965
1779744288866,1,12.00000015,Lower Delivery,Loading,pitch.0,699733,-0.3061,0.0878,0.8317,-1.4722,0.1298,-2.9903,0.0,0.0
1779744288866,1,12.00000018,Upper Delivery,Loading,pitch.0,700420,-0.3508,0.1498,0.5123,-1.4904,-1.2079,-2.8478,0.0,0.0
1779744288866,1,Pitching Mound.Delivery,,Loading,pitch.0,698786,-0.657,0.2376,1.344,-2.854,-1.0781,-5.8533,0.0,0.0
1779744288866,1,Pitching Mound.Drive,,Loading,pitch.0,699645,-1.0499,4.5271,39.6334,40.2201,0.4714,-2.8288,-0.0011,0.0965
1779744288866,1,Pitching Mound.Parent,,Loading,pitch.0,698110,-1.7069,4.7647,40.9774,37.3661,-0.6067,-8.6821,-0.0011,0.096
1779744288867,1,11.0000004b,Drive,Loading,pitch.0,699646,-1.0665,4.5342,39.6424,40.2255,0.452,-2.8096,-0.0011,0.0965
1779744288867,1,12.00000015,Lower Delivery,Loading,pitch.0,699734,-0.2669,0.1231,0.9343,-1.4931,0.1796,-3.0277,0.0,0.0
1779744288867,1,12.00000018,Upper Delivery,Loading,pitch.0,700421,-0.3406,0.1168,0.4219,-1.3868,-1.2057,-2.8416,0.0,0.0
1779744288867,1,Pitching Mound.Delivery,,Loading,pitch.0,698787,-0.6075,0.2399,1.3562,-2.7056,-1.0261,-5.8943,0.0,0.0
1779744288867,1,Pitching Mound.Drive,,Loading,pitch.0,699646,-1.0665,4.5342,39.6424,40.2255,0.452,-2.8096,-0.0011,0.0965
1779744288867,1,Pitching Mound.Parent,,Loading,pitch.0,698111,-1.674,4.774,40.9986,37.5198,-0.5741,-8.7039,-0.001,0.0976
1779744288868,1,11.0000004b,Drive,Loading,pitch.0,699647,-1.0765,4.5153,39.7266,40.2005,0.5513,-2.8202,-0.0013,0.0963
1779744288868,1,12.00000015,Lower Delivery,Loading,pitch.0,699735,-0.3072,0.098,1.0171,-1.5748,-0.3284,-2.9966,0.0,0.0
1779744288868,1,12.00000018,Upper Delivery,Loading,pitch.0,700422,-0.3476,0.1203,0.4831,-1.8836,-1.1549,-2.8717,0.0,0.0
1779744288868,1,Pitching Mound.Delivery,,Loading,pitch.0,698788,-0.6548,0.2183,1.5002,-3.2768,-1.4833,-5.8821,0.0,0.0
1779744288868,1,Pitching Mound.Drive,,Loading,pitch.0,699647,-1.0765,4.5153,39.7266,40.2005,0.5513,-2.8202,-0.0013,0.0963
1779744288868,1,Pitching Mound.Parent,,Loading,pitch.0,698112,-1.7313,4.7336,41.2267,36.9237,-0.932,-8.7023,-0.0013,0.0972
1779744288869,1,11.0000004b,Drive,Loading,pitch.0,699648,-1.07,4.5269,39.6959,40.2093,0.5563,-2.8192,-0.0013,0.0964
1779744288869,1,12.00000015,Lower Delivery,Loading,pitch.0,699736,-0.313,0.1113,1.0857,-1.4522,-0.0155,-2.975,0.0,0.0
1779744288869,1,12.00000018,Upper Delivery,Loading,pitch.0,700423,-0.3391,0.1216,0.4889,-2.1056,-1.0929,-2.8272,0.0,0.0
1779744288869,1,Pitching Mound.Delivery,,Loading,pitch.0,698789,-0.6521,0.2328,1.5745,-3.3549,-1.1085,-5.811,0.0,0.0
1779744288869,1,Pitching Mound.Drive,,Loading,pitch.0,699648,-1.07,4.5269,39.6959,40.2093,0.5563,-2.8192,-0.0013,0.0964
1779744288869,1,Pitching Mound.Parent,,Loading,pitch.0,698113,-1.7221,4.7597,41.2705,36.8545,-0.5521,-8.6302,-0.0013,0.0976
1779744288870,1,11.0000004b,Drive,Loading,pitch.0,699649,-1.0626,4.5165,39.7068,40.1631,0.5816,-2.8017,-0.0014,0.0962
1779744288870,1,12.00000015,Lower Delivery,Loading,pitch.0,699737,-0.3256,0.0906,1.144,-1.8013,-0.6869,-2.9799,0.0,0.0
1779744288870,1,12.00000018,Upper Delivery,Loading,pitch.0,700424,-0.3541,0.1321,0.5136,-1.896,-0.9295,-2.8849,0.0,0.0
1779744288870,1,Pitching Mound.Delivery,,Loading,pitch.0,698790,-0.6797,0.2227,1.6576,-3.483,-1.6164,-5.8745,0.0,0.0
1779744288870,1,Pitching Mound.Drive,,Loading,pitch.0,699649,-1.0626,4.5165,39.7068,40.1631,0.5816,-2.8017,-0.0014,0.0962
1779744288870,1,Pitching Mound.Parent,,Loading,pitch.0,698114,-1.7422,4.7392,41.3644,36.6801,-1.0348,-8.6762,-0.0013,0.0975
1779744288871,1,11.0000004b,Drive,Loading,pitch.0,699650,-1.0647,4.5219,39.7069,40.2215,0.5261,-2.8222,-0.0013,0.0964
1779744288871,1,12.00000015,Lower Delivery,Loading,pitch.0,699738,-0.3338,0.0867,1.1326,-1.8199,-0.6684,-2.9638,0.0,0.0
1779744288871,1,12.00000018,Upper Delivery,Loading,pitch.0,700425,-0.3297,0.1218,0.5088,-1.8306,-1.0026,-2.7716,0.0,0.0
1779744288871,1,Pitching Mound.Delivery,,Loading,pitch.0,698791,-0.6636,0.2085,1.6414,-3.4384,-1.671,-5.7341,0.0,0.0
1779744288871,1,Pitching Mound.Drive,,Loading,pitch.0,699650,-1.0647,4.5219,39.7069,40.2215,0.5261,-2.8222,-0.0013,0.0964
1779744288871,1,Pitching Mound.Parent,,Loading,pitch.0,698115,-1.7283,4.7304,41.3484,36.7831,-1.1449,-8.5562,-0.0012,0.0977
1779744288872,1,11.0000004b,Drive,Loading,pitch.0,699651,-1.0566,4.52,39.7111,40.1637,0.6148,-2.8255,-0.0015,0.0962
1779744288872,1,12.00000015,Lower Delivery,Loading,pitch.0,699739,-0.3456,0.0909,1.1628,-1.5073,-0.2601,-2.9401,0.0,0.0
1779744288872,1,12.00000018,Upper Delivery,Loading,pitch.0,700426,-0.2941,0.0851,0.4397,-1.2593,-0.8134,-2.7018,0.0,0.0
1779744288872,1,Pitching Mound.Delivery,,Loading,pitch.0,698792,-0.6397,0.176,1.6025,-2.5207,-1.0736,-5.6244,0.0,0.0
1779744288872,1,Pitching Mound.Drive,,Loading,pitch.0,699651,-1.0566,4.52,39.7111,40.1637,0.6148,-2.8255,-0.0015,0.0962
1779744288872,1,Pitching Mound.Parent,,Loading,pitch.0,698116,-1.6964,4.696,41.3136,37.643,-0.4588,-8.4499,-0.0014,0.0984
1779744288873,1,11.0000004b,Drive,Loading,pitch.0,699652,-1.0468,4.5229,39.7117,40.1561,0.8145,-2.7969,-0.002,0.0962
1779744288873,1,12.00000015,Lower Delivery,Loading,pitch.0,699740,-0.3055,0.09,1.1754,-1.434,-0.008,-2.8814,0.0,0.0
1779744288873,1,12.00000018,Upper Delivery,Loading,pitch.0,700427,-0.3005,0.091,0.4584,-1.1423,-0.7172,-2.6427,0.0,0.0
1779744288873,1,Pitching Mound.Delivery,,Loading,pitch.0,698793,-0.606,0.181,1.6338,-2.3325,-0.7253,-5.5225,0.0,0.0
1779744288873,1,Pitching Mound.Drive,,Loading,pitch.0,699652,-1.0468,4.5229,39.7117,40.1561,0.8145,-2.7969,-0.002,0.0962
1779744288873,1,Pitching Mound.Parent,,Loading,pitch.0,698117,-1.6527,4.7039,41.3454,37.8236,0.0893,-8.3193,-0.0019,0.0983
1779744288874,1,11.0000004b,Drive,Loading,pitch.0,699653,-1.0596,4.5306,39.8114,40.2891,0.7788,-2.814,-0.0019,0.0963
1779744288874,1,12.00000015,Lower Delivery,Loading,pitch.0,699741,-0.2889,0.0761,1.1413,-1.8401,-0.7627,-2.882,0.0,0.0
1779744288874,1,12.00000018,Upper Delivery,Loading,pitch.0,700428,-0.2808,0.0907,0.4305,-1.0917,-0.6499,-2.6435,0.0,0.0
1779744288874,1,Pitching Mound.Delivery,,Loading,pitch.0,698794,-0.5698,0.1668,1.5718,-2.6901,-1.4125,-5.5227,0.0,0.0
1779744288874,1,Pitching Mound.Drive,,Loading,pitch.0,699653,-1.0596,4.5306,39.8114,40.2891,0.7788,-2.814,-0.0019,0.0963
1779744288874,1,Pitching Mound.Parent,,Loading,pitch.0,698118,-1.6294,4.6974,41.3832,37.599,-0.6337,-8.3367,-0.0018,0.0985
1779744288875,1,11.0000004b,Drive,Loading,pitch.0,699654,-1.0447,4.5293,39.7541,40.2351,0.8606,-2.7872,-0.0021,0.0963
1779744288875,1,12.00000015,Lower Delivery,Loading,pitch.0,699742,-0.2823,0.076,1.1125,-1.8047,-0.514,-2.865,0.0,0.0
1779744288875,1,12.00000018,Upper Delivery,Loading,pitch.0,700429,-0.2548,0.071,0.3371,-0.7694,-0.611,-2.611,0.0,0.0
1779744288875,1,Pitching Mound.Delivery,,Loading,pitch.0,698795,-0.5371,0.147,1.4496,-2.3105,-1.125,-5.4666,0.0,0.0
1779744288875,1,Pitching Mound.Drive,,Loading,pitch.0,699654,-1.0447,4.5293,39.7541,40.2351,0.8606,-2.7872,-0.0021,0.0963
1779744288875,1,Pitching Mound.Parent,,Loading,pitch.0,698119,-1.5818,4.6763,41.2037,37.9246,-0.2643,-8.2538,-0.002,0.0993
1779744288876,1,11.0000004b,Drive,Loading,pitch.0,699655,-1.0481,4.5367,39.7998,40.3413,1.0516,-2.7823,-0.0025,0.0964
1779744288876,1,12.00000015,Lower Delivery,Loading,pitch.0,699743,-0.2906,0.0769,1.0548,-1.9683,-0.6245,-2.9013,0.0,0.0
1779744288876,1,12.00000018,Upper Delivery,Loading,pitch.0,700430,-0.2476,0.0584,0.2943,-0.9187,-0.7688,-2.6373,0.0,0.0
1779744288876,1,Pitching Mound.Delivery,,Loading,pitch.0,698796,-0.5382,0.1354,1.3491,-2.6285,-1.3933,-5.524,0.0,0.0
1779744288876,1,Pitching Mound.Drive,,Loading,pitch.0,699655,-1.0481,4.5367,39.7998,40.3413,1.0516,-2.7823,-0.0025,0.0964
1779744288876,1,Pitching Mound.Parent,,Loading,pitch.0,698120,-1.5863,4.6721,41.1489,37.7129,-0.3417,-8.3063,-0.0024,0.0995
1779744288877,1,11.0000004b,Drive,Loading,pitch.0,699656,-1.0444,4.5367,39.8093,40.3208,0.9837,-2.7856,-0.0024,0.0964
1779744288877,1,12.00000015,Lower Delivery,Loading,pitch.0,699744,-0.2948,0.0801,1.0785,-2.0319,-0.5358,-2.8912,0.0,0.0
1779744288877,1,12.00000018,Upper Delivery,Loading,pitch.0,700431,-0.2583,0.0472,0.2925,-0.9077,-0.7588,-2.6046,0.0,0.0
1779744288877,1,Pitching Mound.Delivery,,Loading,pitch.0,698797,-0.5531,0.1273,1.3709,-2.6723,-1.2946,-5.4834,0.0,0.0
1779744288877,1,Pitching Mound.Drive,,Loading,pitch.0,699656,-1.0444,4.5367,39.8093,40.3208,0.9837,-2.7856,-0.0024,0.0964
1779744288877,1,Pitching Mound.Parent,,Loading,pitch.0,698121,-1.5975,4.664,41.1802,37.6485,-0.3109,-8.2689,-0.0023,0.0996
1779744288878,1,11.0000004b,Drive,Loading,pitch.0,699657,-1.0419,4.5351,39.8528,40.4019,0.9671,-2.7742,-0.0023,0.0964
1779744288878,1,12.00000015,Lower Delivery,Loading,pitch.0,699745,-0.3189,0.0823,0.9325,-2.2513,-1.3628,-2.8429,0.0,0.0
1779744288878,1,12.00000018,Upper Delivery,Loading,pitch.0,700432,-0.2471,0.0381,0.2534,-0.6916,-0.5297,-2.5805,0.0,0.0
1779744288878,1,Pitching Mound.Delivery,,Loading,pitch.0,698798,-0.566,0.1204,1.1859,-2.712,-1.8925,-5.3989,0.0,0.0
1779744288878,1,Pitching Mound.Drive,,Loading,pitch.0,699657,-1.0419,4.5351,39.8528,40.4019,0.9671,-2.7742,-0.0023,0.0964
1779744288878,1,Pitching Mound.Parent,,Loading,pitch.0,698122,-1.608,4.6554,41.0387,37.69,-0.9255,-8.1731,-0.0022,0.0993
1779744288879,1,11.0000004b,Drive,Loading,pitch.0,699658,-1.05,4.5285,39.82,40.4686,0.9772,-2.7711,-0.0023,0.0967
1779744288879,1,12.00000015,Lower Delivery,Loading,pitch.0,699746,-0.3211,0.0851,0.8643,-2.4997,-1.7357,-2.8052,0.0,0.0
1779744288879,1,12.00000018,Upper Delivery,Loading,pitch.0,700433,-0.2514,0.0431,0.278,-0.4101,-0.2357,-2.4687,0.0,0.0
1779744288879,1,Pitching Mound.Delivery,,Loading,pitch.0,698799,-0.5725,0.1281,1.1423,-2.7104,-1.9714,-5.2502,0.0,0.0
1779744288879,1,Pitching Mound.Drive,,Loading,pitch.0,699658,-1.05,4.5285,39.82,40.4686,0.9772,-2.7711,-0.0023,0.0967
1779744288879,1,Pitching Mound.Parent,,Loading,pitch.0,698123,-1.6225,4.6567,40.9623,37.7582,-0.9942,-8.0213,-0.0023,0.0988
1779744288880,1,11.0000004b,Drive,Loading,pitch.0,699659,-1.0583,4.5257,39.752,40.4027,1.0065,-2.757,-0.0024,0.0967
1779744288880,1,12.00000015,Lower Delivery,Loading,pitch.0,699747,-0.323,0.0879,0.7562,-2.3343,-1.3972,-2.7892,0.0,0.0
1779744288880,1,12.00000018,Upper Delivery,Loading,pitch.0,700434,-0.2705,0.0345,0.2712,-0.1885,-0.0039,-2.3884,0.0,0.0
1779744288880,1,Pitching Mound.Delivery,,Loading,pitch.0,698800,-0.5935,0.1224,1.0275,-2.3579,-1.4011,-5.1597,0.0,0.0
1779744288880,1,Pitching Mound.Drive,,Loading,pitch.0,699659,-1.0583,4.5257,39.752,40.4027,1.0065,-2.757,-0.0024,0.0967
1779744288880,1,Pitching Mound.Parent,,Loading,pitch.0,698124,-1.6518,4.648,40.7794,38.0448,-0.3946,-7.9168,-0.0023,0.0983
1779744288881,1,11.0000004b,Drive,Loading,pitch.0,699660,-1.0621,4.5266,39.727,40.3716,0.9351,-2.7513,-0.0022,0.0967
1779744288881,1,12.00000015,Lower Delivery,Loading,pitch.0,699748,-0.2973,0.0836,0.6733,-2.0991,-1.1162,-2.8026,0.0,0.0
1779744288881,1,12.00000018,Upper Delivery,Loading,pitch.0,700435,-0.2307,0.0361,0.2227,-0.0897,0.1008,-2.3756,0.0,0.0
1779744288881,1,Pitching Mound.Delivery,,Loading,pitch.0,698801,-0.528,0.1198,0.896,-2.0355,-1.0154,-5.1555,0.0,0.0
1779744288881,1,Pitching Mound.Drive,,Loading,pitch.0,699660,-1.0621,4.5266,39.727,40.3716,0.9351,-2.7513,-0.0022,0.0967
1779744288881,1,Pitching Mound.Parent,,Loading,pitch.0,698125,-1.5901,4.6464,40.623,38.3361,-0.0803,-7.9069,-0.0022,0.0983
1779744288882,1,11.0000004b,Drive,Loading,pitch.0,699661,-1.0595,4.5214,39.7843,40.3122,0.921,-2.77,-0.0022,0.0964
1779744288882,1,12.00000015,Lower Delivery,Loading,pitch.0,699749,-0.306,0.0853,0.5875,-1.9756,-1.5983,-2.8044,0.0,0.0
1779744288882,1,12.00000018,Upper Delivery,Loading,pitch.0,700436,-0.2547,0.0396,0.2619,-0.1258,0.06,-2.3352,0.0,0.0
1779744288882,1,Pitching Mound.Delivery,,Loading,pitch.0,698802,-0.5607,0.125,0.8493,-1.9907,-1.5383,-5.1221,0.0,0.0
1779744288882,1,Pitching Mound.Drive,,Loading,pitch.0,699661,-1.0595,4.5214,39.7843,40.3122,0.921,-2.77,-0.0022,0.0964
1779744288882,1,Pitching Mound.Parent,,Loading,pitch.0,698126,-1.6202,4.6464,40.6336,38.3215,-0.6173,-7.8922,-0.0022,0.0971
1779744288883,1,11.0000004b,Drive,Loading,pitch.0,699662,-1.0725,4.5052,39.915,40.3718,0.8699,-2.766,-0.0021,0.0962
1779744288883,1,12.00000015,Lower Delivery,Loading,pitch.0,699750,-0.2528,0.0823,0.5087,-2.0148,-1.5701,-2.8164,0.0,0.0
1779744288883,1,12.00000018,Upper Delivery,Loading,pitch.0,700437,-0.2675,0.0441,0.2703,-0.27,-0.0907,-2.3911,0.0,0.0
1779744288883,1,Pitching Mound.Delivery,,Loading,pitch.0,698803,-0.5202,0.1264,0.779,-2.2037,-1.6607,-5.2126,0.0,0.0
1779744288883,1,Pitching Mound.Drive,,Loading,pitch.0,699662,-1.0725,4.5052,39.915,40.3718,0.8699,-2.766,-0.0021,0.0962
1779744288883,1,Pitching Mound.Parent,,Loading,pitch.0,698127,-1.5927,4.6316,40.694,38.1681,-0.7908,-7.9786,-0.002,0.0964
1779744288884,1,11.0000004b,Drive,Loading,pitch.0,699663,-1.0732,4.5004,39.8396,40.2136,0.7691,-2.7698,-0.0018,0.096
1779744288884,1,12.00000015,Lower Delivery,Loading,pitch.0,699751,-0.2963,0.0807,0.5011,-1.785,-1.8275,-2.8494,0.0,0.0
1779744288884,1,12.00000018,Upper Delivery,Loading,pitch.0,700438,-0.2956,0.0651,0.2471,-0.4873,-0.3237,-2.3672,0.0,0.0
1779744288884,1,Pitching Mound.Delivery,,Loading,pitch.0,698804,-0.5918,0.1458,0.7482,-2.186,-2.1513,-5.2164,0.0,0.0
1779744288884,1,Pitching Mound.Drive,,Loading,pitch.0,699663,-1.0732,4.5004,39.8396,40.2136,0.7691,-2.7698,-0.0018,0.096
1779744288884,1,Pitching Mound.Parent,,Loading,pitch.0,698128,-1.665,4.6462,40.5878,38.0276,-1.3822,-7.9862,-0.0018,0.0964
1779744288885,1,11.0000004b,Drive,Loading,pitch.0,699664,-1.0756,4.4998,39.8977,40.2887,0.7521,-2.7585,-0.0018,0.0961
1779744288885,1,12.00000015,Lower Delivery,Loading,pitch.0,699752,-0.297,0.0785,0.4785,-1.5891,-1.6708,-2.887,0.0,0.0
1779744288885,1,12.00000018,Upper Delivery,Loading,pitch.0,700439,-0.2966,0.0649,0.2205,-0.2357,-0.057,-2.3384,0.0,0.0
1779744288885,1,Pitching Mound.Delivery,,Loading,pitch.0,698805,-0.5935,0.1435,0.6991,-1.7371,-1.7279,-5.2252,0.0,0.0
1779744288885,1,Pitching Mound.Drive,,Loading,pitch.0,699664,-1.0756,4.4998,39.8977,40.2887,0.7521,-2.7585,-0.0018,0.0961
1779744288885,1,Pitching Mound.Parent,,Loading,pitch.0,698129,-1.6692,4.6433,40.5968,38.5516,-0.9758,-7.9837,-0.0018,0.0966
1779744288886,1,11.0000004b,Drive,Loading,pitch.0,699665,-1.0753,4.4957,39.8907,40.2032,0.7139,-2.7768,-0.0017,0.0959
1779744288886,1,12.00000015,Lower Delivery,Loading,pitch.0,699753,-0.2882,0.0761,0.5312,-1.0374,-1.2868,-2.908,0.0,0.0
1779744288886,1,12.00000018,Upper Delivery,Loading,pitch.0,700440,-0.2978,0.0705,0.2323,-0.1404,0.0429,-2.3082,0.0,0.0
1779744288886,1,Pitching Mound.Delivery,,Loading,pitch.0,698806,-0.586,0.1466,0.7635,-1.0762,-1.2439,-5.2194,0.0,0.0
1779744288886,1,Pitching Mound.Drive,,Loading,pitch.0,699665,-1.0753,4.4957,39.8907,40.2032,0.7139,-2.7768,-0.0017,0.0959
1779744288886,1,Pitching Mound.Parent,,Loading,pitch.0,698130,-1.6613,4.6422,40.6542,39.127,-0.53,-7.9962,-0.0017,0.0966
1779744288887,1,11.0000004b,Drive,Loading,pitch.0,699666,-1.0731,4.4956,39.8821,40.2035,0.6617,-2.813,-0.0016,0.0959
1779744288887,1,11.0000004b,Drive,Loading,pitch.0,699667,-1.0705,4.506,39.8801,40.2567,0.7106,-2.7929,-0.0017,0.096
1779744288887,1,12.00000015,Lower Delivery,Loading,pitch.0,699754,-0.2873,0.076,0.6309,-1.1764,-1.1226,-2.9178,0.0,0.0
1779744288887,1,12.00000018,Upper Delivery,Loading,pitch.0,700441,-0.3099,0.1074,0.2638,-0.2863,-0.1106,-2.3452,0.0,0.0
1779744288887,1,Pitching Mound.Delivery,,Loading,pitch.0,698807,-0.5972,0.1834,0.8947,-1.3378,-1.2332,-5.2707,0.0,0.0
1779744288887,1,Pitching Mound.Drive,,Loading,pitch.0,699666,-1.0731,4.4956,39.8821,40.2035,0.6617,-2.813,-0.0016,0.0959
1779744288887,1,Pitching Mound.Drive,,Loading,pitch.0,699667,-1.0705,4.506,39.8801,40.2567,0.7106,-2.7929,-0.0017,0.096
1779744288887,1,Pitching Mound.Parent,,Loading,pitch.0,698131,-1.6703,4.6791,40.7768,38.8656,-0.5715,-8.0837,-0.0015,0.0969
1779744288888,1,11.0000004b,Drive,Loading,pitch.0,699668,-1.0695,4.494,39.9046,40.1721,0.7471,-2.8191,-0.0018,0.0958
1779744288888,1,12.00000015,Lower Delivery,Loading,pitch.0,699755,-0.2719,0.0716,0.5057,-0.961,-0.9161,-2.8764,0.0,0.0
1779744288888,1,12.00000018,Upper Delivery,Loading,pitch.0,700442,-0.305,0.0951,0.2633,-0.5463,-0.3818,-2.4539,0.0,0.0
1779744288888,1,Pitching Mound.Delivery,,Loading,pitch.0,698808,-0.5768,0.1666,0.7689,-1.4249,-1.2979,-5.3416,0.0,0.0
1779744288888,1,Pitching Mound.Drive,,Loading,pitch.0,699668,-1.0695,4.494,39.9046,40.1721,0.7471,-2.8191,-0.0018,0.0958
1779744288888,1,Pitching Mound.Parent,,Loading,pitch.0,698132,-1.6473,4.6726,40.6491,38.8318,-0.5873,-8.1345,-0.0017,0.0962
1779744288889,1,11.0000004b,Drive,Loading,pitch.0,699669,-1.0715,4.4934,39.9286,40.0639,0.7329,-2.808,-0.0017,0.0955
1779744288889,1,12.00000015,Lower Delivery,Loading,pitch.0,699756,-0.2743,0.0717,0.5832,-0.8188,-0.829,-2.8781,0.0,0.0
1779744288889,1,12.00000018,Upper Delivery,Loading,pitch.0,700443,-0.2776,0.0863,0.2462,-0.6848,-0.5253,-2.5304,0.0,0.0
1779744288889,1,Pitching Mound.Delivery,,Loading,pitch.0,698809,-0.5519,0.1581,0.8294,-1.389,-1.3543,-5.4096,0.0,0.0
1779744288889,1,Pitching Mound.Drive,,Loading,pitch.0,699669,-1.0715,4.4934,39.9286,40.0639,0.7329,-2.808,-0.0017,0.0955
1779744288889,1,Pitching Mound.Parent,,Loading,pitch.0,698133,-1.6215,4.6521,40.734,38.7832,-0.6072,-8.2288,-0.0017,0.0966
1779744288890,1,11.0000004b,Drive,Loading,pitch.0,699670,-1.0659,4.4898,39.8442,39.9563,0.6979,-2.8018,-0.0017,0.0954
1779744288890,1,12.00000015,Lower Delivery,Loading,pitch.0,699757,-0.2805,0.0727,0.7476,-1.3408,-0.358,-2.8932,0.0,0.0
1779744288890,1,12.00000018,Upper Delivery,Loading,pitch.0,700444,-0.2697,0.064,0.2288,-1.0426,-0.901,-2.6366,0.0,0.0
1779744288890,1,Pitching Mound.Delivery,,Loading,pitch.0,698810,-0.5502,0.1367,0.9763,-2.207,-1.259,-5.5262,0.0,0.0
1779744288890,1,Pitching Mound.Drive,,Loading,pitch.0,699670,-1.0659,4.4898,39.8442,39.9563,0.6979,-2.8018,-0.0017,0.0954
1779744288890,1,Pitching Mound.Parent,,Loading,pitch.0,698134,-1.6217,4.6301,40.905,37.8569,-0.5261,-8.3342,-0.0017,0.0975
1779744288891,1,11.0000004b,Drive,Loading,pitch.0,699671,-1.0745,4.4959,39.9038,40.0282,0.8094,-2.8082,-0.0019,0.0954
1779744288891,1,12.00000015,Lower Delivery,Loading,pitch.0,699758,-0.2911,0.0756,0.7913,-1.524,-0.4557,-2.883,0.0,0.0
1779744288891,1,12.00000018,Upper Delivery,Loading,pitch.0,700445,-0.2662,0.1,0.2641,-1.0377,-0.8944,-2.6616,0.0,0.0
1779744288891,1,Pitching Mound.Delivery,,Loading,pitch.0,698811,-0.5573,0.1756,1.0553,-2.3825,-1.3501,-5.5361,0.0,0.0
1779744288891,1,Pitching Mound.Drive,,Loading,pitch.0,699671,-1.0745,4.4959,39.9038,40.0282,0.8094,-2.8082,-0.0019,0.0954
1779744288891,1,Pitching Mound.Parent,,Loading,pitch.0,698135,-1.6232,4.6654,40.8996,37.5737,-0.6522,-8.3379,-0.0016,0.0973
1779744288892,1,11.0000004b,Drive,Loading,pitch.0,699672,-1.0681,4.5076,39.756,39.9191,0.7849,-2.798,-0.0019,0.0955
1779744288892,1,12.00000015,Lower Delivery,Loading,pitch.0,699759,-0.2933,0.0758,0.7998,-1.9402,-1.1561,-2.8611,0.0,0.0
1779744288892,1,12.00000018,Upper Delivery,Loading,pitch.0,700446,-0.2851,0.1107,0.3041,-1.4653,-1.3445,-2.7656,0.0,0.0
1779744288892,1,Pitching Mound.Delivery,,Loading,pitch.0,698812,-0.5783,0.1865,1.1039,-3.2369,-2.5007,-5.6239,0.0,0.0
1779744288892,1,Pitching Mound.Drive,,Loading,pitch.0,699672,-1.0681,4.5076,39.756,39.9191,0.7849,-2.798,-0.0019,0.0955
1779744288892,1,Pitching Mound.Parent,,Loading,pitch.0,698136,-1.6528,4.6824,41.0078,36.7913,-1.6913,-8.4321,-0.0019,0.097
1779744288893,1,11.0000004b,Drive,Loading,pitch.0,699673,-1.0618,4.4996,39.7273,39.8344,0.6804,-2.7825,-0.0016,0.0954
1779744288893,1,12.00000015,Lower Delivery,Loading,pitch.0,699760,-0.2938,0.0758,0.8211,-1.7322,-0.3889,-2.8811,0.0,0.0
1779744288893,1,12.00000018,Upper Delivery,Loading,pitch.0,700447,-0.2515,0.0844,0.2908,-1.464,-1.3359,-2.8965,0.0,0.0
1779744288893,1,Pitching Mound.Delivery,,Loading,pitch.0,698813,-0.5453,0.1602,1.1119,-3.016,-1.7249,-5.7633,0.0,0.0
1779744288893,1,Pitching Mound.Drive,,Loading,pitch.0,699673,-1.0618,4.4996,39.7273,39.8344,0.6804,-2.7825,-0.0016,0.0954
1779744288893,1,Pitching Mound.Parent,,Loading,pitch.0,698137,-1.607,4.6598,40.8393,36.8184,-1.0445,-8.5458,-0.0016,0.0972
1779744288894,1,12.00000015,Lower Delivery,Loading,pitch.0,699761,-0.319,0.0817,0.8434,-1.9214,-0.4018,-2.8255,0.0,0.0
1779744288894,1,12.00000018,Upper Delivery,Loading,pitch.0,700448,-0.2435,0.0824,0.3066,-1.4466,-1.318,-2.8848,0.0,0.0
1779744288894,1,Pitching Mound.Delivery,,Loading,pitch.0,698814,-0.5625,0.1641,1.15,-3.1854,-1.7198,-5.6846,0.0,0.0
1779744288895,1,11.0000004b,Drive,Loading,pitch.0,699675,-1.0594,4.4956,39.6477,39.8982,0.571,-2.785,-0.0014,0.0957
1779744288895,1,11.0000004b,Drive,Loading,pitch.0,699674,-1.0529,4.5005,39.735,39.9015,0.7039,-2.7838,-0.0017,0.0955
1779744288895,1,12.00000015,Lower Delivery,Loading,pitch.0,699762,-0.2867,0.0744,0.8348,-1.5524,0.4036,-2.801,0.0,0.0
1779744288895,1,12.00000018,Upper Delivery,Loading,pitch.0,700449,-0.2333,0.088,0.3176,-1.685,-1.3947,-2.9003,0.0,0.0
1779744288895,1,Pitching Mound.Delivery,,Loading,pitch.0,698815,-0.52,0.1625,1.1524,-3.0616,-0.9911,-5.6831,0.0,0.0
1779744288895,1,Pitching Mound.Drive,,Loading,pitch.0,699675,-1.0594,4.4956,39.6477,39.8982,0.571,-2.785,-0.0014,0.0957
1779744288895,1,Pitching Mound.Drive,,Loading,pitch.0,699674,-1.0529,4.5005,39.735,39.9015,0.7039,-2.7838,-0.0017,0.0955
1779744288895,1,Pitching Mound.Parent,,Loading,pitch.0,698138,-1.6153,4.6646,40.885,36.716,-1.0159,-8.4684,-0.0016,0.0973
1779744288895,1,Pitching Mound.Parent,,Loading,pitch.0,698139,-1.5795,4.658,40.8001,36.8366,-0.4201,-8.4681,-0.0013,0.0973
1779744288896,1,11.0000004b,Drive,Loading,pitch.0,699676,-1.0635,4.4927,39.5957,39.9303,0.6775,-2.8002,-0.0016,0.0959
1779744288896,1,12.00000015,Lower Delivery,Loading,pitch.0,699763,-0.2633,0.0686,0.8174,-1.4905,0.4939,-2.8296,0.0,0.0
1779744288896,1,12.00000018,Upper Delivery,Loading,pitch.0,700450,-0.2401,0.1049,0.335,-1.5853,-1.3876,-2.8735,0.0,0.0
1779744288896,1,Pitching Mound.Delivery,,Loading,pitch.0,698816,-0.5034,0.1736,1.1524,-2.9118,-0.8937,-5.6952,0.0,0.0
1779744288896,1,Pitching Mound.Drive,,Loading,pitch.0,699676,-1.0635,4.4927,39.5957,39.9303,0.6775,-2.8002,-0.0016,0.0959
1779744288896,1,Pitching Mound.Parent,,Loading,pitch.0,698140,-1.5669,4.6663,40.7481,37.0185,-0.2162,-8.4954,-0.0016,0.0972
1779744288897,1,11.0000004b,Drive,Loading,pitch.0,699677,-1.0633,4.4763,39.5978,39.8673,0.6171,-2.7917,-0.0015,0.0958
1779744288897,1,12.00000015,Lower Delivery,Loading,pitch.0,699764,-0.2879,0.0757,0.8642,-1.4702,0.5668,-2.8081,0.0,0.0
1779744288897,1,12.00000018,Upper Delivery,Loading,pitch.0,700451,-0.2422,0.102,0.3743,-1.5781,-1.1741,-2.8692,0.0,0.0
1779744288897,1,Pitching Mound.Delivery,,Loading,pitch.0,698817,-0.5301,0.1777,1.2385,-2.8818,-0.6073,-5.6617,0.0,0.0
1779744288897,1,Pitching Mound.Drive,,Loading,pitch.0,699677,-1.0633,4.4763,39.5978,39.8673,0.6171,-2.7917,-0.0015,0.0958
1779744288897,1,Pitching Mound.Parent,,Loading,pitch.0,698141,-1.5934,4.654,40.8363,36.9855,0.0098,-8.4534,-0.0014,0.097
1779744288898,1,11.0000004b,Drive,Loading,pitch.0,699678,-1.0623,4.4657,39.6095,39.8953,0.6338,-2.7996,-0.0015,0.0958
1779744288898,1,12.00000015,Lower Delivery,Loading,pitch.0,699765,-0.2861,0.0751,0.9072,-1.4427,0.6398,-2.8346,0.0,0.0
1779744288898,1,12.00000018,Upper Delivery,Loading,pitch.0,700452,-0.2515,0.1239,0.3816,-1.3461,-1.2141,-2.826,0.0,0.0
1779744288898,1,Pitching Mound.Delivery,,Loading,pitch.0,698818,-0.5376,0.199,1.2888,-2.6101,-0.5742,-5.6488,0.0,0.0
1779744288898,1,Pitching Mound.Drive,,Loading,pitch.0,699678,-1.0623,4.4657,39.6095,39.8953,0.6338,-2.7996,-0.0015,0.0958
1779744288898,1,Pitching Mound.Parent,,Loading,pitch.0,698142,-1.5999,4.6647,40.8983,37.2853,0.0595,-8.4485,-0.0015,0.0972
1779744288899,1,11.0000004b,Drive,Loading,pitch.0,699679,-1.0572,4.4757,39.5763,39.8989,0.7195,-2.7826,-0.0017,0.0959
1779744288899,1,12.00000015,Lower Delivery,Loading,pitch.0,699766,-0.3385,0.0875,0.9333,-1.6453,0.3474,-2.876,0.0,0.0
1779744288899,1,12.00000018,Upper Delivery,Loading,pitch.0,700453,-0.2412,0.1018,0.3554,-1.1067,-0.9632,-2.7455,0.0,0.0
1779744288899,1,Pitching Mound.Delivery,,Loading,pitch.0,698819,-0.5797,0.1893,1.2887,-2.5555,-0.6159,-5.5884,0.0,0.0
1779744288899,1,Pitching Mound.Drive,,Loading,pitch.0,699679,-1.0572,4.4757,39.5763,39.8989,0.7195,-2.7826,-0.0017,0.0959
1779744288899,1,Pitching Mound.Parent,,Loading,pitch.0,698143,-1.6369,4.665,40.865,37.3434,0.1036,-8.371,-0.0017,0.0977
1779744288900,1,11.0000004b,Drive,Loading,pitch.0,699680,-1.0687,4.4716,39.5314,39.9188,0.7393,-2.8145,-0.0018,0.0961
1779744288900,1,12.00000015,Lower Delivery,Loading,pitch.0,699767,-0.3524,0.0909,0.8985,-1.7082,0.1099,-2.8617,0.0,0.0
1779744288900,1,12.00000018,Upper Delivery,Loading,pitch.0,700454,-0.2573,0.1029,0.3623,-0.9057,-0.7565,-2.6106,0.0,0.0
1779744288900,1,Pitching Mound.Delivery,,Loading,pitch.0,698820,-0.6097,0.1938,1.2608,-2.4317,-0.6465,-5.4399,0.0,0.0
1779744288900,1,Pitching Mound.Drive,,Loading,pitch.0,699680,-1.0687,4.4716,39.5314,39.9188,0.7393,-2.8145,-0.0018,0.0961
1779744288900,1,Pitching Mound.Parent,,Loading,pitch.0,698144,-1.6784,4.6653,40.7922,37.4872,0.0927,-8.2545,-0.0017,0.0976
1779744288901,1,11.0000004b,Drive,Loading,pitch.0,699681,-1.0647,4.474,39.5387,39.952,0.7201,-2.8267,-0.0017,0.0961
1779744288901,1,12.00000015,Lower Delivery,Loading,pitch.0,699768,-0.3411,0.0882,0.8845,-1.6941,0.1142,-2.8532,0.0,0.0
1779744288901,1,12.00000018,Upper Delivery,Loading,pitch.0,700455,-0.2762,0.1082,0.3593,-1.129,-0.9932,-2.6348,0.0,0.0
1779744288901,1,Pitching Mound.Delivery,,Loading,pitch.0,698821,-0.6173,0.1964,1.2438,-2.6445,-0.8789,-5.4659,0.0,0.0
1779744288901,1,Pitching Mound.Drive,,Loading,pitch.0,699681,-1.0647,4.474,39.5387,39.952,0.7201,-2.8267,-0.0017,0.0961
1779744288901,1,Pitching Mound.Parent,,Loading,pitch.0,698145,-1.682,4.6704,40.7825,37.3075,-0.1589,-8.2926,-0.0017,0.0976
1779744288902,1,11.0000004b,Drive,Loading,pitch.0,699682,-1.0772,4.4582,39.5565,39.8995,0.8207,-2.8478,-0.002,0.096
1779744288902,1,12.00000015,Lower Delivery,Loading,pitch.0,699769,-0.3202,0.0838,0.9008,-1.933,-0.4076,-2.8622,0.0,0.0
1779744288902,1,12.00000018,Upper Delivery,Loading,pitch.0,700456,-0.2787,0.1029,0.3799,-0.9265,-0.7785,-2.613,0.0,0.0
1779744288902,1,Pitching Mound.Delivery,,Loading,pitch.0,698822,-0.5989,0.1867,1.2807,-2.6825,-1.1861,-5.461,0.0,0.0
1779744288902,1,Pitching Mound.Drive,,Loading,pitch.0,699682,-1.0772,4.4582,39.5565,39.8995,0.8207,-2.8478,-0.002,0.096
1779744288902,1,Pitching Mound.Parent,,Loading,pitch.0,698146,-1.6761,4.6449,40.8373,37.2171,-0.3654,-8.3088,-0.0019,0.0973
1779744288903,1,11.0000004b,Drive,Loading,pitch.0,699683,-1.0754,4.461,39.5823,39.8871,0.9853,-2.8182,-0.0024,0.0959
1779744288903,1,12.00000015,Lower Delivery,Loading,pitch.0,699770,-0.339,0.0884,0.9257,-2.2616,-0.8481,-2.8637,0.0,0.0
1779744288903,1,12.00000018,Upper Delivery,Loading,pitch.0,700457,-0.2633,0.0787,0.3447,-0.9549,-0.8082,-2.6233,0.0,0.0
1779744288903,1,Pitching Mound.Delivery,,Loading,pitch.0,698823,-0.6023,0.1672,1.2704,-3.019,-1.6563,-5.4612,0.0,0.0
1779744288903,1,Pitching Mound.Drive,,Loading,pitch.0,699683,-1.0754,4.461,39.5823,39.8871,0.9853,-2.8182,-0.0024,0.0959
1779744288903,1,Pitching Mound.Parent,,Loading,pitch.0,698147,-1.6777,4.6282,40.8527,36.8681,-0.671,-8.2795,-0.0023,0.0977
1779744288904,1,11.0000004b,Drive,Loading,pitch.0,699684,-1.0775,4.4726,39.4908,39.7771,1.0857,-2.8129,-0.0026,0.0958
1779744288904,1,12.00000015,Lower Delivery,Loading,pitch.0,699771,-0.3309,0.0858,0.9205,-2.699,-1.5197,-2.8522,0.0,0.0
1779744288904,1,12.00000018,Upper Delivery,Loading,pitch.0,700458,-0.2999,0.1054,0.3712,-1.1831,-1.0529,-2.598,0.0,0.0
1779744288904,1,Pitching Mound.Delivery,,Loading,pitch.0,698824,-0.6309,0.1912,1.2917,-3.6953,-2.5726,-5.4397,0.0,0.0
1779744288904,1,Pitching Mound.Drive,,Loading,pitch.0,699684,-1.0775,4.4726,39.4908,39.7771,1.0857,-2.8129,-0.0026,0.0958
1779744288904,1,Pitching Mound.Parent,,Loading,pitch.0,698148,-1.7084,4.6638,40.7825,36.0818,-1.4869,-8.2526,-0.0025,0.0974
1779744288905,1,11.0000004b,Drive,Loading,pitch.0,699685,-1.0777,4.4601,39.5193,39.8221,1.2231,-2.8152,-0.0029,0.0959
1779744288905,1,12.00000015,Lower Delivery,Loading,pitch.0,699772,-0.3175,0.0834,0.9529,-2.7474,-1.0048,-2.8954,0.0,0.0
1779744288905,1,12.00000018,Upper Delivery,Loading,pitch.0,700459,-0.3079,0.1142,0.3817,-1.278,-1.1517,-2.6426,0.0,0.0
1779744288905,1,Pitching Mound.Delivery,,Loading,pitch.0,698825,-0.6253,0.1976,1.3346,-3.8312,-2.1565,-5.5347,0.0,0.0
1779744288905,1,Pitching Mound.Drive,,Loading,pitch.0,699685,-1.0777,4.4601,39.5193,39.8221,1.2231,-2.8152,-0.0029,0.0959
1779744288905,1,Pitching Mound.Parent,,Loading,pitch.0,698149,-1.703,4.6577,40.8539,35.9909,-0.9334,-8.3499,-0.0028,0.0975
1779744288906,1,11.0000004b,Drive,Loading,pitch.0,699686,-1.0801,4.4667,39.5493,39.7812,1.2137,-2.8121,-0.0029,0.0957
1779744288906,1,12.00000015,Lower Delivery,Loading,pitch.0,699773,-0.3208,0.0835,0.9693,-2.8067,-1.2223,-2.8923,0.0,0.0
1779744288906,1,12.00000018,Upper Delivery,Loading,pitch.0,700460,-0.3068,0.1009,0.4205,-1.4637,-1.3465,-2.7002,0.0,0.0
1779744288906,1,Pitching Mound.Delivery,,Loading,pitch.0,698826,-0.6276,0.1845,1.3898,-4.0837,-2.5688,-5.5878,0.0,0.0
1779744288906,1,Pitching Mound.Drive,,Loading,pitch.0,699686,-1.0801,4.4667,39.5493,39.7812,1.2137,-2.8121,-0.0029,0.0957
1779744288906,1,Pitching Mound.Parent,,Loading,pitch.0,698150,-1.7077,4.6512,40.9391,35.6975,-1.3551,-8.3999,-0.0028,0.097
1779744288907,1,11.0000004b,Drive,Loading,pitch.0,699687,-1.0619,4.4618,39.5641,39.8093,1.2434,-2.798,-0.003,0.0957
1779744288907,1,12.00000015,Lower Delivery,Loading,pitch.0,699774,-0.351,0.0904,0.9437,-2.8175,-1.7207,-2.8588,0.0,0.0
1779744288907,1,12.00000018,Upper Delivery,Loading,pitch.0,700461,-0.3188,0.1179,0.4243,-1.4513,-1.3358,-2.6549,0.0,0.0
1779744288907,1,Pitching Mound.Delivery,,Loading,pitch.0,698827,-0.6698,0.2083,1.368,-4.0921,-3.0565,-5.5027,0.0,0.0
1779744288907,1,Pitching Mound.Drive,,Loading,pitch.0,699687,-1.0619,4.4618,39.5641,39.8093,1.2434,-2.798,-0.003,0.0957
1779744288907,1,Pitching Mound.Parent,,Loading,pitch.0,698151,-1.7317,4.6701,40.9321,35.7172,-1.8131,-8.3007,-0.0029,0.0968
1779744288908,1,11.0000004b,Drive,Loading,pitch.0,699688,-1.0742,4.473,39.5369,39.8606,1.3092,-2.801,-0.0031,0.0959
1779744288908,1,12.00000015,Lower Delivery,Loading,pitch.0,699775,-0.3264,0.0845,0.9296,-2.8394,-1.7098,-2.866,0.0,0.0
1779744288908,1,12.00000018,Upper Delivery,Loading,pitch.0,700462,-0.2899,0.0951,0.3394,-1.4247,-1.3079,-2.6465,0.0,0.0
1779744288908,1,Pitching Mound.Delivery,,Loading,pitch.0,698828,-0.6163,0.1796,1.269,-4.0634,-3.0178,-5.5001,0.0,0.0
1779744288908,1,Pitching Mound.Drive,,Loading,pitch.0,699688,-1.0742,4.473,39.5369,39.8606,1.3092,-2.801,-0.0031,0.0959
1779744288908,1,Pitching Mound.Parent,,Loading,pitch.0,698152,-1.6905,4.6526,40.8058,35.7972,-1.7086,-8.3011,-0.0031,0.0978
1779744288909,1,11.0000004b,Drive,Loading,pitch.0,699689,-1.0657,4.4745,39.5273,39.9317,1.2649,-2.7828,-0.003,0.0961
1779744288909,1,12.00000015,Lower Delivery,Loading,pitch.0,699776,-0.3221,0.0836,0.9046,-2.8617,-1.4832,-2.8013,0.0,0.0
1779744288909,1,12.00000018,Upper Delivery,Loading,pitch.0,700463,-0.2915,0.0756,0.3612,-1.5619,-1.4537,-2.6563,0.0,0.0
1779744288909,1,Pitching Mound.Delivery,,Loading,pitch.0,698829,-0.6136,0.1592,1.2658,-4.2388,-2.9369,-5.4472,0.0,0.0
1779744288909,1,Pitching Mound.Drive,,Loading,pitch.0,699689,-1.0657,4.4745,39.5273,39.9317,1.2649,-2.7828,-0.003,0.0961
1779744288909,1,Pitching Mound.Parent,,Loading,pitch.0,698153,-1.6794,4.6337,40.7932,35.6929,-1.6721,-8.23,-0.0029,0.0976
1779744288910,1,11.0000004b,Drive,Loading,pitch.0,699690,-1.0693,4.4659,39.6696,39.9705,1.2592,-2.7922,-0.003,0.0959
1779744288910,1,12.00000015,Lower Delivery,Loading,pitch.0,699777,-0.2855,0.0748,0.8784,-2.7484,-1.2219,-2.8545,0.0,0.0
1779744288910,1,12.00000018,Upper Delivery,Loading,pitch.0,700464,-0.3021,0.1031,0.3582,-1.5217,-1.4139,-2.6005,0.0,0.0
1779744288910,1,Pitching Mound.Delivery,,Loading,pitch.0,698830,-0.5875,0.1779,1.2366,-4.0932,-2.6358,-5.4606,0.0,0.0
1779744288910,1,Pitching Mound.Drive,,Loading,pitch.0,699690,-1.0693,4.4659,39.6696,39.9705,1.2592,-2.7922,-0.003,0.0959
1779744288910,1,Pitching Mound.Parent,,Loading,pitch.0,698154,-1.6568,4.6437,40.9062,35.8773,-1.3766,-8.2528,-0.0029,0.0973
1779744288911,1,11.0000004b,Drive,Loading,pitch.0,699691,-1.0611,4.4691,39.6944,39.9626,1.2999,-2.7886,-0.0031,0.0958
1779744288911,1,12.00000015,Lower Delivery,Loading,pitch.0,699778,-0.2493,0.0678,0.9023,-2.4906,-0.708,-2.8247,0.0,0.0
1779744288911,1,12.00000018,Upper Delivery,Loading,pitch.0,700465,-0.3043,0.1114,0.3582,-1.5294,-1.4218,-2.6075,0.0,0.0
1779744288911,1,Pitching Mound.Delivery,,Loading,pitch.0,698831,-0.5536,0.1792,1.2605,-3.835,-2.1298,-5.4509,0.0,0.0
1779744288911,1,Pitching Mound.Drive,,Loading,pitch.0,699691,-1.0611,4.4691,39.6944,39.9626,1.2999,-2.7886,-0.0031,0.0958
1779744288911,1,Pitching Mound.Parent,,Loading,pitch.0,698155,-1.6147,4.6483,40.955,36.1277,-0.8299,-8.2395,-0.003,0.0973
1779744288912,1,11.0000004b,Drive,Loading,pitch.0,699692,-1.06,4.4624,39.6507,39.9502,1.1464,-2.7929,-0.0028,0.0958
1779744288912,1,12.00000015,Lower Delivery,Loading,pitch.0,699779,-0.298,0.0771,0.9056,-2.2541,-0.4182,-2.8266,0.0,0.0
1779744288912,1,12.00000018,Upper Delivery,Loading,pitch.0,700466,-0.2979,0.1061,0.322,-1.1718,-1.0461,-2.506,0.0,0.0
1779744288912,1,Pitching Mound.Delivery,,Loading,pitch.0,698832,-0.5959,0.1832,1.2276,-3.2275,-1.4643,-5.3325,0.0,0.0
1779744288912,1,Pitching Mound.Drive,,Loading,pitch.0,699692,-1.06,4.4624,39.6507,39.9502,1.1464,-2.7929,-0.0028,0.0958
1779744288912,1,Pitching Mound.Parent,,Loading,pitch.0,698156,-1.6559,4.6456,40.8783,36.7227,-0.3179,-8.1254,-0.0027,0.0978
1779744288913,1,11.0000004b,Drive,Loading,pitch.0,699693,-1.0434,4.4697,39.7126,39.9951,1.0114,-2.7735,-0.0024,0.0958
1779744288913,1,12.00000015,Lower Delivery,Loading,pitch.0,699780,-0.2815,0.0736,0.968,-1.667,-0.1678,-2.8904,0.0,0.0
1779744288913,1,12.00000018,Upper Delivery,Loading,pitch.0,700467,-0.3076,0.0869,0.2856,-1.1632,-1.0371,-2.5017,0.0,0.0
1779744288913,1,Pitching Mound.Delivery,,Loading,pitch.0,698833,-0.5891,0.1605,1.2536,-2.5982,-1.2049,-5.401,0.0,0.0
1779744288913,1,Pitching Mound.Drive,,Loading,pitch.0,699693,-1.0434,4.4697,39.7126,39.9951,1.0114,-2.7735,-0.0024,0.0958
1779744288913,1,Pitching Mound.Parent,,Loading,pitch.0,698157,-1.6325,4.6302,40.9662,37.3969,-0.1936,-8.1746,-0.0023,0.0985
1779744288914,1,11.0000004b,Drive,Loading,pitch.0,699694,-1.0594,4.4658,39.7244,39.999,1.0555,-2.791,-0.0025,0.0958
1779744288914,1,12.00000015,Lower Delivery,Loading,pitch.0,699781,-0.2655,0.0704,0.9618,-1.6773,-0.0567,-2.8877,0.0,0.0
1779744288914,1,12.00000018,Upper Delivery,Loading,pitch.0,700468,-0.2837,0.0571,0.2512,-1.1841,-1.0593,-2.5036,0.0,0.0
1779744288914,1,Pitching Mound.Delivery,,Loading,pitch.0,698834,-0.5492,0.1274,1.213,-2.6198,-1.1161,-5.3974,0.0,0.0
1779744288914,1,Pitching Mound.Drive,,Loading,pitch.0,699694,-1.0594,4.4658,39.7244,39.999,1.0555,-2.791,-0.0025,0.0958
1779744288914,1,Pitching Mound.Parent,,Loading,pitch.0,698158,-1.6086,4.5932,40.9374,37.3791,-0.0606,-8.1884,-0.0025,0.0989
1779744288915,1,11.0000004b,Drive,Loading,pitch.0,699695,-1.0553,4.4714,39.7084,40.0459,1.0384,-2.8354,-0.0025,0.0959
1779744288915,1,12.00000015,Lower Delivery,Loading,pitch.0,699782,-0.2874,0.0759,1.0059,-1.6068,0.1923,-2.847,0.0,0.0
1779744288915,1,12.00000018,Upper Delivery,Loading,pitch.0,700469,-0.2885,0.0726,0.2744,-1.1697,-1.046,-2.467,0.0,0.0
1779744288915,1,Pitching Mound.Delivery,,Loading,pitch.0,698835,-0.5759,0.1485,1.2802,-2.5278,-0.8537,-5.3143,0.0,0.0
1779744288915,1,Pitching Mound.Drive,,Loading,pitch.0,699695,-1.0553,4.4714,39.7084,40.0459,1.0384,-2.8354,-0.0025,0.0959
1779744288915,1,Pitching Mound.Parent,,Loading,pitch.0,698159,-1.6312,4.6199,40.9886,37.5182,0.1847,-8.1497,-0.0024,0.099
1779744288916,1,11.0000004b,Drive,Loading,pitch.0,699696,-1.0544,4.4923,39.6613,40.0434,0.8335,-2.8278,-0.002,0.096
1779744288916,1,12.00000015,Lower Delivery,Loading,pitch.0,699783,-0.3242,0.0841,0.9758,-1.7147,-0.0389,-2.8023,0.0,0.0
1779744288916,1,12.00000018,Upper Delivery,Loading,pitch.0,700470,-0.2901,0.0849,0.2793,-0.9229,-0.7845,-2.4365,0.0,0.0
1779744288916,1,Pitching Mound.Delivery,,Loading,pitch.0,698836,-0.6144,0.169,1.2551,-2.4009,-0.8235,-5.2271,0.0,0.0
1779744288916,1,Pitching Mound.Drive,,Loading,pitch.0,699696,-1.0544,4.4923,39.6613,40.0434,0.8335,-2.8278,-0.002,0.096
1779744288916,1,Pitching Mound.Parent,,Loading,pitch.0,698160,-1.6687,4.6612,40.9164,37.6425,0.0101,-8.0549,-0.0019,0.0989
1779744288917,1,11.0000004b,Drive,Loading,pitch.0,699697,-1.068,4.494,39.6651,39.9971,0.9651,-2.8484,-0.0023,0.0959
1779744288917,1,12.00000015,Lower Delivery,Loading,pitch.0,699784,-0.3178,0.0823,0.944,-1.5208,0.3744,-2.8395,0.0,0.0
1779744288917,1,12.00000018,Upper Delivery,Loading,pitch.0,700471,-0.3024,0.0832,0.2751,-0.9522,-0.816,-2.4317,0.0,0.0
1779744288917,1,Pitching Mound.Delivery,,Loading,pitch.0,698837,-0.6202,0.1655,1.2191,-2.2457,-0.4417,-5.2659,0.0,0.0
1779744288917,1,Pitching Mound.Drive,,Loading,pitch.0,699697,-1.068,4.494,39.6651,39.9971,0.9651,-2.8484,-0.0023,0.0959
1779744288917,1,Pitching Mound.Parent,,Loading,pitch.0,698161,-1.6882,4.6595,40.8841,37.7515,0.5235,-8.1143,-0.0022,0.0986
1779744288918,1,11.0000004b,Drive,Loading,pitch.0,699698,-1.0686,4.5023,39.615,40.097,1.067,-2.8637,-0.0026,0.0963
1779744288918,1,12.00000015,Lower Delivery,Loading,pitch.0,699785,-0.2619,0.07,0.8945,-1.5748,0.2364,-2.8829,0.0,0.0
1779744288918,1,12.00000018,Upper Delivery,Loading,pitch.0,700472,-0.3112,0.0951,0.2886,-1.2226,-1.1004,-2.5027,0.0,0.0
1779744288918,1,Pitching Mound.Delivery,,Loading,pitch.0,698838,-0.5731,0.1651,1.1831,-2.5914,-0.864,-5.4023,0.0,0.0
1779744288918,1,Pitching Mound.Drive,,Loading,pitch.0,699698,-1.0686,4.5023,39.615,40.097,1.067,-2.8637,-0.0026,0.0963
1779744288918,1,Pitching Mound.Parent,,Loading,pitch.0,698162,-1.6418,4.6674,40.798,37.5056,0.203,-8.2661,-0.0025,0.0985
1779744288919,1,11.0000004b,Drive,Loading,pitch.0,699699,-1.0746,4.4999,39.6117,40.1122,1.1484,-2.8697,-0.0028,0.0963
1779744288919,1,12.00000015,Lower Delivery,Loading,pitch.0,699786,-0.2878,0.0756,0.8433,-1.5347,0.329,-2.869,0.0,0.0
1779744288919,1,12.00000018,Upper Delivery,Loading,pitch.0,700473,-0.3069,0.0968,0.3128,-1.2913,-1.1717,-2.5375,0.0,0.0
1779744288919,1,Pitching Mound.Delivery,,Loading,pitch.0,698839,-0.5947,0.1724,1.1562,-2.6456,-0.8427,-5.4131,0.0,0.0
1779744288919,1,Pitching Mound.Drive,,Loading,pitch.0,699699,-1.0746,4.4999,39.6117,40.1122,1.1484,-2.8697,-0.0028,0.0963
1779744288919,1,Pitching Mound.Parent,,Loading,pitch.0,698163,-1.6693,4.6723,40.7678,37.4666,0.3057,-8.2828,-0.0027,0.098
1779744288920,1,11.0000004b,Drive,Loading,pitch.0,699700,-1.0779,4.5044,39.5342,40.0829,1.1333,-2.8989,-0.0027,0.0964
1779744288920,1,12.00000015,Lower Delivery,Loading,pitch.0,699787,-0.304,0.0811,0.8805,-1.4962,0.3358,-2.8659,0.0,0.0
1779744288920,1,12.00000018,Upper Delivery,Loading,pitch.0,700474,-0.3034,0.1158,0.3211,-1.1176,-0.9873,-2.524,0.0,0.0
1779744288920,1,Pitching Mound.Delivery,,Loading,pitch.0,698840,-0.6074,0.1969,1.2016,-2.4236,-0.6515,-5.3896,0.0,0.0
1779744288920,1,Pitching Mound.Drive,,Loading,pitch.0,699700,-1.0779,4.5044,39.5342,40.0829,1.1333,-2.8989,-0.0027,0.0964
1779744288920,1,Pitching Mound.Parent,,Loading,pitch.0,698164,-1.6853,4.7013,40.7358,37.6593,0.4819,-8.2885,-0.0026,0.0983
1779744288921,1,11.0000004b,Drive,Loading,pitch.0,699701,-1.0757,4.4984,39.5071,40.1415,1.2144,-2.9053,-0.0029,0.0967
1779744288921,1,12.00000015,Lower Delivery,Loading,pitch.0,699788,-0.2837,0.095,0.9679,-1.3853,0.3634,-2.86,0.0,0.0
1779744288921,1,12.00000018,Upper Delivery,Loading,pitch.0,700475,-0.3111,0.1199,0.3312,-1.143,-1.0124,-2.5594,0.0,0.0
1779744288921,1,Pitching Mound.Delivery,,Loading,pitch.0,698841,-0.5948,0.2149,1.2991,-2.3119,-0.6489,-5.4287,0.0,0.0
1779744288921,1,Pitching Mound.Drive,,Loading,pitch.0,699701,-1.0757,4.4984,39.5071,40.1415,1.2144,-2.9053,-0.0029,0.0967
1779744288921,1,Pitching Mound.Parent,,Loading,pitch.0,698165,-1.6705,4.7133,40.8062,37.8296,0.5655,-8.334,-0.0028,0.0989
1779744288922,1,11.0000004b,Drive,Loading,pitch.0,699702,-1.0742,4.5014,39.4069,40.1893,1.3774,-2.8696,-0.0033,0.097
1779744288922,1,12.00000015,Lower Delivery,Loading,pitch.0,699789,-0.2886,0.0834,0.9511,-1.3358,0.3858,-2.8876,0.0,0.0
1779744288922,1,12.00000018,Upper Delivery,Loading,pitch.0,700476,-0.3042,0.1216,0.3471,-1.1245,-0.9893,-2.6196,0.0,0.0
1779744288922,1,Pitching Mound.Delivery,,Loading,pitch.0,698842,-0.5927,0.205,1.2982,-2.2549,-0.6034,-5.5124,0.0,0.0
1779744288922,1,Pitching Mound.Drive,,Loading,pitch.0,699702,-1.0742,4.5014,39.4069,40.1893,1.3774,-2.8696,-0.0033,0.097
1779744288922,1,Pitching Mound.Parent,,Loading,pitch.0,698166,-1.6669,4.7064,40.7051,37.9344,0.774,-8.3821,-0.0032,0.099
1779744288923,1,11.0000004b,Drive,Loading,pitch.0,699703,-1.0965,4.5067,39.4506,40.2259,1.6208,-2.8703,-0.0039,0.097
1779744288923,1,12.00000015,Lower Delivery,Loading,pitch.0,699790,-0.3078,0.0978,1.0488,-1.3392,0.3942,-2.9023,0.0,0.0
1779744288923,1,12.00000018,Upper Delivery,Loading,pitch.0,700477,-0.2667,0.0965,0.316,-1.0643,-0.9242,-2.6355,0.0,0.0
1779744288923,1,Pitching Mound.Delivery,,Loading,pitch.0,698843,-0.5745,0.1943,1.3647,-2.1544,-0.5299,-5.5238,0.0,0.0
1779744288923,1,Pitching Mound.Drive,,Loading,pitch.0,699703,-1.0965,4.5067,39.4506,40.2259,1.6208,-2.8703,-0.0039,0.097
1779744288923,1,Pitching Mound.Parent,,Loading,pitch.0,698167,-1.671,4.701,40.8153,38.0716,1.0909,-8.3941,-0.0038,0.0999
1779744288924,1,11.0000004b,Drive,Loading,pitch.0,699704,-1.0833,4.5064,39.4728,40.1584,1.6122,-2.8963,-0.0039,0.0968
1779744288924,1,12.00000015,Lower Delivery,Loading,pitch.0,699791,-0.3135,0.0893,1.039,-1.4075,0.3285,-2.8861,0.0,0.0
1779744288924,1,12.00000018,Upper Delivery,Loading,pitch.0,700478,-0.2668,0.0946,0.3022,-1.1012,-0.9653,-2.6047,0.0,0.0
1779744288924,1,Pitching Mound.Delivery,,Loading,pitch.0,698844,-0.5803,0.1838,1.3412,-2.2582,-0.6368,-5.4749,0.0,0.0
1779744288924,1,Pitching Mound.Drive,,Loading,pitch.0,699704,-1.0833,4.5064,39.4728,40.1584,1.6122,-2.8963,-0.0039,0.0968
1779744288924,1,Pitching Mound.Parent,,Loading,pitch.0,698168,-1.6636,4.6902,40.8139,37.9002,0.9754,-8.3712,-0.0038,0.0997
1779744288925,1,11.0000004b,Drive,Loading,pitch.0,699705,-1.074,4.4884,39.5889,40.206,1.5668,-2.8933,-0.0038,0.0966
1779744288925,1,12.00000015,Lower Delivery,Loading,pitch.0,699792,-0.3139,0.1075,1.1675,-1.2057,0.3538,-2.9188,0.0,0.0
1779744288925,1,12.00000018,Upper Delivery,Loading,pitch.0,700479,-0.2854,0.0996,0.2686,-0.745,-0.5897,-2.5266,0.0,0.0
1779744288925,1,Pitching Mound.Delivery,,Loading,pitch.0,698845,-0.5992,0.2071,1.4361,-1.6451,-0.2359,-5.4357,0.0,0.0
1779744288925,1,Pitching Mound.Drive,,Loading,pitch.0,699705,-1.074,4.4884,39.5889,40.206,1.5668,-2.8933,-0.0038,0.0966
1779744288925,1,Pitching Mound.Parent,,Loading,pitch.0,698169,-1.6732,4.6955,41.0251,38.561,1.3309,-8.329,-0.0036,0.1007
1779744288926,1,11.0000004b,Drive,Loading,pitch.0,699706,-1.0773,4.4805,39.6108,40.1508,1.6235,-2.8781,-0.0039,0.0964
1779744288926,1,12.00000015,Lower Delivery,Loading,pitch.0,699793,-0.2839,0.0866,1.1151,-1.202,0.1439,-2.944,0.0,0.0
1779744288926,1,12.00000018,Upper Delivery,Loading,pitch.0,700480,-0.2737,0.0875,0.2598,-0.6169,-0.4537,-2.515,0.0,0.0
1779744288926,1,Pitching Mound.Delivery,,Loading,pitch.0,698846,-0.5576,0.1741,1.3749,-1.5281,-0.3098,-5.4555,0.0,0.0
1779744288926,1,Pitching Mound.Drive,,Loading,pitch.0,699706,-1.0773,4.4805,39.6108,40.1508,1.6235,-2.8781,-0.0039,0.0964
1779744288926,1,Pitching Mound.Parent,,Loading,pitch.0,698170,-1.6349,4.6546,40.9858,38.6227,1.3137,-8.3336,-0.0038,0.1003
1779744288927,1,11.0000004b,Drive,Loading,pitch.0,699707,-1.0719,4.457,39.6599,40.1042,1.7151,-2.8742,-0.0041,0.0962
1779744288927,1,12.00000015,Lower Delivery,Loading,pitch.0,699794,-0.2757,0.0814,1.0813,-1.1553,0.1003,-2.9223,0.0,0.0
1779744288927,1,12.00000018,Upper Delivery,Loading,pitch.0,700481,-0.256,0.0826,0.2683,-0.4921,-0.3234,-2.4647,0.0,0.0
1779744288927,1,Pitching Mound.Delivery,,Loading,pitch.0,698847,-0.5317,0.1639,1.3496,-1.3709,-0.2231,-5.3803,0.0,0.0
1779744288927,1,Pitching Mound.Drive,,Loading,pitch.0,699707,-1.0719,4.457,39.6599,40.1042,1.7151,-2.8742,-0.0041,0.0962
1779744288927,1,Pitching Mound.Parent,,Loading,pitch.0,698171,-1.6036,4.6209,41.0096,38.7333,1.492,-8.2545,-0.004,0.0998
1779744288928,1,11.0000004b,Drive,Loading,pitch.0,699708,-1.0804,4.454,39.6394,40.0728,1.7311,-2.8954,-0.0042,0.0962
1779744288928,1,12.00000015,Lower Delivery,Loading,pitch.0,699795,-0.2793,0.0731,1.0004,-0.9691,-0.2705,-2.9182,0.0,0.0
1779744288928,1,12.00000018,Upper Delivery,Loading,pitch.0,700482,-0.2489,0.0895,0.29,-0.6111,-0.4464,-2.5352,0.0,0.0
1779744288928,1,Pitching Mound.Delivery,,Loading,pitch.0,698848,-0.5282,0.1625,1.2904,-1.3387,-0.7169,-5.443,0.0,0.0
1779744288928,1,Pitching Mound.Drive,,Loading,pitch.0,699708,-1.0804,4.454,39.6394,40.0728,1.7311,-2.8954,-0.0042,0.0962
1779744288928,1,Pitching Mound.Parent,,Loading,pitch.0,698172,-1.6086,4.6165,40.9298,38.7341,1.0142,-8.3384,-0.004,0.099
1779744288929,1,11.0000004b,Drive,Loading,pitch.0,699709,-1.0809,4.4505,39.6086,40.0077,1.8727,-2.9076,-0.0045,0.0961
1779744288929,1,12.00000015,Lower Delivery,Loading,pitch.0,699796,-0.311,0.0795,0.9748,-0.9177,-0.3743,-2.8956,0.0,0.0
1779744288929,1,12.00000018,Upper Delivery,Loading,pitch.0,700483,-0.2501,0.0859,0.2764,-0.4217,-0.249,-2.4523,0.0,0.0
1779744288929,1,Pitching Mound.Delivery,,Loading,pitch.0,698849,-0.5611,0.1655,1.2512,-1.1019,-0.6234,-5.3272,0.0,0.0
1779744288929,1,Pitching Mound.Drive,,Loading,pitch.0,699709,-1.0809,4.4505,39.6086,40.0077,1.8727,-2.9076,-0.0045,0.0961
1779744288929,1,Pitching Mound.Parent,,Loading,pitch.0,698173,-1.642,4.6159,40.8598,38.9058,1.2494,-8.2347,-0.0044,0.099
1779744288930,1,11.0000004b,Drive,Loading,pitch.0,699710,-1.0843,4.4513,39.564,39.961,1.8626,-2.9269,-0.0045,0.0961
1779744288930,1,12.00000015,Lower Delivery,Loading,pitch.0,699797,-0.3207,0.0809,0.8738,-0.9792,-0.4396,-2.8685,0.0,0.0
1779744288930,1,12.00000018,Upper Delivery,Loading,pitch.0,700484,-0.2563,0.1161,0.3364,-0.4544,-0.2819,-2.4887,0.0,0.0
1779744288930,1,Pitching Mound.Delivery,,Loading,pitch.0,698850,-0.577,0.1969,1.2101,-1.2509,-0.7215,-5.3352,0.0,0.0
1779744288930,1,Pitching Mound.Drive,,Loading,pitch.0,699710,-1.0843,4.4513,39.564,39.961,1.8626,-2.9269,-0.0045,0.0961
1779744288930,1,Pitching Mound.Parent,,Loading,pitch.0,698174,-1.6613,4.6482,40.7741,38.7101,1.1411,-8.2621,-0.0043,0.0977
1779744288931,1,11.0000004b,Drive,Loading,pitch.0,699711,-1.0803,4.4507,39.5898,39.9216,1.966,-2.9401,-0.0047,0.0959
1779744288931,1,12.00000015,Lower Delivery,Loading,pitch.0,699798,-0.3096,0.0783,0.8548,-0.9164,-0.3776,-2.8881,0.0,0.0
1779744288931,1,12.00000018,Upper Delivery,Loading,pitch.0,700485,-0.2619,0.116,0.334,-0.5617,-0.3975,-2.4665,0.0,0.0
1779744288931,1,Pitching Mound.Delivery,,Loading,pitch.0,698851,-0.5714,0.1943,1.1888,-1.3011,-0.7751,-5.3384,0.0,0.0
1779744288931,1,Pitching Mound.Drive,,Loading,pitch.0,699711,-1.0803,4.4507,39.5898,39.9216,1.966,-2.9401,-0.0047,0.0959
1779744288931,1,Pitching Mound.Parent,,Loading,pitch.0,698175,-1.6517,4.6451,40.7786,38.6206,1.1909,-8.2785,-0.0046,0.0975
1779744288932,1,11.0000004b,Drive,Loading,pitch.0,699712,-1.0813,4.4486,39.5677,39.8629,2.0393,-2.9559,-0.0049,0.0958
1779744288932,1,12.00000015,Lower Delivery,Loading,pitch.0,699799,-0.2996,0.0765,0.8676,-1.2806,0.1032,-2.8994,0.0,0.0
1779744288932,1,12.00000018,Upper Delivery,Loading,pitch.0,700486,-0.232,0.0908,0.3342,-0.4949,-0.3268,-2.4568,0.0,0.0
1779744288932,1,Pitching Mound.Delivery,,Loading,pitch.0,698852,-0.5316,0.1673,1.2018,-1.5941,-0.2236,-5.3331,0.0,0.0
1779744288932,1,Pitching Mound.Drive,,Loading,pitch.0,699712,-1.0813,4.4486,39.5677,39.8629,2.0393,-2.9559,-0.0049,0.0958
1779744288932,1,Pitching Mound.Parent,,Loading,pitch.0,698176,-1.6129,4.6158,40.7695,38.2687,1.8157,-8.289,-0.0048,0.0975
1779744288933,1,11.0000004b,Drive,Loading,pitch.0,699713,-1.0854,4.4538,39.5621,39.8295,1.9983,-2.9701,-0.0048,0.0958
1779744288933,1,12.00000015,Lower Delivery,Loading,pitch.0,699800,-0.2886,0.0738,0.8406,-1.0562,0.1836,-2.899,0.0,0.0
1779744288933,1,12.00000018,Upper Delivery,Loading,pitch.0,700487,-0.2808,0.163,0.4212,-0.718,-0.5635,-2.4811,0.0,0.0
1779744288933,1,Pitching Mound.Delivery,,Loading,pitch.0,698853,-0.5694,0.2369,1.2617,-1.6317,-0.3799,-5.3774,0.0,0.0
1779744288933,1,Pitching Mound.Drive,,Loading,pitch.0,699713,-1.0854,4.4538,39.5621,39.8295,1.9983,-2.9701,-0.0048,0.0958
1779744288933,1,Pitching Mound.Parent,,Loading,pitch.0,698177,-1.6548,4.6906,40.8238,38.1978,1.6185,-8.3475,-0.0047,0.0963
1779744288934,1,11.0000004b,Drive,Loading,pitch.0,699714,-1.0713,4.4503,39.6009,39.8901,2.0806,-2.9594,-0.005,0.0958
1779744288934,1,12.00000015,Lower Delivery,Loading,pitch.0,699801,-0.2765,0.072,0.8588,-1.1367,0.3822,-2.9108,0.0,0.0
1779744288934,1,12.00000018,Upper Delivery,Loading,pitch.0,700488,-0.292,0.1774,0.439,-0.8736,-0.7247,-2.5644,0.0,0.0
1779744288934,1,Pitching Mound.Delivery,,Loading,pitch.0,698854,-0.5684,0.2494,1.2978,-1.8676,-0.3425,-5.4805,0.0,0.0
1779744288934,1,Pitching Mound.Drive,,Loading,pitch.0,699714,-1.0713,4.4503,39.6009,39.8901,2.0806,-2.9594,-0.005,0.0958
1779744288934,1,Pitching Mound.Parent,,Loading,pitch.0,698178,-1.6398,4.6997,40.8987,38.0225,1.7381,-8.4398,-0.0048,0.0963
1779744288935,1,11.0000004b,Drive,Loading,pitch.0,699715,-1.0747,4.4517,39.5577,39.8589,2.2414,-2.9813,-0.0054,0.0959
1779744288935,1,12.00000015,Lower Delivery,Loading,pitch.0,699802,-0.2533,0.0765,0.961,-1.234,0.4252,-2.9011,0.0,0.0
1779744288935,1,12.00000018,Upper Delivery,Loading,pitch.0,700489,-0.3048,0.1875,0.4373,-0.8158,-0.6617,-2.5903,0.0,0.0
1779744288935,1,Pitching Mound.Delivery,,Loading,pitch.0,698855,-0.5582,0.264,1.3983,-1.8718,-0.2365,-5.509,0.0,0.0
1779744288935,1,Pitching Mound.Drive,,Loading,pitch.0,699715,-1.0747,4.4517,39.5577,39.8589,2.2414,-2.9813,-0.0054,0.0959
1779744288935,1,Pitching Mound.Parent,,Loading,pitch.0,698179,-1.6328,4.7157,40.956,37.9871,2.0049,-8.4903,-0.0052,0.0969
1779744288936,1,11.0000004b,Drive,Loading,pitch.0,699716,-1.0625,4.4529,39.557,39.8023,2.1972,-2.9844,-0.0053,0.0957
1779744288936,1,12.00000015,Lower Delivery,Loading,pitch.0,699803,-0.2687,0.0729,0.9979,-1.4616,0.4638,-2.916,0.0,0.0
1779744288936,1,12.00000018,Upper Delivery,Loading,pitch.0,700490,-0.3254,0.1928,0.4633,-0.8965,-0.7468,-2.6058,0.0,0.0
1779744288936,1,12.00000018,Upper Delivery,Loading,pitch.0,700491,-0.3306,0.19,0.4137,-0.6979,-0.5333,-2.6375,0.0,0.0
1779744288936,1,Pitching Mound.Delivery,,Loading,pitch.0,698856,-0.594,0.2657,1.4612,-2.1763,-0.2831,-5.5411,0.0,0.0
1779744288936,1,Pitching Mound.Drive,,Loading,pitch.0,699716,-1.0625,4.4529,39.557,39.8023,2.1972,-2.9844,-0.0053,0.0957
1779744288936,1,Pitching Mound.Parent,,Loading,pitch.0,698180,-1.6565,4.7186,41.0182,37.626,1.9141,-8.5255,-0.0051,0.0967
1779744288937,1,11.0000004b,Drive,Loading,pitch.0,699717,-1.0597,4.4513,39.5366,39.7821,2.2303,-2.9761,-0.0054,0.0957
1779744288937,1,12.00000015,Lower Delivery,Loading,pitch.0,699804,-0.257,0.0805,0.996,-1.3504,0.3439,-2.9493,0.0,0.0
1779744288937,1,12.00000018,Upper Delivery,Loading,pitch.0,700492,-0.3301,0.1742,0.3833,-0.7407,-0.5773,-2.6664,0.0,0.0
1779744288937,1,Pitching Mound.Delivery,,Loading,pitch.0,698857,-0.5876,0.2704,1.4097,-1.8504,-0.1893,-5.6118,0.0,0.0
1779744288937,1,Pitching Mound.Drive,,Loading,pitch.0,699717,-1.0597,4.4513,39.5366,39.7821,2.2303,-2.9761,-0.0054,0.0957
1779744288937,1,Pitching Mound.Parent,,Loading,pitch.0,698181,-1.6473,4.7217,40.9463,37.9317,2.041,-8.5879,-0.0052,0.0973
1779744288938,1,11.0000004b,Drive,Loading,pitch.0,699718,-1.0541,4.4512,39.5989,39.8588,2.3827,-2.9933,-0.0057,0.0958
1779744288938,1,12.00000015,Lower Delivery,Loading,pitch.0,699805,-0.2505,0.0858,1.0292,-1.3232,0.4985,-2.9748,0.0,0.0
1779744288938,1,12.00000018,Upper Delivery,Loading,pitch.0,700493,-0.3523,0.1761,0.3627,-0.5698,-0.3983,-2.6087,0.0,0.0
1779744288938,1,Pitching Mound.Delivery,,Loading,pitch.0,698858,-0.5806,0.26,1.4124,-1.8443,-0.0789,-5.6683,0.0,0.0
1779744288938,1,Pitching Mound.Drive,,Loading,pitch.0,699718,-1.0541,4.4512,39.5989,39.8588,2.3827,-2.9933,-0.0057,0.0958
1779744288938,1,Pitching Mound.Parent,,Loading,pitch.0,698182,-1.6347,4.7112,41.0114,38.0145,2.3038,-8.6616,-0.0055,0.0978
1779744288939,1,11.0000004b,Drive,Loading,pitch.0,699719,-1.0432,4.4453,39.6128,39.8302,2.5274,-2.9694,-0.0061,0.0957
1779744288939,1,12.00000015,Lower Delivery,Loading,pitch.0,699806,-0.2349,0.0976,1.0471,-1.2937,0.4685,-3.0201,0.0,0.0
1779744288939,1,12.00000018,Upper Delivery,Loading,pitch.0,700494,-0.3729,0.1827,0.3768,-0.6918,-0.5252,-2.6652,0.0,0.0
1779744288939,1,Pitching Mound.Delivery,,Loading,pitch.0,698859,-0.5872,0.2738,1.4098,-1.6308,0.0702,-5.6688,0.0,0.0
1779744288939,1,Pitching Mound.Drive,,Loading,pitch.0,699719,-1.0432,4.4453,39.6128,39.8302,2.5274,-2.9694,-0.0061,0.0957
1779744288939,1,Pitching Mound.Parent,,Loading,pitch.0,698183,-1.6303,4.719,41.0226,38.1993,2.5976,-8.6382,-0.0059,0.098
1779744288940,1,11.0000004b,Drive,Loading,pitch.0,699720,-1.0291,4.4532,39.6597,39.8447,2.348,-2.9756,-0.0056,0.0956
1779744288940,1,12.00000015,Lower Delivery,Loading,pitch.0,699807,-0.212,0.1255,0.9378,-1.2256,0.472,-3.0102,0.0,0.0
1779744288940,1,Pitching Mound.Delivery,,Loading,pitch.0,698860,-0.585,0.3082,1.3146,-1.7266,-0.0532,-5.7301,0.0,0.0
1779744288940,1,Pitching Mound.Drive,,Loading,pitch.0,699720,-1.0291,4.4532,39.6597,39.8447,2.348,-2.9756,-0.0056,0.0956
1779744288940,1,Pitching Mound.Parent,,Loading,pitch.0,698184,-1.614,4.7614,40.9743,38.118,2.2948,-8.7057,-0.0055,0.0972
1779744288941,1,11.0000004b,Drive,Loading,pitch.0,699721,-1.0096,4.4541,39.6356,39.8686,2.3282,-2.9795,-0.0056,0.0957
1779744288941,1,12.00000015,Lower Delivery,Loading,pitch.0,699808,-0.2002,0.1255,1.0122,-1.5129,0.5554,-3.0145,0.0,0.0
1779744288941,1,12.00000018,Upper Delivery,Loading,pitch.0,700495,-0.3671,0.1999,0.3801,-0.8896,-0.7331,-2.7206,0.0,0.0
1779744288941,1,Pitching Mound.Delivery,,Loading,pitch.0,698861,-0.5673,0.3254,1.3923,-2.1875,-0.1777,-5.7918,0.0,0.0
1779744288941,1,Pitching Mound.Drive,,Loading,pitch.0,699721,-1.0096,4.4541,39.6356,39.8686,2.3282,-2.9795,-0.0056,0.0957
1779744288941,1,Pitching Mound.Parent,,Loading,pitch.0,698185,-1.5769,4.7794,41.0279,37.6811,2.1506,-8.7713,-0.0054,0.0977
1779744288942,1,11.0000004b,Drive,Loading,pitch.0,699722,-1.0055,4.4524,39.5773,39.8299,2.2931,-2.9747,-0.0055,0.0957
1779744288942,1,12.00000015,Lower Delivery,Loading,pitch.0,699809,-0.208,0.0984,0.9502,-1.3279,0.3505,-3.0255,0.0,0.0
1779744288942,1,12.00000018,Upper Delivery,Loading,pitch.0,700496,-0.4158,0.2272,0.5467,-0.9033,-0.7459,-2.7526,0.0,0.0
1779744288942,1,Pitching Mound.Delivery,,Loading,pitch.0,698862,-0.6238,0.3255,1.4969,-2.094,-0.3954,-5.8487,0.0,0.0
1779744288942,1,Pitching Mound.Drive,,Loading,pitch.0,699722,-1.0055,4.4524,39.5773,39.8299,2.2931,-2.9747,-0.0055,0.0957
1779744288942,1,Pitching Mound.Parent,,Loading,pitch.0,698186,-1.6293,4.7779,41.0741,37.7359,1.8977,-8.8234,-0.0053,0.0956
1779744288943,1,11.0000004b,Drive,Loading,pitch.0,699723,-0.9924,4.4544,39.4949,39.6945,2.1712,-2.9543,-0.0052,0.0956
1779744288943,1,12.00000015,Lower Delivery,Loading,pitch.0,699810,-0.2106,0.0953,0.8892,-1.478,0.0788,-3.0306,0.0,0.0
1779744288943,1,12.00000018,Upper Delivery,Loading,pitch.0,700497,-0.4095,0.2532,0.5986,-0.8939,-0.7367,-2.7383,0.0,0.0
1779744288943,1,Pitching Mound.Delivery,,Loading,pitch.0,698863,-0.6201,0.3486,1.4878,-2.2731,-0.6578,-5.8365,0.0,0.0
1779744288943,1,Pitching Mound.Drive,,Loading,pitch.0,699723,-0.9924,4.4544,39.4949,39.6945,2.1712,-2.9543,-0.0052,0.0956
1779744288943,1,Pitching Mound.Parent,,Loading,pitch.0,698187,-1.6125,4.803,40.9828,37.4214,1.5134,-8.7908,-0.005,0.0945
1779744288944,1,11.0000004b,Drive,Loading,pitch.0,699724,-0.988,4.4746,39.5309,39.8804,2.1319,-2.9785,-0.0051,0.096
1779744288944,1,12.00000015,Lower Delivery,Loading,pitch.0,699811,-0.2278,0.0999,0.9727,-1.5399,-0.0786,-3.0341,0.0,0.0
1779744288944,1,12.00000018,Upper Delivery,Loading,pitch.0,700498,-0.4524,0.3012,0.7067,-0.9503,-0.7967,-2.7415,0.0,0.0
1779744288944,1,Pitching Mound.Delivery,,Loading,pitch.0,698864,-0.6802,0.4011,1.6794,-2.3998,-0.8753,-5.8519,0.0,0.0
1779744288944,1,Pitching Mound.Drive,,Loading,pitch.0,699724,-0.988,4.4746,39.5309,39.8804,2.1319,-2.9785,-0.0051,0.096
1779744288944,1,Pitching Mound.Parent,,Loading,pitch.0,698188,-1.6682,4.8757,41.2103,37.4806,1.2566,-8.8304,-0.0049,0.0943
1779744288945,1,11.0000004b,Drive,Loading,pitch.0,699725,-0.9893,4.4858,39.4802,39.8719,2.1321,-3.0031,-0.0051,0.0961
1779744288945,1,12.00000015,Lower Delivery,Loading,pitch.0,699812,-0.2291,0.0885,0.8883,-1.5302,-0.0893,-2.955,0.0,0.0
1779744288945,1,12.00000018,Upper Delivery,Loading,pitch.0,700499,-0.393,0.2575,0.5952,-1.0175,-0.869,-2.7296,0.0,0.0
1779744288945,1,Pitching Mound.Delivery,,Loading,pitch.0,698865,-0.6221,0.3461,1.4835,-2.448,-0.9582,-5.7404,0.0,0.0
1779744288945,1,Pitching Mound.Drive,,Loading,pitch.0,699725,-0.9893,4.4858,39.4802,39.8719,2.1321,-3.0031,-0.0051,0.0961
1779744288945,1,Pitching Mound.Parent,,Loading,pitch.0,698189,-1.6113,4.8318,40.9637,37.4239,1.1739,-8.7435,-0.005,0.095
1779744288946,1,11.0000004b,Drive,Loading,pitch.0,699726,-0.9863,4.476,39.3817,39.8529,2.1476,-3.0069,-0.0052,0.0963
1779744288946,1,12.00000015,Lower Delivery,Loading,pitch.0,699813,-0.2721,0.0767,0.8736,-1.7127,-0.2351,-2.9757,0.0,0.0
1779744288946,1,12.00000018,Upper Delivery,Loading,pitch.0,700500,-0.3268,0.1929,0.4056,-0.9964,-0.8491,-2.682,0.0,0.0
1779744288946,1,12.00000018,Upper Delivery,Loading,pitch.0,700501,-0.3064,0.19,0.4312,-1.0369,-0.8909,-2.7076,0.0,0.0
1779744288946,1,Pitching Mound.Delivery,,Loading,pitch.0,698866,-0.5989,0.2696,1.2793,-2.5499,-1.0842,-5.6762,0.0,0.0
1779744288946,1,Pitching Mound.Drive,,Loading,pitch.0,699726,-0.9863,4.476,39.3817,39.8529,2.1476,-3.0069,-0.0052,0.0963
1779744288946,1,Pitching Mound.Parent,,Loading,pitch.0,698190,-1.5852,4.7456,40.661,37.303,1.0634,-8.6831,-0.005,0.0972
1779744288947,1,11.0000004b,Drive,Loading,pitch.0,699727,-0.9904,4.4914,39.3822,39.8256,2.0819,-3.041,-0.005,0.0962
1779744288947,1,12.00000015,Lower Delivery,Loading,pitch.0,699814,-0.2721,0.0725,0.806,-1.7313,-0.2732,-2.9512,0.0,0.0
1779744288947,1,Pitching Mound.Delivery,,Loading,pitch.0,698867,-0.5785,0.2625,1.2372,-2.6408,-1.1641,-5.6705,0.0,0.0
1779744288947,1,Pitching Mound.Drive,,Loading,pitch.0,699727,-0.9904,4.4914,39.3822,39.8256,2.0819,-3.041,-0.005,0.0962
1779744288947,1,Pitching Mound.Parent,,Loading,pitch.0,698191,-1.5689,4.7539,40.6194,37.1848,0.9178,-8.7115,-0.0049,0.0964
1779744288948,1,11.0000004b,Drive,Loading,pitch.0,699728,-0.9888,4.4982,39.385,39.918,1.9937,-3.0524,-0.0048,0.0964
1779744288948,1,12.00000015,Lower Delivery,Loading,pitch.0,699815,-0.2781,0.0778,0.9244,-1.8108,-0.0648,-2.9371,0.0,0.0
1779744288948,1,12.00000018,Upper Delivery,Loading,pitch.0,700502,-0.309,0.2046,0.4559,-0.995,-0.8496,-2.6457,0.0,0.0
1779744288948,1,12.00000018,Upper Delivery,Loading,pitch.0,700503,-0.342,0.2256,0.4907,-1.2901,-1.1602,-2.7215,0.0,0.0
1779744288948,1,Pitching Mound.Delivery,,Loading,pitch.0,698868,-0.5871,0.2824,1.3802,-2.6465,-0.9145,-5.5933,0.0,0.0
1779744288948,1,Pitching Mound.Drive,,Loading,pitch.0,699728,-0.9888,4.4982,39.385,39.918,1.9937,-3.0524,-0.0048,0.0964
1779744288948,1,Pitching Mound.Parent,,Loading,pitch.0,698192,-1.5758,4.7806,40.7652,37.2715,1.0792,-8.6457,-0.0047,0.0971
1779744288949,1,11.0000004b,Drive,Loading,pitch.0,699729,-0.9953,4.5142,39.3083,39.8804,2.057,-3.0806,-0.005,0.0965
1779744288949,1,12.00000015,Lower Delivery,Loading,pitch.0,699816,-0.2943,0.0787,0.893,-1.7815,-0.1632,-2.9259,0.0,0.0
1779744288949,1,12.00000018,Upper Delivery,Loading,pitch.0,700504,-0.325,0.2208,0.5357,-1.3406,-1.2139,-2.7234,0.0,0.0
1779744288949,1,Pitching Mound.Delivery,,Loading,pitch.0,698869,-0.6363,0.3043,1.3837,-2.9348,-1.3234,-5.6636,0.0,0.0
1779744288949,1,Pitching Mound.Drive,,Loading,pitch.0,699729,-0.9953,4.5142,39.3083,39.8804,2.057,-3.0806,-0.005,0.0965
1779744288949,1,Pitching Mound.Parent,,Loading,pitch.0,698193,-1.6316,4.8185,40.692,36.9456,0.7335,-8.7443,-0.0048,0.0966
1779744288950,1,11.0000004b,Drive,Loading,pitch.0,699730,-1.0026,4.506,39.2437,39.8517,2.0663,-3.0422,-0.005,0.0966
1779744288950,1,12.00000015,Lower Delivery,Loading,pitch.0,699817,-0.2985,0.0782,0.8595,-1.7246,-0.3081,-2.9122,0.0,0.0
1779744288950,1,Pitching Mound.Delivery,,Loading,pitch.0,698870,-0.6235,0.299,1.3952,-2.9551,-1.522,-5.6446,0.0,0.0
1779744288950,1,Pitching Mound.Drive,,Loading,pitch.0,699730,-1.0026,4.506,39.2437,39.8517,2.0663,-3.0422,-0.005,0.0966
1779744288950,1,Pitching Mound.Parent,,Loading,pitch.0,698194,-1.6261,4.8051,40.6389,36.8965,0.5442,-8.6868,-0.0048,0.096
1779744288951,1,11.0000004b,Drive,Loading,pitch.0,699731,-1.0082,4.5089,39.2537,39.8023,2.0651,-3.052,-0.005,0.0965
1779744288951,1,12.00000015,Lower Delivery,Loading,pitch.0,699818,-0.2714,0.0735,0.9437,-1.6642,-0.2829,-2.9305,0.0,0.0
1779744288951,1,12.00000018,Upper Delivery,Loading,pitch.0,700505,-0.3551,0.2365,0.5031,-1.4544,-1.3028,-2.7612,0.0,0.0
1779744288951,1,Pitching Mound.Delivery,,Loading,pitch.0,698871,-0.6264,0.31,1.4469,-2.9688,-1.5857,-5.7202,0.0,0.0
1779744288951,1,Pitching Mound.Drive,,Loading,pitch.0,699731,-1.0082,4.5089,39.2537,39.8023,2.0651,-3.052,-0.005,0.0965
1779744288951,1,Pitching Mound.Parent,,Loading,pitch.0,698195,-1.6346,4.8189,40.7006,36.8335,0.4794,-8.7722,-0.0048,0.0967
1779744288952,1,11.0000004b,Drive,Loading,pitch.0,699732,-0.9971,4.5031,39.2531,39.7895,2.0828,-3.0541,-0.005,0.0964
1779744288952,1,12.00000015,Lower Delivery,Loading,pitch.0,699819,-0.2748,0.0766,0.7988,-1.53,-0.1694,-2.8613,0.0,0.0
1779744288952,1,12.00000018,Upper Delivery,Loading,pitch.0,700506,-0.3637,0.2384,0.5006,-1.4102,-1.2516,-2.7861,0.0,0.0
1779744288952,1,Pitching Mound.Delivery,,Loading,pitch.0,698872,-0.6385,0.315,1.2994,-2.8388,-1.421,-5.6777,0.0,0.0
1779744288952,1,Pitching Mound.Drive,,Loading,pitch.0,699732,-0.9971,4.5031,39.2531,39.7895,2.0828,-3.0541,-0.005,0.0964
1779744288952,1,Pitching Mound.Parent,,Loading,pitch.0,698196,-1.6355,4.818,40.5525,36.9507,0.6618,-8.7318,-0.0049,0.0958
1779744288953,1,11.0000004b,Drive,Loading,pitch.0,699733,-1.0155,4.5044,39.3074,39.8411,2.1821,-3.0623,-0.0053,0.0964
1779744288953,1,12.00000015,Lower Delivery,Loading,pitch.0,699820,-0.2982,0.0841,0.8516,-1.6651,-0.1484,-2.9001,0.0,0.0
1779744288953,1,12.00000018,Upper Delivery,Loading,pitch.0,700507,-0.361,0.2347,0.4988,-1.5617,-1.3084,-2.7832,0.0,0.0
1779744288953,1,Pitching Mound.Delivery,,Loading,pitch.0,698873,-0.6592,0.3188,1.3504,-3.1069,-1.4568,-5.7047,0.0,0.0
1779744288953,1,Pitching Mound.Drive,,Loading,pitch.0,699733,-1.0155,4.5044,39.3074,39.8411,2.1821,-3.0623,-0.0053,0.0964
1779744288953,1,Pitching Mound.Parent,,Loading,pitch.0,698197,-1.6746,4.8232,40.6578,36.7342,0.7252,-8.767,-0.0051,0.0962
1779744288954,1,11.0000004b,Drive,Loading,pitch.0,699734,-1.0081,4.4904,39.2077,39.7982,2.135,-3.0583,-0.0052,0.0966
1779744288954,1,12.00000015,Lower Delivery,Loading,pitch.0,699821,-0.2652,0.106,0.9167,-1.6903,0.0689,-2.908,0.0,0.0
1779744288954,1,12.00000018,Upper Delivery,Loading,pitch.0,700508,-0.3688,0.2216,0.4811,-1.576,-1.3623,-2.7845,0.0,0.0
1779744288954,1,Pitching Mound.Delivery,,Loading,pitch.0,698874,-0.634,0.3277,1.3978,-3.1182,-1.2934,-5.7277,0.0,0.0
1779744288954,1,Pitching Mound.Drive,,Loading,pitch.0,699734,-1.0081,4.4904,39.2077,39.7982,2.135,-3.0583,-0.0052,0.0966
1779744288954,1,Pitching Mound.Parent,,Loading,pitch.0,698198,-1.6421,4.8181,40.6056,36.68,0.8416,-8.786,-0.005,0.0969
1779744288955,1,11.0000004b,Drive,Loading,pitch.0,699735,-1.0135,4.4934,39.1783,39.7409,2.1987,-3.0453,-0.0053,0.0965
1779744288955,1,12.00000015,Lower Delivery,Loading,pitch.0,699822,-0.2525,0.1123,0.963,-1.2721,0.0857,-2.9136,0.0,0.0
1779744288955,1,12.00000018,Upper Delivery,Loading,pitch.0,700509,-0.3291,0.1891,0.432,-1.7163,-1.5374,-2.8132,0.0,0.0
1779744288955,1,Pitching Mound.Delivery,,Loading,pitch.0,698875,-0.5815,0.3014,1.395,-2.8079,-1.4517,-5.7529,0.0,0.0
1779744288955,1,Pitching Mound.Drive,,Loading,pitch.0,699735,-1.0135,4.4934,39.1783,39.7409,2.1987,-3.0453,-0.0053,0.0965
1779744288955,1,Pitching Mound.Parent,,Loading,pitch.0,698199,-1.5951,4.7948,40.5733,36.9331,0.747,-8.7982,-0.0052,0.0976
1779744288956,1,11.0000004b,Drive,Loading,pitch.0,699736,-1.0011,4.49,39.1809,39.8104,2.0929,-3.0298,-0.0051,0.0967
1779744288956,1,12.00000015,Lower Delivery,Loading,pitch.0,699823,-0.219,0.1375,1.0378,-0.9812,0.5221,-2.9471,0.0,0.0
1779744288956,1,12.00000018,Upper Delivery,Loading,pitch.0,700510,-0.3603,0.2132,0.4665,-2.101,-1.2406,-2.9086,0.0,0.0
1779744288956,1,Pitching Mound.Delivery,,Loading,pitch.0,698876,-0.5793,0.3507,1.5044,-2.888,-0.7185,-5.9038,0.0,0.0
1779744288956,1,Pitching Mound.Drive,,Loading,pitch.0,699736,-1.0011,4.49,39.1809,39.8104,2.0929,-3.0298,-0.0051,0.0967
1779744288956,1,Pitching Mound.Parent,,Loading,pitch.0,698200,-1.5804,4.8407,40.6853,36.9224,1.3745,-8.9336,-0.0049,0.0979
1779744288957,1,11.0000004b,Drive,Loading,pitch.0,699737,-1.0088,4.498,39.1788,39.7412,2.0986,-3.0127,-0.0051,0.0965
1779744288957,1,12.00000015,Lower Delivery,Loading,pitch.0,699824,-0.2516,0.118,0.9718,-0.8653,0.4744,-2.9254,0.0,0.0
1779744288957,1,12.00000018,Upper Delivery,Loading,pitch.0,700511,-0.3376,0.1937,0.4282,-1.7946,-1.5719,-2.8678,0.0,0.0
1779744288957,1,12.00000018,Upper Delivery,Loading,pitch.0,700512,-0.3299,0.1837,0.4326,-2.0432,-1.3388,-2.9285,0.0,0.0
1779744288957,1,Pitching Mound.Delivery,,Loading,pitch.0,698877,-0.5893,0.3118,1.4,-2.475,-1.0976,-5.8225,0.0,0.0
1779744288957,1,Pitching Mound.Drive,,Loading,pitch.0,699737,-1.0088,4.498,39.1788,39.7412,2.0986,-3.0127,-0.0051,0.0965
1779744288957,1,Pitching Mound.Parent,,Loading,pitch.0,698201,-1.5981,4.8098,40.5788,37.2662,1.001,-8.8351,-0.0049,0.0977
1779744288958,1,11.0000004b,Drive,Loading,pitch.0,699738,-1.0006,4.5061,39.1122,39.7912,2.2289,-3.0282,-0.0054,0.0968
1779744288958,1,12.00000015,Lower Delivery,Loading,pitch.0,699825,-0.2576,0.1225,0.9279,-0.8737,0.4104,-2.955,0.0,0.0
1779744288958,1,12.00000018,Upper Delivery,Loading,pitch.0,700513,-0.2964,0.1658,0.4142,-1.9109,-1.5194,-2.8411,0.0,0.0
1779744288958,1,Pitching Mound.Delivery,,Loading,pitch.0,698878,-0.5875,0.3062,1.3605,-2.7486,-0.9285,-5.9081,0.0,0.0
1779744288958,1,Pitching Mound.Drive,,Loading,pitch.0,699738,-1.0006,4.5061,39.1122,39.7912,2.2289,-3.0282,-0.0054,0.0968
1779744288958,1,Pitching Mound.Parent,,Loading,pitch.0,698202,-1.5881,4.8123,40.4727,37.0427,1.3005,-8.9362,-0.0052,0.0977
1779744288959,1,11.0000004b,Drive,Loading,pitch.0,699739,-0.983,4.4957,39.1046,39.6716,2.1257,-3.014,-0.0052,0.0965
1779744288959,1,12.00000015,Lower Delivery,Loading,pitch.0,699826,-0.261,0.1049,0.9136,-1.231,0.153,-2.952,0.0,0.0
1779744288959,1,Pitching Mound.Delivery,,Loading,pitch.0,698879,-0.5573,0.2706,1.3277,-2.9721,-1.3664,-5.8052,0.0,0.0
1779744288959,1,Pitching Mound.Drive,,Loading,pitch.0,699739,-0.983,4.4957,39.1046,39.6716,2.1257,-3.014,-0.0052,0.0965
1779744288959,1,Pitching Mound.Parent,,Loading,pitch.0,698203,-1.5404,4.7664,40.4323,36.6996,0.7593,-8.8192,-0.005,0.0975
1779744288960,1,11.0000004b,Drive,Loading,pitch.0,699740,-0.9932,4.4936,39.1877,39.7586,2.1978,-3.0363,-0.0053,0.0965
1779744288960,1,12.00000015,Lower Delivery,Loading,pitch.0,699827,-0.2506,0.0949,0.9349,-1.0685,0.1827,-3.0074,0.0,0.0
1779744288960,1,12.00000018,Upper Delivery,Loading,pitch.0,700514,-0.3071,0.1554,0.3841,-1.7403,-1.4873,-2.8069,0.0,0.0
1779744288960,1,12.00000018,Upper Delivery,Loading,pitch.0,700515,-0.3307,0.1587,0.3849,-1.6332,-1.5224,-2.7877,0.0,0.0
1779744288960,1,Pitching Mound.Delivery,,Loading,pitch.0,698880,-0.5577,0.2503,1.319,-2.6215,-1.3046,-5.8335,0.0,0.0
1779744288960,1,Pitching Mound.Drive,,Loading,pitch.0,699740,-0.9932,4.4936,39.1877,39.7586,2.1978,-3.0363,-0.0053,0.0965
1779744288960,1,Pitching Mound.Parent,,Loading,pitch.0,698204,-1.5509,4.7439,40.5067,37.137,0.8932,-8.8697,-0.0052,0.098
1779744288961,1,11.0000004b,Drive,Loading,pitch.0,699741,-0.9917,4.4882,39.2116,39.7213,2.3652,-3.0259,-0.0057,0.0964
1779744288961,1,12.00000015,Lower Delivery,Loading,pitch.0,699828,-0.2657,0.086,1.0065,-0.93,0.3621,-3.0266,0.0,0.0
1779744288961,1,12.00000018,Upper Delivery,Loading,pitch.0,700516,-0.3059,0.1527,0.3998,-1.7401,-1.5247,-2.7934,0.0,0.0
1779744288961,1,Pitching Mound.Delivery,,Loading,pitch.0,698881,-0.5964,0.2446,1.3914,-2.3518,-1.1603,-5.8365,0.0,0.0
1779744288961,1,Pitching Mound.Drive,,Loading,pitch.0,699741,-0.9917,4.4882,39.2116,39.7213,2.3652,-3.0259,-0.0057,0.0964
1779744288961,1,Pitching Mound.Parent,,Loading,pitch.0,698205,-1.5881,4.7329,40.603,37.3695,1.2049,-8.8623,-0.0055,0.0983
1779744288962,1,11.0000004b,Drive,Loading,pitch.0,699742,-0.9793,4.5044,39.2099,39.7382,2.3586,-3.0326,-0.0057,0.0964
1779744288962,1,12.00000015,Lower Delivery,Loading,pitch.0,699829,-0.2577,0.0723,0.9945,-1.2469,0.2549,-3.0145,0.0,0.0
1779744288962,1,12.00000018,Upper Delivery,Loading,pitch.0,700517,-0.3269,0.183,0.4361,-1.7732,-1.5373,-2.8194,0.0,0.0
1779744288962,1,Pitching Mound.Delivery,,Loading,pitch.0,698882,-0.5636,0.225,1.3943,-2.7847,-1.2698,-5.8243,0.0,0.0
1779744288962,1,Pitching Mound.Drive,,Loading,pitch.0,699742,-0.9793,4.5044,39.2099,39.7382,2.3586,-3.0326,-0.0057,0.0964
1779744288962,1,Pitching Mound.Parent,,Loading,pitch.0,698206,-1.5429,4.7294,40.6042,36.9535,1.0888,-8.8569,-0.0055,0.0981
1779744288963,1,11.0000004b,Drive,Loading,pitch.0,699743,-0.9715,4.506,39.259,39.7784,2.419,-3.0487,-0.0059,0.0964
1779744288963,1,12.00000015,Lower Delivery,Loading,pitch.0,699830,-0.2459,0.0831,1.0578,-1.4097,0.5266,-3.0272,0.0,0.0
1779744288963,1,12.00000015,Lower Delivery,Loading,pitch.0,699831,-0.2194,0.0704,1.0576,-1.2253,0.6137,-2.9872,0.0,0.0
1779744288963,1,12.00000018,Upper Delivery,Loading,pitch.0,700518,-0.3012,0.1509,0.4022,-1.5571,-1.4399,-2.8133,0.0,0.0
1779744288963,1,Pitching Mound.Delivery,,Loading,pitch.0,698883,-0.5728,0.2662,1.4938,-2.9715,-1.0106,-5.8741,0.0,0.0
1779744288963,1,Pitching Mound.Delivery,,Loading,pitch.0,698884,-0.5206,0.2213,1.4598,-2.5596,-0.8261,-5.8282,0.0,0.0
1779744288963,1,Pitching Mound.Drive,,Loading,pitch.0,699743,-0.9715,4.506,39.259,39.7784,2.419,-3.0487,-0.0059,0.0964
1779744288963,1,Pitching Mound.Parent,,Loading,pitch.0,698207,-1.5443,4.7722,40.7528,36.8069,1.4083,-8.9227,-0.0056,0.098
1779744288964,1,11.0000004b,Drive,Loading,pitch.0,699744,-0.9728,4.5028,39.3014,39.7678,2.4473,-3.042,-0.0059,0.0963
1779744288964,1,12.00000018,Upper Delivery,Loading,pitch.0,700519,-0.3131,0.1637,0.441,-1.809,-1.4932,-2.8807,0.0,0.0
1779744288964,1,Pitching Mound.Drive,,Loading,pitch.0,699744,-0.9728,4.5028,39.3014,39.7678,2.4473,-3.042,-0.0059,0.0963
1779744288964,1,Pitching Mound.Parent,,Loading,pitch.0,698208,-1.4934,4.7241,40.7611,37.2082,1.6212,-8.8703,-0.0057,0.0983
1779744288965,1,11.0000004b,Drive,Loading,pitch.0,699745,-0.9642,4.5125,39.3364,39.803,2.5236,-3.0472,-0.0061,0.0963
1779744288965,1,12.00000015,Lower Delivery,Loading,pitch.0,699832,-0.2264,0.0669,1.0622,-1.2997,0.4575,-3.0091,0.0,0.0
1779744288965,1,12.00000018,Upper Delivery,Loading,pitch.0,700520,-0.3144,0.177,0.4297,-1.6658,-1.5567,-2.7974,0.0,0.0
1779744288965,1,Pitching Mound.Delivery,,Loading,pitch.0,698885,-0.5396,0.2306,1.5032,-2.8974,-1.0357,-5.9193,0.0,0.0
1779744288965,1,Pitching Mound.Drive,,Loading,pitch.0,699745,-0.9642,4.5125,39.3364,39.803,2.5236,-3.0472,-0.0061,0.0963
1779744288965,1,Pitching Mound.Parent,,Loading,pitch.0,698209,-1.5037,4.7431,40.8396,36.9056,1.4879,-8.9665,-0.0059,0.0979
1779744288966,1,11.0000004b,Drive,Loading,pitch.0,699746,-0.9764,4.4959,39.3383,39.8139,2.6692,-3.0426,-0.0065,0.0963
1779744288966,1,12.00000015,Lower Delivery,Loading,pitch.0,699834,-0.2475,0.0799,1.0951,-1.3382,0.5547,-2.9474,0.0,0.0
1779744288966,1,12.00000015,Lower Delivery,Loading,pitch.0,699833,-0.2028,0.0688,1.0598,-1.2446,0.518,-2.985,0.0,0.0
1779744288966,1,12.00000018,Upper Delivery,Loading,pitch.0,700521,-0.3321,0.1944,0.4747,-1.4144,-1.2879,-2.8084,0.0,0.0
1779744288966,1,Pitching Mound.Delivery,,Loading,pitch.0,698886,-0.5172,0.2457,1.4895,-2.6962,-1.0387,-5.8203,0.0,0.0
1779744288966,1,Pitching Mound.Delivery,,Loading,pitch.0,698887,-0.5797,0.2743,1.5698,-2.5417,-0.7332,-5.7845,0.0,0.0
1779744288966,1,Pitching Mound.Drive,,Loading,pitch.0,699746,-0.9764,4.4959,39.3383,39.8139,2.6692,-3.0426,-0.0065,0.0963
1779744288966,1,Pitching Mound.Parent,,Loading,pitch.0,698210,-1.4937,4.7416,40.8278,37.1177,1.6305,-8.8629,-0.0062,0.098
1779744288967,1,11.0000004b,Drive,Loading,pitch.0,699747,-0.979,4.5028,39.3864,39.8152,2.7738,-3.0609,-0.0067,0.0962
1779744288967,1,12.00000015,Lower Delivery,Loading,pitch.0,699835,-0.2204,0.0876,1.0695,-1.2757,0.6727,-2.9141,0.0,0.0
1779744288967,1,12.00000018,Upper Delivery,Loading,pitch.0,700522,-0.342,0.2123,0.4752,-1.6493,-1.1905,-2.8212,0.0,0.0
1779744288967,1,Pitching Mound.Delivery,,Loading,pitch.0,698888,-0.5623,0.2999,1.5448,-2.7229,-0.5178,-5.7766,0.0,0.0
1779744288967,1,Pitching Mound.Drive,,Loading,pitch.0,699747,-0.979,4.5028,39.3864,39.8152,2.7738,-3.0609,-0.0067,0.0962
1779744288967,1,Pitching Mound.Parent,,Loading,pitch.0,698211,-1.5587,4.7771,40.9561,37.2735,2.0405,-8.8454,-0.0064,0.0976
1779744288968,1,11.0000004b,Drive,Loading,pitch.0,699748,-0.9873,4.4984,39.4266,39.9112,2.8915,-3.0734,-0.007,0.0963
1779744288968,1,12.00000018,Upper Delivery,Loading,pitch.0,700523,-0.3812,0.2299,0.5364,-1.1985,-1.0577,-2.8081,0.0,0.0
1779744288968,1,Pitching Mound.Drive,,Loading,pitch.0,699748,-0.9873,4.4984,39.4266,39.9112,2.8915,-3.0734,-0.007,0.0963
1779744288968,1,Pitching Mound.Parent,,Loading,pitch.0,698212,-1.5497,4.7984,40.9714,37.1882,2.3737,-8.85,-0.0067,0.0976
1779744288969,1,11.0000004b,Drive,Loading,pitch.0,699749,-0.9969,4.4921,39.4489,39.9244,2.8757,-3.073,-0.0069,0.0963
1779744288969,1,12.00000015,Lower Delivery,Loading,pitch.0,699836,-0.2474,0.0876,1.1295,-1.3115,0.5382,-2.9199,0.0,0.0
1779744288969,1,12.00000018,Upper Delivery,Loading,pitch.0,700524,-0.421,0.2604,0.6667,-1.2026,-1.0621,-2.8068,0.0,0.0
1779744288969,1,Pitching Mound.Delivery,,Loading,pitch.0,698889,-0.6285,0.3175,1.6659,-2.3083,-0.5195,-5.7735,0.0,0.0
1779744288969,1,Pitching Mound.Drive,,Loading,pitch.0,699749,-0.9969,4.4921,39.4489,39.9244,2.8757,-3.073,-0.0069,0.0963
1779744288969,1,Pitching Mound.Parent,,Loading,pitch.0,698213,-1.6255,4.8096,41.1148,37.6161,2.3563,-8.8465,-0.0067,0.0973
1779744288970,1,11.0000004b,Drive,Loading,pitch.0,699750,-1.0114,4.5004,39.4157,39.9223,2.9074,-3.0904,-0.007,0.0964
1779744288970,1,12.00000015,Lower Delivery,Loading,pitch.0,699837,-0.2542,0.0967,1.1502,-1.2466,0.4688,-2.93,0.0,0.0
1779744288970,1,12.00000018,Upper Delivery,Loading,pitch.0,700525,-0.3528,0.2201,0.534,-1.2321,-1.0926,-2.8254,0.0,0.0
1779744288970,1,Pitching Mound.Delivery,,Loading,pitch.0,698890,-0.6752,0.3571,1.8169,-2.2848,-0.5933,-5.7935,0.0,0.0
1779744288970,1,Pitching Mound.Drive,,Loading,pitch.0,699750,-1.0114,4.5004,39.4157,39.9223,2.9074,-3.0904,-0.007,0.0964
1779744288970,1,Pitching Mound.Parent,,Loading,pitch.0,698214,-1.6865,4.8575,41.2326,37.6375,2.3141,-8.884,-0.0067,0.0961
1779744288971,1,11.0000004b,Drive,Loading,pitch.0,699751,-0.9957,4.4929,39.4121,39.9576,2.7425,-3.0977,-0.0066,0.0964
1779744288971,1,12.00000015,Lower Delivery,Loading,pitch.0,699838,-0.2306,0.0965,1.1456,-1.2182,0.6392,-2.9226,0.0,0.0
1779744288971,1,12.00000018,Upper Delivery,Loading,pitch.0,700526,-0.3253,0.1909,0.5012,-1.1657,-1.0235,-2.792,0.0,0.0
1779744288971,1,Pitching Mound.Delivery,,Loading,pitch.0,698891,-0.5834,0.3167,1.6796,-2.2424,-0.4534,-5.7895,0.0,0.0
1779744288971,1,Pitching Mound.Drive,,Loading,pitch.0,699751,-0.9957,4.4929,39.4121,39.9576,2.7425,-3.0977,-0.0066,0.0964
1779744288971,1,Pitching Mound.Parent,,Loading,pitch.0,698215,-1.5792,4.8096,41.0916,37.7152,2.2892,-8.8873,-0.0063,0.0976
1779744288972,1,11.0000004b,Drive,Loading,pitch.0,699752,-0.998,4.4952,39.4124,39.9119,2.743,-3.0713,-0.0066,0.0963
1779744288972,1,12.00000015,Lower Delivery,Loading,pitch.0,699839,-0.245,0.0846,1.1129,-1.4491,0.5505,-2.8977,0.0,0.0
1779744288972,1,12.00000018,Upper Delivery,Loading,pitch.0,700527,-0.4369,0.2632,0.7089,-0.929,-0.773,-2.7578,0.0,0.0
1779744288972,1,Pitching Mound.Delivery,,Loading,pitch.0,698892,-0.5703,0.2755,1.6141,-2.4068,-0.4731,-5.717,0.0,0.0
1779744288972,1,Pitching Mound.Drive,,Loading,pitch.0,699752,-0.998,4.4952,39.4124,39.9119,2.743,-3.0713,-0.0066,0.0963
1779744288972,1,Pitching Mound.Parent,,Loading,pitch.0,698216,-1.5683,4.7707,41.0265,37.5051,2.2699,-8.7883,-0.0064,0.0976
1779744288973,1,11.0000004b,Drive,Loading,pitch.0,699753,-1.0016,4.4841,39.4031,39.8056,2.838,-3.0901,-0.0069,0.0961
1779744288973,1,12.00000015,Lower Delivery,Loading,pitch.0,699840,-0.2303,0.1146,1.1679,-1.0366,0.6389,-2.9538,0.0,0.0
1779744288973,1,12.00000015,Lower Delivery,Loading,pitch.0,699841,-0.2614,0.1175,1.1967,-1.0108,0.569,-2.9289,0.0,0.0
1779744288973,1,12.00000018,Upper Delivery,Loading,pitch.0,700528,-0.416,0.2378,0.6695,-0.5969,-0.4261,-2.627,0.0,0.0
1779744288973,1,Pitching Mound.Delivery,,Loading,pitch.0,698893,-0.6673,0.3778,1.8768,-1.8095,-0.1341,-5.7819,0.0,0.0
1779744288973,1,Pitching Mound.Delivery,,Loading,pitch.0,698894,-0.6774,0.3553,1.8662,-1.4284,0.1429,-5.6084,0.0,0.0
1779744288973,1,Pitching Mound.Drive,,Loading,pitch.0,699753,-1.0016,4.4841,39.4031,39.8056,2.838,-3.0901,-0.0069,0.0961
1779744288973,1,Pitching Mound.Parent,,Loading,pitch.0,698217,-1.6688,4.8619,41.2799,37.9961,2.7039,-8.8721,-0.0065,0.0955
1779744288974,1,11.0000004b,Drive,Loading,pitch.0,699754,-1.012,4.4878,39.3872,39.8942,2.8498,-3.0651,-0.0069,0.0964
1779744288974,1,12.00000015,Lower Delivery,Loading,pitch.0,699842,-0.2692,0.1156,1.2229,-0.875,0.7438,-2.9524,0.0,0.0
1779744288974,1,12.00000018,Upper Delivery,Loading,pitch.0,700529,-0.3852,0.2031,0.5789,-0.7828,-0.6248,-2.6195,0.0,0.0
1779744288974,1,Pitching Mound.Delivery,,Loading,pitch.0,698895,-0.6544,0.3187,1.8018,-1.4388,0.119,-5.6113,0.0,0.0
1779744288974,1,Pitching Mound.Drive,,Loading,pitch.0,699754,-1.012,4.4878,39.3872,39.8942,2.8498,-3.0651,-0.0069,0.0964
1779744288974,1,Pitching Mound.Parent,,Loading,pitch.0,698218,-1.6895,4.8431,41.2534,38.4658,2.9927,-8.6735,-0.0066,0.0963
1779744288975,1,11.0000004b,Drive,Loading,pitch.0,699755,-0.9926,4.4855,39.3492,39.8394,2.8873,-3.0774,-0.007,0.0963
1779744288975,1,12.00000018,Upper Delivery,Loading,pitch.0,700530,-0.3708,0.1855,0.4895,-0.7865,-0.628,-2.6328,0.0,0.0
1779744288975,1,Pitching Mound.Drive,,Loading,pitch.0,699755,-0.9926,4.4855,39.3492,39.8394,2.8873,-3.0774,-0.007,0.0963
1779744288975,1,Pitching Mound.Parent,,Loading,pitch.0,698219,-1.647,4.8042,41.151,38.4006,3.0063,-8.6888,-0.0067,0.0974
1779744288976,1,11.0000004b,Drive,Loading,pitch.0,699756,-0.9957,4.4934,39.3159,39.9166,2.9917,-3.0917,-0.0072,0.0966
1779744288976,1,12.00000015,Lower Delivery,Loading,pitch.0,699844,-0.3017,0.1019,1.1917,-1.3601,0.6876,-2.9285,0.0,0.0
1779744288976,1,12.00000015,Lower Delivery,Loading,pitch.0,699843,-0.2778,0.1149,1.2163,-0.9729,0.8753,-2.9246,0.0,0.0
1779744288976,1,12.00000018,Upper Delivery,Loading,pitch.0,700531,-0.3859,0.1915,0.5836,-0.6755,-0.51,-2.6277,0.0,0.0
1779744288976,1,Pitching Mound.Delivery,,Loading,pitch.0,698896,-0.6486,0.3004,1.7057,-1.5122,0.2473,-5.589,0.0,0.0
1779744288976,1,Pitching Mound.Delivery,,Loading,pitch.0,698897,-0.6876,0.2934,1.7753,-1.8289,0.1776,-5.5849,0.0,0.0
1779744288976,1,Pitching Mound.Drive,,Loading,pitch.0,699756,-0.9957,4.4934,39.3159,39.9166,2.9917,-3.0917,-0.0072,0.0966
1779744288976,1,Pitching Mound.Parent,,Loading,pitch.0,698220,-1.6443,4.7938,41.0216,38.4044,3.239,-8.6807,-0.0069,0.0986
1779744288977,1,11.0000004b,Drive,Loading,pitch.0,699757,-0.9842,4.4963,39.3119,39.8294,2.9536,-3.0786,-0.0071,0.0964
1779744288977,1,12.00000015,Lower Delivery,Loading,pitch.0,699845,-0.3127,0.0888,1.1534,-1.3269,0.8128,-2.8833,0.0,0.0
1779744288977,1,12.00000018,Upper Delivery,Loading,pitch.0,700532,-0.3795,0.1903,0.5759,-0.5043,-0.3302,-2.5771,0.0,0.0
1779744288977,1,Pitching Mound.Delivery,,Loading,pitch.0,698898,-0.6921,0.2791,1.7293,-1.6349,0.4826,-5.4831,0.0,0.0
1779744288977,1,Pitching Mound.Drive,,Loading,pitch.0,699757,-0.9842,4.4963,39.3119,39.8294,2.9536,-3.0786,-0.0071,0.0964
1779744288977,1,Pitching Mound.Parent,,Loading,pitch.0,698221,-1.6718,4.7896,41.0872,38.0005,3.1312,-8.6635,-0.0068,0.0972
1779744288978,1,11.0000004b,Drive,Loading,pitch.0,699758,-0.9872,4.4966,39.3054,39.7745,3.0039,-3.0794,-0.0073,0.0963
1779744288978,1,12.00000015,Lower Delivery,Loading,pitch.0,699846,-0.3202,0.0874,1.1322,-1.4063,0.5833,-2.8921,0.0,0.0
1779744288978,1,12.00000018,Upper Delivery,Loading,pitch.0,700533,-0.3867,0.1821,0.5302,-0.673,-0.5081,-2.612,0.0,0.0
1779744288978,1,Pitching Mound.Delivery,,Loading,pitch.0,698899,-0.7069,0.2695,1.6623,-1.8746,0.0751,-5.5268,0.0,0.0
1779744288978,1,Pitching Mound.Drive,,Loading,pitch.0,699758,-0.9872,4.4966,39.3054,39.7745,3.0039,-3.0794,-0.0073,0.0963
1779744288978,1,Pitching Mound.Parent,,Loading,pitch.0,698222,-1.6793,4.7758,41.0347,38.1397,3.4864,-8.5625,-0.007,0.097
1779744288979,1,11.0000004b,Drive,Loading,pitch.0,699759,-0.9889,4.4901,39.2546,39.685,3.2079,-3.0848,-0.0078,0.0962
1779744288979,1,12.00000015,Lower Delivery,Loading,pitch.0,699847,-0.3209,0.0846,1.1463,-1.2243,0.3044,-2.9407,0.0,0.0
1779744288979,1,12.00000018,Upper Delivery,Loading,pitch.0,700534,-0.3294,0.1141,0.3783,-0.6134,-0.4459,-2.5871,0.0,0.0
1779744288979,1,Pitching Mound.Delivery,,Loading,pitch.0,698900,-0.6503,0.1987,1.5245,-1.5766,-0.1415,-5.5307,0.0,0.0
1779744288979,1,Pitching Mound.Drive,,Loading,pitch.0,699759,-0.9889,4.4901,39.2546,39.685,3.2079,-3.0848,-0.0078,0.0962
1779744288979,1,Pitching Mound.Parent,,Loading,pitch.0,698223,-1.6958,4.7596,40.9169,37.8103,3.283,-8.6116,-0.0075,0.0973
1779744288980,1,11.0000004b,Drive,Loading,pitch.0,699760,-0.9965,4.4836,39.3327,39.6462,3.3831,-3.0954,-0.0082,0.0959
1779744288980,1,12.00000015,Lower Delivery,Loading,pitch.0,699848,-0.3091,0.085,1.0449,-1.4152,0.0091,-2.8932,0.0,0.0
1779744288980,1,12.00000018,Upper Delivery,Loading,pitch.0,700535,-0.3056,0.0987,0.3125,-0.8572,-0.7025,-2.6501,0.0,0.0
1779744288980,1,Pitching Mound.Delivery,,Loading,pitch.0,698901,-0.6147,0.1838,1.3573,-2.0234,-0.6934,-5.5421,0.0,0.0
1779744288980,1,Pitching Mound.Drive,,Loading,pitch.0,699760,-0.9965,4.4836,39.3327,39.6462,3.3831,-3.0954,-0.0082,0.0959
1779744288980,1,Pitching Mound.Parent,,Loading,pitch.0,698224,-1.6468,4.6823,40.8572,38.0697,3.2416,-8.6262,-0.0079,0.0987
1779744288981,1,11.0000004b,Drive,Loading,pitch.0,699761,-0.9961,4.4842,39.3789,39.6771,3.4454,-3.0713,-0.0083,0.0958
1779744288981,1,12.00000015,Lower Delivery,Loading,pitch.0,699849,-0.3211,0.091,1.1016,-1.1568,-0.1813,-2.9161,0.0,0.0
1779744288981,1,12.00000018,Upper Delivery,Loading,pitch.0,700536,-0.3028,0.116,0.3235,-0.9045,-0.7506,-2.6905,0.0,0.0
1779744288981,1,Pitching Mound.Delivery,,Loading,pitch.0,698902,-0.6239,0.207,1.4252,-1.7967,-0.9319,-5.6004,0.0,0.0
1779744288981,1,Pitching Mound.Drive,,Loading,pitch.0,699761,-0.9961,4.4842,39.3789,39.6771,3.4454,-3.0713,-0.0083,0.0958
1779744288981,1,Pitching Mound.Parent,,Loading,pitch.0,698225,-1.6108,4.668,40.7362,37.6537,2.7521,-8.6134,-0.008,0.0988
1779744288982,1,11.0000004b,Drive,Loading,pitch.0,699762,-1.0061,4.4803,39.3511,39.7074,3.6544,-3.0946,-0.0088,0.096
1779744288982,1,12.00000015,Lower Delivery,Loading,pitch.0,699850,-0.3228,0.0905,1.0934,-0.802,0.0472,-2.9404,0.0,0.0
1779744288982,1,12.00000018,Upper Delivery,Loading,pitch.0,700537,-0.2931,0.1248,0.3197,-0.83,-0.6735,-2.65,0.0,0.0
1779744288982,1,Pitching Mound.Delivery,,Loading,pitch.0,698903,-0.6159,0.2153,1.413,-1.369,-0.6262,-5.5803,0.0,0.0
1779744288982,1,Pitching Mound.Drive,,Loading,pitch.0,699762,-1.0061,4.4803,39.3511,39.7074,3.6544,-3.0946,-0.0088,0.096
1779744288982,1,Pitching Mound.Parent,,Loading,pitch.0,698226,-1.63,4.6874,40.7763,37.9107,2.7225,-8.6949,-0.0085,0.0991
1779744288983,1,11.0000004b,Drive,Loading,pitch.0,699764,-0.9988,4.4866,39.2847,39.5987,3.76,-3.1339,-0.0091,0.0959
1779744288983,1,11.0000004b,Drive,Loading,pitch.0,699763,-1.0026,4.483,39.3366,39.6093,3.7342,-3.1341,-0.009,0.0958
1779744288983,1,12.00000015,Lower Delivery,Loading,pitch.0,699851,-0.292,0.0826,1.1307,-0.5129,0.464,-2.9397,0.0,0.0
1779744288983,1,12.00000018,Upper Delivery,Loading,pitch.0,700538,-0.2687,0.1201,0.3372,-0.8836,-0.7312,-2.6397,0.0,0.0
1779744288983,1,Pitching Mound.Delivery,,Loading,pitch.0,698904,-0.5607,0.2027,1.4679,-1.1267,-0.2672,-5.5715,0.0,0.0
1779744288983,1,Pitching Mound.Drive,,Loading,pitch.0,699764,-0.9988,4.4866,39.2847,39.5987,3.76,-3.1339,-0.0091,0.0959
1779744288983,1,Pitching Mound.Drive,,Loading,pitch.0,699763,-1.0026,4.483,39.3366,39.6093,3.7342,-3.1341,-0.009,0.0958
1779744288983,1,Pitching Mound.Parent,,Loading,pitch.0,698227,-1.6185,4.6983,40.7496,38.2404,3.108,-8.7144,-0.0087,0.0989
1779744288983,1,Pitching Mound.Parent,,Loading,pitch.0,698228,-1.5595,4.6893,40.7526,38.472,3.4928,-8.7055,-0.0088,0.0991
1779744288984,1,12.00000015,Lower Delivery,Loading,pitch.0,699852,-0.25,0.0758,1.0732,-0.557,0.6079,-2.9164,0.0,0.0
1779744288984,1,12.00000018,Upper Delivery,Loading,pitch.0,700539,-0.2798,0.1251,0.3536,-0.5383,-0.3685,-2.5409,0.0,0.0
1779744288984,1,Pitching Mound.Delivery,,Loading,pitch.0,698905,-0.5298,0.2008,1.4268,-0.8506,0.2394,-5.4674,0.0,0.0
1779744288985,1,11.0000004b,Drive,Loading,pitch.0,699765,-0.9925,4.4763,39.3301,39.4649,3.666,-3.1496,-0.0089,0.0955
1779744288985,1,12.00000015,Lower Delivery,Loading,pitch.0,699853,-0.2406,0.0804,1.1364,-0.7761,0.4532,-2.9559,0.0,0.0
1779744288985,1,12.00000018,Upper Delivery,Loading,pitch.0,700540,-0.2839,0.1392,0.3484,-0.6058,-0.4393,-2.5611,0.0,0.0
1779744288985,1,Pitching Mound.Delivery,,Loading,pitch.0,698906,-0.5245,0.2196,1.4849,-1.114,0.0139,-5.5317,0.0,0.0
1779744288985,1,Pitching Mound.Drive,,Loading,pitch.0,699765,-0.9925,4.4763,39.3301,39.4649,3.666,-3.1496,-0.0089,0.0955
1779744288985,1,Pitching Mound.Parent,,Loading,pitch.0,698229,-1.5223,4.6772,40.7569,38.6142,3.9055,-8.617,-0.0086,0.0981
1779744288986,1,11.0000004b,Drive,Loading,pitch.0,699767,-0.9815,4.4829,39.3568,39.5373,3.6665,-3.1727,-0.0089,0.0956
1779744288986,1,11.0000004b,Drive,Loading,pitch.0,699766,-0.992,4.4859,39.3338,39.5592,3.7388,-3.1589,-0.009,0.0957
1779744288986,1,12.00000015,Lower Delivery,Loading,pitch.0,699854,-0.2748,0.077,1.0999,-0.5037,0.1949,-2.9032,0.0,0.0
1779744288986,1,12.00000018,Upper Delivery,Loading,pitch.0,700541,-0.2621,0.116,0.3432,-0.5998,-0.4352,-2.5206,0.0,0.0
1779744288986,1,Pitching Mound.Delivery,,Loading,pitch.0,698907,-0.5369,0.193,1.4431,-0.8462,-0.2402,-5.4195,0.0,0.0
1779744288986,1,Pitching Mound.Drive,,Loading,pitch.0,699767,-0.9815,4.4829,39.3568,39.5373,3.6665,-3.1727,-0.0089,0.0956
1779744288986,1,Pitching Mound.Drive,,Loading,pitch.0,699766,-0.992,4.4859,39.3338,39.5592,3.7388,-3.1589,-0.009,0.0957
1779744288986,1,Pitching Mound.Parent,,Loading,pitch.0,698230,-1.5165,4.7055,40.8187,38.4452,3.7527,-8.6906,-0.0087,0.0988
1779744288986,1,Pitching Mound.Parent,,Loading,pitch.0,698231,-1.5184,4.6759,40.7999,38.6911,3.4263,-8.5922,-0.0085,0.0985
1779744288987,1,12.00000015,Lower Delivery,Loading,pitch.0,699855,-0.2332,0.067,1.1472,-0.9972,0.175,-2.9673,0.0,0.0
1779744288987,1,12.00000018,Upper Delivery,Loading,pitch.0,700542,-0.2846,0.139,0.3649,-0.8858,-0.735,-2.6139,0.0,0.0
1779744288987,1,Pitching Mound.Delivery,,Loading,pitch.0,698908,-0.5178,0.206,1.5121,-1.617,-0.56,-5.5987,0.0,0.0
1779744288988,1,11.0000004b,Drive,Loading,pitch.0,699768,-0.9649,4.4948,39.314,39.5124,3.7386,-3.1771,-0.009,0.0956
1779744288988,1,12.00000015,Lower Delivery,Loading,pitch.0,699856,-0.2237,0.0844,1.2057,-0.9373,0.2734,-2.9534,0.0,0.0
1779744288988,1,12.00000018,Upper Delivery,Loading,pitch.0,700543,-0.2745,0.1241,0.3439,-1.111,-0.9745,-2.6249,0.0,0.0
1779744288988,1,Pitching Mound.Delivery,,Loading,pitch.0,698909,-0.4982,0.2084,1.5496,-1.7553,-0.7011,-5.5956,0.0,0.0
1779744288988,1,Pitching Mound.Drive,,Loading,pitch.0,699768,-0.9649,4.4948,39.314,39.5124,3.7386,-3.1771,-0.009,0.0956
1779744288988,1,Pitching Mound.Parent,,Loading,pitch.0,698232,-1.4827,4.7007,40.8261,37.8954,3.1786,-8.7757,-0.0087,0.0986
1779744288989,1,11.0000004b,Drive,Loading,pitch.0,699769,-0.9638,4.4847,39.3452,39.5477,3.8028,-3.1787,-0.0092,0.0956
1779744288989,1,12.00000015,Lower Delivery,Loading,pitch.0,699857,-0.2191,0.0922,1.1926,-0.9574,0.2476,-2.9567,0.0,0.0
1779744288989,1,12.00000018,Upper Delivery,Loading,pitch.0,700544,-0.2579,0.1005,0.3351,-0.8724,-0.725,-2.5376,0.0,0.0
1779744288989,1,Pitching Mound.Delivery,,Loading,pitch.0,698910,-0.4771,0.1927,1.5277,-1.5382,-0.4774,-5.5075,0.0,0.0
1779744288989,1,Pitching Mound.Drive,,Loading,pitch.0,699769,-0.9638,4.4847,39.3452,39.5477,3.8028,-3.1787,-0.0092,0.0956
1779744288989,1,Pitching Mound.Parent,,Loading,pitch.0,698233,-1.4619,4.6932,40.8948,37.7924,3.1017,-8.7744,-0.0088,0.0992
1779744288990,1,11.0000004b,Drive,Loading,pitch.0,699770,-0.9477,4.487,39.3605,39.6375,3.7482,-3.202,-0.0091,0.0958
1779744288990,1,12.00000015,Lower Delivery,Loading,pitch.0,699858,-0.2085,0.1293,1.1388,-1.0497,0.4292,-2.8787,0.0,0.0
1779744288990,1,12.00000018,Upper Delivery,Loading,pitch.0,700545,-0.2535,0.1132,0.3714,-1.1045,-0.9669,-2.6374,0.0,0.0
1779744288990,1,Pitching Mound.Delivery,,Loading,pitch.0,698911,-0.4621,0.2425,1.5103,-1.8932,-0.5377,-5.5314,0.0,0.0
1779744288990,1,Pitching Mound.Drive,,Loading,pitch.0,699770,-0.9477,4.487,39.3605,39.6375,3.7482,-3.202,-0.0091,0.0958
1779744288990,1,Pitching Mound.Parent,,Loading,pitch.0,698234,-1.4248,4.6797,40.8882,38.0993,3.2709,-8.7095,-0.0087,0.0994
1779744288991,1,11.0000004b,Drive,Loading,pitch.0,699772,-0.9339,4.4934,39.2574,39.5776,3.5473,-3.2249,-0.0086,0.0959
1779744288991,1,11.0000004b,Drive,Loading,pitch.0,699771,-0.9428,4.4926,39.2741,39.5957,3.77,-3.2052,-0.0091,0.0959
1779744288991,1,12.00000015,Lower Delivery,Loading,pitch.0,699859,-0.2291,0.1091,1.1342,-1.3741,0.1575,-2.8622,0.0,0.0
1779744288991,1,12.00000018,Upper Delivery,Loading,pitch.0,700546,-0.2642,0.1072,0.4052,-0.8173,-0.6659,-2.5422,0.0,0.0
1779744288991,1,Pitching Mound.Delivery,,Loading,pitch.0,698912,-0.4933,0.2163,1.5394,-1.9435,-0.5084,-5.4163,0.0,0.0
1779744288991,1,Pitching Mound.Drive,,Loading,pitch.0,699772,-0.9339,4.4934,39.2574,39.5776,3.5473,-3.2249,-0.0086,0.0959
1779744288991,1,Pitching Mound.Drive,,Loading,pitch.0,699771,-0.9428,4.4926,39.2741,39.5957,3.77,-3.2052,-0.0091,0.0959
1779744288991,1,Pitching Mound.Parent,,Loading,pitch.0,698235,-1.4049,4.7351,40.7843,37.7025,3.2323,-8.7366,-0.0088,0.0988
1779744288991,1,Pitching Mound.Parent,,Loading,pitch.0,698236,-1.4272,4.7097,40.7968,37.6341,3.0389,-8.6412,-0.0083,0.0984
1779744288992,1,11.0000004b,Drive,Loading,pitch.0,699773,-0.9336,4.4923,39.2266,39.5252,3.5451,-3.2198,-0.0086,0.0959
1779744288992,1,12.00000015,Lower Delivery,Loading,pitch.0,699860,-0.2326,0.1,1.0766,-1.5372,-0.0407,-2.8707,0.0,0.0
1779744288992,1,12.00000018,Upper Delivery,Loading,pitch.0,700547,-0.2736,0.0962,0.4045,-0.804,-0.6528,-2.5251,0.0,0.0
1779744288992,1,Pitching Mound.Delivery,,Loading,pitch.0,698913,-0.5062,0.1962,1.4811,-2.1127,-0.6934,-5.4098,0.0,0.0
1779744288992,1,Pitching Mound.Drive,,Loading,pitch.0,699773,-0.9336,4.4923,39.2266,39.5252,3.5451,-3.2198,-0.0086,0.0959
1779744288992,1,Pitching Mound.Parent,,Loading,pitch.0,698237,-1.4398,4.6885,40.7077,37.4125,2.8517,-8.6296,-0.0083,0.098
1779744288993,1,11.0000004b,Drive,Loading,pitch.0,699774,-0.9293,4.4913,39.2454,39.6478,3.3678,-3.2123,-0.0082,0.0961
1779744288993,1,12.00000015,Lower Delivery,Loading,pitch.0,699861,-0.2557,0.0807,0.9867,-1.7086,0.1222,-2.8726,0.0,0.0
1779744288993,1,12.00000018,Upper Delivery,Loading,pitch.0,700548,-0.26,0.091,0.3964,-0.5629,-0.3969,-2.5014,0.0,0.0
1779744288993,1,Pitching Mound.Delivery,,Loading,pitch.0,698914,-0.5157,0.1717,1.3831,-2.0708,-0.2747,-5.3754,0.0,0.0
1779744288993,1,Pitching Mound.Drive,,Loading,pitch.0,699774,-0.9293,4.4913,39.2454,39.6478,3.3678,-3.2123,-0.0082,0.0961
1779744288993,1,Pitching Mound.Parent,,Loading,pitch.0,698238,-1.445,4.663,40.6285,37.577,3.0931,-8.5877,-0.0079,0.0978
1779744288994,1,11.0000004b,Drive,Loading,pitch.0,699775,-0.9366,4.4819,39.222,39.6696,3.2882,-3.213,-0.008,0.0962
1779744288994,1,12.00000015,Lower Delivery,Loading,pitch.0,699862,-0.2514,0.1105,1.0135,-2.0783,-0.085,-2.8456,0.0,0.0
1779744288994,1,12.00000018,Upper Delivery,Loading,pitch.0,700549,-0.2694,0.1001,0.4043,-0.8227,-0.6706,-2.5619,0.0,0.0
1779744288994,1,Pitching Mound.Delivery,,Loading,pitch.0,698915,-0.5208,0.2106,1.4178,-2.6938,-0.7555,-5.4136,0.0,0.0
1779744288994,1,Pitching Mound.Drive,,Loading,pitch.0,699775,-0.9366,4.4819,39.222,39.6696,3.2882,-3.213,-0.008,0.0962
1779744288994,1,Pitching Mound.Parent,,Loading,pitch.0,698239,-1.4574,4.6924,40.6397,36.9758,2.5326,-8.6266,-0.0077,0.098
1779744288995,1,11.0000004b,Drive,Loading,pitch.0,699776,-0.9374,4.4883,39.1599,39.6149,3.357,-3.2214,-0.0082,0.0962
1779744288995,1,12.00000015,Lower Delivery,Loading,pitch.0,699863,-0.2757,0.0869,1.0391,-1.9958,0.277,-2.8681,0.0,0.0
1779744288995,1,12.00000018,Upper Delivery,Loading,pitch.0,700550,-0.232,0.0776,0.3122,-1.043,-0.903,-2.6083,0.0,0.0
1779744288995,1,Pitching Mound.Delivery,,Loading,pitch.0,698916,-0.5077,0.1645,1.3513,-2.7917,-0.626,-5.4615,0.0,0.0
1779744288995,1,Pitching Mound.Drive,,Loading,pitch.0,699776,-0.9374,4.4883,39.1599,39.6149,3.357,-3.2214,-0.0082,0.0962
1779744288995,1,Pitching Mound.Parent,,Loading,pitch.0,698240,-1.4451,4.6528,40.5111,36.8232,2.731,-8.6829,-0.0079,0.0991
1779744288996,1,11.0000004b,Drive,Loading,pitch.0,699777,-0.9341,4.4876,39.0186,39.4473,3.3985,-3.2234,-0.0083,0.0962
1779744288996,1,12.00000015,Lower Delivery,Loading,pitch.0,699864,-0.2848,0.1107,1.0007,-1.9448,0.3137,-2.8305,0.0,0.0
1779744288996,1,12.00000018,Upper Delivery,Loading,pitch.0,700551,-0.2321,0.0921,0.3553,-0.8929,-0.7474,-2.5267,0.0,0.0
1779744288996,1,Pitching Mound.Delivery,,Loading,pitch.0,698917,-0.517,0.2027,1.356,-2.6182,-0.4337,-5.3393,0.0,0.0
1779744288996,1,Pitching Mound.Drive,,Loading,pitch.0,699777,-0.9341,4.4876,39.0186,39.4473,3.3985,-3.2234,-0.0083,0.0962
1779744288996,1,Pitching Mound.Parent,,Loading,pitch.0,698241,-1.451,4.6904,40.3746,36.8291,2.9648,-8.5628,-0.008,0.0984
1779744288997,1,11.0000004b,Drive,Loading,pitch.0,699778,-0.9392,4.4904,39.051,39.5229,3.2127,-3.2153,-0.0078,0.0963
1779744288997,1,12.00000015,Lower Delivery,Loading,pitch.0,699865,-0.2939,0.1221,1.0153,-2.1559,0.2066,-2.8387,0.0,0.0
1779744288997,1,12.00000018,Upper Delivery,Loading,pitch.0,700552,-0.2358,0.0823,0.3423,-0.4398,-0.2682,-2.4545,0.0,0.0
1779744288997,1,Pitching Mound.Delivery,,Loading,pitch.0,698918,-0.5297,0.2044,1.3576,-2.3668,-0.0616,-5.2734,0.0,0.0
1779744288997,1,Pitching Mound.Drive,,Loading,pitch.0,699778,-0.9392,4.4904,39.051,39.5229,3.2127,-3.2153,-0.0078,0.0963
1779744288997,1,Pitching Mound.Parent,,Loading,pitch.0,698242,-1.4689,4.6948,40.4086,37.1561,3.1511,-8.4887,-0.0076,0.0987
1779744288998,1,11.0000004b,Drive,Loading,pitch.0,699779,-0.9313,4.4796,39.0113,39.5685,3.1332,-3.1933,-0.0076,0.0965
1779744288998,1,12.00000015,Lower Delivery,Loading,pitch.0,699866,-0.3328,0.1123,0.9638,-2.2054,-0.0413,-2.8446,0.0,0.0
1779744288998,1,12.00000018,Upper Delivery,Loading,pitch.0,700553,-0.2154,0.0747,0.2794,-0.2304,-0.0475,-2.4077,0.0,0.0
1779744288998,1,Pitching Mound.Delivery,,Loading,pitch.0,698919,-0.5481,0.187,1.2432,-2.2031,-0.0888,-5.2124,0.0,0.0
1779744288998,1,Pitching Mound.Drive,,Loading,pitch.0,699779,-0.9313,4.4796,39.0113,39.5685,3.1332,-3.1933,-0.0076,0.0965
1779744288998,1,Pitching Mound.Parent,,Loading,pitch.0,698243,-1.4794,4.6667,40.2545,37.3654,3.0444,-8.4057,-0.0074,0.0993
1779744288999,1,11.0000004b,Drive,Loading,pitch.0,699780,-0.9187,4.488,38.9831,39.5853,3.1818,-3.1927,-0.0078,0.0966
1779744288999,1,12.00000015,Lower Delivery,Loading,pitch.0,699867,-0.3278,0.1274,0.9955,-1.8672,-0.3941,-2.8293,0.0,0.0
1779744288999,1,12.00000018,Upper Delivery,Loading,pitch.0,700554,-0.2264,0.0861,0.3231,-0.0406,0.1536,-2.3847,0.0,0.0
1779744288999,1,Pitching Mound.Delivery,,Loading,pitch.0,698920,-0.5542,0.2135,1.3186,-1.6792,-0.2405,-5.1796,0.0,0.0
1779744288999,1,Pitching Mound.Drive,,Loading,pitch.0,699780,-0.9187,4.488,38.9831,39.5853,3.1818,-3.1927,-0.0078,0.0966
1779744288999,1,Pitching Mound.Parent,,Loading,pitch.0,698244,-1.4729,4.7015,40.3016,37.9061,2.9414,-8.3723,-0.0075,0.0991
1779744289000,1,11.0000004b,Drive,Loading,pitch.0,699781,-0.9217,4.4856,39.0103,39.5512,3.1763,-3.166,-0.0077,0.0964
1779744289000,1,12.00000015,Lower Delivery,Loading,pitch.0,699868,-0.3399,0.1187,1.1011,-2.0134,-0.2902,-2.8732,0.0,0.0
1779744289000,1,12.00000018,Upper Delivery,Loading,pitch.0,700555,-0.234,0.0643,0.2925,-0.2955,-0.1157,-2.4294,0.0,0.0
1779744289000,1,Pitching Mound.Delivery,,Loading,pitch.0,698921,-0.574,0.183,1.3935,-2.0339,-0.4059,-5.2666,0.0,0.0
1779744289000,1,Pitching Mound.Drive,,Loading,pitch.0,699781,-0.9217,4.4856,39.0103,39.5512,3.1763,-3.166,-0.0077,0.0964
1779744289000,1,Pitching Mound.Parent,,Loading,pitch.0,698245,-1.4957,4.6686,40.4038,37.5173,2.7704,-8.4326,-0.0075,0.0999
1779744289001,1,12.00000015,Lower Delivery,Loading,pitch.0,699869,-0.3365,0.0913,1.0416,-1.8668,-0.3677,-2.9014,0.0,0.0
1779744289001,1,12.00000018,Upper Delivery,Loading,pitch.0,700556,-0.2611,0.0947,0.3459,-0.5152,-0.3501,-2.4271,0.0,0.0
1779744289001,1,Pitching Mound.Delivery,,Loading,pitch.0,698922,-0.5976,0.1861,1.3874,-2.1454,-0.7178,-5.3029,0.0,0.0
1779744289002,1,11.0000004b,Drive,Loading,pitch.0,699782,-0.9235,4.4797,38.9991,39.5695,3.2444,-3.1537,-0.0079,0.0965
1779744289002,1,11.0000004b,Drive,Loading,pitch.0,699783,-0.9292,4.4706,38.9665,39.6109,3.3075,-3.1481,-0.0081,0.0967
1779744289002,1,12.00000015,Lower Delivery,Loading,pitch.0,699870,-0.3187,0.0837,0.9937,-1.7514,-0.2217,-2.8591,0.0,0.0
1779744289002,1,12.00000018,Upper Delivery,Loading,pitch.0,700557,-0.2692,0.0939,0.3043,-1.0861,-0.9528,-2.5398,0.0,0.0
1779744289002,1,Pitching Mound.Delivery,,Loading,pitch.0,698923,-0.5879,0.1776,1.298,-2.6031,-1.1745,-5.382,0.0,0.0
1779744289002,1,Pitching Mound.Drive,,Loading,pitch.0,699782,-0.9235,4.4797,38.9991,39.5695,3.2444,-3.1537,-0.0079,0.0965
1779744289002,1,Pitching Mound.Drive,,Loading,pitch.0,699783,-0.9292,4.4706,38.9665,39.6109,3.3075,-3.1481,-0.0081,0.0967
1779744289002,1,Pitching Mound.Parent,,Loading,pitch.0,698246,-1.5212,4.6658,40.3866,37.4241,2.5266,-8.4566,-0.0076,0.0991
1779744289002,1,Pitching Mound.Parent,,Loading,pitch.0,698247,-1.5171,4.6482,40.2644,37.0078,2.133,-8.5302,-0.0078,0.0994
1779744289003,1,11.0000004b,Drive,Loading,pitch.0,699784,-0.9378,4.462,38.9625,39.5867,3.3305,-3.1647,-0.0081,0.0967
1779744289003,1,12.00000015,Lower Delivery,Loading,pitch.0,699871,-0.3552,0.0919,1.0582,-1.7749,-0.2613,-2.8443,0.0,0.0
1779744289003,1,12.00000018,Upper Delivery,Loading,pitch.0,700558,-0.2811,0.0848,0.2756,-0.8994,-0.754,-2.5343,0.0,0.0
1779744289003,1,Pitching Mound.Delivery,,Loading,pitch.0,698924,-0.6363,0.1767,1.3338,-2.4082,-1.0152,-5.3534,0.0,0.0
1779744289003,1,Pitching Mound.Drive,,Loading,pitch.0,699784,-0.9378,4.462,38.9625,39.5867,3.3305,-3.1647,-0.0081,0.0967
1779744289003,1,Pitching Mound.Parent,,Loading,pitch.0,698248,-1.5741,4.6386,40.2963,37.1785,2.3153,-8.5181,-0.0079,0.1001
1779744289004,1,11.0000004b,Drive,Loading,pitch.0,699785,-0.9398,4.4626,39.0032,39.6312,3.4528,-3.1471,-0.0084,0.0967
1779744289004,1,12.00000015,Lower Delivery,Loading,pitch.0,699872,-0.3046,0.0803,1.0167,-2.0665,-0.0637,-2.8787,0.0,0.0
1779744289004,1,12.00000018,Upper Delivery,Loading,pitch.0,700559,-0.2586,0.0581,0.2491,-1.0828,-0.9467,-2.585,0.0,0.0
1779744289004,1,Pitching Mound.Delivery,,Loading,pitch.0,698925,-0.5632,0.1384,1.2658,-2.8884,-1.0104,-5.4481,0.0,0.0
1779744289004,1,Pitching Mound.Drive,,Loading,pitch.0,699785,-0.9398,4.4626,39.0032,39.6312,3.4528,-3.1471,-0.0084,0.0967
1779744289004,1,Pitching Mound.Parent,,Loading,pitch.0,698249,-1.503,4.601,40.269,36.7429,2.4424,-8.5952,-0.0082,0.1001
1779744289005,1,11.0000004b,Drive,Loading,pitch.0,699786,-0.9422,4.4625,39.0877,39.7051,3.5023,-3.1706,-0.0085,0.0966
1779744289005,1,12.00000015,Lower Delivery,Loading,pitch.0,699873,-0.296,0.0782,1.0216,-2.2916,-0.0326,-2.8982,0.0,0.0
1779744289005,1,12.00000018,Upper Delivery,Loading,pitch.0,700560,-0.2703,0.0691,0.2809,-1.1058,-0.9666,-2.6697,0.0,0.0
1779744289005,1,Pitching Mound.Delivery,,Loading,pitch.0,698926,-0.5663,0.1474,1.3025,-3.1456,-0.9992,-5.5591,0.0,0.0
1779744289005,1,Pitching Mound.Drive,,Loading,pitch.0,699786,-0.9422,4.4625,39.0877,39.7051,3.5023,-3.1706,-0.0085,0.0966
1779744289005,1,Pitching Mound.Parent,,Loading,pitch.0,698250,-1.5085,4.6099,40.3902,36.5595,2.5031,-8.7297,-0.0082,0.0998
1779744289006,1,11.0000004b,Drive,Loading,pitch.0,699787,-0.9537,4.4456,39.0364,39.7194,3.3743,-3.149,-0.0082,0.0968
1779744289006,1,12.00000015,Lower Delivery,Loading,pitch.0,699874,-0.2888,0.0763,1.0637,-2.2714,0.0742,-2.8835,0.0,0.0
1779744289006,1,12.00000018,Upper Delivery,Loading,pitch.0,700561,-0.2712,0.0855,0.2935,-1.0877,-0.9461,-2.6901,0.0,0.0
1779744289006,1,Pitching Mound.Delivery,,Loading,pitch.0,698927,-0.56,0.1618,1.3572,-3.0972,-0.8719,-5.5676,0.0,0.0
1779744289006,1,Pitching Mound.Drive,,Loading,pitch.0,699787,-0.9537,4.4456,39.0364,39.7194,3.3743,-3.149,-0.0082,0.0968
1779744289006,1,Pitching Mound.Parent,,Loading,pitch.0,698251,-1.5137,4.6074,40.3936,36.6222,2.5025,-8.7166,-0.0079,0.1
1779744289007,1,11.0000004b,Drive,Loading,pitch.0,699788,-0.9628,4.4468,39.0347,39.7574,3.2923,-3.1488,-0.008,0.0969
1779744289007,1,12.00000015,Lower Delivery,Loading,pitch.0,699875,-0.2505,0.0671,1.0823,-2.1573,0.1431,-2.935,0.0,0.0
1779744289007,1,12.00000018,Upper Delivery,Loading,pitch.0,700562,-0.2725,0.0807,0.269,-1.301,-1.104,-2.8365,0.0,0.0
1779744289007,1,Pitching Mound.Delivery,,Loading,pitch.0,698928,-0.523,0.1478,1.3513,-3.1818,-0.9608,-5.7789,0.0,0.0
1779744289007,1,Pitching Mound.Drive,,Loading,pitch.0,699788,-0.9628,4.4468,39.0347,39.7574,3.2923,-3.1488,-0.008,0.0969
1779744289007,1,Pitching Mound.Parent,,Loading,pitch.0,698252,-1.4858,4.5946,40.3859,36.5756,2.3315,-8.9277,-0.0078,0.1005
1779744289008,1,11.0000004b,Drive,Loading,pitch.0,699789,-0.9647,4.4404,39.1088,39.7657,3.4697,-3.1721,-0.0084,0.0967
1779744289008,1,12.00000015,Lower Delivery,Loading,pitch.0,699876,-0.2356,0.0629,1.0435,-2.2637,0.1527,-2.9243,0.0,0.0
1779744289008,1,12.00000018,Upper Delivery,Loading,pitch.0,700563,-0.2817,0.0678,0.3064,-1.427,-1.2674,-2.8063,0.0,0.0
1779744289008,1,Pitching Mound.Delivery,,Loading,pitch.0,698929,-0.5173,0.1307,1.3499,-3.44,-1.1147,-5.7463,0.0,0.0
1779744289008,1,Pitching Mound.Drive,,Loading,pitch.0,699789,-0.9647,4.4404,39.1088,39.7657,3.4697,-3.1721,-0.0084,0.0967
1779744289008,1,Pitching Mound.Parent,,Loading,pitch.0,698253,-1.482,4.5711,40.4586,36.3256,2.355,-8.9185,-0.0082,0.0997
1779744289009,1,11.0000004b,Drive,Loading,pitch.0,699790,-0.975,4.4449,39.0991,39.7485,3.4761,-3.1729,-0.0085,0.0967
1779744289009,1,12.00000015,Lower Delivery,Loading,pitch.0,699877,-0.2088,0.0565,1.1202,-2.4063,0.1839,-2.9768,0.0,0.0
1779744289009,1,12.00000018,Upper Delivery,Loading,pitch.0,700564,-0.2956,0.0687,0.3165,-1.4751,-1.3258,-2.7882,0.0,0.0
1779744289009,1,Pitching Mound.Delivery,,Loading,pitch.0,698930,-0.5043,0.1252,1.4367,-3.6082,-1.1419,-5.7945,0.0,0.0
1779744289009,1,Pitching Mound.Drive,,Loading,pitch.0,699790,-0.975,4.4449,39.0991,39.7485,3.4761,-3.1729,-0.0085,0.0967
1779744289009,1,Pitching Mound.Parent,,Loading,pitch.0,698254,-1.4793,4.57,40.5358,36.1403,2.3342,-8.9674,-0.0082,0.1
1779744289010,1,11.0000004b,Drive,Loading,pitch.0,699791,-0.9756,4.4394,39.0682,39.6313,3.5075,-3.1783,-0.0085,0.0965
1779744289010,1,12.00000015,Lower Delivery,Loading,pitch.0,699878,-0.2291,0.0612,1.1013,-2.4018,0.0276,-2.9714,0.0,0.0
1779744289010,1,12.00000018,Upper Delivery,Loading,pitch.0,700565,-0.3042,0.0935,0.3324,-1.1186,-1.0312,-2.8083,0.0,0.0
1779744289010,1,Pitching Mound.Delivery,,Loading,pitch.0,698931,-0.5332,0.1547,1.4337,-3.259,-1.0036,-5.8052,0.0,0.0
1779744289010,1,Pitching Mound.Drive,,Loading,pitch.0,699791,-0.9756,4.4394,39.0682,39.6313,3.5075,-3.1783,-0.0085,0.0965
1779744289010,1,Pitching Mound.Parent,,Loading,pitch.0,698255,-1.5088,4.5942,40.5019,36.3723,2.5038,-8.9834,-0.0082,0.0995
1779744289011,1,11.0000004b,Drive,Loading,pitch.0,699792,-0.9805,4.4456,39.0135,39.6523,3.4785,-3.1825,-0.0085,0.0967
1779744289011,1,12.00000015,Lower Delivery,Loading,pitch.0,699879,-0.2213,0.0594,1.1141,-2.0771,0.1293,-2.9975,0.0,0.0
1779744289011,1,12.00000018,Upper Delivery,Loading,pitch.0,700566,-0.3248,0.1038,0.3475,-1.041,-1.0687,-2.8401,0.0,0.0
1779744289011,1,Pitching Mound.Delivery,,Loading,pitch.0,698932,-0.5461,0.1632,1.4616,-2.8574,-0.9394,-5.8728,0.0,0.0
1779744289011,1,Pitching Mound.Drive,,Loading,pitch.0,699792,-0.9805,4.4456,39.0135,39.6523,3.4785,-3.1825,-0.0085,0.0967
1779744289011,1,Pitching Mound.Parent,,Loading,pitch.0,698256,-1.5266,4.6088,40.475,36.7949,2.5391,-9.0553,-0.0082,0.0996
1779744289012,1,11.0000004b,Drive,Loading,pitch.0,699793,-0.9856,4.4474,38.978,39.5246,3.5704,-3.1705,-0.0087,0.0965
1779744289012,1,12.00000015,Lower Delivery,Loading,pitch.0,699880,-0.2295,0.0611,1.0536,-1.9643,-0.2162,-2.9586,0.0,0.0
1779744289012,1,12.00000018,Upper Delivery,Loading,pitch.0,700567,-0.3184,0.1111,0.3531,-1.3126,-1.152,-2.7887,0.0,0.0
1779744289012,1,Pitching Mound.Delivery,,Loading,pitch.0,698933,-0.5479,0.1721,1.4067,-3.0388,-1.3681,-5.7776,0.0,0.0
1779744289012,1,Pitching Mound.Drive,,Loading,pitch.0,699793,-0.9856,4.4474,38.978,39.5246,3.5704,-3.1705,-0.0087,0.0965
1779744289012,1,Pitching Mound.Parent,,Loading,pitch.0,698257,-1.5335,4.6195,40.3847,36.4858,2.2022,-8.9481,-0.0084,0.099
1779744289013,1,11.0000004b,Drive,Loading,pitch.0,699794,-0.9709,4.442,39.0183,39.5746,3.5705,-3.1434,-0.0087,0.0965
1779744289013,1,12.00000015,Lower Delivery,Loading,pitch.0,699881,-0.2696,0.0706,1.1008,-1.7763,-0.0795,-3.0476,0.0,0.0
1779744289013,1,12.00000018,Upper Delivery,Loading,pitch.0,700568,-0.3296,0.1152,0.3809,-1.0479,-0.9019,-2.72,0.0,0.0
1779744289013,1,Pitching Mound.Delivery,,Loading,pitch.0,698934,-0.5992,0.1858,1.4817,-2.5794,-0.9815,-5.788,0.0,0.0
1779744289013,1,Pitching Mound.Drive,,Loading,pitch.0,699794,-0.9709,4.442,39.0183,39.5746,3.5705,-3.1434,-0.0087,0.0965
1779744289013,1,Pitching Mound.Parent,,Loading,pitch.0,698258,-1.5701,4.6278,40.5,36.9952,2.589,-8.9314,-0.0084,0.099
1779744289014,1,11.0000004b,Drive,Loading,pitch.0,699795,-0.9577,4.4552,38.9812,39.4607,3.6165,-3.1548,-0.0088,0.0963
1779744289014,1,12.00000015,Lower Delivery,Loading,pitch.0,699882,-0.2391,0.0632,1.0344,-1.3047,-0.5279,-3.0446,0.0,0.0
1779744289014,1,12.00000018,Upper Delivery,Loading,pitch.0,700569,-0.3339,0.1098,0.3836,-1.2603,-1.1292,-2.7063,0.0,0.0
1779744289014,1,Pitching Mound.Delivery,,Loading,pitch.0,698935,-0.573,0.173,1.418,-2.3437,-1.6571,-5.7831,0.0,0.0
1779744289014,1,Pitching Mound.Drive,,Loading,pitch.0,699795,-0.9577,4.4552,38.9812,39.4607,3.6165,-3.1548,-0.0088,0.0963
1779744289014,1,Pitching Mound.Parent,,Loading,pitch.0,698259,-1.5307,4.6282,40.3992,37.117,1.9594,-8.938,-0.0085,0.0984
1779744289015,1,11.0000004b,Drive,Loading,pitch.0,699796,-0.9608,4.4676,38.9543,39.4386,3.4761,-3.1384,-0.0085,0.0963
1779744289015,1,12.00000015,Lower Delivery,Loading,pitch.0,699883,-0.2579,0.0674,0.9833,-0.5681,-0.3893,-3.0686,0.0,0.0
1779744289015,1,12.00000018,Upper Delivery,Loading,pitch.0,700570,-0.3308,0.1324,0.4148,-1.1733,-1.0357,-2.7192,0.0,0.0
1779744289015,1,Pitching Mound.Delivery,,Loading,pitch.0,698936,-0.5887,0.1998,1.3981,-1.5481,-1.425,-5.8126,0.0,0.0
1779744289015,1,Pitching Mound.Drive,,Loading,pitch.0,699796,-0.9608,4.4676,38.9543,39.4386,3.4761,-3.1384,-0.0085,0.0963
1779744289015,1,Pitching Mound.Parent,,Loading,pitch.0,698260,-1.5495,4.6674,40.3523,37.8905,2.0511,-8.951,-0.0082,0.0978
1779744289016,1,11.0000004b,Drive,Loading,pitch.0,699797,-0.9543,4.4545,38.919,39.3702,3.5238,-3.1558,-0.0086,0.0962
1779744289016,1,12.00000015,Lower Delivery,Loading,pitch.0,699884,-0.275,0.0712,0.9881,-0.463,-0.2968,-3.0533,0.0,0.0
1779744289016,1,12.00000018,Upper Delivery,Loading,pitch.0,700571,-0.3368,0.1474,0.4004,-0.9663,-0.8163,-2.6958,0.0,0.0
1779744289016,1,Pitching Mound.Delivery,,Loading,pitch.0,698937,-0.6118,0.2186,1.3885,-1.2295,-1.1131,-5.7701,0.0,0.0
1779744289016,1,Pitching Mound.Drive,,Loading,pitch.0,699797,-0.9543,4.4545,38.919,39.3702,3.5238,-3.1558,-0.0086,0.0962
1779744289016,1,Pitching Mound.Parent,,Loading,pitch.0,698261,-1.5661,4.6731,40.3075,38.1407,2.4107,-8.9259,-0.0083,0.0979
1779744289017,1,11.0000004b,Drive,Loading,pitch.0,699798,-0.9521,4.4614,38.9583,39.3234,3.5859,-3.1615,-0.0088,0.096
1779744289017,1,12.00000015,Lower Delivery,Loading,pitch.0,699885,-0.285,0.0736,1.0023,-0.5233,-0.1843,-3.023,0.0,0.0
1779744289017,1,12.00000018,Upper Delivery,Loading,pitch.0,700572,-0.3959,0.1963,0.5328,-0.7997,-0.6395,-2.6786,0.0,0.0
1779744289017,1,Pitching Mound.Delivery,,Loading,pitch.0,698938,-0.6809,0.2699,1.5351,-1.1633,-0.8238,-5.7393,0.0,0.0
1779744289017,1,Pitching Mound.Drive,,Loading,pitch.0,699798,-0.9521,4.4614,38.9583,39.3234,3.5859,-3.1615,-0.0088,0.096
1779744289017,1,Pitching Mound.Parent,,Loading,pitch.0,698262,-1.633,4.7313,40.4935,38.1601,2.762,-8.9009,-0.0084,0.0963
1779744289018,1,11.0000004b,Drive,Loading,pitch.0,699799,-0.929,4.4613,38.971,39.2991,3.6671,-3.1623,-0.009,0.0959
1779744289018,1,12.00000015,Lower Delivery,Loading,pitch.0,699886,-0.3057,0.0786,1.0515,-0.6118,-0.3623,-3.0098,0.0,0.0
1779744289018,1,12.00000018,Upper Delivery,Loading,pitch.0,700573,-0.3928,0.189,0.551,-0.5428,-0.3664,-2.6645,0.0,0.0
1779744289018,1,Pitching Mound.Delivery,,Loading,pitch.0,698939,-0.6985,0.2676,1.6025,-0.9844,-0.7286,-5.7039,0.0,0.0
1779744289018,1,Pitching Mound.Drive,,Loading,pitch.0,699799,-0.929,4.4613,38.971,39.2991,3.6671,-3.1623,-0.009,0.0959
1779744289018,1,Pitching Mound.Parent,,Loading,pitch.0,698263,-1.6275,4.7289,40.5735,38.3147,2.9385,-8.8661,-0.0086,0.0963
1779744289019,1,11.0000004b,Drive,Loading,pitch.0,699800,-0.9363,4.4642,38.8909,39.2235,3.6435,-3.1663,-0.0089,0.0959
1779744289019,1,12.00000015,Lower Delivery,Loading,pitch.0,699887,-0.3024,0.0779,1.0971,-0.7957,-0.1021,-3.033,0.0,0.0
1779744289019,1,12.00000018,Upper Delivery,Loading,pitch.0,700574,-0.3823,0.1979,0.5099,-0.5422,-0.3649,-2.6777,0.0,0.0
1779744289019,1,Pitching Mound.Delivery,,Loading,pitch.0,698940,-0.6847,0.2759,1.607,-1.1382,-0.467,-5.7379,0.0,0.0
1779744289019,1,Pitching Mound.Drive,,Loading,pitch.0,699800,-0.9363,4.4642,38.8909,39.2235,3.6435,-3.1663,-0.0089,0.0959
1779744289019,1,Pitching Mound.Parent,,Loading,pitch.0,698264,-1.621,4.7401,40.4979,38.0853,3.1765,-8.9041,-0.0086,0.0971
1779744289020,1,11.0000004b,Drive,Loading,pitch.0,699801,-0.9337,4.4558,38.8873,39.2238,3.6756,-3.1674,-0.009,0.096
1779744289020,1,12.00000015,Lower Delivery,Loading,pitch.0,699888,-0.327,0.0836,1.107,-0.6333,-0.3373,-2.9959,0.0,0.0
1779744289020,1,12.00000018,Upper Delivery,Loading,pitch.0,700575,-0.3739,0.1958,0.5162,-0.1988,-0.0066,-2.5378,0.0,0.0
1779744289020,1,Pitching Mound.Delivery,,Loading,pitch.0,698941,-0.7009,0.2794,1.6232,-0.6313,-0.3439,-5.5496,0.0,0.0
1779744289020,1,Pitching Mound.Drive,,Loading,pitch.0,699801,-0.9337,4.4558,38.8873,39.2238,3.6756,-3.1674,-0.009,0.096
1779744289020,1,Pitching Mound.Parent,,Loading,pitch.0,698265,-1.6346,4.7352,40.5105,38.5925,3.3317,-8.7171,-0.0086,0.0971
1779744289021,1,11.0000004b,Drive,Loading,pitch.0,699802,-0.9345,4.4524,38.9186,39.2492,3.6104,-3.1754,-0.0088,0.0959
1779744289021,1,12.00000015,Lower Delivery,Loading,pitch.0,699889,-0.2908,0.0752,1.1124,-0.9154,-0.4234,-3.0119,0.0,0.0
1779744289021,1,12.00000018,Upper Delivery,Loading,pitch.0,700576,-0.3283,0.1355,0.3431,-0.1485,0.0461,-2.5197,0.0,0.0
1779744289021,1,Pitching Mound.Delivery,,Loading,pitch.0,698942,-0.6191,0.2108,1.4555,-0.8024,-0.3773,-5.5443,0.0,0.0
1779744289021,1,Pitching Mound.Drive,,Loading,pitch.0,699802,-0.9345,4.4524,38.9186,39.2492,3.6104,-3.1754,-0.0088,0.0959
1779744289021,1,Pitching Mound.Parent,,Loading,pitch.0,698266,-1.5536,4.6632,40.3742,38.4468,3.233,-8.7197,-0.0085,0.099
1779744289022,1,11.0000004b,Drive,Loading,pitch.0,699803,-0.941,4.4508,38.9157,39.2979,3.7603,-3.1534,-0.0092,0.0961
1779744289022,1,12.00000015,Lower Delivery,Loading,pitch.0,699890,-0.2827,0.0737,1.0896,-1.4073,-0.1112,-3.0216,0.0,0.0
1779744289022,1,12.00000018,Upper Delivery,Loading,pitch.0,700577,-0.3405,0.1618,0.4224,-0.2532,-0.0668,-2.4968,0.0,0.0
1779744289022,1,Pitching Mound.Delivery,,Loading,pitch.0,698943,-0.6232,0.2355,1.512,-1.4336,-0.1781,-5.538,0.0,0.0
1779744289022,1,Pitching Mound.Drive,,Loading,pitch.0,699803,-0.941,4.4508,38.9157,39.2979,3.7603,-3.1534,-0.0092,0.0961
1779744289022,1,Pitching Mound.Parent,,Loading,pitch.0,698267,-1.5643,4.6863,40.4276,37.8642,3.5822,-8.6914,-0.0088,0.0981
1779744289023,1,11.0000004b,Drive,Loading,pitch.0,699804,-0.9431,4.4306,38.9545,39.2471,3.8617,-3.1773,-0.0094,0.0958
1779744289023,1,12.00000015,Lower Delivery,Loading,pitch.0,699891,-0.2736,0.0719,1.1137,-1.5564,0.003,-3.0052,0.0,0.0
1779744289023,1,12.00000018,Upper Delivery,Loading,pitch.0,700578,-0.34,0.1649,0.4959,-0.1234,0.0672,-2.4184,0.0,0.0
1779744289023,1,Pitching Mound.Delivery,,Loading,pitch.0,698944,-0.6136,0.2368,1.6096,-1.4698,0.0702,-5.4462,0.0,0.0
1779744289023,1,Pitching Mound.Drive,,Loading,pitch.0,699804,-0.9431,4.4306,38.9545,39.2471,3.8617,-3.1773,-0.0094,0.0958
1779744289023,1,Pitching Mound.Parent,,Loading,pitch.0,698268,-1.5567,4.6674,40.5641,37.7773,3.9319,-8.6235,-0.0091,0.0972
1779744289024,1,11.0000004b,Drive,Loading,pitch.0,699805,-0.9477,4.4349,38.9246,39.2781,3.9395,-3.1764,-0.0096,0.096
1779744289024,1,12.00000015,Lower Delivery,Loading,pitch.0,699892,-0.2857,0.0807,1.134,-1.2834,0.3841,-2.9611,0.0,0.0
1779744289024,1,12.00000018,Upper Delivery,Loading,pitch.0,700579,-0.3584,0.1814,0.5523,-0.3732,-0.1966,-2.464,0.0,0.0
1779744289024,1,Pitching Mound.Delivery,,Loading,pitch.0,698945,-0.6441,0.2621,1.6863,-1.4588,0.1875,-5.4498,0.0,0.0
1779744289024,1,Pitching Mound.Drive,,Loading,pitch.0,699805,-0.9477,4.4349,38.9246,39.2781,3.9395,-3.1764,-0.0096,0.096
1779744289024,1,Pitching Mound.Parent,,Loading,pitch.0,698269,-1.5918,4.6971,40.6108,37.8193,4.1271,-8.6262,-0.0092,0.0969
1779744289025,1,11.0000004b,Drive,Loading,pitch.0,699806,-0.9468,4.419,38.9495,39.2664,3.9421,-3.1782,-0.0096,0.0959
1779744289025,1,12.00000015,Lower Delivery,Loading,pitch.0,699893,-0.2345,0.1014,1.0278,-1.0552,0.5664,-2.9254,0.0,0.0
1779744289025,1,12.00000018,Upper Delivery,Loading,pitch.0,700580,-0.4213,0.2558,0.7226,-0.3815,-0.2032,-2.5052,0.0,0.0
1779744289025,1,Pitching Mound.Delivery,,Loading,pitch.0,698946,-0.6558,0.3572,1.7504,-1.3329,0.3632,-5.4942,0.0,0.0
1779744289025,1,Pitching Mound.Drive,,Loading,pitch.0,699806,-0.9468,4.419,38.9495,39.2664,3.9421,-3.1782,-0.0096,0.0959
1779744289025,1,Pitching Mound.Parent,,Loading,pitch.0,698270,-1.6026,4.7762,40.6999,37.9335,4.3054,-8.6723,-0.0092,0.0943
1779744289026,1,11.0000004b,Drive,Loading,pitch.0,699807,-0.9429,4.4124,38.9245,39.2785,4.0242,-3.1762,-0.0098,0.096
1779744289026,1,12.00000015,Lower Delivery,Loading,pitch.0,699894,-0.2591,0.129,1.047,-1.1947,0.6324,-2.9337,0.0,0.0
1779744289026,1,12.00000018,Upper Delivery,Loading,pitch.0,700581,-0.4677,0.2899,0.797,-0.391,-0.2151,-2.4741,0.0,0.0
1779744289026,1,Pitching Mound.Delivery,,Loading,pitch.0,698947,-0.7268,0.4189,1.844,-1.5007,0.4173,-5.4787,0.0,0.0
1779744289026,1,Pitching Mound.Drive,,Loading,pitch.0,699807,-0.9429,4.4124,38.9245,39.2785,4.0242,-3.1762,-0.0098,0.096
1779744289026,1,Pitching Mound.Parent,,Loading,pitch.0,698271,-1.6697,4.8313,40.7685,37.7778,4.4415,-8.6549,-0.0094,0.0937
1779744289027,1,11.0000004b,Drive,Loading,pitch.0,699808,-0.9413,4.408,38.9441,39.2385,4.0718,-3.1711,-0.0099,0.0958
1779744289027,1,12.00000015,Lower Delivery,Loading,pitch.0,699895,-0.2604,0.1254,1.0479,-1.1949,0.662,-2.9179,0.0,0.0
1779744289027,1,12.00000018,Upper Delivery,Loading,pitch.0,700582,-0.5484,0.337,0.9911,-0.5847,-0.4208,-2.4902,0.0,0.0
1779744289027,1,Pitching Mound.Delivery,,Loading,pitch.0,698948,-0.8089,0.4624,2.039,-1.7603,0.2412,-5.506,0.0,0.0
1779744289027,1,Pitching Mound.Drive,,Loading,pitch.0,699808,-0.9413,4.408,38.9441,39.2385,4.0718,-3.1711,-0.0099,0.0958
1779744289027,1,Pitching Mound.Parent,,Loading,pitch.0,698272,-1.7501,4.8704,40.9831,37.4782,4.313,-8.6771,-0.0095,0.0916
1779744289028,1,11.0000004b,Drive,Loading,pitch.0,699809,-0.9517,4.4096,38.8874,39.2144,4.1987,-3.1427,-0.0103,0.0959
1779744289028,1,12.00000015,Lower Delivery,Loading,pitch.0,699896,-0.2734,0.1062,0.9643,-1.3369,0.3774,-2.914,0.0,0.0
1779744289028,1,12.00000018,Upper Delivery,Loading,pitch.0,700583,-0.5514,0.3229,0.9658,-0.7091,-0.5508,-2.5369,0.0,0.0
1779744289028,1,Pitching Mound.Delivery,,Loading,pitch.0,698949,-0.8248,0.4291,1.9301,-2.0465,-0.1735,-5.5454,0.0,0.0
1779744289028,1,Pitching Mound.Drive,,Loading,pitch.0,699809,-0.9517,4.4096,38.8874,39.2144,4.1987,-3.1427,-0.0103,0.0959
1779744289028,1,Pitching Mound.Parent,,Loading,pitch.0,698273,-1.7765,4.8387,40.8175,37.1679,4.0252,-8.6881,-0.0098,0.0914
1779744289029,1,11.0000004b,Drive,Loading,pitch.0,699810,-0.9589,4.4031,38.8433,39.2506,4.1556,-3.1586,-0.0102,0.0961
1779744289029,1,12.00000015,Lower Delivery,Loading,pitch.0,699897,-0.2447,0.1057,0.9174,-1.4309,0.3773,-2.9021,0.0,0.0
1779744289029,1,12.00000018,Upper Delivery,Loading,pitch.0,700584,-0.5235,0.3007,0.9473,-0.7203,-0.562,-2.5509,0.0,0.0
1779744289029,1,Pitching Mound.Delivery,,Loading,pitch.0,698950,-0.7682,0.4064,1.8648,-2.1614,-0.1847,-5.5478,0.0,0.0
1779744289029,1,Pitching Mound.Drive,,Loading,pitch.0,699810,-0.9589,4.4031,38.8433,39.2506,4.1556,-3.1586,-0.0102,0.0961
1779744289029,1,Pitching Mound.Parent,,Loading,pitch.0,698274,-1.7271,4.8095,40.708,37.0892,3.9709,-8.7063,-0.0097,0.0915
1779744289030,1,11.0000004b,Drive,Loading,pitch.0,699811,-0.9539,4.3973,38.797,39.126,4.1618,-3.1539,-0.0102,0.0959
1779744289030,1,12.00000015,Lower Delivery,Loading,pitch.0,699898,-0.276,0.1019,0.8163,-1.7844,-0.0562,-2.9103,0.0,0.0
1779744289030,1,12.00000018,Upper Delivery,Loading,pitch.0,700585,-0.5251,0.287,0.9037,-0.9866,-0.8399,-2.66,0.0,0.0
1779744289030,1,Pitching Mound.Delivery,,Loading,pitch.0,698951,-0.8011,0.3889,1.72,-2.8006,-0.8961,-5.655,0.0,0.0
1779744289030,1,Pitching Mound.Drive,,Loading,pitch.0,699811,-0.9539,4.3973,38.797,39.126,4.1618,-3.1539,-0.0102,0.0959
1779744289030,1,Pitching Mound.Parent,,Loading,pitch.0,698275,-1.755,4.7861,40.517,36.3253,3.2657,-8.8089,-0.0098,0.0911
1779744289031,1,11.0000004b,Drive,Loading,pitch.0,699812,-0.9565,4.3976,38.8165,39.2056,4.1899,-3.1696,-0.0103,0.0961
1779744289031,1,12.00000015,Lower Delivery,Loading,pitch.0,699899,-0.2766,0.1116,0.9111,-1.8722,-0.078,-2.9082,0.0,0.0
1779744289031,1,12.00000018,Upper Delivery,Loading,pitch.0,700586,-0.5361,0.3048,0.9831,-1.31,-1.1806,-2.7345,0.0,0.0
1779744289031,1,Pitching Mound.Delivery,,Loading,pitch.0,698952,-0.8128,0.4163,1.8941,-3.2066,-1.2586,-5.731,0.0,0.0
1779744289031,1,Pitching Mound.Drive,,Loading,pitch.0,699812,-0.9565,4.3976,38.8165,39.2056,4.1899,-3.1696,-0.0103,0.0961
1779744289031,1,Pitching Mound.Parent,,Loading,pitch.0,698276,-1.7692,4.814,40.7106,35.999,2.9313,-8.9006,-0.0098,0.091
1779744289032,1,11.0000004b,Drive,Loading,pitch.0,699813,-0.9668,4.4055,38.7126,39.0775,4.2127,-3.1507,-0.0104,0.096
1779744289032,1,12.00000015,Lower Delivery,Loading,pitch.0,699900,-0.2812,0.104,0.9096,-1.9635,-0.1485,-2.9135,0.0,0.0
1779744289032,1,12.00000018,Upper Delivery,Loading,pitch.0,700587,-0.4462,0.1901,0.6237,-1.474,-1.3341,-2.8027,0.0,0.0
1779744289032,1,Pitching Mound.Delivery,,Loading,pitch.0,698953,-0.7274,0.294,1.5332,-3.3403,-1.4826,-5.7723,0.0,0.0
1779744289032,1,Pitching Mound.Drive,,Loading,pitch.0,699813,-0.9668,4.4055,38.7126,39.0775,4.2127,-3.1507,-0.0104,0.096
1779744289032,1,Pitching Mound.Parent,,Loading,pitch.0,698277,-1.6941,4.6996,40.2459,35.7372,2.7301,-8.923,-0.01,0.0948
1779744289033,1,11.0000004b,Drive,Loading,pitch.0,699814,-0.9805,4.4026,38.7189,39.1599,4.2314,-3.1805,-0.0104,0.0962
1779744289033,1,12.00000015,Lower Delivery,Loading,pitch.0,699901,-0.3077,0.0941,0.8592,-2.0439,-0.3668,-2.8939,0.0,0.0
1779744289033,1,12.00000018,Upper Delivery,Loading,pitch.0,700588,-0.4269,0.1656,0.5787,-1.3,-1.1684,-2.7645,0.0,0.0
1779744289033,1,Pitching Mound.Delivery,,Loading,pitch.0,698954,-0.7346,0.2597,1.438,-3.2486,-1.5352,-5.699,0.0,0.0
1779744289033,1,Pitching Mound.Drive,,Loading,pitch.0,699814,-0.9805,4.4026,38.7189,39.1599,4.2314,-3.1805,-0.0104,0.0962
1779744289033,1,Pitching Mound.Parent,,Loading,pitch.0,698278,-1.7151,4.6623,40.1569,35.9113,2.6962,-8.8795,-0.01,0.0951
1779744289034,1,11.0000004b,Drive,Loading,pitch.0,699815,-0.9916,4.4041,38.6936,39.2488,4.3827,-3.1684,-0.0108,0.0965
1779744289034,1,12.00000015,Lower Delivery,Loading,pitch.0,699902,-0.3465,0.0901,0.856,-2.2988,-1.0586,-2.9239,0.0,0.0
1779744289034,1,12.00000018,Upper Delivery,Loading,pitch.0,700589,-0.4013,0.1354,0.5065,-1.4132,-1.2134,-2.887,0.0,0.0
1779744289034,1,Pitching Mound.Delivery,,Loading,pitch.0,698955,-0.7477,0.2254,1.3625,-3.5931,-2.272,-5.8295,0.0,0.0
1779744289034,1,Pitching Mound.Drive,,Loading,pitch.0,699815,-0.9916,4.4041,38.6936,39.2488,4.3827,-3.1684,-0.0108,0.0965
1779744289034,1,Pitching Mound.Parent,,Loading,pitch.0,698279,-1.7393,4.6295,40.0561,35.6556,2.1107,-8.9979,-0.0104,0.0962
1779744289035,1,11.0000004b,Drive,Loading,pitch.0,699816,-0.9975,4.4048,38.5918,39.1759,4.3186,-3.175,-0.0106,0.0966
1779744289035,1,12.00000015,Lower Delivery,Loading,pitch.0,699903,-0.3055,0.0792,0.8085,-2.1565,-0.9838,-2.9489,0.0,0.0
1779744289035,1,12.00000018,Upper Delivery,Loading,pitch.0,700590,-0.358,0.0951,0.3713,-1.3212,-1.308,-2.8835,0.0,0.0
1779744289035,1,Pitching Mound.Delivery,,Loading,pitch.0,698956,-0.6635,0.1743,1.1798,-3.3291,-2.2918,-5.8503,0.0,0.0
1779744289035,1,Pitching Mound.Drive,,Loading,pitch.0,699816,-0.9975,4.4048,38.5918,39.1759,4.3186,-3.175,-0.0106,0.0966
1779744289035,1,Pitching Mound.Parent,,Loading,pitch.0,698280,-1.6609,4.5791,39.7716,35.8468,2.0267,-9.0252,-0.0103,0.0974
1779744289036,1,11.0000004b,Drive,Loading,pitch.0,699817,-0.9934,4.4016,38.5938,39.1232,4.2261,-3.1878,-0.0104,0.0964
1779744289036,1,12.00000015,Lower Delivery,Loading,pitch.0,699904,-0.3263,0.0831,0.8187,-2.1577,-0.7337,-2.9196,0.0,0.0
1779744289036,1,12.00000018,Upper Delivery,Loading,pitch.0,700591,-0.3373,0.0888,0.3767,-1.4936,-1.3299,-2.8111,0.0,0.0
1779744289036,1,Pitching Mound.Delivery,,Loading,pitch.0,698957,-0.6636,0.1718,1.1954,-3.5011,-2.0637,-5.7344,0.0,0.0
1779744289036,1,Pitching Mound.Drive,,Loading,pitch.0,699817,-0.9934,4.4016,38.5938,39.1232,4.2261,-3.1878,-0.0104,0.0964
1779744289036,1,Pitching Mound.Parent,,Loading,pitch.0,698281,-1.657,4.5734,39.7892,35.6222,2.1624,-8.9222,-0.0101,0.0973
1779744289037,1,11.0000004b,Drive,Loading,pitch.0,699818,-1.0,4.3866,38.576,39.0983,4.2232,-3.1717,-0.0104,0.0964
1779744289037,1,12.00000015,Lower Delivery,Loading,pitch.0,699905,-0.3233,0.0827,0.8835,-2.0049,-0.5902,-2.9324,0.0,0.0
1779744289037,1,12.00000018,Upper Delivery,Loading,pitch.0,700592,-0.3211,0.0908,0.3499,-1.4019,-1.278,-2.7479,0.0,0.0
1779744289037,1,Pitching Mound.Delivery,,Loading,pitch.0,698958,-0.6445,0.1735,1.2335,-3.2254,-1.8682,-5.6796,0.0,0.0
1779744289037,1,Pitching Mound.Drive,,Loading,pitch.0,699818,-1.0,4.3866,38.576,39.0983,4.2232,-3.1717,-0.0104,0.0964
1779744289037,1,Pitching Mound.Parent,,Loading,pitch.0,698282,-1.6445,4.5601,39.8095,35.8729,2.355,-8.8513,-0.0101,0.098
1779744289038,1,11.0000004b,Drive,Loading,pitch.0,699819,-0.9836,4.3879,38.5203,38.9944,4.1409,-3.206,-0.0102,0.0963
1779744289038,1,12.00000015,Lower Delivery,Loading,pitch.0,699906,-0.2718,0.0709,0.8556,-2.031,-0.6242,-2.9239,0.0,0.0
1779744289038,1,12.00000018,Upper Delivery,Loading,pitch.0,700593,-0.2952,0.1005,0.3693,-1.3418,-1.2166,-2.6988,0.0,0.0
1779744289038,1,Pitching Mound.Delivery,,Loading,pitch.0,698959,-0.567,0.1714,1.2249,-3.2075,-1.8408,-5.6307,0.0,0.0
1779744289038,1,Pitching Mound.Drive,,Loading,pitch.0,699819,-0.9836,4.3879,38.5203,38.9944,4.1409,-3.206,-0.0102,0.0963
1779744289038,1,Pitching Mound.Parent,,Loading,pitch.0,698283,-1.5507,4.5593,39.7453,35.7869,2.3001,-8.8367,-0.0099,0.0975
1779744289039,1,11.0000004b,Drive,Loading,pitch.0,699820,-0.9731,4.3796,38.5566,38.9662,3.9634,-3.2109,-0.0098,0.0961
1779744289039,1,12.00000015,Lower Delivery,Loading,pitch.0,699907,-0.2605,0.0723,1.0654,-1.7046,-0.2206,-2.9677,0.0,0.0
1779744289039,1,12.00000018,Upper Delivery,Loading,pitch.0,700594,-0.3018,0.111,0.4168,-1.2323,-1.1044,-2.6168,0.0,0.0
1779744289039,1,Pitching Mound.Delivery,,Loading,pitch.0,698960,-0.5624,0.1832,1.4822,-2.7164,-1.325,-5.5986,0.0,0.0
1779744289039,1,Pitching Mound.Drive,,Loading,pitch.0,699820,-0.9731,4.3796,38.5566,38.9662,3.9634,-3.2109,-0.0098,0.0961
1779744289039,1,Pitching Mound.Parent,,Loading,pitch.0,698284,-1.5355,4.5628,40.0387,36.2498,2.6383,-8.8095,-0.0094,0.0981
1779744289040,1,11.0000004b,Drive,Loading,pitch.0,699821,-0.9793,4.3772,38.5315,38.9543,3.7966,-3.1985,-0.0094,0.0962
1779744289040,1,12.00000015,Lower Delivery,Loading,pitch.0,699908,-0.2481,0.0711,1.028,-1.5424,-0.3554,-3.0153,0.0,0.0
1779744289040,1,12.00000018,Upper Delivery,Loading,pitch.0,700595,-0.293,0.1049,0.3944,-1.2158,-1.0893,-2.5719,0.0,0.0
1779744289040,1,Pitching Mound.Delivery,,Loading,pitch.0,698961,-0.541,0.176,1.4224,-2.5428,-1.4447,-5.6025,0.0,0.0
1779744289040,1,Pitching Mound.Drive,,Loading,pitch.0,699821,-0.9793,4.3772,38.5315,38.9543,3.7966,-3.1985,-0.0094,0.0962
1779744289040,1,Pitching Mound.Parent,,Loading,pitch.0,698285,-1.5203,4.5532,39.9539,36.4115,2.352,-8.801,-0.009,0.0981
1779744289041,1,11.0000004b,Drive,Loading,pitch.0,699822,-0.9698,4.3676,38.5536,38.912,3.779,-3.1985,-0.0093,0.096
1779744289041,1,12.00000015,Lower Delivery,Loading,pitch.0,699909,-0.2495,0.07,1.0829,-1.3106,-0.1731,-2.9523,0.0,0.0
1779744289041,1,12.00000018,Upper Delivery,Loading,pitch.0,700596,-0.2621,0.0915,0.3676,-0.8999,-0.7583,-2.4673,0.0,0.0
1779744289041,1,Pitching Mound.Delivery,,Loading,pitch.0,698962,-0.5115,0.1614,1.4505,-1.9673,-0.9314,-5.4239,0.0,0.0
1779744289041,1,Pitching Mound.Drive,,Loading,pitch.0,699822,-0.9698,4.3676,38.5536,38.912,3.779,-3.1985,-0.0093,0.096
1779744289041,1,Pitching Mound.Parent,,Loading,pitch.0,698286,-1.4813,4.5291,40.0041,36.9447,2.8476,-8.6224,-0.009,0.0986
1779744289042,1,11.0000004b,Drive,Loading,pitch.0,699823,-0.9646,4.3554,38.5939,38.8569,3.5698,-3.2141,-0.0088,0.0958
1779744289042,1,12.00000015,Lower Delivery,Loading,pitch.0,699910,-0.2464,0.0716,1.1602,-1.2793,-0.0466,-2.9852,0.0,0.0
1779744289042,1,12.00000018,Upper Delivery,Loading,pitch.0,700597,-0.2658,0.0904,0.3687,-1.0629,-0.934,-2.4332,0.0,0.0
1779744289042,1,Pitching Mound.Delivery,,Loading,pitch.0,698963,-0.5122,0.162,1.5289,-2.0731,-0.9806,-5.4249,0.0,0.0
1779744289042,1,Pitching Mound.Drive,,Loading,pitch.0,699823,-0.9646,4.3554,38.5939,38.8569,3.5698,-3.2141,-0.0088,0.0958
1779744289042,1,Pitching Mound.Parent,,Loading,pitch.0,698287,-1.4768,4.5173,40.1228,36.7838,2.5893,-8.639,-0.0085,0.0988
1779744289043,1,11.0000004b,Drive,Loading,pitch.0,699824,-0.9519,4.3462,38.5839,38.8048,3.5899,-3.2353,-0.0089,0.0957
1779744289043,1,12.00000015,Lower Delivery,Loading,pitch.0,699911,-0.2154,0.0641,1.1607,-1.1141,-0.138,-3.0285,0.0,0.0
1779744289043,1,12.00000018,Upper Delivery,Loading,pitch.0,700598,-0.2392,0.0893,0.3409,-0.9877,-0.8561,-2.3901,0.0,0.0
1779744289043,1,Pitching Mound.Delivery,,Loading,pitch.0,698964,-0.4547,0.1534,1.5016,-1.8231,-0.9941,-5.4267,0.0,0.0
1779744289043,1,Pitching Mound.Drive,,Loading,pitch.0,699824,-0.9519,4.3462,38.5839,38.8048,3.5899,-3.2353,-0.0089,0.0957
1779744289043,1,Pitching Mound.Parent,,Loading,pitch.0,698288,-1.4065,4.4996,40.0855,36.9817,2.5958,-8.662,-0.0085,0.099
1779744289044,1,11.0000004b,Drive,Loading,pitch.0,699825,-0.9525,4.3323,38.5624,38.7388,3.7149,-3.2285,-0.0092,0.0956
1779744289044,1,12.00000015,Lower Delivery,Loading,pitch.0,699912,-0.1879,0.0555,1.2026,-1.1441,0.0506,-2.9796,0.0,0.0
1779744289044,1,12.00000018,Upper Delivery,Loading,pitch.0,700599,-0.2208,0.0979,0.3254,-1.0284,-0.901,-2.3659,0.0,0.0
1779744289044,1,Pitching Mound.Delivery,,Loading,pitch.0,698965,-0.4087,0.1534,1.528,-1.8743,-0.8504,-5.3567,0.0,0.0
1779744289044,1,Pitching Mound.Drive,,Loading,pitch.0,699825,-0.9525,4.3323,38.5624,38.7388,3.7149,-3.2285,-0.0092,0.0956
1779744289044,1,Pitching Mound.Parent,,Loading,pitch.0,698289,-1.3612,4.4857,40.0905,36.8646,2.8645,-8.5852,-0.0088,0.0994
1779744289045,1,11.0000004b,Drive,Loading,pitch.0,699826,-0.9366,4.3281,38.5217,38.6413,3.6833,-3.2455,-0.0091,0.0954
1779744289045,1,12.00000015,Lower Delivery,Loading,pitch.0,699913,-0.1828,0.057,1.204,-1.0137,0.2895,-2.9644,0.0,0.0
1779744289045,1,12.00000018,Upper Delivery,Loading,pitch.0,700600,-0.2161,0.0641,0.2359,-0.9005,-0.7623,-2.4066,0.0,0.0
1779744289045,1,Pitching Mound.Delivery,,Loading,pitch.0,698966,-0.3988,0.1211,1.4399,-1.5851,-0.4728,-5.3824,0.0,0.0
1779744289045,1,Pitching Mound.Drive,,Loading,pitch.0,699826,-0.9366,4.3281,38.5217,38.6413,3.6833,-3.2455,-0.0091,0.0954
1779744289045,1,Pitching Mound.Parent,,Loading,pitch.0,698290,-1.3354,4.4492,39.9616,37.0562,3.2105,-8.6279,-0.0088,0.1002
1779744289046,1,11.0000004b,Drive,Loading,pitch.0,699827,-0.9395,4.3217,38.4685,38.6162,3.867,-3.2509,-0.0096,0.0955
1779744289046,1,12.00000015,Lower Delivery,Loading,pitch.0,699914,-0.1658,0.0556,1.1821,-0.8408,0.4622,-2.973,0.0,0.0
1779744289046,1,12.00000018,Upper Delivery,Loading,pitch.0,700601,-0.2256,0.0745,0.2821,-0.8936,-0.7545,-2.4151,0.0,0.0
1779744289046,1,Pitching Mound.Delivery,,Loading,pitch.0,698967,-0.3914,0.13,1.4642,-1.4284,-0.2923,-5.4084,0.0,0.0
1779744289046,1,Pitching Mound.Drive,,Loading,pitch.0,699827,-0.9395,4.3217,38.4685,38.6162,3.867,-3.2509,-0.0096,0.0955
1779744289046,1,Pitching Mound.Parent,,Loading,pitch.0,698291,-1.3309,4.4517,39.9327,37.1878,3.5747,-8.6593,-0.0092,0.0997
1779744289047,1,11.0000004b,Drive,Loading,pitch.0,699828,-0.952,4.3249,38.3938,38.6982,4.0073,-3.2488,-0.0099,0.0959
1779744289047,1,12.00000015,Lower Delivery,Loading,pitch.0,699915,-0.1811,0.0512,1.1416,-0.8692,0.4083,-2.9739,0.0,0.0
1779744289047,1,12.00000018,Upper Delivery,Loading,pitch.0,700602,-0.2293,0.0847,0.3093,-0.9146,-0.7741,-2.4642,0.0,0.0
1779744289047,1,Pitching Mound.Delivery,,Loading,pitch.0,698968,-0.4104,0.1359,1.4509,-1.5009,-0.3658,-5.4545,0.0,0.0
1779744289047,1,Pitching Mound.Drive,,Loading,pitch.0,699828,-0.952,4.3249,38.3938,38.6982,4.0073,-3.2488,-0.0099,0.0959
1779744289047,1,Pitching Mound.Parent,,Loading,pitch.0,698292,-1.3624,4.4608,39.8447,37.1974,3.6415,-8.7034,-0.0096,0.0995
1779744289048,1,11.0000004b,Drive,Loading,pitch.0,699829,-0.9513,4.3239,38.3455,38.5951,4.0328,-3.263,-0.01,0.0957
1779744289048,1,12.00000015,Lower Delivery,Loading,pitch.0,699916,-0.2284,0.0606,1.1046,-1.0165,0.5437,-2.9266,0.0,0.0
1779744289048,1,12.00000018,Upper Delivery,Loading,pitch.0,700603,-0.2471,0.0907,0.3448,-0.728,-0.581,-2.3567,0.0,0.0
1779744289048,1,Pitching Mound.Delivery,,Loading,pitch.0,698969,-0.4755,0.1512,1.4494,-1.4862,-0.0373,-5.2896,0.0,0.0
1779744289048,1,Pitching Mound.Drive,,Loading,pitch.0,699829,-0.9513,4.3239,38.3455,38.5951,4.0328,-3.263,-0.01,0.0957
1779744289048,1,Pitching Mound.Parent,,Loading,pitch.0,698293,-1.4268,4.4752,39.7949,37.1089,3.9954,-8.5526,-0.0096,0.0988
1779744289049,1,11.0000004b,Drive,Loading,pitch.0,699830,-0.9676,4.321,38.3005,38.6242,4.1407,-3.2432,-0.0103,0.0959
1779744289049,1,12.00000015,Lower Delivery,Loading,pitch.0,699917,-0.2514,0.0664,1.1191,-1.1962,0.5652,-2.935,0.0,0.0
1779744289049,1,12.00000018,Upper Delivery,Loading,pitch.0,700604,-0.2427,0.0868,0.3455,-0.5895,-0.4319,-2.3813,0.0,0.0
1779744289049,1,Pitching Mound.Delivery,,Loading,pitch.0,698970,-0.4941,0.1532,1.4646,-1.5226,0.1333,-5.3133,0.0,0.0
1779744289049,1,Pitching Mound.Drive,,Loading,pitch.0,699830,-0.9676,4.321,38.3005,38.6242,4.1407,-3.2432,-0.0103,0.0959
1779744289049,1,Pitching Mound.Parent,,Loading,pitch.0,698294,-1.4617,4.4742,39.765,37.1016,4.274,-8.5565,-0.0099,0.099
1779744289050,1,11.0000004b,Drive,Loading,pitch.0,699831,-0.9621,4.3231,38.1851,38.4932,4.1546,-3.2718,-0.0104,0.0959
1779744289050,1,12.00000015,Lower Delivery,Loading,pitch.0,699918,-0.2681,0.0701,1.0707,-1.266,0.4226,-2.9144,0.0,0.0
1779744289050,1,12.00000018,Upper Delivery,Loading,pitch.0,700605,-0.2693,0.1127,0.368,-0.457,-0.2936,-2.3278,0.0,0.0
1779744289050,1,Pitching Mound.Delivery,,Loading,pitch.0,698971,-0.5374,0.1829,1.4388,-1.484,0.129,-5.2427,0.0,0.0
1779744289050,1,Pitching Mound.Drive,,Loading,pitch.0,699831,-0.9621,4.3231,38.1851,38.4932,4.1546,-3.2718,-0.0104,0.0959
1779744289050,1,Pitching Mound.Parent,,Loading,pitch.0,698295,-1.4995,4.5059,39.6238,37.0092,4.2836,-8.5145,-0.01,0.0984
1779744289051,1,11.0000004b,Drive,Loading,pitch.0,699832,-0.9643,4.3192,38.1549,38.4522,4.2346,-3.2752,-0.0106,0.0959
1779744289051,1,12.00000015,Lower Delivery,Loading,pitch.0,699919,-0.2394,0.0634,1.0617,-1.1588,0.5874,-2.8891,0.0,0.0
1779744289051,1,12.00000018,Upper Delivery,Loading,pitch.0,700606,-0.2943,0.1344,0.3797,-0.5149,-0.3522,-2.3856,0.0,0.0
1779744289051,1,Pitching Mound.Delivery,,Loading,pitch.0,698972,-0.5338,0.1979,1.4415,-1.4418,0.2352,-5.2933,0.0,0.0
1779744289051,1,Pitching Mound.Drive,,Loading,pitch.0,699832,-0.9643,4.3192,38.1549,38.4522,4.2346,-3.2752,-0.0106,0.0959
1779744289051,1,Pitching Mound.Parent,,Loading,pitch.0,698296,-1.498,4.5171,39.5964,37.0103,4.4698,-8.5685,-0.0102,0.0982
1779744289052,1,11.0000004b,Drive,Loading,pitch.0,699833,-0.9649,4.3118,38.1071,38.3024,4.1998,-3.2961,-0.0105,0.0956
1779744289052,1,12.00000015,Lower Delivery,Loading,pitch.0,699920,-0.2631,0.0687,0.9864,-1.4179,0.4052,-2.7985,0.0,0.0
1779744289052,1,12.00000018,Upper Delivery,Loading,pitch.0,700607,-0.3041,0.1482,0.4445,-0.9653,-0.8273,-2.4798,0.0,0.0
1779744289052,1,Pitching Mound.Delivery,,Loading,pitch.0,698973,-0.5672,0.217,1.4309,-2.1989,-0.4221,-5.2922,0.0,0.0
1779744289052,1,Pitching Mound.Drive,,Loading,pitch.0,699833,-0.9649,4.3118,38.1071,38.3024,4.1998,-3.2961,-0.0105,0.0956
1779744289052,1,Pitching Mound.Parent,,Loading,pitch.0,698297,-1.5321,4.5288,39.538,36.1035,3.7777,-8.5883,-0.0101,0.0968
1779744289053,1,11.0000004b,Drive,Loading,pitch.0,699834,-0.9653,4.3045,38.0659,38.2545,4.2934,-3.2835,-0.0107,0.0956
1779744289053,1,12.00000015,Lower Delivery,Loading,pitch.0,699921,-0.2673,0.0698,0.93,-1.4912,0.2547,-2.8319,0.0,0.0
1779744289053,1,12.00000018,Upper Delivery,Loading,pitch.0,700608,-0.303,0.1218,0.402,-1.0042,-0.8659,-2.532,0.0,0.0
1779744289053,1,Pitching Mound.Delivery,,Loading,pitch.0,698974,-0.5703,0.1916,1.3319,-2.3159,-0.6112,-5.3761,0.0,0.0
1779744289053,1,Pitching Mound.Drive,,Loading,pitch.0,699834,-0.9653,4.3045,38.0659,38.2545,4.2934,-3.2835,-0.0107,0.0956
1779744289053,1,Pitching Mound.Parent,,Loading,pitch.0,698298,-1.5355,4.4961,39.3979,35.9385,3.6822,-8.6596,-0.0104,0.0969
1779744289054,1,11.0000004b,Drive,Loading,pitch.0,699835,-0.9668,4.2967,37.9948,38.214,4.2322,-3.2719,-0.0106,0.0957
1779744289054,1,12.00000015,Lower Delivery,Loading,pitch.0,699922,-0.2572,0.0678,0.9525,-1.4857,0.3472,-2.8248,0.0,0.0
1779744289054,1,12.00000018,Upper Delivery,Loading,pitch.0,700609,-0.3071,0.1441,0.4278,-1.2825,-1.1583,-2.6108,0.0,0.0
1779744289054,1,Pitching Mound.Delivery,,Loading,pitch.0,698975,-0.5643,0.2119,1.3803,-2.5898,-0.8111,-5.4526,0.0,0.0
1779744289054,1,Pitching Mound.Drive,,Loading,pitch.0,699835,-0.9668,4.2967,37.9948,38.214,4.2322,-3.2719,-0.0106,0.0957
1779744289054,1,Pitching Mound.Parent,,Loading,pitch.0,698299,-1.5312,4.5086,39.3751,35.6242,3.4211,-8.7245,-0.0102,0.0969
1779744289055,1,11.0000004b,Drive,Loading,pitch.0,699836,-0.9688,4.2898,37.8903,38.1925,4.225,-3.2647,-0.0106,0.0959
1779744289055,1,12.00000015,Lower Delivery,Loading,pitch.0,699923,-0.2936,0.0769,1.0513,-1.5723,0.2965,-2.8749,0.0,0.0
1779744289055,1,12.00000018,Upper Delivery,Loading,pitch.0,700610,-0.3112,0.1276,0.4425,-1.3004,-1.0456,-2.6494,0.0,0.0
1779744289055,1,Pitching Mound.Delivery,,Loading,pitch.0,698976,-0.6048,0.2045,1.4939,-2.6657,-0.7491,-5.5302,0.0,0.0
1779744289055,1,Pitching Mound.Drive,,Loading,pitch.0,699836,-0.9688,4.2898,37.8903,38.1925,4.225,-3.2647,-0.0106,0.0959
1779744289055,1,Pitching Mound.Parent,,Loading,pitch.0,698300,-1.5736,4.4943,39.3842,35.5268,3.4759,-8.7949,-0.0102,0.0975
1779744289056,1,11.0000004b,Drive,Loading,pitch.0,699837,-0.9762,4.278,37.9191,38.1494,4.207,-3.2655,-0.0106,0.0957
1779744289056,1,12.00000015,Lower Delivery,Loading,pitch.0,699924,-0.2821,0.0742,1.0554,-1.6108,0.313,-2.9099,0.0,0.0
1779744289056,1,12.00000018,Upper Delivery,Loading,pitch.0,700611,-0.2892,0.1435,0.434,-1.3464,-1.0378,-2.6459,0.0,0.0
1779744289056,1,12.00000018,Upper Delivery,Loading,pitch.0,700612,-0.2855,0.1281,0.4482,-1.6628,-1.041,-2.6333,0.0,0.0
1779744289056,1,Pitching Mound.Delivery,,Loading,pitch.0,698977,-0.5713,0.2177,1.4894,-2.746,-0.7248,-5.5582,0.0,0.0
1779744289056,1,Pitching Mound.Drive,,Loading,pitch.0,699837,-0.9762,4.278,37.9191,38.1494,4.207,-3.2655,-0.0106,0.0957
1779744289056,1,Pitching Mound.Parent,,Loading,pitch.0,698301,-1.5475,4.4956,39.4085,35.4035,3.4822,-8.8237,-0.0102,0.0975
1779744289057,1,11.0000004b,Drive,Loading,pitch.0,699838,-0.9815,4.2767,37.9369,38.1462,4.3467,-3.2687,-0.0109,0.0957
1779744289057,1,12.00000015,Lower Delivery,Loading,pitch.0,699925,-0.3225,0.0836,1.13,-1.5844,0.1905,-2.8895,0.0,0.0
1779744289057,1,Pitching Mound.Delivery,,Loading,pitch.0,698978,-0.6081,0.2117,1.5782,-3.0154,-0.8505,-5.5102,0.0,0.0
1779744289057,1,Pitching Mound.Drive,,Loading,pitch.0,699838,-0.9815,4.2767,37.9369,38.1462,4.3467,-3.2687,-0.0109,0.0957
1779744289057,1,Pitching Mound.Parent,,Loading,pitch.0,698302,-1.5895,4.4884,39.5151,35.1308,3.4962,-8.7789,-0.0105,0.0977
1779744289058,1,11.0000004b,Drive,Loading,pitch.0,699839,-0.9823,4.2821,37.8943,38.1529,4.2598,-3.2731,-0.0107,0.0958
1779744289058,1,12.00000015,Lower Delivery,Loading,pitch.0,699926,-0.2968,0.0784,1.1718,-1.365,0.257,-2.8814,0.0,0.0
1779744289058,1,12.00000018,Upper Delivery,Loading,pitch.0,700613,-0.2732,0.121,0.4449,-1.6933,-0.9386,-2.7366,0.0,0.0
1779744289058,1,Pitching Mound.Delivery,,Loading,pitch.0,698979,-0.57,0.1995,1.6167,-2.8112,-0.6816,-5.6099,0.0,0.0
1779744289058,1,Pitching Mound.Drive,,Loading,pitch.0,699839,-0.9823,4.2821,37.8943,38.1529,4.2598,-3.2731,-0.0107,0.0958
1779744289058,1,Pitching Mound.Parent,,Loading,pitch.0,698303,-1.5523,4.4816,39.5111,35.3417,3.5782,-8.8831,-0.0103,0.0981
1779744289059,1,11.0000004b,Drive,Loading,pitch.0,699840,-0.9953,4.2729,37.903,38.1904,4.4665,-3.2364,-0.0112,0.0959
1779744289059,1,12.00000015,Lower Delivery,Loading,pitch.0,699927,-0.2718,0.073,1.2626,-1.2662,0.3743,-2.8988,0.0,0.0
1779744289059,1,12.00000018,Upper Delivery,Loading,pitch.0,700614,-0.2796,0.14,0.4558,-1.778,-0.9081,-2.7877,0.0,0.0
1779744289059,1,Pitching Mound.Delivery,,Loading,pitch.0,698980,-0.5514,0.213,1.7184,-2.7699,-0.5338,-5.6891,0.0,0.0
1779744289059,1,Pitching Mound.Drive,,Loading,pitch.0,699840,-0.9953,4.2729,37.903,38.1904,4.4665,-3.2364,-0.0112,0.0959
1779744289059,1,Pitching Mound.Parent,,Loading,pitch.0,698304,-1.5467,4.4859,39.6214,35.4205,3.9328,-8.9255,-0.0107,0.0986
1779744289060,1,11.0000004b,Drive,Loading,pitch.0,699841,-0.9772,4.2737,37.7962,38.0233,4.4665,-3.2674,-0.0112,0.0957
1779744289060,1,12.00000015,Lower Delivery,Loading,pitch.0,699928,-0.2564,0.0703,1.2665,-1.1038,0.4196,-2.9085,0.0,0.0
1779744289060,1,12.00000018,Upper Delivery,Loading,pitch.0,700615,-0.2759,0.1221,0.4158,-1.9434,-0.8228,-2.8012,0.0,0.0
1779744289060,1,Pitching Mound.Delivery,,Loading,pitch.0,698981,-0.5324,0.1924,1.6823,-2.7579,-0.4032,-5.7163,0.0,0.0
1779744289060,1,Pitching Mound.Drive,,Loading,pitch.0,699841,-0.9772,4.2737,37.7962,38.0233,4.4665,-3.2674,-0.0112,0.0957
1779744289060,1,Pitching Mound.Parent,,Loading,pitch.0,698305,-1.5096,4.4661,39.4785,35.2654,4.0633,-8.9837,-0.0108,0.0989
1779744289061,1,11.0000004b,Drive,Loading,pitch.0,699842,-0.979,4.2734,37.8228,38.1277,4.527,-3.2354,-0.0114,0.0959
1779744289061,1,12.00000015,Lower Delivery,Loading,pitch.0,699929,-0.235,0.0726,1.2624,-0.9576,0.2778,-2.898,0.0,0.0
1779744289061,1,12.00000018,Upper Delivery,Loading,pitch.0,700616,-0.2826,0.1434,0.4529,-1.4177,-0.9059,-2.7519,0.0,0.0
1779744289061,1,Pitching Mound.Delivery,,Loading,pitch.0,698982,-0.5176,0.216,1.7153,-2.1001,-0.6281,-5.666,0.0,0.0
1779744289061,1,Pitching Mound.Drive,,Loading,pitch.0,699842,-0.979,4.2734,37.8228,38.1277,4.527,-3.2354,-0.0114,0.0959
1779744289061,1,Pitching Mound.Parent,,Loading,pitch.0,698306,-1.4967,4.4895,39.538,36.0277,3.8989,-8.9014,-0.0109,0.0987
1779744289062,1,11.0000004b,Drive,Loading,pitch.0,699843,-0.9872,4.2788,37.779,38.2339,4.665,-3.2572,-0.0117,0.0963
1779744289062,1,12.00000015,Lower Delivery,Loading,pitch.0,699930,-0.2525,0.072,1.302,-0.8004,0.2887,-2.9455,0.0,0.0
1779744289062,1,12.00000018,Upper Delivery,Loading,pitch.0,700617,-0.2864,0.1337,0.4216,-1.0408,-0.7443,-2.7164,0.0,0.0
1779744289062,1,Pitching Mound.Delivery,,Loading,pitch.0,698983,-0.5388,0.2057,1.7236,-1.5419,-0.4555,-5.6734,0.0,0.0
1779744289062,1,Pitching Mound.Drive,,Loading,pitch.0,699843,-0.9872,4.2788,37.779,38.2339,4.665,-3.2572,-0.0117,0.0963
1779744289062,1,Pitching Mound.Parent,,Loading,pitch.0,698307,-1.526,4.4845,39.5026,36.692,4.2094,-8.9306,-0.0112,0.0997
1779744289063,1,11.0000004b,Drive,Loading,pitch.0,699844,-0.9856,4.2866,37.7273,38.1966,4.6651,-3.2503,-0.0118,0.0963
1779744289063,1,12.00000015,Lower Delivery,Loading,pitch.0,699931,-0.2278,0.09,1.2061,-0.7501,0.2894,-2.9148,0.0,0.0
1779744289063,1,12.00000018,Upper Delivery,Loading,pitch.0,700618,-0.3186,0.1685,0.4737,-0.895,-0.7419,-2.6658,0.0,0.0
1779744289063,1,Pitching Mound.Delivery,,Loading,pitch.0,698984,-0.5464,0.2585,1.6798,-1.3961,-0.4525,-5.6115,0.0,0.0
1779744289063,1,Pitching Mound.Drive,,Loading,pitch.0,699844,-0.9856,4.2866,37.7273,38.1966,4.6651,-3.2503,-0.0118,0.0963
1779744289063,1,Pitching Mound.Parent,,Loading,pitch.0,698308,-1.5321,4.5451,39.4071,36.8005,4.2125,-8.8617,-0.0113,0.0985
1779744289064,1,11.0000004b,Drive,Loading,pitch.0,699845,-0.9655,4.2723,37.7783,38.1635,4.5387,-3.2371,-0.0114,0.0961
1779744289064,1,12.00000015,Lower Delivery,Loading,pitch.0,699932,-0.2357,0.0912,1.1729,-0.8291,0.1967,-2.9232,0.0,0.0
1779744289064,1,12.00000018,Upper Delivery,Loading,pitch.0,700619,-0.3424,0.1606,0.4513,-1.1366,-0.9542,-2.6971,0.0,0.0
1779744289064,1,Pitching Mound.Delivery,,Loading,pitch.0,698985,-0.578,0.2518,1.6242,-1.7203,-0.7575,-5.6566,0.0,0.0
1779744289064,1,Pitching Mound.Drive,,Loading,pitch.0,699845,-0.9655,4.2723,37.7783,38.1635,4.5387,-3.2371,-0.0114,0.0961
1779744289064,1,Pitching Mound.Parent,,Loading,pitch.0,698309,-1.5435,4.5241,39.4025,36.4431,3.7812,-8.8937,-0.011,0.0984
1779744289065,1,11.0000004b,Drive,Loading,pitch.0,699846,-0.9692,4.281,37.7101,38.1968,4.6726,-3.2482,-0.0118,0.0964
1779744289065,1,12.00000015,Lower Delivery,Loading,pitch.0,699933,-0.2557,0.0846,1.1109,-0.9212,-0.0398,-2.9078,0.0,0.0
1779744289065,1,12.00000018,Upper Delivery,Loading,pitch.0,700620,-0.3475,0.1494,0.5024,-1.0085,-0.8626,-2.6708,0.0,0.0
1779744289065,1,Pitching Mound.Delivery,,Loading,pitch.0,698986,-0.6032,0.234,1.6134,-1.7228,-0.9025,-5.6098,0.0,0.0
1779744289065,1,Pitching Mound.Drive,,Loading,pitch.0,699846,-0.9692,4.281,37.7101,38.1968,4.6726,-3.2482,-0.0118,0.0964
1779744289065,1,Pitching Mound.Parent,,Loading,pitch.0,698310,-1.5724,4.515,39.3235,36.474,3.7701,-8.858,-0.0113,0.0977
1779744289066,1,11.0000004b,Drive,Loading,pitch.0,699847,-0.9445,4.2682,37.7212,38.1078,4.5687,-3.2646,-0.0115,0.0961
1779744289066,1,12.00000015,Lower Delivery,Loading,pitch.0,699934,-0.2654,0.0746,1.0701,-0.9797,-0.0996,-2.9517,0.0,0.0
1779744289066,1,12.00000018,Upper Delivery,Loading,pitch.0,700621,-0.3448,0.168,0.5026,-0.8289,-0.6718,-2.6605,0.0,0.0
1779744289066,1,Pitching Mound.Delivery,,Loading,pitch.0,698987,-0.6102,0.2427,1.5726,-1.6157,-0.7714,-5.6392,0.0,0.0
1779744289066,1,Pitching Mound.Drive,,Loading,pitch.0,699847,-0.9445,4.2682,37.7212,38.1078,4.5687,-3.2646,-0.0115,0.0961
1779744289066,1,Pitching Mound.Parent,,Loading,pitch.0,698311,-1.5547,4.5109,39.2938,36.4921,3.7973,-8.9039,-0.0111,0.0972
1779744289067,1,11.0000004b,Drive,Loading,pitch.0,699848,-0.9438,4.2623,37.7891,38.1481,4.6253,-3.2596,-0.0116,0.096
1779744289067,1,12.00000015,Lower Delivery,Loading,pitch.0,699935,-0.2588,0.0727,1.043,-1.1014,-0.0043,-2.9011,0.0,0.0
1779744289067,1,12.00000018,Upper Delivery,Loading,pitch.0,700622,-0.3744,0.1715,0.5423,-0.8326,-0.6761,-2.6523,0.0,0.0
1779744289067,1,Pitching Mound.Delivery,,Loading,pitch.0,698988,-0.6332,0.2442,1.5853,-1.7638,-0.6804,-5.5928,0.0,0.0
1779744289067,1,Pitching Mound.Drive,,Loading,pitch.0,699848,-0.9438,4.2623,37.7891,38.1481,4.6253,-3.2596,-0.0116,0.096
1779744289067,1,Pitching Mound.Parent,,Loading,pitch.0,698312,-1.5771,4.5065,39.3744,36.3843,3.9449,-8.8524,-0.0112,0.0965
1779744289068,1,11.0000004b,Drive,Loading,pitch.0,699849,-0.9396,4.2411,37.6604,37.9687,4.4266,-3.2539,-0.0112,0.0959
1779744289068,1,12.00000015,Lower Delivery,Loading,pitch.0,699936,-0.285,0.0742,0.9588,-1.4522,0.2147,-2.8986,0.0,0.0
1779744289068,1,12.00000018,Upper Delivery,Loading,pitch.0,700623,-0.3424,0.1578,0.4927,-0.3779,-0.2003,-2.4884,0.0,0.0
1779744289068,1,Pitching Mound.Delivery,,Loading,pitch.0,698989,-0.6273,0.232,1.4515,-1.6716,0.0144,-5.4065,0.0,0.0
1779744289068,1,Pitching Mound.Drive,,Loading,pitch.0,699849,-0.9396,4.2411,37.6604,37.9687,4.4266,-3.2539,-0.0112,0.0959
1779744289068,1,Pitching Mound.Parent,,Loading,pitch.0,698313,-1.5669,4.4731,39.1118,36.2971,4.441,-8.6604,-0.0108,0.0964
1779744289069,1,11.0000004b,Drive,Loading,pitch.0,699850,-0.93,4.2328,37.6264,37.8842,4.4327,-3.2381,-0.0112,0.0958
1779744289069,1,12.00000015,Lower Delivery,Loading,pitch.0,699937,-0.2904,0.0755,0.9511,-2.2724,0.1238,-2.9174,0.0,0.0
1779744289069,1,12.00000018,Upper Delivery,Loading,pitch.0,700624,-0.3484,0.154,0.4785,-0.5341,-0.3652,-2.5179,0.0,0.0
1779744289069,1,Pitching Mound.Delivery,,Loading,pitch.0,698990,-0.6387,0.2294,1.4296,-2.6457,-0.2414,-5.455,0.0,0.0
1779744289069,1,Pitching Mound.Drive,,Loading,pitch.0,699850,-0.93,4.2328,37.6264,37.8842,4.4327,-3.2381,-0.0112,0.0958
1779744289069,1,Pitching Mound.Parent,,Loading,pitch.0,698314,-1.5688,4.4622,39.056,35.2384,4.1913,-8.6931,-0.0108,0.0964
1779744289070,1,11.0000004b,Drive,Loading,pitch.0,699851,-0.9342,4.2246,37.6433,37.892,4.481,-3.2835,-0.0113,0.0958
1779744289070,1,12.00000015,Lower Delivery,Loading,pitch.0,699938,-0.2807,0.0735,0.8241,-2.6477,0.1474,-2.889,0.0,0.0
1779744289070,1,12.00000018,Upper Delivery,Loading,pitch.0,700625,-0.3413,0.1366,0.4095,-0.6198,-0.461,-2.4395,0.0,0.0
1779744289070,1,Pitching Mound.Delivery,,Loading,pitch.0,698991,-0.622,0.2101,1.2336,-3.1265,-0.3136,-5.3491,0.0,0.0
1779744289070,1,Pitching Mound.Drive,,Loading,pitch.0,699851,-0.9342,4.2246,37.6433,37.892,4.481,-3.2835,-0.0113,0.0958
1779744289070,1,Pitching Mound.Parent,,Loading,pitch.0,698315,-1.5562,4.4348,38.8769,34.7655,4.1674,-8.6326,-0.011,0.0963
1779744289071,1,11.0000004b,Drive,Loading,pitch.0,699852,-0.932,4.2122,37.5607,37.8733,4.5717,-3.2928,-0.0116,0.0959
1779744289071,1,12.00000015,Lower Delivery,Loading,pitch.0,699939,-0.2921,0.0759,0.809,-2.7752,-0.2494,-2.9262,0.0,0.0
1779744289071,1,12.00000018,Upper Delivery,Loading,pitch.0,700627,-0.302,0.1149,0.3562,-1.0298,-0.8941,-2.5155,0.0,0.0
1779744289071,1,12.00000018,Upper Delivery,Loading,pitch.0,700626,-0.3213,0.1341,0.4086,-0.5549,-0.391,-2.4549,0.0,0.0
1779744289071,1,Pitching Mound.Delivery,,Loading,pitch.0,698992,-0.6134,0.2101,1.2177,-3.194,-0.6404,-5.391,0.0,0.0
1779744289071,1,Pitching Mound.Drive,,Loading,pitch.0,699852,-0.932,4.2122,37.5607,37.8733,4.5717,-3.2928,-0.0116,0.0959
1779744289071,1,Pitching Mound.Parent,,Loading,pitch.0,698316,-1.5454,4.4222,38.7783,34.6792,3.9313,-8.6838,-0.0112,0.0964
1779744289072,1,11.0000004b,Drive,Loading,pitch.0,699853,-0.9275,4.2176,37.5629,37.897,4.5753,-3.2811,-0.0116,0.096
1779744289072,1,12.00000015,Lower Delivery,Loading,pitch.0,699940,-0.3262,0.0838,0.7939,-2.4977,-0.5684,-2.9524,0.0,0.0
1779744289072,1,Pitching Mound.Delivery,,Loading,pitch.0,698993,-0.6282,0.1987,1.1501,-3.3787,-1.4626,-5.4597,0.0,0.0
1779744289072,1,Pitching Mound.Drive,,Loading,pitch.0,699853,-0.9275,4.2176,37.5629,37.897,4.5753,-3.2811,-0.0116,0.096
1779744289072,1,Pitching Mound.Parent,,Loading,pitch.0,698317,-1.5557,4.4164,38.713,34.5182,3.1128,-8.7408,-0.0112,0.097
1779744289073,1,11.0000004b,Drive,Loading,pitch.0,699854,-0.9257,4.2016,37.543,37.7723,4.5452,-3.2865,-0.0115,0.0957
1779744289073,1,12.00000015,Lower Delivery,Loading,pitch.0,699941,-0.3167,0.0821,0.8805,-2.5216,-0.2386,-2.95,0.0,0.0
1779744289073,1,12.00000018,Upper Delivery,Loading,pitch.0,700628,-0.3029,0.1094,0.3434,-0.7821,-0.634,-2.442,0.0,0.0
1779744289073,1,12.00000018,Upper Delivery,Loading,pitch.0,700629,-0.3069,0.1084,0.3787,-0.8054,-0.6577,-2.4612,0.0,0.0
1779744289073,1,Pitching Mound.Delivery,,Loading,pitch.0,698994,-0.6196,0.1916,1.2239,-3.1211,-0.8726,-5.3873,0.0,0.0
1779744289073,1,Pitching Mound.Drive,,Loading,pitch.0,699854,-0.9257,4.2016,37.543,37.7723,4.5452,-3.2865,-0.0115,0.0957
1779744289073,1,Pitching Mound.Parent,,Loading,pitch.0,698318,-1.5453,4.3932,38.7668,34.6512,3.6726,-8.6738,-0.0112,0.0974
1779744289074,1,11.0000004b,Drive,Loading,pitch.0,699855,-0.9311,4.2015,37.5013,37.7974,4.6727,-3.2927,-0.0119,0.0959
1779744289074,1,12.00000015,Lower Delivery,Loading,pitch.0,699942,-0.3072,0.0799,0.9028,-2.6925,-0.5529,-2.9572,0.0,0.0
1779744289074,1,12.00000018,Upper Delivery,Loading,pitch.0,700630,-0.2657,0.0956,0.3888,-0.9238,-0.7823,-2.4916,0.0,0.0
1779744289074,1,Pitching Mound.Delivery,,Loading,pitch.0,698995,-0.6141,0.1883,1.2815,-3.3196,-1.2107,-5.4182,0.0,0.0
1779744289074,1,Pitching Mound.Drive,,Loading,pitch.0,699855,-0.9311,4.2015,37.5013,37.7974,4.6727,-3.2927,-0.0119,0.0959
1779744289074,1,Pitching Mound.Parent,,Loading,pitch.0,698319,-1.5452,4.3898,38.7828,34.4778,3.462,-8.7109,-0.0115,0.0973
1779744289075,1,11.0000004b,Drive,Loading,pitch.0,699856,-0.941,4.2015,37.4152,37.7443,4.6767,-3.2744,-0.0119,0.096
1779744289075,1,12.00000015,Lower Delivery,Loading,pitch.0,699943,-0.3207,0.0858,1.0046,-2.7231,-0.6142,-2.9357,0.0,0.0
1779744289075,1,12.00000018,Upper Delivery,Loading,pitch.0,700631,-0.2744,0.1127,0.3633,-0.8635,-0.7173,-2.5054,0.0,0.0
1779744289075,1,Pitching Mound.Delivery,,Loading,pitch.0,698996,-0.5864,0.1814,1.3935,-3.4375,-1.3965,-5.4086,0.0,0.0
1779744289075,1,Pitching Mound.Drive,,Loading,pitch.0,699856,-0.941,4.2015,37.4152,37.7443,4.6767,-3.2744,-0.0119,0.096
1779744289075,1,Pitching Mound.Parent,,Loading,pitch.0,698320,-1.5274,4.3829,38.8087,34.3068,3.2802,-8.683,-0.0115,0.0979
1779744289076,1,11.0000004b,Drive,Loading,pitch.0,699857,-0.926,4.2017,37.3796,37.7481,4.6062,-3.2784,-0.0117,0.0961
1779744289076,1,12.00000015,Lower Delivery,Loading,pitch.0,699944,-0.3087,0.0919,1.1421,-2.0562,-0.2043,-2.8993,0.0,0.0
1779744289076,1,Pitching Mound.Delivery,,Loading,pitch.0,698997,-0.583,0.2046,1.5054,-2.655,-0.9217,-5.393,0.0,0.0
1779744289076,1,Pitching Mound.Drive,,Loading,pitch.0,699857,-0.926,4.2017,37.3796,37.7481,4.6062,-3.2784,-0.0117,0.0961
1779744289076,1,Pitching Mound.Parent,,Loading,pitch.0,698321,-1.509,4.4064,38.885,35.0931,3.6845,-8.6714,-0.0113,0.0992
1779744289077,1,11.0000004b,Drive,Loading,pitch.0,699858,-0.9256,4.191,37.2738,37.6307,4.5293,-3.2388,-0.0116,0.096
1779744289077,1,12.00000015,Lower Delivery,Loading,pitch.0,699945,-0.2733,0.1028,1.0893,-2.2509,-0.5067,-2.8943,0.0,0.0
1779744289077,1,12.00000018,Upper Delivery,Loading,pitch.0,700632,-0.287,0.0921,0.3637,-1.1797,-1.052,-2.5497,0.0,0.0
1779744289077,1,Pitching Mound.Delivery,,Loading,pitch.0,698998,-0.5604,0.1949,1.4531,-3.1839,-1.5587,-5.4487,0.0,0.0
1779744289077,1,Pitching Mound.Drive,,Loading,pitch.0,699858,-0.9256,4.191,37.2738,37.6307,4.5293,-3.2388,-0.0116,0.096
1779744289077,1,Pitching Mound.Parent,,Loading,pitch.0,698322,-1.486,4.3859,38.7269,34.4468,2.9706,-8.6875,-0.0111,0.0988
1779744289078,1,11.0000004b,Drive,Loading,pitch.0,699859,-0.9326,4.1874,37.2598,37.5727,4.4442,-3.2498,-0.0113,0.0959
1779744289078,1,12.00000015,Lower Delivery,Loading,pitch.0,699946,-0.2557,0.1131,1.0126,-1.9542,-0.108,-2.8915,0.0,0.0
1779744289078,1,12.00000018,Upper Delivery,Loading,pitch.0,700634,-0.2881,0.1012,0.4079,-1.3658,-1.246,-2.6299,0.0,0.0
1779744289078,1,12.00000018,Upper Delivery,Loading,pitch.0,700633,-0.2723,0.0919,0.3845,-1.2247,-1.0975,-2.5953,0.0,0.0
1779744289078,1,Pitching Mound.Delivery,,Loading,pitch.0,698999,-0.528,0.205,1.3971,-2.9654,-1.2055,-5.4924,0.0,0.0
1779744289078,1,Pitching Mound.Drive,,Loading,pitch.0,699859,-0.9326,4.1874,37.2598,37.5727,4.4442,-3.2498,-0.0113,0.0959
1779744289078,1,Pitching Mound.Parent,,Loading,pitch.0,698323,-1.4607,4.3925,38.6569,34.6073,3.2387,-8.7422,-0.0109,0.098
1779744289079,1,11.0000004b,Drive,Loading,pitch.0,699860,-0.9178,4.1925,37.3127,37.6174,4.4536,-3.2551,-0.0114,0.0959
1779744289079,1,12.00000015,Lower Delivery,Loading,pitch.0,699947,-0.2398,0.1033,1.0697,-1.7454,-0.0031,-2.8981,0.0,0.0
1779744289079,1,12.00000018,Upper Delivery,Loading,pitch.0,700635,-0.285,0.0842,0.3994,-1.4549,-1.3294,-2.6535,0.0,0.0
1779744289079,1,Pitching Mound.Delivery,,Loading,pitch.0,699000,-0.5279,0.2045,1.4776,-2.8861,-1.2491,-5.5444,0.0,0.0
1779744289079,1,Pitching Mound.Drive,,Loading,pitch.0,699860,-0.9178,4.1925,37.3127,37.6174,4.4536,-3.2551,-0.0114,0.0959
1779744289079,1,Pitching Mound.Parent,,Loading,pitch.0,698324,-1.4457,4.3969,38.7902,34.7313,3.2045,-8.7995,-0.0109,0.0981
1779744289080,1,11.0000004b,Drive,Loading,pitch.0,699861,-0.9146,4.1814,37.1656,37.4683,4.3482,-3.2502,-0.0111,0.0959
1779744289080,1,12.00000015,Lower Delivery,Loading,pitch.0,699948,-0.2384,0.0893,1.0555,-1.8435,-0.3532,-2.9043,0.0,0.0
1779744289080,1,12.00000018,Upper Delivery,Loading,pitch.0,700636,-0.2841,0.107,0.3879,-1.4945,-1.337,-2.7472,0.0,0.0
1779744289080,1,Pitching Mound.Delivery,,Loading,pitch.0,699001,-0.5234,0.1736,1.4549,-3.0753,-1.6826,-5.5737,0.0,0.0
1779744289080,1,Pitching Mound.Drive,,Loading,pitch.0,699861,-0.9146,4.1814,37.1656,37.4683,4.3482,-3.2502,-0.0111,0.0959
1779744289080,1,Pitching Mound.Parent,,Loading,pitch.0,698325,-1.438,4.355,38.6205,34.393,2.6656,-8.8239,-0.0107,0.0981
1779744289081,1,11.0000004b,Drive,Loading,pitch.0,699863,-0.9156,4.168,37.0957,37.3921,4.2618,-3.2148,-0.0109,0.0959
1779744289081,1,11.0000004b,Drive,Loading,pitch.0,699862,-0.913,4.1777,37.1093,37.4324,4.2481,-3.2172,-0.0109,0.096
1779744289081,1,12.00000015,Lower Delivery,Loading,pitch.0,699949,-0.2289,0.0823,1.0501,-1.6155,-0.2236,-2.935,0.0,0.0
1779744289081,1,12.00000018,Upper Delivery,Loading,pitch.0,700637,-0.2674,0.0865,0.3882,-1.1086,-0.9724,-2.6179,0.0,0.0
1779744289081,1,Pitching Mound.Delivery,,Loading,pitch.0,699002,-0.513,0.1893,1.438,-2.8848,-1.5606,-5.701,0.0,0.0
1779744289081,1,Pitching Mound.Drive,,Loading,pitch.0,699863,-0.9156,4.168,37.0957,37.3921,4.2618,-3.2148,-0.0109,0.0959
1779744289081,1,Pitching Mound.Drive,,Loading,pitch.0,699862,-0.913,4.1777,37.1093,37.4324,4.2481,-3.2172,-0.0109,0.096
1779744289081,1,Pitching Mound.Parent,,Loading,pitch.0,698326,-1.426,4.367,38.5472,34.5476,2.6875,-8.9182,-0.0105,0.0982
1779744289082,1,11.0000004b,Drive,Loading,pitch.0,699864,-0.906,4.1575,37.0517,37.3271,4.1326,-3.2166,-0.0106,0.0958
1779744289082,1,12.00000015,Lower Delivery,Loading,pitch.0,699950,-0.2353,0.0663,1.0609,-1.5291,-0.0878,-2.965,0.0,0.0
1779744289082,1,12.00000018,Upper Delivery,Loading,pitch.0,700638,-0.2909,0.125,0.4515,-1.5153,-1.4014,-2.7027,0.0,0.0
1779744289082,1,Pitching Mound.Delivery,,Loading,pitch.0,699003,-0.5027,0.1528,1.4491,-2.4089,-1.0602,-5.5938,0.0,0.0
1779744289082,1,Pitching Mound.Drive,,Loading,pitch.0,699864,-0.906,4.1575,37.0517,37.3271,4.1326,-3.2166,-0.0106,0.0958
1779744289082,1,Pitching Mound.Parent,,Loading,pitch.0,698327,-1.4183,4.3208,38.5448,34.9831,3.2016,-8.8086,-0.0105,0.0982
1779744289083,1,11.0000004b,Drive,Loading,pitch.0,699865,-0.9198,4.1473,37.0414,37.2317,4.1127,-3.1912,-0.0106,0.0956
1779744289083,1,12.00000015,Lower Delivery,Loading,pitch.0,699951,-0.2374,0.0708,1.1342,-1.3921,-0.109,-2.9591,0.0,0.0
1779744289083,1,12.00000018,Upper Delivery,Loading,pitch.0,700639,-0.2837,0.1148,0.4182,-1.6694,-1.4885,-2.7159,0.0,0.0
1779744289083,1,Pitching Mound.Delivery,,Loading,pitch.0,699004,-0.5283,0.1958,1.5858,-2.6753,-1.5104,-5.6799,0.0,0.0
1779744289083,1,Pitching Mound.Drive,,Loading,pitch.0,699865,-0.9198,4.1473,37.0414,37.2317,4.1127,-3.1912,-0.0106,0.0956
1779744289083,1,Pitching Mound.Parent,,Loading,pitch.0,698328,-1.4343,4.3533,38.6375,34.6518,2.6222,-8.8965,-0.0102,0.0979
1779744289084,1,11.0000004b,Drive,Loading,pitch.0,699866,-0.9341,4.1469,36.9973,37.2377,4.0918,-3.2152,-0.0105,0.0957
1779744289084,1,12.00000015,Lower Delivery,Loading,pitch.0,699952,-0.2383,0.0682,1.1302,-1.2723,0.0726,-2.9316,0.0,0.0
1779744289084,1,12.00000018,Upper Delivery,Loading,pitch.0,700640,-0.2774,0.1346,0.4008,-1.5339,-1.4244,-2.6451,0.0,0.0
1779744289084,1,Pitching Mound.Delivery,,Loading,pitch.0,699005,-0.522,0.1829,1.5484,-2.6996,-1.4159,-5.6629,0.0,0.0
1779744289084,1,Pitching Mound.Drive,,Loading,pitch.0,699866,-0.9341,4.1469,36.9973,37.2377,4.0918,-3.2152,-0.0105,0.0957
1779744289084,1,Pitching Mound.Parent,,Loading,pitch.0,698329,-1.4418,4.3303,38.5898,34.5321,2.6969,-8.8541,-0.0101,0.0981
1779744289085,1,11.0000004b,Drive,Loading,pitch.0,699867,-0.9377,4.1516,37.0566,37.3124,4.1442,-3.2095,-0.0106,0.0958
1779744289085,1,12.00000015,Lower Delivery,Loading,pitch.0,699953,-0.2426,0.0685,1.115,-1.1054,-0.0653,-2.9659,0.0,0.0
1779744289085,1,12.00000018,Upper Delivery,Loading,pitch.0,700641,-0.2958,0.1397,0.3996,-1.5548,-1.4472,-2.6375,0.0,0.0
1779744289085,1,Pitching Mound.Delivery,,Loading,pitch.0,699006,-0.52,0.2031,1.5158,-2.3965,-1.4897,-5.6228,0.0,0.0
1779744289085,1,Pitching Mound.Drive,,Loading,pitch.0,699867,-0.9377,4.1516,37.0566,37.3124,4.1442,-3.2095,-0.0106,0.0958
1779744289085,1,Pitching Mound.Parent,,Loading,pitch.0,698330,-1.454,4.3499,38.5131,34.8412,2.6021,-8.838,-0.0101,0.0983
1779744289086,1,11.0000004b,Drive,Loading,pitch.0,699868,-0.9411,4.1523,37.0628,37.304,4.1859,-3.2224,-0.0107,0.0957
1779744289086,1,12.00000015,Lower Delivery,Loading,pitch.0,699954,-0.2619,0.0683,1.099,-1.2549,-0.2663,-2.9591,0.0,0.0
1779744289086,1,12.00000018,Upper Delivery,Loading,pitch.0,700642,-0.3022,0.1342,0.4321,-1.4557,-1.3444,-2.5846,0.0,0.0
1779744289086,1,Pitching Mound.Delivery,,Loading,pitch.0,699007,-0.5576,0.208,1.4985,-2.572,-1.7135,-5.6081,0.0,0.0
1779744289086,1,Pitching Mound.Drive,,Loading,pitch.0,699868,-0.9411,4.1523,37.0628,37.304,4.1859,-3.2224,-0.0107,0.0957
1779744289086,1,Pitching Mound.Parent,,Loading,pitch.0,698331,-1.4954,4.3596,38.5552,34.7405,2.4307,-8.8176,-0.0102,0.0982
1779744289087,1,11.0000004b,Drive,Loading,pitch.0,699869,-0.9549,4.1566,37.0084,37.2448,4.2039,-3.2269,-0.0108,0.0957
1779744289087,1,12.00000015,Lower Delivery,Loading,pitch.0,699955,-0.27,0.0701,1.0506,-1.1892,-0.3558,-2.9685,0.0,0.0
1779744289087,1,12.00000018,Upper Delivery,Loading,pitch.0,700643,-0.2933,0.1379,0.4452,-1.3732,-1.2567,-2.5807,0.0,0.0
1779744289087,1,Pitching Mound.Delivery,,Loading,pitch.0,699008,-0.5722,0.2042,1.4827,-2.4346,-1.7002,-5.5641,0.0,0.0
1779744289087,1,Pitching Mound.Drive,,Loading,pitch.0,699869,-0.9549,4.1566,37.0084,37.2448,4.2039,-3.2269,-0.0108,0.0957
1779744289087,1,Pitching Mound.Parent,,Loading,pitch.0,698332,-1.5133,4.3566,38.5455,34.8693,2.4857,-8.7865,-0.0103,0.0975
1779744289088,1,11.0000004b,Drive,Loading,pitch.0,699870,-0.9668,4.1536,36.8551,37.1141,4.2903,-3.1811,-0.0111,0.0958
1779744289088,1,12.00000015,Lower Delivery,Loading,pitch.0,699956,-0.2744,0.0713,1.0533,-1.1134,-0.0638,-2.9492,0.0,0.0
1779744289088,1,Pitching Mound.Delivery,,Loading,pitch.0,699009,-0.5678,0.2092,1.4985,-2.2799,-1.3206,-5.5364,0.0,0.0
1779744289088,1,Pitching Mound.Drive,,Loading,pitch.0,699870,-0.9668,4.1536,36.8551,37.1141,4.2903,-3.1811,-0.0111,0.0958
1779744289088,1,Pitching Mound.Parent,,Loading,pitch.0,698333,-1.5227,4.3659,38.5069,34.9648,2.8834,-8.7633,-0.0104,0.0974
1779744289089,1,11.0000004b,Drive,Loading,pitch.0,699871,-0.9807,4.155,36.8486,37.0947,4.2698,-3.2218,-0.011,0.0958
1779744289089,1,12.00000015,Lower Delivery,Loading,pitch.0,699957,-0.2645,0.0691,0.9949,-1.2043,-0.033,-2.9437,0.0,0.0
1779744289089,1,12.00000018,Upper Delivery,Loading,pitch.0,700644,-0.3117,0.1458,0.4181,-1.3136,-1.1922,-2.5976,0.0,0.0
1779744289089,1,Pitching Mound.Delivery,,Loading,pitch.0,699010,-0.5762,0.215,1.413,-2.3218,-1.2252,-5.5574,0.0,0.0
1779744289089,1,Pitching Mound.Drive,,Loading,pitch.0,699871,-0.9807,4.155,36.8486,37.0947,4.2698,-3.2218,-0.011,0.0958
1779744289089,1,Pitching Mound.Parent,,Loading,pitch.0,698334,-1.5429,4.3685,38.2681,34.7923,3.0651,-8.7385,-0.0107,0.0974
1779744289090,1,11.0000004b,Drive,Loading,pitch.0,699872,-1.0041,4.1656,36.8999,37.1796,4.4065,-3.2055,-0.0114,0.0959
1779744289090,1,12.00000015,Lower Delivery,Loading,pitch.0,699958,-0.2869,0.0745,0.9022,-1.1218,-0.1996,-2.9357,0.0,0.0
1779744289090,1,12.00000018,Upper Delivery,Loading,pitch.0,700646,-0.326,0.1763,0.4542,-1.2974,-1.175,-2.5953,0.0,0.0
1779744289090,1,12.00000018,Upper Delivery,Loading,pitch.0,700645,-0.2907,0.1254,0.3846,-1.6207,-1.5168,-2.6487,0.0,0.0
1779744289090,1,Pitching Mound.Delivery,,Loading,pitch.0,699011,-0.5776,0.1999,1.2869,-2.5664,-1.7164,-5.5856,0.0,0.0
1779744289090,1,Pitching Mound.Drive,,Loading,pitch.0,699872,-1.0041,4.1656,36.8999,37.1796,4.4065,-3.2055,-0.0114,0.0959
1779744289090,1,Pitching Mound.Parent,,Loading,pitch.0,698335,-1.5583,4.3549,38.1355,34.5283,2.5533,-8.8074,-0.0107,0.0971
1779744289091,1,11.0000004b,Drive,Loading,pitch.0,699873,-1.026,4.1591,36.8982,37.1979,4.4011,-3.2227,-0.0113,0.0959
1779744289091,1,12.00000015,Lower Delivery,Loading,pitch.0,699959,-0.3113,0.081,0.8641,-1.3405,-0.2709,-2.8721,0.0,0.0
1779744289091,1,12.00000018,Upper Delivery,Loading,pitch.0,700647,-0.3691,0.1921,0.5805,-0.8837,-0.7378,-2.5238,0.0,0.0
1779744289091,1,Pitching Mound.Delivery,,Loading,pitch.0,699012,-0.6373,0.2573,1.3183,-2.4985,-1.446,-5.4724,0.0,0.0
1779744289091,1,Pitching Mound.Drive,,Loading,pitch.0,699873,-1.026,4.1591,36.8982,37.1979,4.4011,-3.2227,-0.0113,0.0959
1779744289091,1,Pitching Mound.Parent,,Loading,pitch.0,698336,-1.6414,4.4228,38.2182,34.6811,2.9605,-8.6779,-0.011,0.0962
1779744289092,1,11.0000004b,Drive,Loading,pitch.0,699874,-1.0283,4.1515,36.7948,37.0641,4.4004,-3.2523,-0.0114,0.0958
1779744289092,1,12.00000015,Lower Delivery,Loading,pitch.0,699960,-0.2963,0.0773,0.7225,-1.2574,-0.3327,-2.8594,0.0,0.0
1779744289092,1,12.00000018,Upper Delivery,Loading,pitch.0,700648,-0.3153,0.1565,0.417,-0.8381,-0.6913,-2.4861,0.0,0.0
1779744289092,1,Pitching Mound.Delivery,,Loading,pitch.0,699013,-0.6654,0.2695,1.303,-2.0928,-1.0705,-5.4079,0.0,0.0
1779744289092,1,Pitching Mound.Drive,,Loading,pitch.0,699874,-1.0283,4.1515,36.7948,37.0641,4.4004,-3.2523,-0.0114,0.0958
1779744289092,1,Pitching Mound.Parent,,Loading,pitch.0,698337,-1.6914,4.4286,38.2012,35.1051,3.3306,-8.6307,-0.011,0.0939
1779744289093,1,11.0000004b,Drive,Loading,pitch.0,699875,-1.039,4.1511,36.761,36.9911,4.3886,-3.2208,-0.0114,0.0957
1779744289093,1,12.00000015,Lower Delivery,Loading,pitch.0,699961,-0.3165,0.0814,0.5839,-1.1103,-0.4249,-2.8365,0.0,0.0
1779744289093,1,Pitching Mound.Delivery,,Loading,pitch.0,699014,-0.6318,0.2378,1.001,-1.8917,-1.1162,-5.3222,0.0,0.0
1779744289093,1,Pitching Mound.Drive,,Loading,pitch.0,699875,-1.039,4.1511,36.761,36.9911,4.3886,-3.2208,-0.0114,0.0957
1779744289093,1,Pitching Mound.Parent,,Loading,pitch.0,698338,-1.6601,4.3893,37.7958,35.1724,3.2842,-8.5745,-0.0111,0.0948
1779744289094,1,11.0000004b,Drive,Loading,pitch.0,699876,-1.0427,4.1567,36.6736,36.9469,4.2703,-3.2213,-0.0111,0.0958
1779744289094,1,12.00000015,Lower Delivery,Loading,pitch.0,699962,-0.3219,0.0829,0.5581,-1.2772,-0.37,-2.8862,0.0,0.0
1779744289094,1,12.00000018,Upper Delivery,Loading,pitch.0,700649,-0.3029,0.125,0.3822,-0.6296,-0.4693,-2.4779,0.0,0.0
1779744289094,1,Pitching Mound.Delivery,,Loading,pitch.0,699015,-0.6248,0.2079,0.9403,-1.8469,-0.8394,-5.3577,0.0,0.0
1779744289094,1,Pitching Mound.Drive,,Loading,pitch.0,699876,-1.0427,4.1567,36.6736,36.9469,4.2703,-3.2213,-0.0111,0.0958
1779744289094,1,Pitching Mound.Parent,,Loading,pitch.0,698339,-1.6638,4.3591,37.7014,35.1442,3.5492,-8.5784,-0.0111,0.0949
1779744289095,1,11.0000004b,Drive,Loading,pitch.0,699877,-1.0498,4.1491,36.5994,36.8339,4.3229,-3.2142,-0.0112,0.0957
1779744289095,1,12.00000015,Lower Delivery,Loading,pitch.0,699963,-0.31,0.0801,0.5645,-1.4626,-0.1334,-2.8842,0.0,0.0
1779744289095,1,12.00000018,Upper Delivery,Loading,pitch.0,700650,-0.2894,0.1226,0.3327,-0.4355,-0.2642,-2.4448,0.0,0.0
1779744289095,1,12.00000018,Upper Delivery,Loading,pitch.0,700651,-0.3822,0.1988,0.5923,-0.4,-0.2257,-2.4567,0.0,0.0
1779744289095,1,Pitching Mound.Delivery,,Loading,pitch.0,699016,-0.5994,0.2027,0.8972,-1.8193,-0.3975,-5.322,0.0,0.0
1779744289095,1,Pitching Mound.Drive,,Loading,pitch.0,699877,-1.0498,4.1491,36.5994,36.8339,4.3229,-3.2142,-0.0112,0.0957
1779744289095,1,Pitching Mound.Parent,,Loading,pitch.0,698340,-1.6421,4.3594,37.5709,35.1276,3.8728,-8.5433,-0.0108,0.0956
1779744289096,1,11.0000004b,Drive,Loading,pitch.0,699878,-1.065,4.1453,36.5057,36.7778,4.3661,-3.2136,-0.0114,0.0958
1779744289096,1,12.00000015,Lower Delivery,Loading,pitch.0,699964,-0.3179,0.0821,0.5112,-1.561,-0.2136,-2.823,0.0,0.0
1779744289096,1,12.00000015,Lower Delivery,Loading,pitch.0,699965,-0.3409,0.0874,0.6961,-1.8208,-0.1881,-2.8661,0.0,0.0
1779744289096,1,12.00000018,Upper Delivery,Loading,pitch.0,700652,-0.3767,0.197,0.5606,-0.5587,-0.3941,-2.4718,0.0,0.0
1779744289096,1,Pitching Mound.Delivery,,Loading,pitch.0,699017,-0.7001,0.2809,1.1035,-1.9886,-0.4393,-5.3015,0.0,0.0
1779744289096,1,Pitching Mound.Delivery,,Loading,pitch.0,699018,-0.7176,0.2844,1.2567,-2.3334,-0.5822,-5.3501,0.0,0.0
1779744289096,1,Pitching Mound.Drive,,Loading,pitch.0,699878,-1.065,4.1453,36.5057,36.7778,4.3661,-3.2136,-0.0114,0.0958
1779744289096,1,Pitching Mound.Parent,,Loading,pitch.0,698341,-1.7499,4.43,37.703,34.8452,3.8836,-8.5157,-0.0109,0.0922
1779744289096,1,Pitching Mound.Parent,,Loading,pitch.0,698342,-1.7826,4.4297,37.7624,34.4444,3.7839,-8.5637,-0.011,0.0939
1779744289097,1,11.0000004b,Drive,Loading,pitch.0,699879,-1.0704,4.1235,36.4862,36.712,4.2505,-3.2241,-0.0111,0.0957
1779744289097,1,12.00000018,Upper Delivery,Loading,pitch.0,700653,-0.3155,0.1344,0.3326,-0.4508,-0.2781,-2.4865,0.0,0.0
1779744289097,1,Pitching Mound.Drive,,Loading,pitch.0,699879,-1.0704,4.1235,36.4862,36.712,4.2505,-3.2241,-0.0111,0.0957
1779744289098,1,11.0000004b,Drive,Loading,pitch.0,699880,-1.0745,4.1206,36.4962,36.6494,4.0525,-3.2118,-0.0106,0.0955
1779744289098,1,12.00000015,Lower Delivery,Loading,pitch.0,699966,-0.3198,0.0826,0.6761,-1.7869,0.0869,-2.8869,0.0,0.0
1779744289098,1,12.00000018,Upper Delivery,Loading,pitch.0,700654,-0.3196,0.1322,0.3109,-0.4262,-0.2511,-2.4999,0.0,0.0
1779744289098,1,Pitching Mound.Delivery,,Loading,pitch.0,699019,-0.6353,0.217,1.0088,-2.1209,-0.1913,-5.3719,0.0,0.0
1779744289098,1,Pitching Mound.Drive,,Loading,pitch.0,699880,-1.0745,4.1206,36.4962,36.6494,4.0525,-3.2118,-0.0106,0.0955
1779744289098,1,Pitching Mound.Parent,,Loading,pitch.0,698343,-1.7057,4.3405,37.4949,34.5911,4.0593,-8.5961,-0.0108,0.0963
1779744289099,1,11.0000004b,Drive,Loading,pitch.0,699881,-1.0704,4.1129,36.4951,36.6747,3.9437,-3.2348,-0.0103,0.0956
1779744289099,1,12.00000015,Lower Delivery,Loading,pitch.0,699967,-0.3295,0.0847,0.7599,-2.4182,0.2796,-2.8446,0.0,0.0
1779744289099,1,12.00000015,Lower Delivery,Loading,pitch.0,699968,-0.3276,0.0844,0.8797,-2.3558,0.3607,-2.8525,0.0,0.0
1779744289099,1,12.00000018,Upper Delivery,Loading,pitch.0,700655,-0.2997,0.1232,0.301,-0.5216,-0.3532,-2.4941,0.0,0.0
1779744289099,1,Pitching Mound.Delivery,,Loading,pitch.0,699020,-0.6491,0.2169,1.0708,-2.6917,0.0285,-5.3412,0.0,0.0
1779744289099,1,Pitching Mound.Delivery,,Loading,pitch.0,699021,-0.6272,0.2077,1.1807,-2.6806,0.0075,-5.3371,0.0,0.0
1779744289099,1,Pitching Mound.Drive,,Loading,pitch.0,699881,-1.0704,4.1129,36.4951,36.6747,3.9437,-3.2348,-0.0103,0.0956
1779744289099,1,Pitching Mound.Parent,,Loading,pitch.0,698344,-1.7236,4.3375,37.567,33.9577,4.081,-8.553,-0.0103,0.0969
1779744289099,1,Pitching Mound.Parent,,Loading,pitch.0,698345,-1.6976,4.3206,37.6759,33.9941,3.9512,-8.5718,-0.01,0.0978
1779744289100,1,11.0000004b,Drive,Loading,pitch.0,699882,-1.0789,4.1173,36.4643,36.6266,3.8224,-3.2328,-0.01,0.0956
1779744289100,1,12.00000015,Lower Delivery,Loading,pitch.0,699969,-0.3182,0.0823,0.9486,-2.5424,0.2948,-2.8856,0.0,0.0
1779744289100,1,12.00000018,Upper Delivery,Loading,pitch.0,700656,-0.2966,0.1216,0.2818,-0.6636,-0.5044,-2.499,0.0,0.0
1779744289100,1,Pitching Mound.Delivery,,Loading,pitch.0,699022,-0.6147,0.2039,1.2304,-2.9793,-0.2096,-5.3773,0.0,0.0
1779744289100,1,Pitching Mound.Drive,,Loading,pitch.0,699882,-1.0789,4.1173,36.4643,36.6266,3.8224,-3.2328,-0.01,0.0956
1779744289100,1,Pitching Mound.Parent,,Loading,pitch.0,698346,-1.6937,4.3213,37.6947,33.6473,3.6128,-8.6102,-0.0096,0.0984
1779744289101,1,11.0000004b,Drive,Loading,pitch.0,699883,-1.0843,4.1227,36.3696,36.5732,3.8531,-3.2197,-0.0101,0.0957
1779744289101,1,12.00000015,Lower Delivery,Loading,pitch.0,699970,-0.2845,0.1001,1.0845,-2.1513,0.4128,-2.8513,0.0,0.0
1779744289101,1,12.00000018,Upper Delivery,Loading,pitch.0,700657,-0.2752,0.1281,0.3272,-0.4156,-0.2402,-2.4935,0.0,0.0
1779744289101,1,Pitching Mound.Delivery,,Loading,pitch.0,699023,-0.5597,0.2282,1.4117,-2.3095,0.1726,-5.3416,0.0,0.0
1779744289101,1,Pitching Mound.Drive,,Loading,pitch.0,699883,-1.0843,4.1227,36.3696,36.5732,3.8531,-3.2197,-0.0101,0.0957
1779744289101,1,Pitching Mound.Parent,,Loading,pitch.0,698347,-1.644,4.3509,37.7812,34.2637,4.0256,-8.5613,-0.0097,0.0989
1779744289102,1,11.0000004b,Drive,Loading,pitch.0,699884,-1.0821,4.12,36.3719,36.5411,3.8048,-3.2028,-0.01,0.0956
1779744289102,1,12.00000015,Lower Delivery,Loading,pitch.0,699971,-0.3023,0.0971,1.1011,-2.1855,0.3488,-2.8274,0.0,0.0
1779744289102,1,12.00000018,Upper Delivery,Loading,pitch.0,700658,-0.2745,0.1305,0.3556,-0.6724,-0.5122,-2.5295,0.0,0.0
1779744289102,1,Pitching Mound.Delivery,,Loading,pitch.0,699024,-0.5768,0.2276,1.4567,-2.6045,-0.1633,-5.3474,0.0,0.0
1779744289102,1,Pitching Mound.Drive,,Loading,pitch.0,699884,-1.0821,4.12,36.3719,36.5411,3.8048,-3.2028,-0.01,0.0956
1779744289102,1,Pitching Mound.Parent,,Loading,pitch.0,698348,-1.659,4.3477,37.8286,33.9367,3.6415,-8.5502,-0.0096,0.0986
1779744289103,1,11.0000004b,Drive,Loading,pitch.0,699885,-1.0797,4.113,36.3392,36.5437,3.7547,-3.1543,-0.0098,0.0957
1779744289103,1,12.00000015,Lower Delivery,Loading,pitch.0,699972,-0.2751,0.121,1.1113,-1.7199,1.1875,-2.8188,0.0,0.0
1779744289103,1,12.00000018,Upper Delivery,Loading,pitch.0,700659,-0.2845,0.1416,0.3483,-0.7005,-0.5398,-2.5706,0.0,0.0
1779744289103,1,Pitching Mound.Delivery,,Loading,pitch.0,699025,-0.5597,0.2626,1.4596,-2.161,0.6477,-5.3926,0.0,0.0
1779744289103,1,Pitching Mound.Drive,,Loading,pitch.0,699885,-1.0797,4.113,36.3392,36.5437,3.7547,-3.1543,-0.0098,0.0957
1779744289103,1,Pitching Mound.Parent,,Loading,pitch.0,698349,-1.6393,4.3756,37.7989,34.3827,4.4024,-8.5469,-0.0094,0.0988
1779744289104,1,11.0000004b,Drive,Loading,pitch.0,699886,-1.1027,4.1027,36.2826,36.5522,3.7834,-3.1447,-0.0099,0.0958
1779744289104,1,12.00000015,Lower Delivery,Loading,pitch.0,699973,-0.2713,0.1447,1.0683,-2.0138,0.5928,-2.7813,0.0,0.0
1779744289104,1,12.00000018,Upper Delivery,Loading,pitch.0,700660,-0.2806,0.1397,0.3629,-0.528,-0.3548,-2.588,0.0,0.0
1779744289104,1,Pitching Mound.Delivery,,Loading,pitch.0,699026,-0.5519,0.2844,1.4313,-2.3019,0.238,-5.3725,0.0,0.0
1779744289104,1,Pitching Mound.Drive,,Loading,pitch.0,699886,-1.1027,4.1027,36.2826,36.5522,3.7834,-3.1447,-0.0099,0.0958
1779744289104,1,Pitching Mound.Parent,,Loading,pitch.0,698350,-1.6546,4.3871,37.7139,34.2504,4.0213,-8.5172,-0.0095,0.0986
1779744289105,1,11.0000004b,Drive,Loading,pitch.0,699887,-1.1097,4.0995,36.2337,36.5021,3.6504,-3.1316,-0.0096,0.0958
1779744289105,1,12.00000015,Lower Delivery,Loading,pitch.0,699974,-0.2692,0.1636,1.0736,-1.7273,1.0015,-2.7736,0.0,0.0
1779744289105,1,12.00000018,Upper Delivery,Loading,pitch.0,700661,-0.2911,0.1555,0.4276,-0.6244,-0.4591,-2.5612,0.0,0.0
1779744289105,1,Pitching Mound.Delivery,,Loading,pitch.0,699027,-0.5602,0.3191,1.5012,-2.1321,0.5424,-5.3423,0.0,0.0
1779744289105,1,Pitching Mound.Drive,,Loading,pitch.0,699887,-1.1097,4.0995,36.2337,36.5021,3.6504,-3.1316,-0.0096,0.0958
1779744289105,1,Pitching Mound.Parent,,Loading,pitch.0,698351,-1.67,4.4186,37.7349,34.37,4.1928,-8.4739,-0.0092,0.0978
1779744289106,1,11.0000004b,Drive,Loading,pitch.0,699888,-1.1164,4.1005,36.0876,36.3929,3.6121,-3.1196,-0.0095,0.0959
1779744289106,1,12.00000015,Lower Delivery,Loading,pitch.0,699975,-0.2443,0.1422,1.0502,-1.3618,0.9873,-2.7946,0.0,0.0
1779744289106,1,12.00000018,Upper Delivery,Loading,pitch.0,700662,-0.2983,0.172,0.4512,-0.7574,-0.6004,-2.5725,0.0,0.0
1779744289106,1,Pitching Mound.Delivery,,Loading,pitch.0,699028,-0.5425,0.3142,1.5014,-1.9156,0.3869,-5.3854,0.0,0.0
1779744289106,1,Pitching Mound.Drive,,Loading,pitch.0,699888,-1.1164,4.1005,36.0876,36.3929,3.6121,-3.1196,-0.0095,0.0959
1779744289106,1,Pitching Mound.Parent,,Loading,pitch.0,698352,-1.6589,4.4147,37.5889,34.4773,3.999,-8.505,-0.0091,0.0975
1779744289107,1,11.0000004b,Drive,Loading,pitch.0,699889,-1.1153,4.0902,36.0765,36.3976,3.5783,-3.1073,-0.0094,0.096
1779744289107,1,12.00000018,Upper Delivery,Loading,pitch.0,700663,-0.2841,0.1282,0.3856,-0.5706,-0.4034,-2.5309,0.0,0.0
1779744289107,1,Pitching Mound.Drive,,Loading,pitch.0,699889,-1.1153,4.0902,36.0765,36.3976,3.5783,-3.1073,-0.0094,0.096
1779744289108,1,11.0000004b,Drive,Loading,pitch.0,699890,-1.1246,4.0916,35.9989,36.3729,3.8467,-3.09,-0.0102,0.0961
1779744289108,1,12.00000015,Lower Delivery,Loading,pitch.0,699976,-0.2635,0.1322,1.0131,-1.6205,0.8655,-2.7981,0.0,0.0
1779744289108,1,12.00000015,Lower Delivery,Loading,pitch.0,699977,-0.2537,0.1402,1.1052,-1.5349,0.7166,-2.8219,0.0,0.0
1779744289108,1,12.00000018,Upper Delivery,Loading,pitch.0,700664,-0.318,0.1592,0.3887,-1.0069,-0.8653,-2.5921,0.0,0.0
1779744289108,1,Pitching Mound.Delivery,,Loading,pitch.0,699029,-0.5476,0.2604,1.3986,-1.9777,0.4621,-5.3361,0.0,0.0
1779744289108,1,Pitching Mound.Delivery,,Loading,pitch.0,699030,-0.5717,0.2994,1.494,-2.2981,-0.1487,-5.4359,0.0,0.0
1779744289108,1,Pitching Mound.Drive,,Loading,pitch.0,699890,-1.1246,4.0916,35.9989,36.3729,3.8467,-3.09,-0.0102,0.0961
1779744289108,1,Pitching Mound.Parent,,Loading,pitch.0,698353,-1.6629,4.3506,37.4751,34.42,4.0404,-8.4434,-0.0091,0.0981
1779744289108,1,Pitching Mound.Parent,,Loading,pitch.0,698354,-1.6963,4.391,37.4928,34.0748,3.698,-8.5259,-0.0098,0.0988
1779744289109,1,11.0000004b,Drive,Loading,pitch.0,699891,-1.1401,4.0766,35.8334,36.3028,3.8107,-3.0569,-0.0101,0.0964
1779744289109,1,12.00000015,Lower Delivery,Loading,pitch.0,699978,-0.2573,0.1296,1.1178,-1.4076,0.4028,-2.8955,0.0,0.0
1779744289109,1,12.00000018,Upper Delivery,Loading,pitch.0,700665,-0.3209,0.1475,0.3634,-1.0385,-0.8956,-2.6556,0.0,0.0
1779744289109,1,Pitching Mound.Delivery,,Loading,pitch.0,699031,-0.5782,0.2771,1.4812,-2.1896,-0.4928,-5.5727,0.0,0.0
1779744289109,1,Pitching Mound.Drive,,Loading,pitch.0,699891,-1.1401,4.0766,35.8334,36.3028,3.8107,-3.0569,-0.0101,0.0964
1779744289109,1,Pitching Mound.Parent,,Loading,pitch.0,698355,-1.7183,4.3538,37.3146,34.1132,3.3179,-8.6296,-0.0097,0.0994
1779744289110,1,11.0000004b,Drive,Loading,pitch.0,699892,-1.156,4.0682,35.709,36.182,3.8581,-3.008,-0.0103,0.0964
1779744289110,1,12.00000015,Lower Delivery,Loading,pitch.0,699979,-0.2432,0.1167,1.1747,-1.2962,0.3338,-2.9531,0.0,0.0
1779744289110,1,12.00000018,Upper Delivery,Loading,pitch.0,700666,-0.3209,0.1546,0.3762,-1.1976,-1.062,-2.7131,0.0,0.0
1779744289110,1,Pitching Mound.Delivery,,Loading,pitch.0,699032,-0.5641,0.2712,1.5509,-2.2223,-0.7282,-5.6926,0.0,0.0
1779744289110,1,Pitching Mound.Drive,,Loading,pitch.0,699892,-1.156,4.0682,35.709,36.182,3.8581,-3.008,-0.0103,0.0964
1779744289110,1,Pitching Mound.Parent,,Loading,pitch.0,698356,-1.7201,4.3394,37.26,33.9597,3.1299,-8.7006,-0.0099,0.0997
1779744289111,1,11.0000004b,Drive,Loading,pitch.0,699893,-1.1779,4.0544,35.7356,36.1029,4.109,-3.0246,-0.0109,0.0961
1779744289111,1,12.00000015,Lower Delivery,Loading,pitch.0,699980,-0.281,0.1223,1.2072,-1.3074,0.3097,-2.9827,0.0,0.0
1779744289111,1,12.00000018,Upper Delivery,Loading,pitch.0,700667,-0.331,0.1598,0.4238,-1.3967,-1.2698,-2.7957,0.0,0.0
1779744289111,1,Pitching Mound.Delivery,,Loading,pitch.0,699033,-0.612,0.2821,1.631,-2.4378,-0.96,-5.7954,0.0,0.0
1779744289111,1,Pitching Mound.Drive,,Loading,pitch.0,699893,-1.1779,4.0544,35.7356,36.1029,4.109,-3.0246,-0.0109,0.0961
1779744289111,1,Pitching Mound.Parent,,Loading,pitch.0,698357,-1.7899,4.3365,37.3666,33.6651,3.149,-8.82,-0.0105,0.099
1779744289112,1,11.0000004b,Drive,Loading,pitch.0,699894,-1.1746,4.0305,35.6784,35.9878,4.0301,-3.0155,-0.0107,0.096
1779744289112,1,12.00000015,Lower Delivery,Loading,pitch.0,699981,-0.2747,0.1163,1.1907,-1.2504,0.1605,-3.0049,0.0,0.0
1779744289112,1,12.00000018,Upper Delivery,Loading,pitch.0,700668,-0.2993,0.1217,0.3581,-1.3286,-1.2024,-2.7014,0.0,0.0
1779744289112,1,Pitching Mound.Delivery,,Loading,pitch.0,699034,-0.574,0.2381,1.5488,-2.2959,-1.0418,-5.7147,0.0,0.0
1779744289112,1,Pitching Mound.Drive,,Loading,pitch.0,699894,-1.1746,4.0305,35.6784,35.9878,4.0301,-3.0155,-0.0107,0.096
1779744289112,1,Pitching Mound.Parent,,Loading,pitch.0,698358,-1.7486,4.2685,37.2273,33.6919,2.9882,-8.7302,-0.0103,0.0996
1779744289113,1,11.0000004b,Drive,Loading,pitch.0,699895,-1.1978,4.0188,35.5593,35.8446,4.0353,-3.0181,-0.0108,0.0959
1779744289113,1,12.00000015,Lower Delivery,Loading,pitch.0,699982,-0.2561,0.1025,1.1618,-1.2255,0.0977,-3.006,0.0,0.0
1779744289113,1,12.00000018,Upper Delivery,Loading,pitch.0,700669,-0.3049,0.1134,0.3764,-1.2788,-1.1454,-2.7719,0.0,0.0
1779744289113,1,Pitching Mound.Delivery,,Loading,pitch.0,699035,-0.561,0.2159,1.5383,-2.2373,-1.0477,-5.7945,0.0,0.0
1779744289113,1,Pitching Mound.Drive,,Loading,pitch.0,699895,-1.1978,4.0188,35.5593,35.8446,4.0353,-3.0181,-0.0108,0.0959
1779744289113,1,Pitching Mound.Parent,,Loading,pitch.0,698359,-1.7588,4.2347,37.0976,33.6073,2.9876,-8.8126,-0.0103,0.0991
1779744289114,1,11.0000004b,Drive,Loading,pitch.0,699896,-1.208,3.9979,35.52,35.761,3.9903,-3.0178,-0.0107,0.0958
1779744289114,1,12.00000015,Lower Delivery,Loading,pitch.0,699983,-0.2414,0.0784,1.2012,-1.3206,0.1246,-2.9902,0.0,0.0
1779744289114,1,12.00000018,Upper Delivery,Loading,pitch.0,700670,-0.3052,0.127,0.3674,-1.3572,-1.2301,-2.7502,0.0,0.0
1779744289114,1,Pitching Mound.Delivery,,Loading,pitch.0,699036,-0.5466,0.2054,1.5686,-2.3942,-1.1055,-5.7621,0.0,0.0
1779744289114,1,Pitching Mound.Drive,,Loading,pitch.0,699896,-1.208,3.9979,35.52,35.761,3.9903,-3.0178,-0.0107,0.0958
1779744289114,1,Pitching Mound.Parent,,Loading,pitch.0,698360,-1.7546,4.2033,37.0886,33.3668,2.8847,-8.7799,-0.0102,0.0994
1779744289115,1,11.0000004b,Drive,Loading,pitch.0,699897,-1.2088,3.9893,35.4943,35.7087,4.133,-3.0138,-0.0111,0.0957
1779744289115,1,12.00000015,Lower Delivery,Loading,pitch.0,699984,-0.2638,0.0731,1.1917,-1.3314,0.0853,-3.0053,0.0,0.0
1779744289115,1,12.00000018,Upper Delivery,Loading,pitch.0,700671,-0.277,0.1166,0.351,-1.2535,-1.1204,-2.7345,0.0,0.0
1779744289115,1,Pitching Mound.Delivery,,Loading,pitch.0,699037,-0.5407,0.1897,1.5427,-2.2991,-1.0351,-5.7444,0.0,0.0
1779744289115,1,Pitching Mound.Drive,,Loading,pitch.0,699897,-1.2088,3.9893,35.4943,35.7087,4.133,-3.0138,-0.0111,0.0957
1779744289115,1,Pitching Mound.Parent,,Loading,pitch.0,698361,-1.7496,4.179,37.0371,33.4096,3.0979,-8.7582,-0.0106,0.0994
1779744289116,1,11.0000004b,Drive,Loading,pitch.0,699898,-1.2208,3.9802,35.4687,35.6378,4.0942,-3.0019,-0.011,0.0956
1779744289116,1,12.00000015,Lower Delivery,Loading,pitch.0,699985,-0.2867,0.0761,1.1962,-1.4217,0.0829,-3.0141,0.0,0.0
1779744289116,1,12.00000018,Upper Delivery,Loading,pitch.0,700672,-0.2975,0.1189,0.3356,-1.3606,-1.2324,-2.7757,0.0,0.0
1779744289116,1,Pitching Mound.Delivery,,Loading,pitch.0,699038,-0.5841,0.195,1.5318,-2.4897,-1.1495,-5.7935,0.0,0.0
1779744289116,1,Pitching Mound.Drive,,Loading,pitch.0,699898,-1.2208,3.9802,35.4687,35.6378,4.0942,-3.0019,-0.011,0.0956
1779744289116,1,Pitching Mound.Parent,,Loading,pitch.0,698362,-1.805,4.1752,37.0006,33.1481,2.9447,-8.7954,-0.0105,0.0995
1779744289117,1,11.0000004b,Drive,Loading,pitch.0,699899,-1.239,3.9615,35.3338,35.545,4.1087,-2.9938,-0.0111,0.0957
1779744289117,1,12.00000018,Upper Delivery,Loading,pitch.0,700673,-0.3107,0.1287,0.3499,-0.9158,-0.7595,-2.7494,0.0,0.0
1779744289117,1,Pitching Mound.Drive,,Loading,pitch.0,699899,-1.239,3.9615,35.3338,35.545,4.1087,-2.9938,-0.0111,0.0957
1779744289118,1,11.0000004b,Drive,Loading,pitch.0,699900,-1.2333,3.9499,35.2103,35.3481,4.0936,-2.9644,-0.0111,0.0955
1779744289118,1,12.00000015,Lower Delivery,Loading,pitch.0,699986,-0.2934,0.0786,1.1985,-1.6019,0.2631,-3.0045,0.0,0.0
1779744289118,1,12.00000015,Lower Delivery,Loading,pitch.0,699987,-0.2882,0.0762,1.2196,-1.4115,0.3497,-2.9809,0.0,0.0
1779744289118,1,12.00000018,Upper Delivery,Loading,pitch.0,700674,-0.2975,0.1314,0.3229,-0.8051,-0.6407,-2.7624,0.0,0.0
1779744289118,1,Pitching Mound.Delivery,,Loading,pitch.0,699039,-0.6041,0.2073,1.5484,-2.2292,-0.4963,-5.7598,0.0,0.0
1779744289118,1,Pitching Mound.Delivery,,Loading,pitch.0,699040,-0.5857,0.2077,1.5425,-1.9118,-0.2909,-5.7464,0.0,0.0
1779744289118,1,Pitching Mound.Drive,,Loading,pitch.0,699900,-1.2333,3.9499,35.2103,35.3481,4.0936,-2.9644,-0.0111,0.0955
1779744289118,1,Pitching Mound.Parent,,Loading,pitch.0,698363,-1.8431,4.1688,36.8822,33.3158,3.6124,-8.7536,-0.0106,0.0995
1779744289118,1,Pitching Mound.Parent,,Loading,pitch.0,698364,-1.819,4.1576,36.7528,33.4363,3.8026,-8.7108,-0.0106,0.0998
1779744289119,1,11.0000004b,Drive,Loading,pitch.0,699901,-1.2468,3.9237,35.125,35.1704,3.8447,-2.9767,-0.0104,0.0953
1779744289119,1,12.00000015,Lower Delivery,Loading,pitch.0,699988,-0.289,0.0752,1.1431,-1.6402,0.2744,-2.9608,0.0,0.0
1779744289119,1,12.00000018,Upper Delivery,Loading,pitch.0,700675,-0.3318,0.1705,0.4263,-0.9342,-0.7776,-2.7742,0.0,0.0
1779744289119,1,Pitching Mound.Delivery,,Loading,pitch.0,699041,-0.6208,0.2457,1.5695,-2.3306,-0.5033,-5.7496,0.0,0.0
1779744289119,1,Pitching Mound.Drive,,Loading,pitch.0,699901,-1.2468,3.9237,35.125,35.1704,3.8447,-2.9767,-0.0104,0.0953
1779744289119,1,Pitching Mound.Parent,,Loading,pitch.0,698365,-1.8676,4.1694,36.6945,32.8398,3.3414,-8.7263,-0.01,0.0978
1779744289120,1,11.0000004b,Drive,Loading,pitch.0,699902,-1.2489,3.9234,35.0755,35.1843,3.8313,-2.962,-0.0104,0.0954
1779744289120,1,12.00000015,Lower Delivery,Loading,pitch.0,699989,-0.2814,0.0741,1.1291,-1.3983,0.4331,-2.9087,0.0,0.0
1779744289120,1,12.00000018,Upper Delivery,Loading,pitch.0,700676,-0.3378,0.1761,0.4387,-0.7403,-0.5759,-2.6852,0.0,0.0
1779744289120,1,Pitching Mound.Delivery,,Loading,pitch.0,699042,-0.6192,0.2502,1.5678,-1.9039,-0.1428,-5.613,0.0,0.0
1779744289120,1,Pitching Mound.Drive,,Loading,pitch.0,699902,-1.2489,3.9234,35.0755,35.1843,3.8313,-2.962,-0.0104,0.0954
1779744289120,1,Pitching Mound.Parent,,Loading,pitch.0,698366,-1.8682,4.1736,36.6433,33.2804,3.6885,-8.575,-0.0099,0.0977
1779744289121,1,11.0000004b,Drive,Loading,pitch.0,699903,-1.2464,3.9098,34.9164,34.9972,3.6952,-2.959,-0.0101,0.0953
1779744289121,1,12.00000015,Lower Delivery,Loading,pitch.0,699990,-0.2642,0.0781,1.1739,-1.3757,0.366,-2.8961,0.0,0.0
1779744289121,1,12.00000018,Upper Delivery,Loading,pitch.0,700677,-0.3235,0.1594,0.3958,-0.6092,-0.4385,-2.6418,0.0,0.0
1779744289121,1,Pitching Mound.Delivery,,Loading,pitch.0,699043,-0.5877,0.2376,1.5697,-1.7204,-0.0725,-5.5581,0.0,0.0
1779744289121,1,Pitching Mound.Drive,,Loading,pitch.0,699903,-1.2464,3.9098,34.9164,34.9972,3.6952,-2.959,-0.0101,0.0953
1779744289121,1,Pitching Mound.Parent,,Loading,pitch.0,698367,-1.8341,4.1473,36.4861,33.2768,3.6227,-8.5171,-0.0096,0.0985
1779744289122,1,11.0000004b,Drive,Loading,pitch.0,699904,-1.2413,3.9025,34.8129,34.9953,3.6958,-2.9159,-0.0101,0.0956
1779744289122,1,12.00000015,Lower Delivery,Loading,pitch.0,699991,-0.2625,0.073,1.2067,-1.3898,0.3033,-2.9359,0.0,0.0
1779744289122,1,12.00000018,Upper Delivery,Loading,pitch.0,700678,-0.3967,0.2238,0.6199,-0.6375,-0.4706,-2.6073,0.0,0.0
1779744289122,1,Pitching Mound.Delivery,,Loading,pitch.0,699044,-0.6592,0.2968,1.8266,-1.8279,-0.1673,-5.5887,0.0,0.0
1779744289122,1,Pitching Mound.Drive,,Loading,pitch.0,699904,-1.2413,3.9025,34.8129,34.9953,3.6958,-2.9159,-0.0101,0.0956
1779744289122,1,Pitching Mound.Parent,,Loading,pitch.0,698368,-1.9005,4.1993,36.6394,33.1674,3.5285,-8.5047,-0.0096,0.0963
1779744289123,1,11.0000004b,Drive,Loading,pitch.0,699905,-1.2478,3.8902,34.7437,34.9099,3.6086,-2.8634,-0.0099,0.0956
1779744289123,1,12.00000015,Lower Delivery,Loading,pitch.0,699992,-0.289,0.0772,1.1013,-1.499,0.2517,-2.9103,0.0,0.0
1779744289123,1,12.00000018,Upper Delivery,Loading,pitch.0,700679,-0.4601,0.2915,0.7706,-1.0163,-0.8707,-2.6759,0.0,0.0
1779744289123,1,Pitching Mound.Delivery,,Loading,pitch.0,699045,-0.7491,0.3688,1.8719,-2.4028,-0.619,-5.6443,0.0,0.0
1779744289123,1,Pitching Mound.Drive,,Loading,pitch.0,699905,-1.2478,3.8902,34.7437,34.9099,3.6086,-2.8634,-0.0099,0.0956
1779744289123,1,Pitching Mound.Parent,,Loading,pitch.0,698369,-1.9969,4.259,36.6156,32.5071,2.9896,-8.5077,-0.0094,0.0938
1779744289124,1,11.0000004b,Drive,Loading,pitch.0,699906,-1.2595,3.8787,34.724,34.8653,3.4862,-2.8839,-0.0096,0.0955
1779744289124,1,12.00000015,Lower Delivery,Loading,pitch.0,699993,-0.2745,0.0739,1.1371,-1.5346,0.2223,-2.8864,0.0,0.0
1779744289124,1,12.00000018,Upper Delivery,Loading,pitch.0,700680,-0.426,0.2553,0.6752,-0.902,-0.7499,-2.6565,0.0,0.0
1779744289124,1,Pitching Mound.Delivery,,Loading,pitch.0,699046,-0.7005,0.3292,1.8123,-2.2796,-0.5276,-5.5945,0.0,0.0
1779744289124,1,Pitching Mound.Drive,,Loading,pitch.0,699906,-1.2595,3.8787,34.724,34.8653,3.4862,-2.8839,-0.0096,0.0955
1779744289124,1,Pitching Mound.Parent,,Loading,pitch.0,698370,-1.96,4.208,36.5364,32.5858,2.9586,-8.4784,-0.0091,0.0951
1779744289125,1,11.0000004b,Drive,Loading,pitch.0,699907,-1.2447,3.8709,34.6387,34.7489,3.52,-2.8849,-0.0097,0.0954
1779744289125,1,12.00000015,Lower Delivery,Loading,pitch.0,699994,-0.2543,0.0773,1.1746,-1.5011,0.4403,-2.8898,0.0,0.0
1779744289125,1,12.00000018,Upper Delivery,Loading,pitch.0,700681,-0.489,0.3109,0.8482,-0.9172,-0.7697,-2.5922,0.0,0.0
1779744289125,1,Pitching Mound.Delivery,,Loading,pitch.0,699047,-0.7432,0.3882,2.0228,-2.3073,-0.3294,-5.5618,0.0,0.0
1779744289125,1,Pitching Mound.Drive,,Loading,pitch.0,699907,-1.2447,3.8709,34.6387,34.7489,3.52,-2.8849,-0.0097,0.0954
1779744289125,1,Pitching Mound.Parent,,Loading,pitch.0,698371,-1.9879,4.2591,36.6615,32.4415,3.1906,-8.4468,-0.0091,0.0932
1779744289126,1,11.0000004b,Drive,Loading,pitch.0,699908,-1.2628,3.863,34.6414,34.5931,3.4894,-2.8637,-0.0096,0.095
1779744289126,1,12.00000015,Lower Delivery,Loading,pitch.0,699995,-0.2577,0.0898,1.2086,-1.6224,0.4264,-2.9115,0.0,0.0
1779744289126,1,12.00000018,Upper Delivery,Loading,pitch.0,700682,-0.4987,0.3133,0.8685,-1.107,-0.9672,-2.6805,0.0,0.0
1779744289126,1,Pitching Mound.Delivery,,Loading,pitch.0,699048,-0.7563,0.4032,2.0771,-2.6138,-0.5408,-5.674,0.0,0.0
1779744289126,1,Pitching Mound.Drive,,Loading,pitch.0,699908,-1.2628,3.863,34.6414,34.5931,3.4894,-2.8637,-0.0096,0.095
1779744289126,1,Pitching Mound.Parent,,Loading,pitch.0,698372,-2.0192,4.2661,36.7184,31.9793,2.9486,-8.5377,-0.009,0.0928
1779744289127,1,11.0000004b,Drive,Loading,pitch.0,699909,-1.2711,3.8339,34.5829,34.4267,3.5222,-2.8716,-0.0097,0.0947
1779744289127,1,12.00000015,Lower Delivery,Loading,pitch.0,699996,-0.2466,0.0694,1.1391,-1.6637,0.2157,-2.9118,0.0,0.0
1779744289127,1,12.00000018,Upper Delivery,Loading,pitch.0,700683,-0.4708,0.2841,0.7371,-1.2744,-1.1442,-2.7084,0.0,0.0
1779744289127,1,Pitching Mound.Delivery,,Loading,pitch.0,699049,-0.7175,0.3535,1.8762,-2.8014,-0.9285,-5.6965,0.0,0.0
1779744289127,1,Pitching Mound.Drive,,Loading,pitch.0,699909,-1.2711,3.8339,34.5829,34.4267,3.5222,-2.8716,-0.0097,0.0947
1779744289127,1,Pitching Mound.Parent,,Loading,pitch.0,698373,-1.9886,4.1874,36.459,31.6253,2.5937,-8.5681,-0.0092,0.0936
1779744289128,1,11.0000004b,Drive,Loading,pitch.0,699910,-1.2856,3.8195,34.4595,34.3924,3.4933,-2.8461,-0.0096,0.0949
1779744289128,1,12.00000015,Lower Delivery,Loading,pitch.0,699997,-0.2463,0.0734,1.0664,-1.8834,-0.1257,-2.9364,0.0,0.0
1779744289128,1,12.00000018,Upper Delivery,Loading,pitch.0,700684,-0.4558,0.2669,0.6276,-1.2933,-1.1652,-2.6937,0.0,0.0
1779744289128,1,Pitching Mound.Delivery,,Loading,pitch.0,699050,-0.7021,0.3403,1.6941,-3.0276,-1.2909,-5.7013,0.0,0.0
1779744289128,1,Pitching Mound.Drive,,Loading,pitch.0,699910,-1.2856,3.8195,34.4595,34.3924,3.4933,-2.8461,-0.0096,0.0949
1779744289128,1,Pitching Mound.Parent,,Loading,pitch.0,698374,-1.9877,4.1599,36.1535,31.3648,2.2024,-8.5474,-0.0092,0.0946
1779744289129,1,11.0000004b,Drive,Loading,pitch.0,699911,-1.3052,3.8085,34.4145,34.3479,3.6383,-2.8613,-0.0101,0.0949
1779744289129,1,12.00000015,Lower Delivery,Loading,pitch.0,699998,-0.2532,0.0707,1.0388,-1.8128,-0.1156,-2.9645,0.0,0.0
1779744289129,1,12.00000018,Upper Delivery,Loading,pitch.0,700685,-0.4225,0.2353,0.5428,-1.0819,-0.9407,-2.6757,0.0,0.0
1779744289129,1,Pitching Mound.Delivery,,Loading,pitch.0,699051,-0.6757,0.306,1.5816,-2.7261,-1.0563,-5.6977,0.0,0.0
1779744289129,1,Pitching Mound.Drive,,Loading,pitch.0,699911,-1.3052,3.8085,34.4145,34.3479,3.6383,-2.8613,-0.0101,0.0949
1779744289129,1,Pitching Mound.Parent,,Loading,pitch.0,698375,-1.9809,4.1146,35.9961,31.6218,2.582,-8.559,-0.0096,0.0955
1779744289130,1,11.0000004b,Drive,Loading,pitch.0,699912,-1.3279,3.7931,34.3169,34.172,3.9214,-2.8574,-0.0109,0.0947
1779744289130,1,12.00000015,Lower Delivery,Loading,pitch.0,699999,-0.2435,0.0676,1.0333,-1.2821,-0.027,-2.9551,0.0,0.0
1779744289130,1,12.00000018,Upper Delivery,Loading,pitch.0,700686,-0.367,0.1959,0.3711,-0.8898,-0.7391,-2.6178,0.0,0.0
1779744289130,1,Pitching Mound.Delivery,,Loading,pitch.0,699052,-0.6105,0.2635,1.4044,-1.9467,-0.766,-5.6149,0.0,0.0
1779744289130,1,Pitching Mound.Drive,,Loading,pitch.0,699912,-1.3279,3.7931,34.3169,34.172,3.9214,-2.8574,-0.0109,0.0947
1779744289130,1,Pitching Mound.Parent,,Loading,pitch.0,698376,-1.9384,4.0565,35.7213,32.2252,3.1554,-8.4723,-0.0104,0.0973
1779744289131,1,11.0000004b,Drive,Loading,pitch.0,699913,-1.3487,3.7756,34.1582,33.9976,3.9446,-2.8363,-0.011,0.0947
1779744289131,1,12.00000015,Lower Delivery,Loading,pitch.0,700000,-0.2329,0.0652,0.9931,-1.069,0.1414,-2.9652,0.0,0.0
1779744289131,1,12.00000018,Upper Delivery,Loading,pitch.0,700687,-0.379,0.2082,0.4413,-1.1028,-0.9637,-2.6638,0.0,0.0
1779744289131,1,Pitching Mound.Delivery,,Loading,pitch.0,699053,-0.6119,0.2733,1.4344,-1.9842,-0.8223,-5.6787,0.0,0.0
1779744289131,1,Pitching Mound.Drive,,Loading,pitch.0,699913,-1.3487,3.7756,34.1582,33.9976,3.9446,-2.8363,-0.011,0.0947
1779744289131,1,Pitching Mound.Parent,,Loading,pitch.0,698377,-1.9606,4.049,35.5926,32.0134,3.1223,-8.515,-0.0105,0.0961
1779744289132,1,11.0000004b,Drive,Loading,pitch.0,699914,-1.3636,3.7546,34.1237,33.921,4.139,-2.8147,-0.0115,0.0946
1779744289132,1,12.00000015,Lower Delivery,Loading,pitch.0,700001,-0.233,0.0645,1.0174,-1.3215,-0.0139,-2.9764,0.0,0.0
1779744289132,1,12.00000018,Upper Delivery,Loading,pitch.0,700688,-0.3599,0.1985,0.3955,-1.2497,-1.1175,-2.7153,0.0,0.0
1779744289132,1,Pitching Mound.Delivery,,Loading,pitch.0,699054,-0.5929,0.263,1.4129,-2.3598,-1.1313,-5.7348,0.0,0.0
1779744289132,1,Pitching Mound.Drive,,Loading,pitch.0,699914,-1.3636,3.7546,34.1237,33.921,4.139,-2.8147,-0.0115,0.0946
1779744289132,1,Pitching Mound.Parent,,Loading,pitch.0,698378,-1.9564,4.0176,35.5367,31.5612,3.0077,-8.5495,-0.0111,0.0968
1779744289133,1,11.0000004b,Drive,Loading,pitch.0,699915,-1.3947,3.7332,33.9898,33.7171,4.2108,-2.7871,-0.0118,0.0944
1779744289133,1,12.00000015,Lower Delivery,Loading,pitch.0,700002,-0.2313,0.0637,0.9972,-1.0818,0.0062,-2.9521,0.0,0.0
1779744289133,1,12.00000018,Upper Delivery,Loading,pitch.0,700689,-0.3503,0.2095,0.4555,-1.211,-1.0789,-2.6656,0.0,0.0
1779744289133,1,Pitching Mound.Delivery,,Loading,pitch.0,699055,-0.5816,0.2731,1.4527,-2.1086,-1.0727,-5.6581,0.0,0.0
1779744289133,1,Pitching Mound.Drive,,Loading,pitch.0,699915,-1.3947,3.7332,33.9898,33.7171,4.2108,-2.7871,-0.0118,0.0944
1779744289133,1,Pitching Mound.Parent,,Loading,pitch.0,698379,-1.9763,4.0064,35.4425,31.6085,3.1381,-8.4452,-0.0113,0.0957
1779744289134,1,11.0000004b,Drive,Loading,pitch.0,699916,-1.409,3.7144,33.951,33.5613,4.3829,-2.7979,-0.0123,0.094
1779744289134,1,12.00000015,Lower Delivery,Loading,pitch.0,700003,-0.2181,0.0707,1.0145,-1.1461,0.1533,-2.9599,0.0,0.0
1779744289134,1,12.00000018,Upper Delivery,Loading,pitch.0,700690,-0.3556,0.2256,0.4569,-1.1867,-1.0529,-2.6672,0.0,0.0
1779744289134,1,Pitching Mound.Delivery,,Loading,pitch.0,699056,-0.5737,0.2964,1.4715,-2.1431,-0.8997,-5.6738,0.0,0.0
1779744289134,1,Pitching Mound.Drive,,Loading,pitch.0,699916,-1.409,3.7144,33.951,33.5613,4.3829,-2.7979,-0.0123,0.094
1779744289134,1,Pitching Mound.Parent,,Loading,pitch.0,698380,-1.9827,4.0107,35.4224,31.4181,3.4833,-8.4717,-0.0118,0.0955
1779744289135,1,11.0000004b,Drive,Loading,pitch.0,699917,-1.4317,3.6939,33.8464,33.5179,4.6158,-2.7532,-0.013,0.0942
1779744289135,1,12.00000015,Lower Delivery,Loading,pitch.0,700004,-0.1937,0.0639,1.0071,-1.2986,-0.0005,-2.9838,0.0,0.0
1779744289135,1,12.00000018,Upper Delivery,Loading,pitch.0,700691,-0.3479,0.2211,0.4956,-1.3454,-1.2211,-2.686,0.0,0.0
1779744289135,1,Pitching Mound.Delivery,,Loading,pitch.0,699057,-0.5416,0.285,1.5028,-2.4701,-1.2216,-5.7222,0.0,0.0
1779744289135,1,Pitching Mound.Drive,,Loading,pitch.0,699917,-1.4317,3.6939,33.8464,33.5179,4.6158,-2.7532,-0.013,0.0942
1779744289135,1,Pitching Mound.Parent,,Loading,pitch.0,698381,-1.9733,3.9789,35.3492,31.0478,3.3942,-8.4754,-0.0124,0.0951
1779744289136,1,11.0000004b,Drive,Loading,pitch.0,699918,-1.4604,3.6797,33.7778,33.3956,4.581,-2.7231,-0.0129,0.0941
1779744289136,1,12.00000015,Lower Delivery,Loading,pitch.0,700005,-0.2073,0.0655,0.9435,-1.0359,-0.0746,-3.0019,0.0,0.0
1779744289136,1,12.00000018,Upper Delivery,Loading,pitch.0,700692,-0.3528,0.2159,0.4565,-1.1951,-1.0614,-2.6762,0.0,0.0
1779744289136,1,Pitching Mound.Delivery,,Loading,pitch.0,699058,-0.5601,0.2814,1.4,-2.0654,-1.136,-5.7276,0.0,0.0
1779744289136,1,Pitching Mound.Drive,,Loading,pitch.0,699918,-1.4604,3.6797,33.7778,33.3956,4.581,-2.7231,-0.0129,0.0941
1779744289136,1,Pitching Mound.Parent,,Loading,pitch.0,698382,-2.0205,3.961,35.1778,31.3302,3.445,-8.4507,-0.0124,0.095
1779744289137,1,11.0000004b,Drive,Loading,pitch.0,699919,-1.4717,3.6552,33.6735,33.2835,4.6299,-2.7021,-0.0131,0.094
1779744289137,1,12.00000015,Lower Delivery,Loading,pitch.0,700006,-0.2304,0.0673,0.7983,-0.7258,-0.2272,-2.9319,0.0,0.0
1779744289137,1,12.00000018,Upper Delivery,Loading,pitch.0,700693,-0.3471,0.2187,0.4605,-1.2609,-1.131,-2.6858,0.0,0.0
1779744289137,1,Pitching Mound.Delivery,,Loading,pitch.0,699059,-0.5775,0.286,1.2589,-1.8718,-1.3582,-5.6573,0.0,0.0
1779744289137,1,Pitching Mound.Drive,,Loading,pitch.0,699919,-1.4717,3.6552,33.6735,33.2835,4.6299,-2.7021,-0.0131,0.094
1779744289137,1,Pitching Mound.Parent,,Loading,pitch.0,698383,-2.0492,3.9412,34.9323,31.4118,3.2716,-8.3595,-0.0126,0.0939
1779744289138,1,11.0000004b,Drive,Loading,pitch.0,699920,-1.4945,3.6441,33.5449,33.1883,4.6438,-2.7082,-0.0132,0.0941
1779744289138,1,12.00000015,Lower Delivery,Loading,pitch.0,700007,-0.223,0.0712,0.7621,-1.2527,-0.4865,-2.9204,0.0,0.0
1779744289138,1,12.00000018,Upper Delivery,Loading,pitch.0,700694,-0.3489,0.1952,0.4098,-1.3595,-1.216,-2.671,0.0,0.0
1779744289138,1,Pitching Mound.Delivery,,Loading,pitch.0,699060,-0.5719,0.2664,1.1719,-2.4925,-1.7025,-5.6341,0.0,0.0
1779744289138,1,Pitching Mound.Drive,,Loading,pitch.0,699920,-1.4945,3.6441,33.5449,33.1883,4.6438,-2.7082,-0.0132,0.0941
1779744289138,1,Pitching Mound.Parent,,Loading,pitch.0,698384,-2.0664,3.9104,34.7168,30.6958,2.9412,-8.3423,-0.0127,0.0944
1779744289139,1,11.0000004b,Drive,Loading,pitch.0,699921,-1.5186,3.6185,33.5299,32.9982,4.7838,-2.6731,-0.0136,0.0936
1779744289139,1,12.00000015,Lower Delivery,Loading,pitch.0,700008,-0.2653,0.0708,0.7606,-1.3708,-0.6039,-2.9037,0.0,0.0
1779744289139,1,12.00000018,Upper Delivery,Loading,pitch.0,700695,-0.3407,0.1876,0.4023,-1.7986,-1.2863,-2.7379,0.0,0.0
1779744289139,1,Pitching Mound.Delivery,,Loading,pitch.0,699061,-0.606,0.2584,1.1629,-3.0476,-1.8902,-5.6673,0.0,0.0
1779744289139,1,Pitching Mound.Drive,,Loading,pitch.0,699921,-1.5186,3.6185,33.5299,32.9982,4.7838,-2.6731,-0.0136,0.0936
1779744289139,1,Pitching Mound.Parent,,Loading,pitch.0,698385,-2.1246,3.8769,34.6928,29.9506,2.8936,-8.3404,-0.0131,0.094
1779744289140,1,11.0000004b,Drive,Loading,pitch.0,699922,-1.5293,3.5923,33.4091,32.787,4.7485,-2.6808,-0.0135,0.0934
1779744289140,1,12.00000015,Lower Delivery,Loading,pitch.0,700009,-0.2724,0.0746,0.6902,-1.5534,-0.988,-2.9209,0.0,0.0
1779744289140,1,12.00000018,Upper Delivery,Loading,pitch.0,700696,-0.3306,0.1569,0.3693,-1.8266,-1.1854,-2.7421,0.0,0.0
1779744289140,1,Pitching Mound.Delivery,,Loading,pitch.0,699062,-0.6031,0.2315,1.0595,-3.2709,-2.1734,-5.6828,0.0,0.0
1779744289140,1,Pitching Mound.Drive,,Loading,pitch.0,699922,-1.5293,3.5923,33.4091,32.787,4.7485,-2.6808,-0.0135,0.0934
1779744289140,1,Pitching Mound.Parent,,Loading,pitch.0,698386,-2.1323,3.8239,34.4686,29.5161,2.5751,-8.3636,-0.0131,0.0937
1779744289141,1,11.0000004b,Drive,Loading,pitch.0,699923,-1.548,3.573,33.334,32.6287,4.6379,-2.7015,-0.0132,0.0931
1779744289141,1,12.00000015,Lower Delivery,Loading,pitch.0,700010,-0.2682,0.0717,0.6649,-1.8185,-0.911,-2.8949,0.0,0.0
1779744289141,1,12.00000018,Upper Delivery,Loading,pitch.0,700697,-0.3631,0.1765,0.3849,-1.9532,-1.0693,-2.7359,0.0,0.0
1779744289141,1,Pitching Mound.Delivery,,Loading,pitch.0,699063,-0.6313,0.2481,1.0497,-3.6765,-1.9803,-5.6631,0.0,0.0
1779744289141,1,Pitching Mound.Drive,,Loading,pitch.0,699923,-1.548,3.573,33.334,32.6287,4.6379,-2.7015,-0.0132,0.0931
1779744289141,1,Pitching Mound.Parent,,Loading,pitch.0,698387,-2.1793,3.8211,34.3837,28.9522,2.6576,-8.3646,-0.0128,0.093
1779744289142,1,11.0000004b,Drive,Loading,pitch.0,699924,-1.559,3.555,33.2505,32.5199,4.6978,-2.6866,-0.0134,0.093
1779744289142,1,12.00000015,Lower Delivery,Loading,pitch.0,700011,-0.2848,0.0749,0.6836,-1.8164,-0.8691,-2.9248,0.0,0.0
1779744289142,1,12.00000018,Upper Delivery,Loading,pitch.0,700698,-0.3646,0.157,0.3479,-1.8287,-0.9329,-2.709,0.0,0.0
1779744289142,1,Pitching Mound.Delivery,,Loading,pitch.0,699064,-0.6494,0.2319,1.0315,-3.5309,-1.8021,-5.661,0.0,0.0
1779744289142,1,Pitching Mound.Drive,,Loading,pitch.0,699924,-1.559,3.555,33.2505,32.5199,4.6978,-2.6866,-0.0134,0.093
1779744289142,1,Pitching Mound.Parent,,Loading,pitch.0,698388,-2.2084,3.7868,34.282,28.989,2.8958,-8.3476,-0.013,0.0936
1779744289143,1,11.0000004b,Drive,Loading,pitch.0,699925,-1.5966,3.5365,33.0942,32.3041,4.634,-2.6841,-0.0133,0.0929
1779744289143,1,12.00000015,Lower Delivery,Loading,pitch.0,700012,-0.2584,0.094,0.6969,-1.795,-0.6008,-2.8921,0.0,0.0
1779744289143,1,12.00000018,Upper Delivery,Loading,pitch.0,700699,-0.3726,0.157,0.3506,-1.3673,-0.873,-2.686,0.0,0.0
1779744289143,1,Pitching Mound.Delivery,,Loading,pitch.0,699065,-0.631,0.251,1.0475,-3.0446,-1.4738,-5.617,0.0,0.0
1779744289143,1,Pitching Mound.Drive,,Loading,pitch.0,699925,-1.5966,3.5365,33.0942,32.3041,4.634,-2.6841,-0.0133,0.0929
1779744289143,1,Pitching Mound.Parent,,Loading,pitch.0,698389,-2.2276,3.7875,34.1417,29.2595,3.1602,-8.3011,-0.0129,0.0935
1779744289144,1,11.0000004b,Drive,Loading,pitch.0,699926,-1.5954,3.5183,33.0262,32.1347,4.4901,-2.6698,-0.0129,0.0926
1779744289144,1,12.00000015,Lower Delivery,Loading,pitch.0,700013,-0.2746,0.0794,0.7516,-1.9162,-0.9052,-2.8842,0.0,0.0
1779744289144,1,12.00000018,Upper Delivery,Loading,pitch.0,700700,-0.3505,0.1155,0.3153,-1.5312,-0.941,-2.6665,0.0,0.0
1779744289144,1,Pitching Mound.Delivery,,Loading,pitch.0,699066,-0.6251,0.1949,1.0669,-3.299,-1.8462,-5.5765,0.0,0.0
1779744289144,1,Pitching Mound.Drive,,Loading,pitch.0,699926,-1.5954,3.5183,33.0262,32.1347,4.4901,-2.6698,-0.0129,0.0926
1779744289144,1,Pitching Mound.Parent,,Loading,pitch.0,698390,-2.2205,3.7132,34.0931,28.8357,2.6439,-8.2463,-0.0125,0.094
1779744289145,1,11.0000004b,Drive,Loading,pitch.0,699927,-1.6145,3.4981,32.9254,31.9442,4.502,-2.6505,-0.013,0.0923
1779744289145,1,12.00000015,Lower Delivery,Loading,pitch.0,700014,-0.2893,0.0887,0.8144,-1.9256,-0.4828,-2.8572,0.0,0.0
1779744289145,1,12.00000018,Upper Delivery,Loading,pitch.0,700701,-0.3282,0.1199,0.3289,-1.238,-0.944,-2.61,0.0,0.0
1779744289145,1,Pitching Mound.Delivery,,Loading,pitch.0,699067,-0.6175,0.2085,1.1433,-2.9985,-1.4267,-5.4804,0.0,0.0
1779744289145,1,Pitching Mound.Drive,,Loading,pitch.0,699927,-1.6145,3.4981,32.9254,31.9442,4.502,-2.6505,-0.013,0.0923
1779744289145,1,Pitching Mound.Parent,,Loading,pitch.0,698391,-2.2321,3.7067,34.0688,28.9456,3.0753,-8.1309,-0.0126,0.094
1779744289146,1,11.0000004b,Drive,Loading,pitch.0,699928,-1.6302,3.4815,32.8177,31.8147,4.6735,-2.6459,-0.0135,0.0922
1779744289146,1,12.00000015,Lower Delivery,Loading,pitch.0,700015,-0.3188,0.0891,0.7632,-2.4646,-1.0476,-2.8494,0.0,0.0
1779744289146,1,12.00000018,Upper Delivery,Loading,pitch.0,700702,-0.3339,0.1188,0.3027,-1.1226,-0.9164,-2.6164,0.0,0.0
1779744289146,1,Pitching Mound.Delivery,,Loading,pitch.0,699068,-0.6526,0.2079,1.0659,-3.4307,-1.964,-5.4709,0.0,0.0
1779744289146,1,Pitching Mound.Drive,,Loading,pitch.0,699928,-1.6302,3.4815,32.8177,31.8147,4.6735,-2.6459,-0.0135,0.0922
1779744289146,1,Pitching Mound.Parent,,Loading,pitch.0,698392,-2.2828,3.6894,33.8835,28.384,2.7094,-8.1167,-0.0131,0.0939
1779744289147,1,11.0000004b,Drive,Loading,pitch.0,699929,-1.6584,3.4572,32.7125,31.6121,4.9063,-2.6403,-0.0143,0.0919
1779744289147,1,12.00000015,Lower Delivery,Loading,pitch.0,700016,-0.3069,0.0822,0.6957,-2.7152,-1.2925,-2.8262,0.0,0.0
1779744289147,1,12.00000018,Upper Delivery,Loading,pitch.0,700703,-0.3387,0.1292,0.3777,-1.1649,-1.0268,-2.6463,0.0,0.0
1779744289147,1,Pitching Mound.Delivery,,Loading,pitch.0,699069,-0.6456,0.2113,1.0733,-3.7719,-2.3193,-5.4833,0.0,0.0
1779744289147,1,Pitching Mound.Drive,,Loading,pitch.0,699929,-1.6584,3.4572,32.7125,31.6121,4.9063,-2.6403,-0.0143,0.0919
1779744289147,1,Pitching Mound.Parent,,Loading,pitch.0,698393,-2.304,3.6685,33.7859,27.8402,2.587,-8.1235,-0.0138,0.0922
1779744289148,1,11.0000004b,Drive,Loading,pitch.0,699930,-1.6768,3.4373,32.6379,31.3591,4.7414,-2.6216,-0.0138,0.0914
1779744289148,1,12.00000015,Lower Delivery,Loading,pitch.0,700017,-0.2909,0.0819,0.7893,-2.6746,-1.125,-2.8628,0.0,0.0
1779744289148,1,12.00000018,Upper Delivery,Loading,pitch.0,700704,-0.3808,0.1674,0.4344,-0.9294,-0.7815,-2.6135,0.0,0.0
1779744289148,1,Pitching Mound.Delivery,,Loading,pitch.0,699070,-0.6717,0.2493,1.2237,-3.4833,-1.9066,-5.5068,0.0,0.0
1779744289148,1,Pitching Mound.Drive,,Loading,pitch.0,699930,-1.6768,3.4373,32.6379,31.3591,4.7414,-2.6216,-0.0138,0.0914
1779744289148,1,Pitching Mound.Parent,,Loading,pitch.0,698394,-2.3485,3.6866,33.8616,27.8758,2.8348,-8.1284,-0.0133,0.0917
1779744289149,1,11.0000004b,Drive,Loading,pitch.0,699931,-1.691,3.4128,32.486,31.1424,4.819,-2.5832,-0.0141,0.0912
1779744289149,1,12.00000015,Lower Delivery,Loading,pitch.0,700018,-0.3044,0.0827,0.8153,-2.6694,-1.1191,-2.8464,0.0,0.0
1779744289149,1,12.00000018,Upper Delivery,Loading,pitch.0,700705,-0.3737,0.1393,0.3871,-0.9418,-0.7968,-2.5762,0.0,0.0
1779744289149,1,Pitching Mound.Delivery,,Loading,pitch.0,699071,-0.6781,0.2219,1.2024,-3.4656,-1.9158,-5.4462,0.0,0.0
1779744289149,1,Pitching Mound.Drive,,Loading,pitch.0,699931,-1.691,3.4128,32.486,31.1424,4.819,-2.5832,-0.0141,0.0912
1779744289149,1,Pitching Mound.Parent,,Loading,pitch.0,698395,-2.3691,3.6348,33.6885,27.6768,2.9031,-8.0294,-0.0136,0.0923
1779744289150,1,11.0000004b,Drive,Loading,pitch.0,699932,-1.706,3.4029,32.2948,30.9875,4.7585,-2.5853,-0.014,0.0913
1779744289150,1,12.00000015,Lower Delivery,Loading,pitch.0,700019,-0.2953,0.0873,0.7726,-2.7755,-1.1024,-2.8576,0.0,0.0
1779744289150,1,12.00000018,Upper Delivery,Loading,pitch.0,700706,-0.3516,0.1585,0.3828,-1.0343,-0.8937,-2.6079,0.0,0.0
1779744289150,1,Pitching Mound.Delivery,,Loading,pitch.0,699072,-0.6469,0.2458,1.1554,-3.6772,-1.9962,-5.4846,0.0,0.0
1779744289150,1,Pitching Mound.Drive,,Loading,pitch.0,699932,-1.706,3.4029,32.2948,30.9875,4.7585,-2.5853,-0.014,0.0913
1779744289150,1,Pitching Mound.Parent,,Loading,pitch.0,698396,-2.353,3.6488,33.4502,27.3103,2.7623,-8.0699,-0.0135,0.0921
1779744289151,1,11.0000004b,Drive,Loading,pitch.0,699933,-1.7076,3.3895,32.1301,30.7736,4.7926,-2.5359,-0.0142,0.0911
1779744289151,1,12.00000015,Lower Delivery,Loading,pitch.0,700020,-0.2826,0.0818,0.8205,-2.7068,-0.9179,-2.8358,0.0,0.0
1779744289151,1,12.00000018,Upper Delivery,Loading,pitch.0,700707,-0.3722,0.1533,0.3492,-1.0302,-0.8885,-2.6217,0.0,0.0
1779744289151,1,Pitching Mound.Delivery,,Loading,pitch.0,699073,-0.6548,0.2351,1.1697,-3.5768,-1.8064,-5.488,0.0,0.0
1779744289151,1,Pitching Mound.Drive,,Loading,pitch.0,699933,-1.7076,3.3895,32.1301,30.7736,4.7926,-2.5359,-0.0142,0.0911
1779744289151,1,Pitching Mound.Parent,,Loading,pitch.0,698397,-2.3624,3.6246,33.2998,27.1968,2.9862,-8.0238,-0.0137,0.0927
1779744289152,1,11.0000004b,Drive,Loading,pitch.0,699934,-1.7132,3.3709,32.0231,30.661,4.8591,-2.5234,-0.0144,0.0911
1779744289152,1,12.00000015,Lower Delivery,Loading,pitch.0,700021,-0.2651,0.0731,0.8108,-2.6997,-0.8893,-2.8336,0.0,0.0
1779744289152,1,12.00000018,Upper Delivery,Loading,pitch.0,700708,-0.3868,0.1724,0.3447,-0.9349,-0.7857,-2.6438,0.0,0.0
1779744289152,1,Pitching Mound.Delivery,,Loading,pitch.0,699074,-0.6519,0.2455,1.1555,-3.4761,-1.675,-5.5188,0.0,0.0
1779744289152,1,Pitching Mound.Drive,,Loading,pitch.0,699934,-1.7132,3.3709,32.0231,30.661,4.8591,-2.5234,-0.0144,0.0911
1779744289152,1,Pitching Mound.Parent,,Loading,pitch.0,698398,-2.3651,3.6164,33.1786,27.1849,3.1841,-8.0422,-0.0139,0.0927
1779744289153,1,11.0000004b,Drive,Loading,pitch.0,699935,-1.7217,3.3334,31.8507,30.3877,4.885,-2.4835,-0.0146,0.0908
1779744289153,1,12.00000015,Lower Delivery,Loading,pitch.0,700022,-0.2893,0.0781,0.8655,-2.5036,-1.0316,-2.8366,0.0,0.0
1779744289153,1,12.00000018,Upper Delivery,Loading,pitch.0,700709,-0.3852,0.1827,0.342,-0.981,-0.8339,-2.6603,0.0,0.0
1779744289153,1,Pitching Mound.Delivery,,Loading,pitch.0,699075,-0.6745,0.2607,1.2075,-3.3066,-1.8655,-5.5295,0.0,0.0
1779744289153,1,Pitching Mound.Drive,,Loading,pitch.0,699935,-1.7217,3.3334,31.8507,30.3877,4.885,-2.4835,-0.0146,0.0908
1779744289153,1,Pitching Mound.Parent,,Loading,pitch.0,698399,-2.3962,3.5941,33.0582,27.081,3.0195,-8.013,-0.0141,0.0928
1779744289154,1,11.0000004b,Drive,Loading,pitch.0,699936,-1.7079,3.299,31.7354,30.2922,5.1156,-2.4569,-0.0153,0.0908
1779744289154,1,12.00000015,Lower Delivery,Loading,pitch.0,700023,-0.3032,0.0797,0.8395,-1.9159,-0.4936,-2.8717,0.0,0.0
1779744289154,1,12.00000018,Upper Delivery,Loading,pitch.0,700710,-0.44,0.2559,0.5326,-1.1381,-1.001,-2.6676,0.0,0.0
1779744289154,1,Pitching Mound.Delivery,,Loading,pitch.0,699076,-0.7433,0.3356,1.3721,-2.9496,-1.4947,-5.5858,0.0,0.0
1779744289154,1,Pitching Mound.Drive,,Loading,pitch.0,699936,-1.7079,3.299,31.7354,30.2922,5.1156,-2.4569,-0.0153,0.0908
1779744289154,1,Pitching Mound.Parent,,Loading,pitch.0,698400,-2.4512,3.6346,33.1075,27.3426,3.6209,-8.0427,-0.0147,0.0902
1779744289155,1,11.0000004b,Drive,Loading,pitch.0,699937,-1.717,3.2866,31.5774,30.2225,5.0146,-2.4611,-0.0151,0.091
1779744289155,1,12.00000015,Lower Delivery,Loading,pitch.0,700024,-0.2966,0.0782,0.7917,-1.7322,-0.1496,-2.8526,0.0,0.0
1779744289155,1,12.00000018,Upper Delivery,Loading,pitch.0,700711,-0.5003,0.3141,0.7186,-0.9012,-0.7486,-2.6633,0.0,0.0
1779744289155,1,Pitching Mound.Delivery,,Loading,pitch.0,699077,-0.797,0.3924,1.5102,-2.6085,-0.8983,-5.5852,0.0,0.0
1779744289155,1,Pitching Mound.Drive,,Loading,pitch.0,699937,-1.717,3.2866,31.5774,30.2225,5.0146,-2.4611,-0.0151,0.091
1779744289155,1,Pitching Mound.Parent,,Loading,pitch.0,698401,-2.514,3.6789,33.0877,27.614,4.1164,-8.0462,-0.0144,0.0876
1779744289156,1,11.0000004b,Drive,Loading,pitch.0,699938,-1.7172,3.2597,31.4075,30.0084,5.2359,-2.444,-0.0159,0.0909
1779744289156,1,12.00000015,Lower Delivery,Loading,pitch.0,700025,-0.2837,0.0759,0.7663,-1.6196,-0.0911,-2.8994,0.0,0.0
1779744289156,1,12.00000018,Upper Delivery,Loading,pitch.0,700712,-0.4774,0.277,0.6042,-0.7191,-0.5582,-2.5974,0.0,0.0
1779744289156,1,Pitching Mound.Delivery,,Loading,pitch.0,699078,-0.7611,0.3528,1.3705,-2.2836,-0.6493,-5.5626,0.0,0.0
1779744289156,1,Pitching Mound.Drive,,Loading,pitch.0,699938,-1.7172,3.2597,31.4075,30.0084,5.2359,-2.444,-0.0159,0.0909
1779744289156,1,Pitching Mound.Parent,,Loading,pitch.0,698402,-2.4784,3.6125,32.778,27.7248,4.5866,-8.0066,-0.0152,0.0888
1779744289157,1,11.0000004b,Drive,Loading,pitch.0,699940,-1.7158,3.2083,31.0943,29.5413,5.2673,-2.4187,-0.0161,0.0904
1779744289157,1,11.0000004b,Drive,Loading,pitch.0,699939,-1.7102,3.2331,31.2722,29.7851,5.18,-2.4372,-0.0158,0.0906
1779744289157,1,12.00000015,Lower Delivery,Loading,pitch.0,700026,-0.2715,0.0739,0.7803,-1.6536,0.1658,-2.8787,0.0,0.0
1779744289157,1,12.00000018,Upper Delivery,Loading,pitch.0,700713,-0.3806,0.198,0.3755,-0.7924,-0.6375,-2.5754,0.0,0.0
1779744289157,1,Pitching Mound.Delivery,,Loading,pitch.0,699079,-0.6522,0.2719,1.1558,-2.3084,-0.4717,-5.4912,0.0,0.0
1779744289157,1,Pitching Mound.Drive,,Loading,pitch.0,699940,-1.7158,3.2083,31.0943,29.5413,5.2673,-2.4187,-0.0161,0.0904
1779744289157,1,Pitching Mound.Drive,,Loading,pitch.0,699939,-1.7102,3.2331,31.2722,29.7851,5.18,-2.4372,-0.0158,0.0906
1779744289157,1,Pitching Mound.Parent,,Loading,pitch.0,698403,-2.3624,3.505,32.428,27.4767,4.7082,-7.9284,-0.0152,0.0916
1779744289158,1,12.00000015,Lower Delivery,Loading,pitch.0,700027,-0.2475,0.0819,0.8199,-1.6597,0.2426,-2.8789,0.0,0.0
1779744289158,1,12.00000018,Upper Delivery,Loading,pitch.0,700714,-0.4676,0.3015,0.7075,-0.6875,-0.5283,-2.5285,0.0,0.0
1779744289158,1,Pitching Mound.Delivery,,Loading,pitch.0,699080,-0.715,0.3834,1.5274,-2.309,-0.2857,-5.4822,0.0,0.0
1779744289158,1,Pitching Mound.Parent,,Loading,pitch.0,698404,-2.4308,3.5917,32.6217,27.2323,4.9816,-7.901,-0.0154,0.0873
1779744289159,1,11.0000004b,Drive,Loading,pitch.0,699942,-1.7071,3.1602,30.7531,29.068,5.4264,-2.4035,-0.0168,0.0899
1779744289159,1,11.0000004b,Drive,Loading,pitch.0,699941,-1.7128,3.1916,30.9167,29.3173,5.3947,-2.3825,-0.0166,0.0902
1779744289159,1,12.00000015,Lower Delivery,Loading,pitch.0,700028,-0.248,0.1038,0.8469,-1.8566,0.281,-2.878,0.0,0.0
1779744289159,1,12.00000018,Upper Delivery,Loading,pitch.0,700715,-0.3866,0.2327,0.5026,-0.6688,-0.5097,-2.5042,0.0,0.0
1779744289159,1,Pitching Mound.Delivery,,Loading,pitch.0,699081,-0.6346,0.3365,1.3495,-2.4084,-0.2287,-5.4293,0.0,0.0
1779744289159,1,Pitching Mound.Drive,,Loading,pitch.0,699942,-1.7071,3.1602,30.7531,29.068,5.4264,-2.4035,-0.0168,0.0899
1779744289159,1,Pitching Mound.Drive,,Loading,pitch.0,699941,-1.7128,3.1916,30.9167,29.3173,5.3947,-2.3825,-0.0166,0.0902
1779744289159,1,Pitching Mound.Parent,,Loading,pitch.0,698405,-2.3475,3.5281,32.2662,26.9089,5.166,-7.8119,-0.0159,0.0901
1779744289160,1,12.00000015,Lower Delivery,Loading,pitch.0,700029,-0.2549,0.0961,0.8542,-1.6188,0.204,-2.878,0.0,0.0
1779744289160,1,12.00000018,Upper Delivery,Loading,pitch.0,700716,-0.31,0.1887,0.3463,-0.4657,-0.2965,-2.4412,0.0,0.0
1779744289160,1,Pitching Mound.Delivery,,Loading,pitch.0,699082,-0.5649,0.2848,1.2005,-1.9118,-0.0925,-5.338,0.0,0.0
1779744289160,1,Pitching Mound.Parent,,Loading,pitch.0,698406,-2.272,3.445,31.9536,27.1562,5.3338,-7.7415,-0.0162,0.0919
1779744289161,1,11.0000004b,Drive,Loading,pitch.0,699943,-1.7054,3.1231,30.6007,28.8242,5.3701,-2.3819,-0.0167,0.0896
1779744289161,1,12.00000015,Lower Delivery,Loading,pitch.0,700030,-0.2441,0.1103,0.8619,-1.4021,0.2891,-2.8556,0.0,0.0
1779744289161,1,12.00000018,Upper Delivery,Loading,pitch.0,700717,-0.315,0.1793,0.328,-0.6725,-0.516,-2.4621,0.0,0.0
1779744289161,1,Pitching Mound.Delivery,,Loading,pitch.0,699083,-0.5591,0.2896,1.1898,-1.8931,-0.2269,-5.3418,0.0,0.0
1779744289161,1,Pitching Mound.Drive,,Loading,pitch.0,699943,-1.7054,3.1231,30.6007,28.8242,5.3701,-2.3819,-0.0167,0.0896
1779744289161,1,Pitching Mound.Parent,,Loading,pitch.0,698407,-2.2644,3.4127,31.7906,26.9311,5.1432,-7.7237,-0.0161,0.092
1779744289162,1,11.0000004b,Drive,Loading,pitch.0,699944,-1.712,3.0989,30.4013,28.6452,5.6133,-2.3543,-0.0176,0.0896
1779744289162,1,11.0000004b,Drive,Loading,pitch.0,699945,-1.71,3.0762,30.121,28.2989,5.6202,-2.3629,-0.0177,0.0894
1779744289162,1,12.00000015,Lower Delivery,Loading,pitch.0,700031,-0.2294,0.1161,0.8823,-1.3436,0.4478,-2.8587,0.0,0.0
1779744289162,1,12.00000018,Upper Delivery,Loading,pitch.0,700718,-0.286,0.1538,0.3072,-0.521,-0.356,-2.4321,0.0,0.0
1779744289162,1,Pitching Mound.Delivery,,Loading,pitch.0,699084,-0.5154,0.2699,1.1895,-1.669,0.0917,-5.3101,0.0,0.0
1779744289162,1,Pitching Mound.Drive,,Loading,pitch.0,699944,-1.712,3.0989,30.4013,28.6452,5.6133,-2.3543,-0.0176,0.0896
1779744289162,1,Pitching Mound.Drive,,Loading,pitch.0,699945,-1.71,3.0762,30.121,28.2989,5.6202,-2.3629,-0.0177,0.0894
1779744289162,1,Pitching Mound.Parent,,Loading,pitch.0,698408,-2.2274,3.3688,31.5908,26.9762,5.7051,-7.6644,-0.0169,0.0924
1779744289163,1,11.0000004b,Drive,Loading,pitch.0,699946,-1.7214,3.0375,29.9691,28.0825,5.7177,-2.376,-0.0181,0.0891
1779744289163,1,12.00000015,Lower Delivery,Loading,pitch.0,700032,-0.2944,0.1124,0.8886,-1.6192,0.0372,-2.85,0.0,0.0
1779744289163,1,12.00000018,Upper Delivery,Loading,pitch.0,700719,-0.2749,0.1414,0.3001,-0.5581,-0.3958,-2.4302,0.0,0.0
1779744289163,1,Pitching Mound.Delivery,,Loading,pitch.0,699085,-0.5693,0.2539,1.1888,-1.9772,-0.3586,-5.2736,0.0,0.0
1779744289163,1,Pitching Mound.Drive,,Loading,pitch.0,699946,-1.7214,3.0375,29.9691,28.0825,5.7177,-2.376,-0.0181,0.0891
1779744289163,1,Pitching Mound.Parent,,Loading,pitch.0,698409,-2.2793,3.3301,31.3098,26.3217,5.2616,-7.6365,-0.0171,0.0924
1779744289164,1,11.0000004b,Drive,Loading,pitch.0,699947,-1.7305,3.0206,29.709,27.8084,5.7571,-2.3941,-0.0184,0.089
1779744289164,1,12.00000015,Lower Delivery,Loading,pitch.0,700033,-0.2619,0.1183,0.9164,-1.5338,0.3077,-2.8551,0.0,0.0
1779744289164,1,12.00000018,Upper Delivery,Loading,pitch.0,700720,-0.2771,0.1328,0.321,-0.7776,-0.626,-2.5009,0.0,0.0
1779744289164,1,Pitching Mound.Delivery,,Loading,pitch.0,699086,-0.539,0.2511,1.2375,-2.109,-0.3182,-5.3612,0.0,0.0
1779744289164,1,Pitching Mound.Drive,,Loading,pitch.0,699947,-1.7305,3.0206,29.709,27.8084,5.7571,-2.3941,-0.0184,0.089
1779744289164,1,Pitching Mound.Parent,,Loading,pitch.0,698410,-2.2604,3.2886,31.2065,25.9735,5.3994,-7.7372,-0.0174,0.0921
1779744289165,1,11.0000004b,Drive,Loading,pitch.0,699948,-1.737,2.9808,29.4567,27.5059,5.7287,-2.3942,-0.0185,0.0888
1779744289165,1,12.00000015,Lower Delivery,Loading,pitch.0,700034,-0.3049,0.1084,0.8964,-1.6605,-0.0539,-2.8985,0.0,0.0
1779744289165,1,12.00000018,Upper Delivery,Loading,pitch.0,700721,-0.2877,0.13,0.3307,-0.7447,-0.5877,-2.5563,0.0,0.0
1779744289165,1,Pitching Mound.Delivery,,Loading,pitch.0,699087,-0.5926,0.2383,1.2271,-2.2128,-0.6416,-5.4489,0.0,0.0
1779744289165,1,Pitching Mound.Drive,,Loading,pitch.0,699948,-1.737,2.9808,29.4567,27.5059,5.7287,-2.3942,-0.0185,0.0888
1779744289165,1,Pitching Mound.Parent,,Loading,pitch.0,698411,-2.3231,3.2589,30.9361,25.5956,5.1155,-7.843,-0.0177,0.0917
1779744289166,1,11.0000004b,Drive,Loading,pitch.0,699949,-1.746,2.9631,29.1456,27.2378,5.7836,-2.4024,-0.0189,0.0889
1779744289166,1,12.00000015,Lower Delivery,Loading,pitch.0,700035,-0.3085,0.1325,0.8955,-1.8924,-0.0264,-2.8943,0.0,0.0
1779744289166,1,12.00000018,Upper Delivery,Loading,pitch.0,700722,-0.3107,0.1149,0.3239,-0.9174,-0.7679,-2.6291,0.0,0.0
1779744289166,1,Pitching Mound.Delivery,,Loading,pitch.0,699088,-0.6192,0.2474,1.2194,-2.6155,-0.7942,-5.5241,0.0,0.0
1779744289166,1,Pitching Mound.Drive,,Loading,pitch.0,699949,-1.746,2.9631,29.1456,27.2378,5.7836,-2.4024,-0.0189,0.0889
1779744289166,1,Pitching Mound.Parent,,Loading,pitch.0,698412,-2.3562,3.2282,30.6761,24.8904,4.9345,-7.9184,-0.0178,0.0916
1779744289167,1,11.0000004b,Drive,Loading,pitch.0,699950,-1.7655,2.9443,28.9164,26.9736,5.942,-2.3919,-0.0195,0.0887
1779744289167,1,12.00000015,Lower Delivery,Loading,pitch.0,700036,-0.319,0.1345,0.9627,-1.7685,-0.1606,-2.8673,0.0,0.0
1779744289167,1,12.00000018,Upper Delivery,Loading,pitch.0,700723,-0.3228,0.1112,0.366,-0.7598,-0.6028,-2.5745,0.0,0.0
1779744289167,1,Pitching Mound.Delivery,,Loading,pitch.0,699089,-0.6417,0.2457,1.3288,-2.3254,-0.7634,-5.4431,0.0,0.0
1779744289167,1,Pitching Mound.Drive,,Loading,pitch.0,699950,-1.7655,2.9443,28.9164,26.9736,5.942,-2.3919,-0.0195,0.0887
1779744289167,1,Pitching Mound.Parent,,Loading,pitch.0,698413,-2.3877,3.2088,30.4743,24.9124,5.0203,-7.8455,-0.0181,0.0917
1779744289168,1,11.0000004b,Drive,Loading,pitch.0,699951,-1.7596,2.9195,28.693,26.7259,6.02,-2.3961,-0.02,0.0886
1779744289168,1,12.00000015,Lower Delivery,Loading,pitch.0,700037,-0.3276,0.1001,0.8351,-1.8304,-0.3786,-2.8764,0.0,0.0
1779744289168,1,12.00000018,Upper Delivery,Loading,pitch.0,700724,-0.3152,0.0983,0.3387,-0.639,-0.4739,-2.5759,0.0,0.0
1779744289168,1,Pitching Mound.Delivery,,Loading,pitch.0,699090,-0.6427,0.1984,1.1738,-2.3006,-0.8525,-5.448,0.0,0.0
1779744289168,1,Pitching Mound.Drive,,Loading,pitch.0,699951,-1.7596,2.9195,28.693,26.7259,6.02,-2.3961,-0.02,0.0886
1779744289168,1,Pitching Mound.Parent,,Loading,pitch.0,698414,-2.4083,3.1427,30.0902,24.673,5.0895,-7.8399,-0.0188,0.0909
1779744289169,1,11.0000004b,Drive,Loading,pitch.0,699952,-1.7782,2.8896,28.4661,26.4625,6.26,-2.4128,-0.0209,0.0884
1779744289169,1,12.00000015,Lower Delivery,Loading,pitch.0,700038,-0.3318,0.1229,0.9662,-1.7901,-0.2432,-2.8844,0.0,0.0
1779744289169,1,12.00000018,Upper Delivery,Loading,pitch.0,700725,-0.3367,0.1154,0.3934,-0.6503,-0.482,-2.6476,0.0,0.0
1779744289169,1,Pitching Mound.Delivery,,Loading,pitch.0,699091,-0.6685,0.2383,1.3596,-2.2457,-0.7252,-5.5336,0.0,0.0
1779744289169,1,Pitching Mound.Drive,,Loading,pitch.0,699952,-1.7782,2.8896,28.4661,26.4625,6.26,-2.4128,-0.0209,0.0884
1779744289169,1,Pitching Mound.Parent,,Loading,pitch.0,698415,-2.4281,3.1578,30.0526,24.4802,5.2949,-7.9297,-0.0191,0.0911
1779744289170,1,11.0000004b,Drive,Loading,pitch.0,699953,-1.7977,2.8568,28.1977,26.1493,6.5269,-2.3791,-0.022,0.0882
1779744289170,1,12.00000015,Lower Delivery,Loading,pitch.0,700039,-0.3377,0.097,0.9992,-1.551,-0.0387,-2.9294,0.0,0.0
1779744289170,1,12.00000018,Upper Delivery,Loading,pitch.0,700726,-0.3325,0.0937,0.4159,-0.5201,-0.3443,-2.625,0.0,0.0
1779744289170,1,Pitching Mound.Delivery,,Loading,pitch.0,699092,-0.6703,0.1907,1.4151,-1.8728,-0.3831,-5.5526,0.0,0.0
1779744289170,1,Pitching Mound.Drive,,Loading,pitch.0,699953,-1.7977,2.8568,28.1977,26.1493,6.5269,-2.3791,-0.022,0.0882
1779744289170,1,Pitching Mound.Parent,,Loading,pitch.0,698416,-2.4484,3.0803,29.8812,24.5897,5.8769,-7.9654,-0.0199,0.0909
1779744289171,1,11.0000004b,Drive,Loading,pitch.0,699954,-1.791,2.8399,27.9784,25.8688,6.6014,-2.3877,-0.0224,0.088
1779744289171,1,12.00000015,Lower Delivery,Loading,pitch.0,700040,-0.312,0.0854,0.9877,-1.5281,-0.1662,-2.9359,0.0,0.0
1779744289171,1,12.00000018,Upper Delivery,Loading,pitch.0,700727,-0.3824,0.1278,0.4727,-0.6539,-0.485,-2.6618,0.0,0.0
1779744289171,1,Pitching Mound.Delivery,,Loading,pitch.0,699093,-0.6943,0.2132,1.4604,-2.0069,-0.6512,-5.6216,0.0,0.0
1779744289171,1,Pitching Mound.Drive,,Loading,pitch.0,699954,-1.791,2.8399,27.9784,25.8688,6.6014,-2.3877,-0.0224,0.088
1779744289171,1,Pitching Mound.Parent,,Loading,pitch.0,698417,-2.4921,3.07,29.6582,24.1424,5.8757,-8.0008,-0.0209,0.0898
1779744289172,1,11.0000004b,Drive,Loading,pitch.0,699955,-1.801,2.8076,27.7518,25.6525,6.8736,-2.4041,-0.0236,0.0879
1779744289172,1,12.00000015,Lower Delivery,Loading,pitch.0,700041,-0.3145,0.0939,0.9705,-1.3808,-0.0448,-2.9112,0.0,0.0
1779744289172,1,12.00000018,Upper Delivery,Loading,pitch.0,700728,-0.337,0.0677,0.383,-0.3453,-0.1549,-2.6795,0.0,0.0
1779744289172,1,Pitching Mound.Delivery,,Loading,pitch.0,699094,-0.6515,0.1616,1.3535,-1.5264,-0.1997,-5.5984,0.0,0.0
1779744289172,1,Pitching Mound.Drive,,Loading,pitch.0,699955,-1.801,2.8076,27.7518,25.6525,6.8736,-2.4041,-0.0236,0.0879
1779744289172,1,Pitching Mound.Parent,,Loading,pitch.0,698418,-2.4425,3.0015,29.3319,24.3424,6.4017,-7.9861,-0.0214,0.0907
1779744289173,1,11.0000004b,Drive,Loading,pitch.0,699956,-1.8121,2.7931,27.48,25.3727,6.8637,-2.3987,-0.0238,0.0878
1779744289173,1,12.00000015,Lower Delivery,Loading,pitch.0,700042,-0.3101,0.0919,0.9822,-1.2012,-0.3943,-2.9648,0.0,0.0
1779744289173,1,12.00000018,Upper Delivery,Loading,pitch.0,700729,-0.3165,0.0661,0.3418,-0.4192,-0.2375,-2.6122,0.0,0.0
1779744289173,1,Pitching Mound.Delivery,,Loading,pitch.0,699095,-0.6266,0.158,1.324,-1.4027,-0.6318,-5.5792,0.0,0.0
1779744289173,1,Pitching Mound.Drive,,Loading,pitch.0,699956,-1.8121,2.7931,27.48,25.3727,6.8637,-2.3987,-0.0238,0.0878
1779744289173,1,Pitching Mound.Parent,,Loading,pitch.0,698419,-2.4276,2.9656,29.0759,24.2498,6.2419,-7.9833,-0.0225,0.0914
1779744289174,1,11.0000004b,Drive,Loading,pitch.0,699957,-1.8097,2.7616,27.3202,25.1987,7.1013,-2.3925,-0.0247,0.0877
1779744289174,1,12.00000015,Lower Delivery,Loading,pitch.0,700043,-0.2617,0.0982,1.0059,-1.4039,-0.1614,-2.9481,0.0,0.0
1779744289174,1,12.00000018,Upper Delivery,Loading,pitch.0,700730,-0.3121,0.0685,0.34,-0.3836,-0.2002,-2.6003,0.0,0.0
1779744289174,1,Pitching Mound.Delivery,,Loading,pitch.0,699096,-0.5738,0.1667,1.3459,-1.5611,-0.3616,-5.5655,0.0,0.0
1779744289174,1,Pitching Mound.Drive,,Loading,pitch.0,699957,-1.8097,2.7616,27.3202,25.1987,7.1013,-2.3925,-0.0247,0.0877
1779744289174,1,Pitching Mound.Parent,,Loading,pitch.0,698420,-2.3859,2.9598,28.8259,23.8116,6.5021,-7.9643,-0.0227,0.0916
1779744289175,1,11.0000004b,Drive,Loading,pitch.0,699958,-1.8062,2.7308,27.2012,24.9889,7.3102,-2.3887,-0.0256,0.0874
1779744289175,1,12.00000015,Lower Delivery,Loading,pitch.0,700044,-0.3001,0.0797,1.0525,-1.6557,-0.1404,-2.9405,0.0,0.0
1779744289175,1,12.00000018,Upper Delivery,Loading,pitch.0,700731,-0.285,0.0544,0.3328,-0.6055,-0.4325,-2.676,0.0,0.0
1779744289175,1,Pitching Mound.Delivery,,Loading,pitch.0,699097,-0.5851,0.134,1.3853,-2.0164,-0.573,-5.6114,0.0,0.0
1779744289175,1,Pitching Mound.Drive,,Loading,pitch.0,699958,-1.8062,2.7308,27.2012,24.9889,7.3102,-2.3887,-0.0256,0.0874
1779744289175,1,Pitching Mound.Parent,,Loading,pitch.0,698421,-2.3948,2.8957,28.7055,23.1823,6.5283,-8.0038,-0.0235,0.092
1779744289176,1,11.0000004b,Drive,Loading,pitch.0,699959,-1.7897,2.6946,27.0346,24.7393,7.4813,-2.3458,-0.0263,0.0871
1779744289176,1,12.00000015,Lower Delivery,Loading,pitch.0,700045,-0.2603,0.0732,1.0463,-1.4613,0.1829,-2.9783,0.0,0.0
1779744289176,1,12.00000018,Upper Delivery,Loading,pitch.0,700732,-0.2562,0.0475,0.2845,-0.7305,-0.5638,-2.7135,0.0,0.0
1779744289176,1,Pitching Mound.Delivery,,Loading,pitch.0,699098,-0.5165,0.1208,1.3308,-1.9328,-0.381,-5.6904,0.0,0.0
1779744289176,1,Pitching Mound.Drive,,Loading,pitch.0,699959,-1.7897,2.6946,27.0346,24.7393,7.4813,-2.3458,-0.0263,0.0871
1779744289176,1,Pitching Mound.Parent,,Loading,pitch.0,698422,-2.3227,2.8515,28.532,23.0561,6.9292,-8.0791,-0.0244,0.0924
1779744289177,1,11.0000004b,Drive,Loading,pitch.0,699960,-1.7906,2.6449,26.817,24.449,7.5014,-2.3198,-0.0266,0.0867
1779744289177,1,12.00000015,Lower Delivery,Loading,pitch.0,700046,-0.2421,0.0654,1.1079,-1.3935,0.1355,-2.9435,0.0,0.0
1779744289177,1,12.00000018,Upper Delivery,Loading,pitch.0,700733,-0.2575,0.0756,0.3477,-0.8027,-0.6371,-2.7794,0.0,0.0
1779744289177,1,Pitching Mound.Delivery,,Loading,pitch.0,699099,-0.4996,0.1411,1.4556,-1.9377,-0.5017,-5.7282,0.0,0.0
1779744289177,1,Pitching Mound.Drive,,Loading,pitch.0,699960,-1.7906,2.6449,26.817,24.449,7.5014,-2.3198,-0.0266,0.0867
1779744289177,1,Pitching Mound.Parent,,Loading,pitch.0,698423,-2.2894,2.8357,28.4902,22.8016,6.9796,-8.0739,-0.025,0.0917
1779744289178,1,11.0000004b,Drive,Loading,pitch.0,699961,-1.7721,2.6142,26.6904,24.3112,7.5668,-2.3096,-0.027,0.0866
1779744289178,1,12.00000015,Lower Delivery,Loading,pitch.0,700047,-0.2401,0.0652,1.1136,-1.3896,0.1895,-2.9609,0.0,0.0
1779744289178,1,12.00000018,Upper Delivery,Loading,pitch.0,700734,-0.268,0.0928,0.4058,-1.0439,-0.8938,-2.79,0.0,0.0
1779744289178,1,Pitching Mound.Delivery,,Loading,pitch.0,699100,-0.5082,0.158,1.5194,-2.1929,-0.7043,-5.7604,0.0,0.0
1779744289178,1,Pitching Mound.Drive,,Loading,pitch.0,699961,-1.7721,2.6142,26.6904,24.3112,7.5668,-2.3096,-0.027,0.0866
1779744289178,1,Pitching Mound.Parent,,Loading,pitch.0,698424,-2.2988,2.8029,28.3364,22.2562,6.7971,-8.0801,-0.0252,0.0906
1779744289179,1,11.0000004b,Drive,Loading,pitch.0,699962,-1.7759,2.5675,26.4704,24.062,7.3824,-2.3148,-0.0265,0.0865
1779744289179,1,12.00000015,Lower Delivery,Loading,pitch.0,700048,-0.2472,0.0662,1.1281,-1.3453,0.2936,-2.9596,0.0,0.0
1779744289179,1,12.00000018,Upper Delivery,Loading,pitch.0,700735,-0.2859,0.1033,0.4256,-1.0434,-0.7362,-2.8232,0.0,0.0
1779744289179,1,Pitching Mound.Delivery,,Loading,pitch.0,699101,-0.5331,0.1695,1.5537,-2.1498,-0.4426,-5.796,0.0,0.0
1779744289179,1,Pitching Mound.Drive,,Loading,pitch.0,699962,-1.7759,2.5675,26.4704,24.062,7.3824,-2.3148,-0.0265,0.0865
1779744289179,1,Pitching Mound.Parent,,Loading,pitch.0,698425,-2.3052,2.7836,28.2441,22.1614,7.1242,-8.1056,-0.0255,0.0903
1779744289180,1,11.0000004b,Drive,Loading,pitch.0,699963,-1.774,2.5179,26.3016,23.806,7.4453,-2.3167,-0.0269,0.0861
1779744289180,1,12.00000015,Lower Delivery,Loading,pitch.0,700049,-0.2482,0.0662,1.164,-1.4816,0.2416,-2.9774,0.0,0.0
1779744289180,1,12.00000018,Upper Delivery,Loading,pitch.0,700736,-0.287,0.1138,0.4211,-1.0093,-0.8571,-2.7863,0.0,0.0
1779744289180,1,Pitching Mound.Delivery,,Loading,pitch.0,699102,-0.5352,0.18,1.5851,-2.2384,-0.6155,-5.7769,0.0,0.0
1779744289180,1,Pitching Mound.Drive,,Loading,pitch.0,699963,-1.774,2.5179,26.3016,23.806,7.4453,-2.3167,-0.0269,0.0861
1779744289180,1,Pitching Mound.Parent,,Loading,pitch.0,698426,-2.3111,2.7476,28.0556,21.8236,6.7669,-8.0917,-0.025,0.0906
1779744289181,1,11.0000004b,Drive,Loading,pitch.0,699964,-1.761,2.4959,26.179,23.6608,7.6708,-2.274,-0.0279,0.086
1779744289181,1,12.00000015,Lower Delivery,Loading,pitch.0,700050,-0.2446,0.0683,1.1207,-1.55,0.3974,-2.9562,0.0,0.0
1779744289181,1,12.00000018,Upper Delivery,Loading,pitch.0,700737,-0.3329,0.1456,0.4664,-1.1809,-1.038,-2.8233,0.0,0.0
1779744289181,1,Pitching Mound.Delivery,,Loading,pitch.0,699103,-0.5776,0.2139,1.5871,-2.5084,-0.6406,-5.8094,0.0,0.0
1779744289181,1,Pitching Mound.Drive,,Loading,pitch.0,699964,-1.761,2.4959,26.179,23.6608,7.6708,-2.274,-0.0279,0.086
1779744289181,1,Pitching Mound.Parent,,Loading,pitch.0,698427,-2.3516,2.7318,27.8888,21.2976,6.8047,-8.1261,-0.0254,0.0892
1779744289182,1,11.0000004b,Drive,Loading,pitch.0,699965,-1.7655,2.4629,25.9635,23.4368,7.7215,-2.2737,-0.0283,0.0859
1779744289182,1,12.00000015,Lower Delivery,Loading,pitch.0,700051,-0.2548,0.0711,1.0874,-1.5261,0.1883,-2.9933,0.0,0.0
1779744289182,1,12.00000018,Upper Delivery,Loading,pitch.0,700738,-0.3639,0.1787,0.5424,-1.0494,-0.9022,-2.7446,0.0,0.0
1779744289182,1,Pitching Mound.Delivery,,Loading,pitch.0,699104,-0.6188,0.2498,1.6298,-2.3902,-0.7139,-5.775,0.0,0.0
1779744289182,1,Pitching Mound.Drive,,Loading,pitch.0,699965,-1.7655,2.4629,25.9635,23.4368,7.7215,-2.2737,-0.0283,0.0859
1779744289182,1,Pitching Mound.Parent,,Loading,pitch.0,698428,-2.3797,2.7457,27.8088,21.2705,6.9569,-8.049,-0.0262,0.0876
1779744289183,1,11.0000004b,Drive,Loading,pitch.0,699966,-1.7543,2.4345,25.7576,23.2431,7.855,-2.2715,-0.029,0.0858
1779744289183,1,12.00000015,Lower Delivery,Loading,pitch.0,700052,-0.2835,0.0746,0.9651,-1.681,0.0174,-2.985,0.0,0.0
1779744289183,1,12.00000018,Upper Delivery,Loading,pitch.0,700739,-0.4062,0.2113,0.5997,-0.9012,-0.7495,-2.6482,0.0,0.0
1779744289183,1,Pitching Mound.Delivery,,Loading,pitch.0,699105,-0.6898,0.2859,1.5648,-2.4579,-0.7321,-5.6749,0.0,0.0
1779744289183,1,Pitching Mound.Drive,,Loading,pitch.0,699966,-1.7543,2.4345,25.7576,23.2431,7.855,-2.2715,-0.029,0.0858
1779744289183,1,Pitching Mound.Parent,,Loading,pitch.0,698429,-2.4553,2.7488,27.5283,20.9789,6.9893,-7.9486,-0.0267,0.0855
1779744289184,1,11.0000004b,Drive,Loading,pitch.0,699967,-1.7482,2.4045,25.6282,23.1388,8.3165,-2.2708,-0.0309,0.0859
1779744289184,1,12.00000015,Lower Delivery,Loading,pitch.0,700053,-0.2926,0.0767,0.9293,-1.6432,-0.0019,-3.0379,0.0,0.0
1779744289184,1,12.00000018,Upper Delivery,Loading,pitch.0,700740,-0.4626,0.2902,0.7646,-0.8883,-0.737,-2.6263,0.0,0.0
1779744289184,1,Pitching Mound.Delivery,,Loading,pitch.0,699106,-0.7552,0.3669,1.6939,-2.4755,-0.7389,-5.722,0.0,0.0
1779744289184,1,Pitching Mound.Drive,,Loading,pitch.0,699967,-1.7482,2.4045,25.6282,23.1388,8.3165,-2.2708,-0.0309,0.0859
1779744289184,1,Pitching Mound.Parent,,Loading,pitch.0,698430,-2.5095,2.8014,27.4514,20.7675,7.1161,-7.9935,-0.0272,0.0826
1779744289185,1,11.0000004b,Drive,Loading,pitch.0,699968,-1.7338,2.3724,25.386,22.8934,8.3238,-2.2495,-0.0312,0.0858
1779744289185,1,12.00000015,Lower Delivery,Loading,pitch.0,700054,-0.3028,0.0783,0.8093,-1.6258,-0.1807,-2.9978,0.0,0.0
1779744289185,1,12.00000018,Upper Delivery,Loading,pitch.0,700741,-0.4459,0.2528,0.6637,-0.9682,-0.8219,-2.6301,0.0,0.0
1779744289185,1,Pitching Mound.Delivery,,Loading,pitch.0,699107,-0.7487,0.3311,1.473,-2.5444,-1.0026,-5.6766,0.0,0.0
1779744289185,1,Pitching Mound.Drive,,Loading,pitch.0,699968,-1.7338,2.3724,25.386,22.8934,8.3238,-2.2495,-0.0312,0.0858
1779744289185,1,Pitching Mound.Parent,,Loading,pitch.0,698431,-2.4969,2.7356,27.1012,20.5943,7.3139,-7.9474,-0.0292,0.083
1779744289186,1,11.0000004b,Drive,Loading,pitch.0,699969,-1.7239,2.3452,25.0692,22.6008,8.4085,-2.2537,-0.0319,0.0858
1779744289186,1,12.00000015,Lower Delivery,Loading,pitch.0,700055,-0.3305,0.085,0.7798,-1.6357,-0.2693,-3.0168,0.0,0.0
1779744289186,1,12.00000018,Upper Delivery,Loading,pitch.0,700742,-0.4489,0.2484,0.635,-0.8363,-0.6821,-2.6161,0.0,0.0
1779744289186,1,Pitching Mound.Delivery,,Loading,pitch.0,699108,-0.7794,0.3334,1.4148,-2.4228,-0.9514,-5.6732,0.0,0.0
1779744289186,1,Pitching Mound.Drive,,Loading,pitch.0,699969,-1.7239,2.3452,25.0692,22.6008,8.4085,-2.2537,-0.0319,0.0858
1779744289186,1,Pitching Mound.Parent,,Loading,pitch.0,698432,-2.5132,2.7058,26.8008,20.4706,7.3724,-7.9226,-0.0295,0.0831
1779744289187,1,11.0000004b,Drive,Loading,pitch.0,699970,-1.7192,2.3185,24.8327,22.4045,8.4637,-2.2281,-0.0324,0.0858
1779744289187,1,12.00000015,Lower Delivery,Loading,pitch.0,700056,-0.3606,0.0918,0.8086,-1.5069,-0.2781,-3.0098,0.0,0.0
1779744289187,1,12.00000018,Upper Delivery,Loading,pitch.0,700743,-0.4426,0.2278,0.5333,-0.9316,-0.7863,-2.5696,0.0,0.0
1779744289187,1,Pitching Mound.Delivery,,Loading,pitch.0,699109,-0.8032,0.3196,1.3419,-2.3449,-1.0644,-5.6073,0.0,0.0
1779744289187,1,Pitching Mound.Drive,,Loading,pitch.0,699970,-1.7192,2.3185,24.8327,22.4045,8.4637,-2.2281,-0.0324,0.0858
1779744289187,1,Pitching Mound.Parent,,Loading,pitch.0,698433,-2.5271,2.6648,26.4111,20.2559,7.3441,-7.861,-0.0303,0.0849
1779744289188,1,11.0000004b,Drive,Loading,pitch.0,699971,-1.6966,2.2789,24.6396,22.1893,8.6053,-2.2454,-0.0332,0.0857
1779744289188,1,12.00000015,Lower Delivery,Loading,pitch.0,700057,-0.3672,0.0933,0.7728,-1.4911,-0.0451,-2.9815,0.0,0.0
1779744289188,1,12.00000018,Upper Delivery,Loading,pitch.0,700744,-0.3732,0.157,0.3251,-0.8014,-0.6491,-2.5395,0.0,0.0
1779744289188,1,Pitching Mound.Delivery,,Loading,pitch.0,699110,-0.7404,0.2503,1.0979,-2.1403,-0.6942,-5.523,0.0,0.0
1779744289188,1,Pitching Mound.Drive,,Loading,pitch.0,699971,-1.6966,2.2789,24.6396,22.1893,8.6053,-2.2454,-0.0332,0.0857
1779744289188,1,Pitching Mound.Parent,,Loading,pitch.0,698434,-2.4596,2.5687,25.9305,20.2642,7.7695,-7.7511,-0.0311,0.0881
1779744289189,1,11.0000004b,Drive,Loading,pitch.0,699972,-1.694,2.2444,24.336,21.8778,8.9037,-2.2061,-0.0348,0.0855
1779744289189,1,12.00000015,Lower Delivery,Loading,pitch.0,700058,-0.3738,0.0948,0.8265,-1.5094,0.0154,-3.0162,0.0,0.0
1779744289189,1,12.00000018,Upper Delivery,Loading,pitch.0,700745,-0.3624,0.1432,0.3124,-0.9716,-0.8287,-2.576,0.0,0.0
1779744289189,1,Pitching Mound.Delivery,,Loading,pitch.0,699111,-0.7362,0.238,1.1389,-2.3063,-0.8132,-5.5883,0.0,0.0
1779744289189,1,Pitching Mound.Drive,,Loading,pitch.0,699972,-1.694,2.2444,24.336,21.8778,8.9037,-2.2061,-0.0348,0.0855
1779744289189,1,Pitching Mound.Parent,,Loading,pitch.0,698435,-2.4328,2.5169,25.7785,19.883,7.792,-7.8337,-0.0318,0.0887
1779744289190,1,11.0000004b,Drive,Loading,pitch.0,699973,-1.6756,2.2193,24.1404,21.6763,9.1056,-2.1902,-0.0359,0.0854
1779744289190,1,12.00000015,Lower Delivery,Loading,pitch.0,700059,-0.3653,0.0932,0.7882,-1.4902,0.0751,-2.9459,0.0,0.0
1779744289190,1,12.00000018,Upper Delivery,Loading,pitch.0,700746,-0.3467,0.1526,0.3359,-0.9777,-0.8345,-2.5866,0.0,0.0
1779744289190,1,Pitching Mound.Delivery,,Loading,pitch.0,699112,-0.712,0.2457,1.1241,-2.3141,-0.7595,-5.5262,0.0,0.0
1779744289190,1,Pitching Mound.Drive,,Loading,pitch.0,699973,-1.6756,2.2193,24.1404,21.6763,9.1056,-2.1902,-0.0359,0.0854
1779744289190,1,Pitching Mound.Parent,,Loading,pitch.0,698436,-2.4061,2.4901,25.4601,19.5637,8.1443,-7.7323,-0.0333,0.0878
1779744289191,1,11.0000004b,Drive,Loading,pitch.0,699974,-1.6711,2.184,23.8856,21.4003,9.1523,-2.2018,-0.0365,0.0852
1779744289191,1,12.00000015,Lower Delivery,Loading,pitch.0,700060,-0.3761,0.0956,0.7243,-1.4917,0.0939,-2.92,0.0,0.0
1779744289191,1,12.00000018,Upper Delivery,Loading,pitch.0,700747,-0.3167,0.1397,0.3435,-1.2668,-0.9412,-2.6139,0.0,0.0
1779744289191,1,Pitching Mound.Delivery,,Loading,pitch.0,699113,-0.6928,0.2353,1.0678,-2.629,-0.8473,-5.5137,0.0,0.0
1779744289191,1,Pitching Mound.Drive,,Loading,pitch.0,699974,-1.6711,2.184,23.8856,21.4003,9.1523,-2.2018,-0.0365,0.0852
1779744289191,1,Pitching Mound.Parent,,Loading,pitch.0,698437,-2.3684,2.4546,25.2082,19.0472,8.2582,-7.7039,-0.0344,0.0869
1779744289192,1,11.0000004b,Drive,Loading,pitch.0,699975,-1.6718,2.1457,23.463,21.0642,9.0168,-2.1825,-0.0366,0.0854
1779744289192,1,12.00000015,Lower Delivery,Loading,pitch.0,700061,-0.3665,0.0929,0.6833,-1.541,-0.0765,-2.8685,0.0,0.0
1779744289192,1,12.00000018,Upper Delivery,Loading,pitch.0,700748,-0.3011,0.1565,0.3736,-1.0972,-0.9572,-2.6732,0.0,0.0
1779744289192,1,Pitching Mound.Delivery,,Loading,pitch.0,699114,-0.6675,0.2494,1.0569,-2.5329,-1.0337,-5.5195,0.0,0.0
1779744289192,1,Pitching Mound.Drive,,Loading,pitch.0,699975,-1.6718,2.1457,23.463,21.0642,9.0168,-2.1825,-0.0366,0.0854
1779744289192,1,Pitching Mound.Parent,,Loading,pitch.0,698438,-2.3386,2.4334,24.9425,18.8674,8.1186,-7.7213,-0.0349,0.0858
1779744289193,1,11.0000004b,Drive,Loading,pitch.0,699976,-1.6573,2.1246,23.155,20.7669,9.2377,-2.1645,-0.038,0.0853
1779744289193,1,12.00000015,Lower Delivery,Loading,pitch.0,700062,-0.3668,0.0927,0.6354,-1.6667,0.1203,-2.8042,0.0,0.0
1779744289193,1,12.00000018,Upper Delivery,Loading,pitch.0,700749,-0.2961,0.1702,0.4094,-1.373,-0.9743,-2.7507,0.0,0.0
1779744289193,1,Pitching Mound.Delivery,,Loading,pitch.0,699115,-0.6629,0.2629,1.0449,-2.9628,-0.854,-5.5309,0.0,0.0
1779744289193,1,Pitching Mound.Drive,,Loading,pitch.0,699976,-1.6573,2.1246,23.155,20.7669,9.2377,-2.1645,-0.038,0.0853
1779744289193,1,Pitching Mound.Parent,,Loading,pitch.0,698439,-2.3347,2.4086,24.5079,18.1014,8.1627,-7.7134,-0.035,0.0849
1779744289194,1,11.0000004b,Drive,Loading,pitch.0,699977,-1.6439,2.0907,22.9038,20.5135,9.376,-2.1289,-0.0389,0.0852
1779744289194,1,12.00000015,Lower Delivery,Loading,pitch.0,700063,-0.3563,0.091,0.7161,-2.0167,-0.0716,-2.8004,0.0,0.0
1779744289194,1,12.00000018,Upper Delivery,Loading,pitch.0,700750,-0.2623,0.1455,0.3638,-1.423,-0.8467,-2.7882,0.0,0.0
1779744289194,1,Pitching Mound.Delivery,,Loading,pitch.0,699116,-0.6186,0.2365,1.0799,-3.32,-0.9182,-5.5566,0.0,0.0
1779744289194,1,Pitching Mound.Drive,,Loading,pitch.0,699977,-1.6439,2.0907,22.9038,20.5135,9.376,-2.1289,-0.0389,0.0852
1779744289194,1,Pitching Mound.Parent,,Loading,pitch.0,698440,-2.2759,2.3611,24.235,17.4469,8.3194,-7.7212,-0.0363,0.0865
1779744289195,1,11.0000004b,Drive,Loading,pitch.0,699978,-1.6439,2.0704,22.6409,20.1888,9.0773,-2.1248,-0.0381,0.0848
1779744289195,1,12.00000015,Lower Delivery,Loading,pitch.0,700064,-0.3656,0.0931,0.7547,-2.1358,-0.4145,-2.785,0.0,0.0
1779744289195,1,12.00000018,Upper Delivery,Loading,pitch.0,700751,-0.266,0.138,0.4021,-1.487,-0.937,-2.7796,0.0,0.0
1779744289195,1,Pitching Mound.Delivery,,Loading,pitch.0,699117,-0.6315,0.2312,1.1568,-3.5029,-1.3515,-5.5308,0.0,0.0
1779744289195,1,Pitching Mound.Drive,,Loading,pitch.0,699978,-1.6439,2.0704,22.6409,20.1888,9.0773,-2.1248,-0.0381,0.0848
1779744289195,1,Pitching Mound.Parent,,Loading,pitch.0,698441,-2.2754,2.3219,24.0605,17.0106,8.0245,-7.6597,-0.0371,0.0861
1779744289196,1,11.0000004b,Drive,Loading,pitch.0,699979,-1.6394,2.0355,22.3017,19.9141,9.1109,-2.1252,-0.0389,0.0849
1779744289196,1,12.00000015,Lower Delivery,Loading,pitch.0,700065,-0.3662,0.0955,0.7342,-2.2656,-0.7484,-2.7347,0.0,0.0
1779744289196,1,12.00000018,Upper Delivery,Loading,pitch.0,700752,-0.258,0.132,0.3926,-1.5889,-0.9171,-2.7894,0.0,0.0
1779744289196,1,Pitching Mound.Delivery,,Loading,pitch.0,699118,-0.6242,0.2275,1.1268,-3.7384,-1.6655,-5.4873,0.0,0.0
1779744289196,1,Pitching Mound.Drive,,Loading,pitch.0,699979,-1.6394,2.0355,22.3017,19.9141,9.1109,-2.1252,-0.0389,0.0849
1779744289196,1,Pitching Mound.Parent,,Loading,pitch.0,698442,-2.2681,2.2979,23.7677,16.4505,7.4119,-7.612,-0.0363,0.0857
1779744289197,1,11.0000004b,Drive,Loading,pitch.0,699980,-1.6218,2.0001,22.1085,19.6875,9.2121,-2.0981,-0.0396,0.0847
1779744289197,1,12.00000015,Lower Delivery,Loading,pitch.0,700066,-0.3361,0.087,0.7625,-2.6523,-1.0162,-2.7441,0.0,0.0
1779744289197,1,12.00000018,Upper Delivery,Loading,pitch.0,700753,-0.2586,0.148,0.4522,-1.4367,-0.7316,-2.8481,0.0,0.0
1779744289197,1,Pitching Mound.Delivery,,Loading,pitch.0,699119,-0.5947,0.2351,1.2147,-3.9835,-1.7477,-5.5658,0.0,0.0
1779744289197,1,Pitching Mound.Drive,,Loading,pitch.0,699980,-1.6218,2.0001,22.1085,19.6875,9.2121,-2.0981,-0.0396,0.0847
1779744289197,1,Pitching Mound.Parent,,Loading,pitch.0,698443,-2.2342,2.2706,23.5163,15.9306,7.3632,-7.6911,-0.0369,0.085
1779744289198,1,11.0000004b,Drive,Loading,pitch.0,699981,-1.6186,1.9734,21.8134,19.4609,9.2326,-2.1209,-0.0403,0.0849
1779744289198,1,12.00000015,Lower Delivery,Loading,pitch.0,700067,-0.313,0.0811,0.7417,-2.9243,-0.8682,-2.7646,0.0,0.0
1779744289198,1,12.00000018,Upper Delivery,Loading,pitch.0,700754,-0.2589,0.1584,0.4807,-1.6842,-0.6098,-2.8302,0.0,0.0
1779744289198,1,Pitching Mound.Delivery,,Loading,pitch.0,699120,-0.5719,0.2396,1.2224,-4.5197,-1.478,-5.5764,0.0,0.0
1779744289198,1,Pitching Mound.Drive,,Loading,pitch.0,699981,-1.6186,1.9734,21.8134,19.4609,9.2326,-2.1209,-0.0403,0.0849
1779744289198,1,Pitching Mound.Parent,,Loading,pitch.0,698444,-2.1937,2.2397,23.3309,15.1677,7.734,-7.6744,-0.0376,0.0841
1779744289199,1,11.0000004b,Drive,Loading,pitch.0,699982,-1.6168,1.9364,21.6705,19.3718,9.3436,-2.111,-0.041,0.085
1779744289199,1,12.00000015,Lower Delivery,Loading,pitch.0,700068,-0.3311,0.084,0.7589,-2.8553,-1.0303,-2.8054,0.0,0.0
1779744289199,1,12.00000018,Upper Delivery,Loading,pitch.0,700755,-0.2753,0.1732,0.4593,-1.7091,-0.6989,-2.85,0.0,0.0
1779744289199,1,12.00000018,Upper Delivery,Loading,pitch.0,700756,-0.2735,0.1737,0.4305,-1.7513,-0.8371,-2.8393,0.0,0.0
1779744289199,1,Pitching Mound.Delivery,,Loading,pitch.0,699121,-0.6064,0.2572,1.2181,-4.4626,-1.7293,-5.6365,0.0,0.0
1779744289199,1,Pitching Mound.Drive,,Loading,pitch.0,699982,-1.6168,1.9364,21.6705,19.3718,9.3436,-2.111,-0.041,0.085
1779744289199,1,Pitching Mound.Parent,,Loading,pitch.0,698445,-2.225,2.2306,23.0316,14.9983,7.5033,-7.7574,-0.0381,0.0848
1779744289200,1,11.0000004b,Drive,Loading,pitch.0,699983,-1.6091,1.8978,21.4852,19.2101,9.5034,-2.1035,-0.0421,0.0851
1779744289200,1,12.00000015,Lower Delivery,Loading,pitch.0,700069,-0.2926,0.0753,0.87,-2.6838,-1.0005,-2.8059,0.0,0.0
1779744289200,1,12.00000018,Upper Delivery,Loading,pitch.0,700757,-0.2801,0.1767,0.4522,-2.0359,-0.9877,-2.9112,0.0,0.0
1779744289200,1,Pitching Mound.Delivery,,Loading,pitch.0,699122,-0.566,0.2489,1.3004,-4.2858,-1.8376,-5.6386,0.0,0.0
1779744289200,1,Pitching Mound.Drive,,Loading,pitch.0,699983,-1.6091,1.8978,21.4852,19.2101,9.5034,-2.1035,-0.0421,0.0851
1779744289200,1,Pitching Mound.Parent,,Loading,pitch.0,698446,-2.1829,2.1853,22.9709,15.0861,7.506,-7.7496,-0.0387,0.0867
1779744289201,1,11.0000004b,Drive,Loading,pitch.0,699984,-1.5964,1.872,21.2833,19.0295,9.5409,-2.0803,-0.0426,0.0851
1779744289201,1,12.00000015,Lower Delivery,Loading,pitch.0,700070,-0.2632,0.0679,0.9042,-2.4898,-0.5904,-2.8198,0.0,0.0
1779744289201,1,12.00000018,Upper Delivery,Loading,pitch.0,700758,-0.2922,0.1982,0.4274,-2.0209,-0.8069,-2.9237,0.0,0.0
1779744289201,1,Pitching Mound.Delivery,,Loading,pitch.0,699123,-0.5433,0.2446,1.3564,-4.372,-1.5781,-5.7368,0.0,0.0
1779744289201,1,Pitching Mound.Drive,,Loading,pitch.0,699984,-1.5964,1.872,21.2833,19.0295,9.5409,-2.0803,-0.0426,0.0851
1779744289201,1,Pitching Mound.Parent,,Loading,pitch.0,698447,-2.1525,2.1424,22.8415,14.8382,7.9253,-7.8404,-0.0396,0.0867
1779744289202,1,11.0000004b,Drive,Loading,pitch.0,699985,-1.588,1.8273,21.0569,18.8068,9.6377,-2.0699,-0.0435,0.085
1779744289202,1,12.00000015,Lower Delivery,Loading,pitch.0,700071,-0.2335,0.0756,0.9981,-2.0591,-0.1513,-2.8424,0.0,0.0
1779744289202,1,12.00000018,Upper Delivery,Loading,pitch.0,700759,-0.2816,0.1905,0.4425,-1.9852,-0.8191,-2.9084,0.0,0.0
1779744289202,1,Pitching Mound.Delivery,,Loading,pitch.0,699124,-0.5257,0.2738,1.4255,-3.886,-0.9582,-5.786,0.0,0.0
1779744289202,1,Pitching Mound.Drive,,Loading,pitch.0,699985,-1.588,1.8273,21.0569,18.8068,9.6377,-2.0699,-0.0435,0.085
1779744289202,1,Pitching Mound.Parent,,Loading,pitch.0,698448,-2.1222,2.1458,22.7088,15.1436,8.5827,-7.8663,-0.04,0.0883
1779744289203,1,11.0000004b,Drive,Loading,pitch.0,699986,-1.579,1.7934,20.9097,18.6145,10.0577,-2.0813,-0.0458,0.0847
1779744289203,1,12.00000015,Lower Delivery,Loading,pitch.0,700072,-0.2292,0.0612,0.9517,-2.0119,-0.1011,-2.8429,0.0,0.0
1779744289203,1,12.00000018,Upper Delivery,Loading,pitch.0,700760,-0.2846,0.1841,0.4092,-1.6084,-1.0064,-2.7994,0.0,0.0
1779744289203,1,Pitching Mound.Delivery,,Loading,pitch.0,699125,-0.5108,0.2517,1.3942,-3.824,-0.9202,-5.7691,0.0,0.0
1779744289203,1,Pitching Mound.Drive,,Loading,pitch.0,699986,-1.579,1.7934,20.9097,18.6145,10.0577,-2.0813,-0.0458,0.0847
1779744289203,1,Pitching Mound.Parent,,Loading,pitch.0,698449,-2.0988,2.0789,22.4512,14.9828,8.7176,-7.839,-0.0408,0.0874
1779744289204,1,11.0000004b,Drive,Loading,pitch.0,699987,-1.5653,1.7572,20.7522,18.4629,9.9803,-2.0532,-0.0458,0.0846
1779744289204,1,12.00000015,Lower Delivery,Loading,pitch.0,700073,-0.1961,0.0545,1.0217,-1.7655,-0.1057,-2.9043,0.0,0.0
1779744289204,1,12.00000018,Upper Delivery,Loading,pitch.0,700761,-0.2932,0.1942,0.4157,-1.5544,-0.8596,-2.8087,0.0,0.0
1779744289204,1,Pitching Mound.Delivery,,Loading,pitch.0,699126,-0.4807,0.2386,1.4308,-3.1656,-1.112,-5.7338,0.0,0.0
1779744289204,1,Pitching Mound.Drive,,Loading,pitch.0,699987,-1.5653,1.7572,20.7522,18.4629,9.9803,-2.0532,-0.0458,0.0846
1779744289204,1,Pitching Mound.Parent,,Loading,pitch.0,698450,-2.0597,2.032,22.3405,15.4489,8.9457,-7.8151,-0.0428,0.0886
1779744289205,1,11.0000004b,Drive,Loading,pitch.0,699988,-1.5684,1.7047,20.619,18.284,10.2011,-2.0647,-0.0471,0.0844
1779744289205,1,12.00000015,Lower Delivery,Loading,pitch.0,700074,-0.1891,0.0526,1.0224,-1.5763,0.0865,-2.9277,0.0,0.0
1779744289205,1,Pitching Mound.Delivery,,Loading,pitch.0,699127,-0.4823,0.2468,1.4381,-2.9243,-0.773,-5.7717,0.0,0.0
1779744289205,1,Pitching Mound.Drive,,Loading,pitch.0,699988,-1.5684,1.7047,20.619,18.284,10.2011,-2.0647,-0.0471,0.0844
1779744289205,1,Pitching Mound.Parent,,Loading,pitch.0,698451,-2.0477,2.0041,22.1903,15.5385,9.2072,-7.8249,0.0,0.0
1779744289206,1,11.0000004b,Drive,Loading,pitch.0,699989,-1.5528,1.6759,20.47,18.1614,10.5434,-2.0275,-0.049,0.0844
1779744289206,1,12.00000015,Lower Delivery,Loading,pitch.0,700075,-0.2196,0.0581,1.0181,-1.7519,0.0352,-2.8944,0.0,0.0
1779744289206,1,12.00000018,Upper Delivery,Loading,pitch.0,700762,-0.2902,0.2081,0.447,-1.4445,-1.0259,-2.7481,0.0,0.0
1779744289206,1,12.00000018,Upper Delivery,Loading,pitch.0,700763,-0.2676,0.2106,0.4678,-1.2707,-0.9211,-2.714,0.0,0.0
1779744289206,1,Pitching Mound.Delivery,,Loading,pitch.0,699128,-0.5099,0.2663,1.4652,-3.0022,-0.9908,-5.6665,0.0,0.0
1779744289206,1,Pitching Mound.Drive,,Loading,pitch.0,699989,-1.5528,1.6759,20.47,18.1614,10.5434,-2.0275,-0.049,0.0844
1779744289206,1,Pitching Mound.Parent,,Loading,pitch.0,698452,-2.0782,1.971,22.0841,15.2818,9.2103,-7.7311,0.0,0.0
1779744289207,1,11.0000004b,Drive,Loading,pitch.0,699990,-1.5316,1.6437,20.3574,18.0576,10.8152,-2.0433,-0.0505,0.0844
1779744289207,1,12.00000015,Lower Delivery,Loading,pitch.0,700076,-0.2001,0.0525,1.031,-1.5244,0.2062,-2.9463,0.0,0.0
1779744289207,1,12.00000015,Lower Delivery,Loading,pitch.0,700077,-0.1999,0.0539,1.0211,-1.5406,0.3507,-2.8771,0.0,0.0
1779744289207,1,Pitching Mound.Delivery,,Loading,pitch.0,699129,-0.4678,0.2631,1.4988,-2.6037,-0.7149,-5.6832,0.0,0.0
1779744289207,1,Pitching Mound.Drive,,Loading,pitch.0,699990,-1.5316,1.6437,20.3574,18.0576,10.8152,-2.0433,-0.0505,0.0844
1779744289207,1,Pitching Mound.Parent,,Loading,pitch.0,698453,-2.0205,1.939,21.9688,15.5577,9.8285,-7.7108,0.0,0.0
1779744289208,1,11.0000004b,Drive,Loading,pitch.0,699991,-1.5175,1.6209,20.153,17.9024,11.1815,-2.0351,-0.0528,0.0845
1779744289208,1,12.00000015,Lower Delivery,Loading,pitch.0,700078,-0.2497,0.0646,1.035,-1.7216,-0.0701,-2.8645,0.0,0.0
1779744289208,1,12.00000018,Upper Delivery,Loading,pitch.0,700764,-0.2574,0.1908,0.439,-1.384,-1.0216,-2.6574,0.0,0.0
1779744289208,1,Pitching Mound.Delivery,,Loading,pitch.0,699130,-0.4573,0.2447,1.4601,-2.7267,-0.6709,-5.5541,0.0,0.0
1779744289208,1,Pitching Mound.Drive,,Loading,pitch.0,699991,-1.5175,1.6209,20.153,17.9024,11.1815,-2.0351,-0.0528,0.0845
1779744289208,1,Pitching Mound.Parent,,Loading,pitch.0,698454,-1.9889,1.8884,21.8175,15.3309,10.1443,-7.5974,0.0,0.0
1779744289209,1,11.0000004b,Drive,Loading,pitch.0,699992,-1.5035,1.5789,20.011,17.6932,11.4451,-2.0011,-0.0544,0.0841
1779744289209,1,12.00000015,Lower Delivery,Loading,pitch.0,700079,-0.2712,0.0702,1.0431,-1.7259,0.2519,-2.8551,0.0,0.0
1779744289209,1,12.00000018,Upper Delivery,Loading,pitch.0,700765,-0.2553,0.2061,0.4965,-1.1591,-1.0284,-2.5806,0.0,0.0
1779744289209,1,Pitching Mound.Delivery,,Loading,pitch.0,699131,-0.5049,0.2707,1.5315,-2.6977,-1.0985,-5.447,0.0,0.0
1779744289209,1,Pitching Mound.Drive,,Loading,pitch.0,699992,-1.5035,1.5789,20.011,17.6932,11.4451,-2.0011,-0.0544,0.0841
1779744289209,1,Pitching Mound.Parent,,Loading,pitch.0,698455,-2.0224,1.8916,21.6845,15.2047,10.083,-7.4821,0.0,0.0
1779744289210,1,11.0000004b,Drive,Loading,pitch.0,699993,-1.4911,1.5505,19.7872,17.4578,11.6472,-1.989,-0.056,0.0839
1779744289210,1,12.00000015,Lower Delivery,Loading,pitch.0,700080,-0.285,0.0732,1.0093,-1.7209,0.2975,-2.8857,0.0,0.0
1779744289210,1,12.00000018,Upper Delivery,Loading,pitch.0,700766,-0.2288,0.1854,0.5063,-0.7549,-0.6039,-2.4625,0.0,0.0
1779744289210,1,Pitching Mound.Delivery,,Loading,pitch.0,699132,-0.5,0.2556,1.5494,-2.2983,-0.352,-5.3033,0.0,0.0
1779744289210,1,Pitching Mound.Drive,,Loading,pitch.0,699993,-1.4911,1.5505,19.7872,17.4578,11.6472,-1.989,-0.056,0.0839
1779744289210,1,Pitching Mound.Parent,,Loading,pitch.0,698456,-2.0035,1.8345,21.5605,15.3949,11.0931,-7.3044,0.0,0.0
1779744289211,1,11.0000004b,Drive,Loading,pitch.0,699994,-1.4789,1.5181,19.583,17.2589,11.8775,-2.0286,-0.0577,0.0838
1779744289211,1,12.00000015,Lower Delivery,Loading,pitch.0,700081,-0.2837,0.0722,0.9409,-2.2094,-0.382,-2.8758,0.0,0.0
1779744289211,1,12.00000018,Upper Delivery,Loading,pitch.0,700767,-0.2411,0.1994,0.5498,-0.4419,-0.2736,-2.3978,0.0,0.0
1779744289211,1,12.00000018,Upper Delivery,Loading,pitch.0,700768,-0.2348,0.1747,0.5035,-0.3253,-0.1523,-2.3441,0.0,0.0
1779744289211,1,Pitching Mound.Delivery,,Loading,pitch.0,699134,-0.5185,0.247,1.4444,-2.386,-0.5343,-5.2033,0.0,0.0
1779744289211,1,Pitching Mound.Delivery,,Loading,pitch.0,699133,-0.5261,0.2726,1.5591,-2.0066,0.0239,-5.2686,0.0,0.0
1779744289211,1,Pitching Mound.Drive,,Loading,pitch.0,699994,-1.4789,1.5181,19.583,17.2589,11.8775,-2.0286,-0.0577,0.0838
1779744289211,1,Pitching Mound.Parent,,Loading,pitch.0,698458,-1.9974,1.7651,21.0274,14.8729,11.3433,-7.2319,0.0,0.0
1779744289211,1,Pitching Mound.Parent,,Loading,pitch.0,698457,-2.0172,1.8231,21.3463,15.4512,11.6711,-7.2576,0.0,0.0
1779744289212,1,11.0000004b,Drive,Loading,pitch.0,699995,-1.4527,1.4918,19.3145,17.0174,12.3217,-2.0191,-0.0607,0.0838
1779744289212,1,Pitching Mound.Drive,,Loading,pitch.0,699995,-1.4527,1.4918,19.3145,17.0174,12.3217,-2.0191,-0.0607,0.0838
1779744289213,1,11.0000004b,Drive,Loading,pitch.0,699996,-1.4179,1.4573,19.2205,16.8697,12.594,-2.0504,-0.0623,0.0835
1779744289213,1,12.00000015,Lower Delivery,Loading,pitch.0,700082,-0.2825,0.0716,0.949,-2.0566,-0.168,-2.8673,0.0,0.0
1779744289213,1,12.00000015,Lower Delivery,Loading,pitch.0,700083,-0.2635,0.0682,0.9907,-1.9173,0.0743,-2.8984,0.0,0.0
1779744289213,1,12.00000018,Upper Delivery,Loading,pitch.0,700769,-0.2346,0.1491,0.4893,-0.4061,-0.242,-2.2813,0.0,0.0
1779744289213,1,Pitching Mound.Delivery,,Loading,pitch.0,699135,-0.5171,0.2207,1.4383,-2.3064,-0.4099,-5.1323,0.0,0.0
1779744289213,1,Pitching Mound.Drive,,Loading,pitch.0,699996,-1.4179,1.4573,19.2205,16.8697,12.594,-2.0504,-0.0623,0.0835
1779744289213,1,Pitching Mound.Parent,,Loading,pitch.0,698459,-1.9698,1.7125,20.7528,14.711,11.9117,-7.1514,0.0,0.0
1779744289214,1,11.0000004b,Drive,Loading,pitch.0,699997,-1.4075,1.4145,18.9004,16.581,12.7139,-2.0771,-0.064,0.0835
1779744289214,1,12.00000015,Lower Delivery,Loading,pitch.0,700084,-0.2818,0.0738,1.0513,-1.8446,0.0249,-2.9311,0.0,0.0
1779744289214,1,12.00000018,Upper Delivery,Loading,pitch.0,700770,-0.266,0.1647,0.5247,-0.9867,-0.8533,-2.4223,0.0,0.0
1779744289214,1,12.00000018,Upper Delivery,Loading,pitch.0,700771,-0.2906,0.1689,0.526,-1.2326,-1.0263,-2.4951,0.0,0.0
1779744289214,1,Pitching Mound.Delivery,,Loading,pitch.0,699136,-0.5294,0.2328,1.5153,-2.7455,-0.7789,-5.3215,0.0,0.0
1779744289214,1,Pitching Mound.Delivery,,Loading,pitch.0,699137,-0.5724,0.2427,1.5774,-2.8986,-1.0014,-5.4291,0.0,0.0
1779744289214,1,Pitching Mound.Drive,,Loading,pitch.0,699997,-1.4075,1.4145,18.9004,16.581,12.7139,-2.0771,-0.064,0.0835
1779744289214,1,Pitching Mound.Parent,,Loading,pitch.0,698460,-1.9473,1.6901,20.7358,14.1242,11.8151,-7.3719,0.0,0.0
1779744289214,1,Pitching Mound.Parent,,Loading,pitch.0,698461,-1.98,1.6572,20.4777,13.6824,11.7125,-7.5062,0.0,0.0
1779744289215,1,11.0000004b,Drive,Loading,pitch.0,699998,-1.391,1.3905,18.7175,16.3438,12.7844,-2.1029,-0.065,0.0831
1779744289215,1,Pitching Mound.Drive,,Loading,pitch.0,699998,-1.391,1.3905,18.7175,16.3438,12.7844,-2.1029,-0.065,0.0831
1779744289216,1,11.0000004b,Drive,Loading,pitch.0,699999,-1.3579,1.37,18.5469,16.201,12.9196,-2.1279,-0.0663,0.0831
1779744289216,1,12.00000015,Lower Delivery,Loading,pitch.0,700085,-0.287,0.0745,1.0255,-2.0244,-0.4274,-2.9098,0.0,0.0
1779744289216,1,12.00000015,Lower Delivery,Loading,pitch.0,700086,-0.2856,0.0734,0.9749,-2.37,-1.0176,-2.8949,0.0,0.0
1779744289216,1,12.00000018,Upper Delivery,Loading,pitch.0,700772,-0.2923,0.1627,0.548,-1.5147,-1.2027,-2.5309,0.0,0.0
1779744289216,1,Pitching Mound.Delivery,,Loading,pitch.0,699138,-0.5793,0.2372,1.5735,-3.3767,-1.6301,-5.4425,0.0,0.0
1779744289216,1,Pitching Mound.Drive,,Loading,pitch.0,699999,-1.3579,1.37,18.5469,16.201,12.9196,-2.1279,-0.0663,0.0831
1779744289216,1,Pitching Mound.Parent,,Loading,pitch.0,698462,-1.9703,1.6276,20.291,12.9671,11.1543,-7.5453,0.0,0.0
1779744289217,1,11.0000004b,Drive,Loading,pitch.0,700000,-1.3447,1.3148,18.4104,15.9343,12.9817,-2.1553,-0.0671,0.0823
1779744289217,1,12.00000015,Lower Delivery,Loading,pitch.0,700087,-0.2648,0.0726,1.0186,-1.9323,-0.4204,-2.8748,0.0,0.0
1779744289217,1,12.00000018,Upper Delivery,Loading,pitch.0,700773,-0.2964,0.133,0.5107,-1.7796,-0.9791,-2.6329,0.0,0.0
1779744289217,1,Pitching Mound.Delivery,,Loading,pitch.0,699139,-0.582,0.2064,1.4857,-3.9918,-1.9967,-5.5316,0.0,0.0
1779744289217,1,Pitching Mound.Drive,,Loading,pitch.0,700000,-1.3447,1.3148,18.4104,15.9343,12.9817,-2.1553,-0.0671,0.0823
1779744289217,1,Pitching Mound.Parent,,Loading,pitch.0,698463,-1.9399,1.5764,20.0325,12.2092,10.9229,-7.6594,0.0,0.0
1779744289218,1,11.0000004b,Drive,Loading,pitch.0,700001,-1.3268,1.2797,18.1976,15.7053,12.9574,-2.1649,-0.0677,0.0821
1779744289218,1,12.00000015,Lower Delivery,Loading,pitch.0,700088,-0.2406,0.0797,1.0577,-1.8243,-0.3027,-2.9017,0.0,0.0
1779744289218,1,12.00000018,Upper Delivery,Loading,pitch.0,700774,-0.3229,0.1405,0.5224,-2.1624,-0.9862,-2.7001,0.0,0.0
1779744289218,1,12.00000018,Upper Delivery,Loading,pitch.0,700775,-0.3297,0.1548,0.5312,-2.2287,-0.8016,-2.7555,0.0,0.0
1779744289218,1,Pitching Mound.Delivery,,Loading,pitch.0,699140,-0.5877,0.213,1.541,-3.9259,-1.4067,-5.5947,0.0,0.0
1779744289218,1,Pitching Mound.Delivery,,Loading,pitch.0,699141,-0.5703,0.2346,1.5889,-3.874,-1.1043,-5.6875,0.0,0.0
1779744289218,1,Pitching Mound.Drive,,Loading,pitch.0,700001,-1.3268,1.2797,18.1976,15.7053,12.9574,-2.1649,-0.0677,0.0821
1779744289218,1,Pitching Mound.Parent,,Loading,pitch.0,698464,-1.9324,1.5279,19.9514,12.0084,11.5751,-7.7499,0.0,0.0
1779744289218,1,Pitching Mound.Parent,,Loading,pitch.0,698465,-1.8971,1.5142,19.7865,11.8313,11.8531,-7.8524,0.0,0.0
1779744289219,1,11.0000004b,Drive,Loading,pitch.0,700002,-1.3018,1.2254,18.041,15.5301,13.2087,-2.1789,-0.0696,0.0819
1779744289219,1,12.00000018,Upper Delivery,Loading,pitch.0,700776,-0.3437,0.1711,0.5684,-1.9918,-0.5317,-2.8442,0.0,0.0
1779744289219,1,Pitching Mound.Drive,,Loading,pitch.0,700002,-1.3018,1.2254,18.041,15.5301,13.2087,-2.1789,-0.0696,0.0819
1779744289220,1,11.0000004b,Drive,Loading,pitch.0,700003,-1.2897,1.1798,17.8335,15.2796,13.325,-2.2277,-0.0711,0.0815
1779744289220,1,12.00000015,Lower Delivery,Loading,pitch.0,700089,-0.2542,0.0716,1.0013,-1.6784,-0.1475,-2.826,0.0,0.0
1779744289220,1,12.00000018,Upper Delivery,Loading,pitch.0,700777,-0.3225,0.1518,0.4909,-2.0931,-0.4836,-2.8214,0.0,0.0
1779744289220,1,Pitching Mound.Delivery,,Loading,pitch.0,699142,-0.5979,0.2427,1.5698,-3.523,-0.6793,-5.7006,0.0,0.0
1779744289220,1,Pitching Mound.Drive,,Loading,pitch.0,700003,-1.2897,1.1798,17.8335,15.2796,13.325,-2.2277,-0.0711,0.0815
1779744289220,1,Pitching Mound.Parent,,Loading,pitch.0,698466,-1.8996,1.4681,19.6107,12.0071,12.5294,-7.8795,0.0,0.0
1779744289221,1,11.0000004b,Drive,Loading,pitch.0,700004,-1.2562,1.1287,17.7046,15.0697,13.0976,-2.2313,-0.0704,0.081
1779744289221,1,12.00000015,Lower Delivery,Loading,pitch.0,700090,-0.2463,0.0667,0.9263,-1.4841,0.2113,-2.8031,0.0,0.0
1779744289221,1,12.00000018,Upper Delivery,Loading,pitch.0,700778,-0.3174,0.1448,0.4864,-2.2309,-0.7201,-2.8209,0.0,0.0
1779744289221,1,Pitching Mound.Delivery,,Loading,pitch.0,699143,-0.5688,0.2186,1.4172,-3.4291,-0.2723,-5.6504,0.0,0.0
1779744289221,1,Pitching Mound.Drive,,Loading,pitch.0,700004,-1.2562,1.1287,17.7046,15.0697,13.0976,-2.2313,-0.0704,0.081
1779744289221,1,Pitching Mound.Parent,,Loading,pitch.0,698467,-1.8585,1.3983,19.2507,11.8504,13.0527,-7.8781,0.0,0.0
1779744289222,1,11.0000004b,Drive,Loading,pitch.0,700005,-1.2349,1.0766,17.5255,14.8815,12.9715,-2.2015,-0.0704,0.0808
1779744289222,1,12.00000015,Lower Delivery,Loading,pitch.0,700092,-0.2292,0.0618,0.836,-1.6019,-0.0741,-2.8079,0.0,0.0
1779744289222,1,12.00000015,Lower Delivery,Loading,pitch.0,700091,-0.2336,0.0644,0.8971,-1.5663,0.0191,-2.845,0.0,0.0
1779744289222,1,12.00000018,Upper Delivery,Loading,pitch.0,700779,-0.3461,0.1689,0.4983,-1.8768,-0.6425,-2.8835,0.0,0.0
1779744289222,1,Pitching Mound.Delivery,,Loading,pitch.0,699144,-0.551,0.2092,1.3835,-3.6576,-0.701,-5.6944,0.0,0.0
1779744289222,1,Pitching Mound.Delivery,,Loading,pitch.0,699145,-0.5753,0.2306,1.3343,-3.3638,-0.7166,-5.7311,0.0,0.0
1779744289222,1,Pitching Mound.Drive,,Loading,pitch.0,700005,-1.2349,1.0766,17.5255,14.8815,12.9715,-2.2015,-0.0704,0.0808
1779744289222,1,Pitching Mound.Parent,,Loading,pitch.0,698468,-1.8072,1.3379,19.0881,11.412,12.3966,-7.9257,0.0,0.0
1779744289222,1,Pitching Mound.Parent,,Loading,pitch.0,698469,-1.8101,1.3073,18.8597,11.5177,12.2548,-7.9326,0.0,0.0
1779744289223,1,11.0000004b,Drive,Loading,pitch.0,700006,-1.221,1.0184,17.3483,14.5696,12.3452,-2.1801,-0.0677,0.0799
1779744289223,1,12.00000015,Lower Delivery,Loading,pitch.0,700093,-0.251,0.0673,0.8972,-1.3714,0.3833,-2.7854,0.0,0.0
1779744289223,1,12.00000018,Upper Delivery,Loading,pitch.0,700780,-0.2923,0.1611,0.4705,-1.7041,-0.8484,-2.7673,0.0,0.0
1779744289223,1,Pitching Mound.Delivery,,Loading,pitch.0,699146,-0.5433,0.2283,1.3676,-2.9304,-0.465,-5.5668,0.0,0.0
1779744289223,1,Pitching Mound.Drive,,Loading,pitch.0,700006,-1.221,1.0184,17.3483,14.5696,12.3452,-2.1801,-0.0677,0.0799
1779744289223,1,Pitching Mound.Parent,,Loading,pitch.0,698470,-1.7643,1.2468,18.7159,11.6392,11.8802,-7.7469,0.0,0.0
1779744289224,1,11.0000004b,Drive,Loading,pitch.0,700007,-1.2038,0.9733,17.1298,14.2576,11.926,-2.1917,-0.0662,0.0792
1779744289224,1,12.00000015,Lower Delivery,Loading,pitch.0,700094,-0.2292,0.0596,0.8733,-1.3364,0.1456,-2.8236,0.0,0.0
1779744289224,1,12.00000018,Upper Delivery,Loading,pitch.0,700781,-0.2829,0.1427,0.4054,-1.9181,-0.8773,-2.7843,0.0,0.0
1779744289224,1,Pitching Mound.Delivery,,Loading,pitch.0,699147,-0.5121,0.2022,1.2787,-3.0954,-0.7317,-5.6262,0.0,0.0
1779744289224,1,Pitching Mound.Drive,,Loading,pitch.0,700007,-1.2038,0.9733,17.1298,14.2576,11.926,-2.1917,-0.0662,0.0792
1779744289224,1,Pitching Mound.Parent,,Loading,pitch.0,698471,-1.7159,1.1755,18.4085,11.1622,11.1943,-7.8179,0.0,0.0
1779744289225,1,11.0000004b,Drive,Loading,pitch.0,700008,-1.1836,0.9185,17.0132,14.0308,11.5738,-2.2063,-0.0647,0.0785
1779744289225,1,12.00000018,Upper Delivery,Loading,pitch.0,700782,-0.26,0.1369,0.3572,-1.2009,-1.0697,-2.6373,0.0,0.0
1779744289225,1,Pitching Mound.Drive,,Loading,pitch.0,700008,-1.1836,0.9185,17.0132,14.0308,11.5738,-2.2063,-0.0647,0.0785
1779744289226,1,11.0000004b,Drive,Loading,pitch.0,700009,-1.1684,0.8535,16.8274,13.7808,11.7925,-2.1828,-0.0667,0.0779
1779744289226,1,12.00000015,Lower Delivery,Loading,pitch.0,700095,-0.2431,0.0638,0.8735,-1.3138,0.4361,-2.7681,0.0,0.0
1779744289226,1,12.00000018,Upper Delivery,Loading,pitch.0,700783,-0.2803,0.1523,0.3483,-1.0776,-0.9391,-2.622,0.0,0.0
1779744289226,1,Pitching Mound.Delivery,,Loading,pitch.0,699148,-0.5032,0.2007,1.2307,-2.3391,-0.6337,-5.4112,0.0,0.0
1779744289226,1,Pitching Mound.Drive,,Loading,pitch.0,700009,-1.1684,0.8535,16.8274,13.7808,11.7925,-2.1828,-0.0667,0.0779
1779744289226,1,Pitching Mound.Parent,,Loading,pitch.0,698472,-1.6868,1.1192,18.2439,11.6918,10.9402,-7.6174,0.0,0.0
1779744289227,1,11.0000004b,Drive,Loading,pitch.0,700010,-1.1592,0.7953,16.6355,13.5714,11.9071,-2.1758,-0.0681,0.0776
1779744289227,1,12.00000015,Lower Delivery,Loading,pitch.0,700096,-0.2325,0.0605,0.8875,-1.1859,0.5634,-2.7684,0.0,0.0
1779744289227,1,12.00000018,Upper Delivery,Loading,pitch.0,700784,-0.252,0.1342,0.3395,-0.9638,-0.8211,-2.5626,0.0,0.0
1779744289227,1,Pitching Mound.Delivery,,Loading,pitch.0,699149,-0.5128,0.2129,1.2359,-2.0802,-0.3758,-5.4066,0.0,0.0
1779744289227,1,Pitching Mound.Drive,,Loading,pitch.0,700010,-1.1592,0.7953,16.6355,13.5714,11.9071,-2.1758,-0.0681,0.0776
1779744289227,1,Pitching Mound.Parent,,Loading,pitch.0,698473,-1.6811,1.0664,18.0633,11.7007,11.4167,-7.5894,0.0,0.0
1779744289228,1,11.0000004b,Drive,Loading,pitch.0,700011,-1.152,0.7481,16.4413,13.4175,11.9874,-2.1903,-0.0694,0.0776
1779744289228,1,12.00000015,Lower Delivery,Loading,pitch.0,700097,-0.2618,0.068,0.9501,-1.2561,0.5735,-2.8304,0.0,0.0
1779744289228,1,12.00000018,Upper Delivery,Loading,pitch.0,700785,-0.2537,0.1463,0.3465,-0.7425,-0.5877,-2.5147,0.0,0.0
1779744289228,1,Pitching Mound.Delivery,,Loading,pitch.0,699150,-0.5138,0.2022,1.2897,-2.0123,-0.2476,-5.3897,0.0,0.0
1779744289228,1,Pitching Mound.Drive,,Loading,pitch.0,700011,-1.152,0.7481,16.4413,13.4175,11.9874,-2.1903,-0.0694,0.0776
1779744289228,1,Pitching Mound.Parent,,Loading,pitch.0,698474,-1.673,0.9975,17.9252,11.5591,11.6595,-7.5655,0.0,0.0
1779744289229,1,11.0000004b,Drive,Loading,pitch.0,700012,-1.1345,0.7167,16.2332,13.252,12.0972,-2.1955,-0.0709,0.0777
1779744289229,1,12.00000015,Lower Delivery,Loading,pitch.0,700098,-0.2619,0.0675,0.9491,-1.4229,0.4333,-2.8378,0.0,0.0
1779744289229,1,12.00000015,Lower Delivery,Loading,pitch.0,700099,-0.2459,0.0632,0.9439,-1.0966,0.6649,-2.8596,0.0,0.0
1779744289229,1,12.00000018,Upper Delivery,Loading,pitch.0,700786,-0.2644,0.1515,0.3498,-0.5674,-0.4067,-2.412,0.0,0.0
1779744289229,1,Pitching Mound.Delivery,,Loading,pitch.0,699152,-0.5103,0.2147,1.2937,-1.4619,0.2582,-5.2778,0.0,0.0
1779744289229,1,Pitching Mound.Delivery,,Loading,pitch.0,699151,-0.5155,0.2139,1.2957,-1.9605,-0.1544,-5.3497,0.0,0.0
1779744289229,1,Pitching Mound.Drive,,Loading,pitch.0,700012,-1.1345,0.7167,16.2332,13.252,12.0972,-2.1955,-0.0709,0.0777
1779744289229,1,Pitching Mound.Parent,,Loading,pitch.0,698476,-1.6448,0.9315,17.527,11.79,12.3554,-7.4733,0.0,0.0
1779744289229,1,Pitching Mound.Parent,,Loading,pitch.0,698475,-1.6675,0.962,17.737,11.4571,11.8331,-7.54,0.0,0.0
1779744289230,1,11.0000004b,Drive,Loading,pitch.0,700013,-1.1301,0.6934,16.125,13.1536,12.1711,-2.1667,-0.0718,0.0776
1779744289230,1,12.00000015,Lower Delivery,Loading,pitch.0,700100,-0.219,0.058,0.9514,-1.1547,0.4083,-2.8983,0.0,0.0
1779744289230,1,12.00000018,Upper Delivery,Loading,pitch.0,700787,-0.2885,0.1546,0.3849,-0.4827,-0.3164,-2.4102,0.0,0.0
1779744289230,1,Pitching Mound.Delivery,,Loading,pitch.0,699153,-0.5075,0.2126,1.3363,-1.4448,0.0918,-5.3321,0.0,0.0
1779744289230,1,Pitching Mound.Drive,,Loading,pitch.0,700013,-1.1301,0.6934,16.125,13.1536,12.1711,-2.1667,-0.0718,0.0776
1779744289230,1,Pitching Mound.Parent,,Loading,pitch.0,698477,-1.6376,0.906,17.4613,11.7088,12.263,-7.4988,0.0,0.0
1779744289231,1,11.0000004b,Drive,Loading,pitch.0,700014,-1.1305,0.6674,15.9021,13.0434,12.3033,-2.153,-0.0736,0.078
1779744289231,1,12.00000015,Lower Delivery,Loading,pitch.0,700101,-0.2363,0.0681,1.0545,-1.0166,0.2837,-2.9906,0.0,0.0
1779744289231,1,12.00000018,Upper Delivery,Loading,pitch.0,700788,-0.2945,0.1788,0.4359,-0.755,-0.6049,-2.4446,0.0,0.0
1779744289231,1,Pitching Mound.Delivery,,Loading,pitch.0,699154,-0.5308,0.2469,1.4904,-1.5613,-0.3212,-5.455,0.0,0.0
1779744289231,1,Pitching Mound.Drive,,Loading,pitch.0,700014,-1.1305,0.6674,15.9021,13.0434,12.3033,-2.153,-0.0736,0.078
1779744289231,1,Pitching Mound.Parent,,Loading,pitch.0,698478,-1.6613,0.9143,17.3925,11.4822,11.982,-7.608,0.0,0.0
1779744289232,1,11.0000004b,Drive,Loading,pitch.0,700015,-1.1387,0.6386,15.6594,12.9366,12.3073,-2.1601,-0.0748,0.0786
1779744289232,1,12.00000015,Lower Delivery,Loading,pitch.0,700102,-0.249,0.0661,1.0142,-1.0636,0.2296,-2.9409,0.0,0.0
1779744289232,1,12.00000018,Upper Delivery,Loading,pitch.0,700789,-0.2769,0.1725,0.4321,-0.2702,-0.0944,-2.3292,0.0,0.0
1779744289232,1,Pitching Mound.Delivery,,Loading,pitch.0,699155,-0.5258,0.2386,1.4463,-1.1359,0.1353,-5.2796,0.0,0.0
1779744289232,1,Pitching Mound.Drive,,Loading,pitch.0,700015,-1.1387,0.6386,15.6594,12.9366,12.3073,-2.1601,-0.0748,0.0786
1779744289232,1,Pitching Mound.Parent,,Loading,pitch.0,698479,-1.6646,0.8772,17.1057,11.8007,12.4426,-7.4397,0.0,0.0
1779744289233,1,11.0000004b,Drive,Loading,pitch.0,700016,-1.123,0.6032,15.4961,12.7454,12.138,-2.1629,-0.0745,0.0782
1779744289233,1,12.00000018,Upper Delivery,Loading,pitch.0,700790,-0.3035,0.2214,0.4932,-0.4345,-0.2688,-2.3425,0.0,0.0
1779744289233,1,Pitching Mound.Drive,,Loading,pitch.0,700016,-1.123,0.6032,15.4961,12.7454,12.138,-2.1629,-0.0745,0.0782
1779744289234,1,11.0000004b,Drive,Loading,pitch.0,700017,-1.1379,0.5839,15.2907,12.6839,12.1239,-2.1344,-0.0754,0.0789
1779744289234,1,12.00000015,Lower Delivery,Loading,pitch.0,700103,-0.2718,0.0703,1.0053,-1.2232,0.0488,-2.9296,0.0,0.0
1779744289234,1,12.00000018,Upper Delivery,Loading,pitch.0,700791,-0.3551,0.2308,0.4896,-0.5228,-0.3577,-2.4376,0.0,0.0
1779744289234,1,Pitching Mound.Delivery,,Loading,pitch.0,699156,-0.5753,0.2917,1.4984,-1.4836,-0.22,-5.2829,0.0,0.0
1779744289234,1,Pitching Mound.Drive,,Loading,pitch.0,700017,-1.1379,0.5839,15.2907,12.6839,12.1239,-2.1344,-0.0754,0.0789
1779744289234,1,Pitching Mound.Parent,,Loading,pitch.0,698480,-1.6983,0.8949,16.9946,11.2618,11.918,-7.4458,0.0,0.0
1779744289235,1,11.0000004b,Drive,Loading,pitch.0,700018,-1.1347,0.5492,15.1282,12.5265,11.9967,-2.1289,-0.0754,0.0788
1779744289235,1,12.00000015,Lower Delivery,Loading,pitch.0,700105,-0.2717,0.0716,0.9447,-1.4815,0.1854,-2.9585,0.0,0.0
1779744289235,1,12.00000015,Lower Delivery,Loading,pitch.0,700104,-0.268,0.0708,1.0081,-1.2605,0.0449,-2.9347,0.0,0.0
1779744289235,1,12.00000018,Upper Delivery,Loading,pitch.0,700792,-0.3506,0.2205,0.5063,-0.7296,-0.5766,-2.467,0.0,0.0
1779744289235,1,Pitching Mound.Delivery,,Loading,pitch.0,699158,-0.6224,0.2922,1.451,-2.0621,-0.3912,-5.4523,0.0,0.0
1779744289235,1,Pitching Mound.Delivery,,Loading,pitch.0,699157,-0.6231,0.3015,1.4976,-1.6071,-0.3128,-5.4019,0.0,0.0
1779744289235,1,Pitching Mound.Drive,,Loading,pitch.0,700018,-1.1347,0.5492,15.1282,12.5265,11.9967,-2.1289,-0.0754,0.0788
1779744289235,1,Pitching Mound.Parent,,Loading,pitch.0,698482,-1.7571,0.8414,16.5792,10.4645,11.6055,-7.5812,0.0,0.0
1779744289235,1,Pitching Mound.Parent,,Loading,pitch.0,698481,-1.761,0.8855,16.7883,11.0768,11.8111,-7.5363,0.0,0.0
1779744289236,1,11.0000004b,Drive,Loading,pitch.0,700019,-1.1279,0.5016,14.9616,12.4827,12.0482,-2.0928,-0.0766,0.0794
1779744289236,1,12.00000015,Lower Delivery,Loading,pitch.0,700106,-0.2844,0.074,0.9288,-1.3138,-0.1899,-2.9352,0.0,0.0
1779744289236,1,12.00000018,Upper Delivery,Loading,pitch.0,700793,-0.3786,0.2453,0.5074,-0.795,-0.6462,-2.4696,0.0,0.0
1779744289236,1,Pitching Mound.Delivery,,Loading,pitch.0,699159,-0.663,0.3193,1.4362,-1.9655,-0.8361,-5.4368,0.0,0.0
1779744289236,1,Pitching Mound.Drive,,Loading,pitch.0,700019,-1.1279,0.5016,14.9616,12.4827,12.0482,-2.0928,-0.0766,0.0794
1779744289236,1,Pitching Mound.Parent,,Loading,pitch.0,698483,-1.7909,0.8209,16.3978,10.5172,11.2121,-7.5296,0.0,0.0
1779744289237,1,11.0000004b,Drive,Loading,pitch.0,700020,-1.1283,0.4736,14.7262,12.4216,11.9812,-2.0407,-0.0774,0.0802
1779744289237,1,12.00000015,Lower Delivery,Loading,pitch.0,700107,-0.3008,0.0782,0.9969,-1.3643,0.0004,-2.9485,0.0,0.0
1779744289237,1,12.00000018,Upper Delivery,Loading,pitch.0,700794,-0.3893,0.2598,0.528,-1.0605,-0.6092,-2.5721,0.0,0.0
1779744289237,1,Pitching Mound.Delivery,,Loading,pitch.0,699160,-0.6901,0.338,1.5249,-2.2654,-0.6088,-5.5507,0.0,0.0
1779744289237,1,Pitching Mound.Drive,,Loading,pitch.0,700020,-1.1283,0.4736,14.7262,12.4216,11.9812,-2.0407,-0.0774,0.0802
1779744289237,1,Pitching Mound.Parent,,Loading,pitch.0,698484,-1.8184,0.8116,16.2511,10.1562,11.3724,-7.5914,0.0,0.0
1779744289238,1,11.0000004b,Drive,Loading,pitch.0,700021,-1.1258,0.4438,14.5167,12.3285,11.8585,-2.0543,-0.0777,0.0808
1779744289238,1,12.00000015,Lower Delivery,Loading,pitch.0,700108,-0.3181,0.0819,0.8776,-1.3745,-0.1027,-2.9525,0.0,0.0
1779744289238,1,12.00000018,Upper Delivery,Loading,pitch.0,700795,-0.383,0.2401,0.4602,-1.6812,-0.8415,-2.7287,0.0,0.0
1779744289238,1,Pitching Mound.Delivery,,Loading,pitch.0,699161,-0.7011,0.322,1.3378,-2.9137,-0.9443,-5.7033,0.0,0.0
1779744289238,1,Pitching Mound.Drive,,Loading,pitch.0,700021,-1.1258,0.4438,14.5167,12.3285,11.8585,-2.0543,-0.0777,0.0808
1779744289238,1,Pitching Mound.Parent,,Loading,pitch.0,698485,-1.827,0.7657,15.8545,9.4148,10.9142,-7.7576,0.0,0.0
1779744289239,1,11.0000004b,Drive,Loading,pitch.0,700022,-1.1196,0.3898,14.3435,12.2202,11.785,-1.974,-0.0782,0.081
1779744289239,1,12.00000015,Lower Delivery,Loading,pitch.0,700109,-0.3516,0.0901,0.8462,-1.4072,-0.2681,-2.9653,0.0,0.0
1779744289239,1,12.00000018,Upper Delivery,Loading,pitch.0,700796,-0.3679,0.2201,0.4387,-1.2513,-0.8188,-2.6859,0.0,0.0
1779744289239,1,Pitching Mound.Delivery,,Loading,pitch.0,699162,-0.7196,0.3102,1.2849,-2.5199,-1.0868,-5.6568,0.0,0.0
1779744289239,1,Pitching Mound.Drive,,Loading,pitch.0,700022,-1.1196,0.3898,14.3435,12.2202,11.785,-1.974,-0.0782,0.081
1779744289239,1,Pitching Mound.Parent,,Loading,pitch.0,698486,-1.8392,0.7,15.6283,9.7003,10.6982,-7.6308,0.0,0.0
1779744289240,1,11.0000004b,Drive,Loading,pitch.0,700023,-1.1199,0.3614,14.1237,12.0751,11.6858,-1.9334,-0.0787,0.0813
1779744289240,1,12.00000015,Lower Delivery,Loading,pitch.0,700110,-0.3826,0.0975,0.8604,-1.4741,-0.1273,-2.9597,0.0,0.0
1779744289240,1,12.00000018,Upper Delivery,Loading,pitch.0,700797,-0.3247,0.1895,0.4544,-1.4163,-0.8378,-2.7409,0.0,0.0
1779744289240,1,Pitching Mound.Delivery,,Loading,pitch.0,699163,-0.7074,0.287,1.3148,-2.7524,-0.965,-5.681,0.0,0.0
1779744289240,1,Pitching Mound.Drive,,Loading,pitch.0,700023,-1.1199,0.3614,14.1237,12.0751,11.6858,-1.9334,-0.0787,0.0813
1779744289240,1,Pitching Mound.Parent,,Loading,pitch.0,698487,-1.8272,0.6484,15.4385,9.3227,10.7207,-7.6144,0.0,0.0
1779744289241,1,11.0000004b,Drive,Loading,pitch.0,700024,-1.1187,0.3282,13.8756,11.8669,11.4314,-1.9259,-0.0784,0.0814
1779744289241,1,12.00000015,Lower Delivery,Loading,pitch.0,700111,-0.3783,0.0965,0.8904,-1.472,0.0405,-2.9812,0.0,0.0
1779744289241,1,12.00000018,Upper Delivery,Loading,pitch.0,700798,-0.3404,0.1979,0.4527,-1.203,-0.7877,-2.7167,0.0,0.0
1779744289241,1,Pitching Mound.Delivery,,Loading,pitch.0,699164,-0.7187,0.2943,1.3431,-2.5261,-0.7472,-5.685,0.0,0.0
1779744289241,1,Pitching Mound.Drive,,Loading,pitch.0,700024,-1.1187,0.3282,13.8756,11.8669,11.4314,-1.9259,-0.0784,0.0814
1779744289241,1,Pitching Mound.Parent,,Loading,pitch.0,698488,-1.8375,0.6225,15.2186,9.3409,10.6841,-7.6109,0.0,0.0
1779744289242,1,11.0000004b,Drive,Loading,pitch.0,700025,-1.1135,0.2842,13.6432,11.7038,11.2778,-1.8792,-0.0786,0.0816
1779744289242,1,12.00000015,Lower Delivery,Loading,pitch.0,700112,-0.3946,0.1004,0.8623,-1.5127,0.1468,-2.9314,0.0,0.0
1779744289242,1,12.00000018,Upper Delivery,Loading,pitch.0,700799,-0.3278,0.1735,0.4636,-0.8477,-0.691,-2.6743,0.0,0.0
1779744289242,1,Pitching Mound.Delivery,,Loading,pitch.0,699165,-0.7224,0.274,1.3259,-2.2249,-0.5442,-5.583,0.0,0.0
1779744289242,1,Pitching Mound.Drive,,Loading,pitch.0,700025,-1.1135,0.2842,13.6432,11.7038,11.2778,-1.8792,-0.0786,0.0816
1779744289242,1,Pitching Mound.Parent,,Loading,pitch.0,698489,-1.8359,0.5581,14.9691,9.4789,10.7336,-7.4622,0.0,0.0
1779744289243,1,11.0000004b,Drive,Loading,pitch.0,700026,-1.1128,0.2474,13.4358,11.4462,10.9495,-1.851,-0.0775,0.081
1779744289243,1,12.00000015,Lower Delivery,Loading,pitch.0,700113,-0.3933,0.1002,0.8666,-1.4917,0.0186,-2.9211,0.0,0.0
1779744289243,1,12.00000018,Upper Delivery,Loading,pitch.0,700800,-0.304,0.1467,0.466,-1.3015,-1.052,-2.7762,0.0,0.0
1779744289243,1,Pitching Mound.Delivery,,Loading,pitch.0,699166,-0.6973,0.2469,1.3326,-2.6569,-1.0334,-5.6669,0.0,0.0
1779744289243,1,Pitching Mound.Drive,,Loading,pitch.0,700026,-1.1128,0.2474,13.4358,11.4462,10.9495,-1.851,-0.0775,0.081
1779744289243,1,Pitching Mound.Parent,,Loading,pitch.0,698490,-1.8101,0.4943,14.7684,8.7893,9.9161,-7.5179,0.0,0.0
1779744289244,1,11.0000004b,Drive,Loading,pitch.0,700027,-1.1078,0.2181,13.1497,11.2062,10.5829,-1.8203,-0.0766,0.0811
1779744289244,1,12.00000015,Lower Delivery,Loading,pitch.0,700114,-0.3615,0.0924,0.9193,-1.4465,0.0827,-2.908,0.0,0.0
1779744289244,1,12.00000018,Upper Delivery,Loading,pitch.0,700801,-0.3109,0.1413,0.4601,-1.5001,-1.0244,-2.7785,0.0,0.0
1779744289244,1,Pitching Mound.Delivery,,Loading,pitch.0,699167,-0.6724,0.2337,1.3794,-2.7904,-0.9417,-5.6693,0.0,0.0
1779744289244,1,Pitching Mound.Drive,,Loading,pitch.0,700027,-1.1078,0.2181,13.1497,11.2062,10.5829,-1.8203,-0.0766,0.0811
1779744289244,1,Pitching Mound.Parent,,Loading,pitch.0,698491,-1.7802,0.4519,14.5291,8.4158,9.6412,-7.4896,0.0,0.0
1779744289245,1,11.0000004b,Drive,Loading,pitch.0,700028,-1.1108,0.1879,12.8937,10.959,10.3971,-1.794,-0.0767,0.0809
1779744289245,1,12.00000015,Lower Delivery,Loading,pitch.0,700115,-0.3567,0.0911,0.8224,-1.5298,-0.0105,-2.8855,0.0,0.0
1779744289245,1,12.00000018,Upper Delivery,Loading,pitch.0,700802,-0.257,0.0937,0.3667,-1.1368,-0.8604,-2.7382,0.0,0.0
1779744289245,1,Pitching Mound.Delivery,,Loading,pitch.0,699168,-0.6137,0.1848,1.1891,-2.5116,-0.8709,-5.5898,0.0,0.0
1779744289245,1,Pitching Mound.Drive,,Loading,pitch.0,700028,-1.1108,0.1879,12.8937,10.959,10.3971,-1.794,-0.0767,0.0809
1779744289245,1,Pitching Mound.Parent,,Loading,pitch.0,698492,-1.7245,0.3727,14.0828,8.4474,9.5261,-7.3838,0.0,0.0
1779744289246,1,11.0000004b,Drive,Loading,pitch.0,700029,-1.0983,0.152,12.6139,10.7004,9.9367,-1.7361,-0.0749,0.0807
1779744289246,1,12.00000015,Lower Delivery,Loading,pitch.0,700116,-0.3353,0.086,0.8922,-1.4626,0.1715,-2.8923,0.0,0.0
1779744289246,1,12.00000018,Upper Delivery,Loading,pitch.0,700803,-0.2514,0.1171,0.39,-1.196,-0.8494,-2.6969,0.0,0.0
1779744289246,1,Pitching Mound.Delivery,,Loading,pitch.0,699169,-0.5867,0.2031,1.2822,-2.4879,-0.6779,-5.5606,0.0,0.0
1779744289246,1,Pitching Mound.Drive,,Loading,pitch.0,700029,-1.0983,0.152,12.6139,10.7004,9.9367,-1.7361,-0.0749,0.0807
1779744289246,1,Pitching Mound.Parent,,Loading,pitch.0,698493,-1.685,0.3551,13.8961,8.2125,9.2588,-7.2967,0.0,0.0
1779744289247,1,11.0000004b,Drive,Loading,pitch.0,700030,-1.101,0.1209,12.3085,10.4593,9.5425,-1.7107,-0.0738,0.0808
1779744289247,1,12.00000015,Lower Delivery,Loading,pitch.0,700117,-0.3603,0.0918,0.8956,-1.4652,0.1116,-2.8905,0.0,0.0
1779744289247,1,12.00000018,Upper Delivery,Loading,pitch.0,700804,-0.2473,0.098,0.3511,-1.4295,-1.0728,-2.6991,0.0,0.0
1779744289247,1,Pitching Mound.Delivery,,Loading,pitch.0,699170,-0.6075,0.1899,1.2467,-2.7096,-0.9612,-5.5512,0.0,0.0
1779744289247,1,Pitching Mound.Drive,,Loading,pitch.0,700030,-1.101,0.1209,12.3085,10.4593,9.5425,-1.7107,-0.0738,0.0808
1779744289247,1,Pitching Mound.Parent,,Loading,pitch.0,698494,-1.7085,0.3107,13.5552,7.7497,8.5814,-7.2619,0.0,0.0
1779744289248,1,11.0000004b,Drive,Loading,pitch.0,700031,-1.1045,0.0952,12.0203,10.2764,9.2756,-1.6928,-0.0734,0.0813
1779744289248,1,12.00000015,Lower Delivery,Loading,pitch.0,700118,-0.356,0.0907,0.8572,-1.6658,-0.0926,-2.9031,0.0,0.0
1779744289248,1,12.00000018,Upper Delivery,Loading,pitch.0,700805,-0.2587,0.0932,0.3403,-1.3915,-1.1953,-2.6964,0.0,0.0
1779744289248,1,Pitching Mound.Delivery,,Loading,pitch.0,699171,-0.6147,0.1839,1.1975,-2.8816,-1.2879,-5.5664,0.0,0.0
1779744289248,1,Pitching Mound.Drive,,Loading,pitch.0,700031,-1.1045,0.0952,12.0203,10.2764,9.2756,-1.6928,-0.0734,0.0813
1779744289248,1,Pitching Mound.Parent,,Loading,pitch.0,698495,-1.7192,0.2791,13.2177,7.3948,7.9877,-7.2593,0.0,0.0
1779744289249,1,11.0000004b,Drive,Loading,pitch.0,700032,-1.1026,0.0756,11.7755,10.106,9.1589,-1.6575,-0.074,0.0816
1779744289249,1,12.00000015,Lower Delivery,Loading,pitch.0,700119,-0.3604,0.0917,0.9045,-1.6518,-0.3742,-2.9565,0.0,0.0
1779744289249,1,12.00000018,Upper Delivery,Loading,pitch.0,700806,-0.2654,0.0866,0.3242,-1.4037,-1.2943,-2.7141,0.0,0.0
1779744289249,1,Pitching Mound.Delivery,,Loading,pitch.0,699172,-0.6258,0.1783,1.2286,-2.8582,-1.6685,-5.6384,0.0,0.0
1779744289249,1,Pitching Mound.Drive,,Loading,pitch.0,700032,-1.1026,0.0756,11.7755,10.106,9.1589,-1.6575,-0.074,0.0816
1779744289249,1,Pitching Mound.Parent,,Loading,pitch.0,698496,-1.7284,0.2539,13.0041,7.2477,7.4904,-7.2959,0.0,0.0
1779744289250,1,11.0000004b,Drive,Loading,pitch.0,700033,-1.1033,0.0735,11.5166,9.9287,8.9353,-1.6365,-0.0738,0.082
1779744289250,1,12.00000015,Lower Delivery,Loading,pitch.0,700120,-0.3492,0.0892,0.9557,-1.661,-0.0404,-2.9502,0.0,0.0
1779744289250,1,12.00000018,Upper Delivery,Loading,pitch.0,700807,-0.299,0.1025,0.3218,-1.3751,-1.2513,-2.7132,0.0,0.0
1779744289250,1,Pitching Mound.Delivery,,Loading,pitch.0,699173,-0.6482,0.1917,1.2776,-2.8206,-1.2918,-5.6463,0.0,0.0
1779744289250,1,Pitching Mound.Drive,,Loading,pitch.0,700033,-1.1033,0.0735,11.5166,9.9287,8.9353,-1.6365,-0.0738,0.082
1779744289250,1,Pitching Mound.Parent,,Loading,pitch.0,698497,-1.7515,0.2652,12.7941,7.1081,7.6435,-7.2829,0.0,0.0
1779744289251,1,11.0000004b,Drive,Loading,pitch.0,700035,-1.135,0.0482,10.9017,9.4068,8.268,-1.4543,-0.0721,0.0821
1779744289251,1,11.0000004b,Drive,Loading,pitch.0,700034,-1.1238,0.0636,11.2046,9.6507,8.5819,-1.5628,-0.0729,0.0819
1779744289251,1,12.00000015,Lower Delivery,Loading,pitch.0,700121,-0.3509,0.0903,0.8889,-1.3217,-0.1343,-2.9705,0.0,0.0
1779744289251,1,12.00000018,Upper Delivery,Loading,pitch.0,700808,-0.2956,0.108,0.3111,-1.1391,-1.0037,-2.6396,0.0,0.0
1779744289251,1,Pitching Mound.Delivery,,Loading,pitch.0,699174,-0.6465,0.1982,1.2,-2.2644,-1.1381,-5.5912,0.0,0.0
1779744289251,1,Pitching Mound.Drive,,Loading,pitch.0,700035,-1.135,0.0482,10.9017,9.4068,8.268,-1.4543,-0.0721,0.0821
1779744289251,1,Pitching Mound.Drive,,Loading,pitch.0,700034,-1.1238,0.0636,11.2046,9.6507,8.5819,-1.5628,-0.0729,0.0819
1779744289251,1,Pitching Mound.Parent,,Loading,pitch.0,698498,-1.7703,0.2618,12.4047,7.3863,7.4438,-7.1541,0.0,0.0
1779744289252,1,11.0000004b,Drive,Loading,pitch.0,700036,-1.1383,0.0289,10.6904,9.2476,8.157,-1.4173,-0.0726,0.0823
1779744289252,1,12.00000015,Lower Delivery,Loading,pitch.0,700122,-0.373,0.0949,0.8572,-1.1556,-0.4821,-2.9488,0.0,0.0
1779744289252,1,12.00000018,Upper Delivery,Loading,pitch.0,700809,-0.3009,0.1212,0.3077,-1.1392,-1.0035,-2.6458,0.0,0.0
1779744289252,1,Pitching Mound.Delivery,,Loading,pitch.0,699175,-0.6739,0.2162,1.1649,-2.108,-1.4855,-5.57,0.0,0.0
1779744289252,1,Pitching Mound.Drive,,Loading,pitch.0,700036,-1.1383,0.0289,10.6904,9.2476,8.157,-1.4173,-0.0726,0.0823
1779744289252,1,Pitching Mound.Parent,,Loading,pitch.0,698499,-1.8089,0.2643,12.0666,7.2989,6.7824,-7.0243,0.0,0.0
1779744289253,1,11.0000004b,Drive,Loading,pitch.0,700037,-1.1422,0.0292,10.4722,9.0765,7.8609,-1.3377,-0.0714,0.0825
1779744289253,1,12.00000015,Lower Delivery,Loading,pitch.0,700123,-0.3467,0.089,0.8361,-1.0821,-0.0158,-2.9714,0.0,0.0
1779744289253,1,12.00000018,Upper Delivery,Loading,pitch.0,700810,-0.3002,0.1219,0.2793,-0.8844,-0.7379,-2.5358,0.0,0.0
1779744289253,1,Pitching Mound.Delivery,,Loading,pitch.0,699176,-0.6469,0.211,1.1154,-1.7772,-0.7537,-5.4914,0.0,0.0
1779744289253,1,Pitching Mound.Drive,,Loading,pitch.0,700037,-1.1422,0.0292,10.4722,9.0765,7.8609,-1.3377,-0.0714,0.0825
1779744289253,1,Pitching Mound.Parent,,Loading,pitch.0,698500,-1.7852,0.2399,11.8058,7.4704,7.4033,-6.9086,0.0,0.0
1779744289254,1,11.0000004b,Drive,Loading,pitch.0,700038,-1.1672,0.0185,10.2175,8.8405,7.6108,-1.2651,-0.0709,0.0823
1779744289254,1,12.00000015,Lower Delivery,Loading,pitch.0,700124,-0.3594,0.0919,0.933,-1.1449,-0.0613,-2.9459,0.0,0.0
1779744289254,1,12.00000018,Upper Delivery,Loading,pitch.0,700811,-0.3142,0.1263,0.2771,-0.7934,-0.6403,-2.5449,0.0,0.0
1779744289254,1,Pitching Mound.Delivery,,Loading,pitch.0,699177,-0.6737,0.2182,1.21,-1.7153,-0.7016,-5.4754,0.0,0.0
1779744289254,1,Pitching Mound.Drive,,Loading,pitch.0,700038,-1.1672,0.0185,10.2175,8.8405,7.6108,-1.2651,-0.0709,0.0823
1779744289254,1,Pitching Mound.Parent,,Loading,pitch.0,698501,-1.8158,0.2474,11.6823,7.3612,7.1593,-6.8131,0.0,0.0
1779744289255,1,11.0000004b,Drive,Loading,pitch.0,700039,-1.17,0.0041,9.9438,8.6546,7.5153,-1.2464,-0.0719,0.0828
1779744289255,1,12.00000015,Lower Delivery,Loading,pitch.0,700125,-0.3692,0.0942,0.8951,-1.0387,-0.1492,-2.9834,0.0,0.0
1779744289255,1,12.00000018,Upper Delivery,Loading,pitch.0,700812,-0.3558,0.1809,0.4426,-0.81,-0.6584,-2.5389,0.0,0.0
1779744289255,1,Pitching Mound.Delivery,,Loading,pitch.0,699178,-0.725,0.2751,1.3377,-1.6949,-0.8076,-5.5177,0.0,0.0
1779744289255,1,Pitching Mound.Drive,,Loading,pitch.0,700039,-1.17,0.0041,9.9438,8.6546,7.5153,-1.2464,-0.0719,0.0828
1779744289255,1,Pitching Mound.Parent,,Loading,pitch.0,698502,-1.8921,0.2936,11.5552,7.1456,6.8032,-6.7828,0.0,0.0
1779744289256,1,11.0000004b,Drive,Loading,pitch.0,700040,-1.1793,-0.0043,9.7151,8.5373,7.3171,-1.1841,-0.0716,0.0836
1779744289256,1,12.00000015,Lower Delivery,Loading,pitch.0,700126,-0.4067,0.103,0.9383,-1.226,-0.3861,-2.9993,0.0,0.0
1779744289256,1,12.00000018,Upper Delivery,Loading,pitch.0,700813,-0.3421,0.1826,0.4265,-0.8359,-0.6852,-2.5524,0.0,0.0
1779744289256,1,Pitching Mound.Delivery,,Loading,pitch.0,699179,-0.7488,0.2856,1.3647,-1.8879,-1.0713,-5.5298,0.0,0.0
1779744289256,1,Pitching Mound.Drive,,Loading,pitch.0,700040,-1.1793,-0.0043,9.7151,8.5373,7.3171,-1.1841,-0.0716,0.0836
1779744289256,1,Pitching Mound.Parent,,Loading,pitch.0,698503,-1.9189,0.2896,11.3085,6.7667,6.444,-6.7762,0.0,0.0
1779744289257,1,11.0000004b,Drive,Loading,pitch.0,700041,-1.1909,-0.0146,9.4771,8.3264,7.1761,-1.149,-0.072,0.0836
1779744289257,1,12.00000015,Lower Delivery,Loading,pitch.0,700127,-0.3731,0.0949,1.0013,-1.2031,-0.1937,-3.0169,0.0,0.0
1779744289257,1,12.00000018,Upper Delivery,Loading,pitch.0,700814,-0.3539,0.19,0.5264,-0.6495,-0.485,-2.5787,0.0,0.0
1779744289257,1,Pitching Mound.Delivery,,Loading,pitch.0,699180,-0.727,0.2849,1.5277,-1.6912,-0.6787,-5.589,0.0,0.0
1779744289257,1,Pitching Mound.Drive,,Loading,pitch.0,700041,-1.1909,-0.0146,9.4771,8.3264,7.1761,-1.149,-0.072,0.0836
1779744289257,1,Pitching Mound.Parent,,Loading,pitch.0,698504,-1.9063,0.2807,11.2428,6.8461,6.6385,-6.7731,0.0,0.0
1779744289258,1,11.0000004b,Drive,Loading,pitch.0,700042,-1.1926,-0.0268,9.2494,8.1691,6.8739,-1.0792,-0.0707,0.084
1779744289258,1,12.00000015,Lower Delivery,Loading,pitch.0,700128,-0.3581,0.0921,1.0721,-1.3222,-0.1253,-2.9443,0.0,0.0
1779744289258,1,12.00000018,Upper Delivery,Loading,pitch.0,700815,-0.4385,0.2776,0.7111,-0.7165,-0.5559,-2.5889,0.0,0.0
1779744289258,1,Pitching Mound.Delivery,,Loading,pitch.0,699181,-0.7965,0.3697,1.7832,-1.916,-0.6812,-5.5605,0.0,0.0
1779744289258,1,Pitching Mound.Drive,,Loading,pitch.0,700042,-1.1926,-0.0268,9.2494,8.1691,6.8739,-1.0792,-0.0707,0.084
1779744289258,1,Pitching Mound.Parent,,Loading,pitch.0,698505,-1.9874,0.3551,11.2603,6.4104,6.4949,-6.7095,0.0,0.0
1779744289259,1,11.0000004b,Drive,Loading,pitch.0,700043,-1.2046,-0.0308,8.9684,7.9351,6.4907,-1.0093,-0.0688,0.0842
1779744289259,1,12.00000015,Lower Delivery,Loading,pitch.0,700129,-0.3413,0.0884,1.0384,-1.2558,-0.0859,-2.9043,0.0,0.0
1779744289259,1,12.00000018,Upper Delivery,Loading,pitch.0,700816,-0.4668,0.3036,0.828,-0.5721,-0.3995,-2.6306,0.0,0.0
1779744289259,1,Pitching Mound.Delivery,,Loading,pitch.0,699182,-0.808,0.392,1.8664,-1.7564,-0.4854,-5.5775,0.0,0.0
1779744289259,1,Pitching Mound.Drive,,Loading,pitch.0,700043,-1.2046,-0.0308,8.9684,7.9351,6.4907,-1.0093,-0.0688,0.0842
1779744289259,1,Pitching Mound.Parent,,Loading,pitch.0,698506,-2.0006,0.3651,11.1158,6.4127,6.3885,-6.6567,0.0,0.0
1779744289260,1,11.0000004b,Drive,Loading,pitch.0,700044,-1.2264,-0.0326,8.6631,7.7035,6.1467,-0.9685,-0.0675,0.0846
1779744289260,1,12.00000015,Lower Delivery,Loading,pitch.0,700130,-0.335,0.0866,1.0814,-1.2089,0.1558,-2.9376,0.0,0.0
1779744289260,1,12.00000018,Upper Delivery,Loading,pitch.0,700817,-0.4876,0.3436,0.9078,-0.6483,-0.481,-2.6279,0.0,0.0
1779744289260,1,Pitching Mound.Delivery,,Loading,pitch.0,699183,-0.8226,0.4303,1.9892,-1.7983,-0.3252,-5.6174,0.0,0.0
1779744289260,1,Pitching Mound.Drive,,Loading,pitch.0,700044,-1.2264,-0.0326,8.6631,7.7035,6.1467,-0.9685,-0.0675,0.0846
1779744289260,1,Pitching Mound.Parent,,Loading,pitch.0,698507,-2.0272,0.3995,10.9576,6.1369,6.1655,-6.6267,0.0,0.0
1779744289261,1,11.0000004b,Drive,Loading,pitch.0,700045,-1.2288,-0.0548,8.3708,7.5124,6.0054,-0.8876,-0.0682,0.0854
1779744289261,1,12.00000015,Lower Delivery,Loading,pitch.0,700131,-0.3243,0.0847,1.1027,-1.3077,0.4115,-2.9,0.0,0.0
1779744289261,1,12.00000018,Upper Delivery,Loading,pitch.0,700818,-0.5316,0.3716,1.0323,-0.6447,-0.4754,-2.6593,0.0,0.0
1779744289261,1,Pitching Mound.Delivery,,Loading,pitch.0,699184,-0.8559,0.4563,2.135,-1.9285,-0.0638,-5.6298,0.0,0.0
1779744289261,1,Pitching Mound.Drive,,Loading,pitch.0,700045,-1.2288,-0.0548,8.3708,7.5124,6.0054,-0.8876,-0.0682,0.0854
1779744289261,1,Pitching Mound.Parent,,Loading,pitch.0,698508,-2.0823,0.4237,10.798,5.775,6.0829,-6.5983,0.0,0.0
1779744289262,1,12.00000015,Lower Delivery,Loading,pitch.0,700132,-0.3419,0.0875,1.0676,-1.3766,0.0376,-2.881,0.0,0.0
1779744289262,1,12.00000018,Upper Delivery,Loading,pitch.0,700819,-0.5884,0.4301,1.1832,-0.8289,-0.6708,-2.6771,0.0,0.0
1779744289262,1,Pitching Mound.Delivery,,Loading,pitch.0,699185,-0.9303,0.5176,2.2509,-2.2448,-0.6332,-5.642,0.0,0.0
1779744289262,1,Pitching Mound.Parent,,Loading,pitch.0,698509,-2.1591,0.4628,10.6217,5.2676,5.3722,-6.5296,0.0,0.0
1779744289263,1,11.0000004b,Drive,Loading,pitch.0,700046,-1.2329,-0.0542,8.0642,7.3365,5.795,-0.845,-0.0684,0.0865
1779744289263,1,11.0000004b,Drive,Loading,pitch.0,700047,-1.2361,-0.0596,7.849,7.1886,5.5965,-0.8189,-0.0678,0.0871
1779744289263,1,12.00000015,Lower Delivery,Loading,pitch.0,700133,-0.3426,0.0882,1.0551,-1.3987,0.0306,-2.8756,0.0,0.0
1779744289263,1,12.00000018,Upper Delivery,Loading,pitch.0,700820,-0.5353,0.3821,1.0647,-0.8314,-0.6722,-2.6983,0.0,0.0
1779744289263,1,Pitching Mound.Delivery,,Loading,pitch.0,699186,-0.8778,0.4703,2.1198,-2.2333,-0.6416,-5.6394,0.0,0.0
1779744289263,1,Pitching Mound.Drive,,Loading,pitch.0,700046,-1.2329,-0.0542,8.0642,7.3365,5.795,-0.845,-0.0684,0.0865
1779744289263,1,Pitching Mound.Drive,,Loading,pitch.0,700047,-1.2361,-0.0596,7.849,7.1886,5.5965,-0.8189,-0.0678,0.0871
1779744289263,1,Pitching Mound.Parent,,Loading,pitch.0,698510,-2.1108,0.4161,10.184,5.1032,5.1534,-6.4844,0.0,0.0
1779744289264,1,11.0000004b,Drive,Loading,pitch.0,700048,-1.2423,-0.0782,7.5934,6.9949,5.3593,-0.7714,-0.0671,0.0876
1779744289264,1,12.00000015,Lower Delivery,Loading,pitch.0,700134,-0.3328,0.0862,1.0805,-1.7338,0.0901,-2.8762,0.0,0.0
1779744289264,1,12.00000018,Upper Delivery,Loading,pitch.0,700821,-0.4849,0.3123,0.8241,-0.9139,-0.757,-2.7567,0.0,0.0
1779744289264,1,Pitching Mound.Delivery,,Loading,pitch.0,699187,-0.8177,0.3985,1.9046,-2.5606,-0.6669,-5.6845,0.0,0.0
1779744289264,1,Pitching Mound.Drive,,Loading,pitch.0,700048,-1.2423,-0.0782,7.5934,6.9949,5.3593,-0.7714,-0.0671,0.0876
1779744289264,1,Pitching Mound.Parent,,Loading,pitch.0,698511,-2.0538,0.3389,9.7537,4.6281,4.9296,-6.5035,0.0,0.0
1779744289265,1,11.0000004b,Drive,Loading,pitch.0,700049,-1.2338,-0.0846,7.3488,6.8379,5.1752,-0.7156,-0.067,0.0885
1779744289265,1,12.00000015,Lower Delivery,Loading,pitch.0,700135,-0.3493,0.0901,1.0098,-1.9819,-0.0949,-2.8796,0.0,0.0
1779744289265,1,12.00000018,Upper Delivery,Loading,pitch.0,700822,-0.4205,0.2643,0.6322,-0.9581,-0.8048,-2.7451,0.0,0.0
1779744289265,1,Pitching Mound.Delivery,,Loading,pitch.0,699188,-0.7698,0.3544,1.6421,-2.8116,-0.8997,-5.6488,0.0,0.0
1779744289265,1,Pitching Mound.Drive,,Loading,pitch.0,700049,-1.2338,-0.0846,7.3488,6.8379,5.1752,-0.7156,-0.067,0.0885
1779744289265,1,Pitching Mound.Parent,,Loading,pitch.0,698512,-2.0121,0.2762,9.2355,4.1832,4.4596,-6.4202,0.0,0.0
1779744289266,1,11.0000004b,Drive,Loading,pitch.0,700050,-1.244,-0.1082,7.0936,6.5376,4.6568,-0.6633,-0.0625,0.0877
1779744289266,1,12.00000015,Lower Delivery,Loading,pitch.0,700136,-0.3408,0.0878,1.0003,-1.9799,-0.021,-2.8163,0.0,0.0
1779744289266,1,12.00000018,Upper Delivery,Loading,pitch.0,700823,-0.3529,0.1869,0.4001,-0.945,-0.7913,-2.7354,0.0,0.0
1779744289266,1,Pitching Mound.Delivery,,Loading,pitch.0,699189,-0.6937,0.2747,1.4004,-2.7208,-0.8124,-5.5558,0.0,0.0
1779744289266,1,Pitching Mound.Drive,,Loading,pitch.0,700050,-1.244,-0.1082,7.0936,6.5376,4.6568,-0.6633,-0.0625,0.0877
1779744289266,1,Pitching Mound.Parent,,Loading,pitch.0,698513,-1.9276,0.1902,8.7492,4.117,4.3629,-6.2714,0.0,0.0
1779744289267,1,11.0000004b,Drive,Loading,pitch.0,700051,-1.2383,-0.1246,6.8213,6.2668,4.3602,-0.6129,-0.0608,0.0874
1779744289267,1,12.00000015,Lower Delivery,Loading,pitch.0,700137,-0.3469,0.0902,0.9758,-1.9902,0.4126,-2.8177,0.0,0.0
1779744289267,1,12.00000018,Upper Delivery,Loading,pitch.0,700824,-0.2864,0.1273,0.3103,-1.123,-0.7654,-2.7264,0.0,0.0
1779744289267,1,Pitching Mound.Delivery,,Loading,pitch.0,699190,-0.6333,0.2175,1.2862,-2.8869,-0.3528,-5.5235,0.0,0.0
1779744289267,1,Pitching Mound.Drive,,Loading,pitch.0,700051,-1.2383,-0.1246,6.8213,6.2668,4.3602,-0.6129,-0.0608,0.0874
1779744289267,1,Pitching Mound.Parent,,Loading,pitch.0,698514,-1.8774,0.1093,8.3797,3.6507,4.304,-6.1868,0.0,0.0
1779744289268,1,11.0000004b,Drive,Loading,pitch.0,700052,-1.2343,-0.1474,6.6182,6.0925,4.0042,-0.5591,-0.0576,0.0876
1779744289268,1,12.00000015,Lower Delivery,Loading,pitch.0,700138,-0.357,0.0912,0.9585,-2.0147,-0.1593,-2.8477,0.0,0.0
1779744289268,1,12.00000018,Upper Delivery,Loading,pitch.0,700825,-0.3051,0.1483,0.3177,-2.0133,-1.1309,-2.7745,0.0,0.0
1779744289268,1,Pitching Mound.Delivery,,Loading,pitch.0,699191,-0.6621,0.2395,1.2762,-3.8101,-1.2902,-5.6046,0.0,0.0
1779744289268,1,Pitching Mound.Drive,,Loading,pitch.0,700052,-1.2343,-0.1474,6.6182,6.0925,4.0042,-0.5591,-0.0576,0.0876
1779744289268,1,Pitching Mound.Parent,,Loading,pitch.0,698515,-1.9004,0.1149,8.0975,2.4566,3.07,-6.2175,0.0,0.0
1779744289269,1,11.0000004b,Drive,Loading,pitch.0,700053,-1.2329,-0.1526,6.4024,5.8473,3.8612,-0.5483,-0.0574,0.0869
1779744289269,1,12.00000015,Lower Delivery,Loading,pitch.0,700139,-0.3542,0.092,0.9688,-2.0845,-0.4906,-2.8426,0.0,0.0
1779744289269,1,12.00000018,Upper Delivery,Loading,pitch.0,700826,-0.2847,0.1303,0.3236,-2.4016,-0.8733,-2.8303,0.0,0.0
1779744289269,1,Pitching Mound.Delivery,,Loading,pitch.0,699192,-0.6389,0.2223,1.2924,-4.2667,-1.3639,-5.6492,0.0,0.0
1779744289269,1,Pitching Mound.Drive,,Loading,pitch.0,700053,-1.2329,-0.1526,6.4024,5.8473,3.8612,-0.5483,-0.0574,0.0869
1779744289269,1,Pitching Mound.Parent,,Loading,pitch.0,698516,-1.8732,0.0749,7.9106,1.8257,2.6404,-6.2084,0.0,0.0
1779744289270,1,11.0000004b,Drive,Loading,pitch.0,700054,-1.2463,-0.1619,6.1892,5.6042,3.6046,-0.5075,-0.0554,0.0861
1779744289270,1,12.00000015,Lower Delivery,Loading,pitch.0,700140,-0.3154,0.0824,0.9652,-1.7996,0.1909,-2.8418,0.0,0.0
1779744289270,1,12.00000018,Upper Delivery,Loading,pitch.0,700827,-0.2571,0.1172,0.3148,-2.4537,-0.8432,-2.8636,0.0,0.0
1779744289270,1,Pitching Mound.Delivery,,Loading,pitch.0,699193,-0.5726,0.1996,1.28,-4.0322,-0.6523,-5.6856,0.0,0.0
1779744289270,1,Pitching Mound.Drive,,Loading,pitch.0,700054,-1.2463,-0.1619,6.1892,5.6042,3.6046,-0.5075,-0.0554,0.0861
1779744289270,1,Pitching Mound.Parent,,Loading,pitch.0,698517,-1.8054,0.0471,7.6825,1.8151,3.2089,-6.2339,0.0,0.0
1779744289271,1,11.0000004b,Drive,Loading,pitch.0,700055,-1.2492,-0.1726,6.0346,5.415,3.39,-0.4594,-0.0534,0.0854
1779744289271,1,12.00000015,Lower Delivery,Loading,pitch.0,700141,-0.3004,0.0778,0.9655,-1.633,0.1628,-2.8401,0.0,0.0
1779744289271,1,12.00000018,Upper Delivery,Loading,pitch.0,700828,-0.2767,0.1178,0.3044,-2.3229,-0.9663,-2.8394,0.0,0.0
1779744289271,1,Pitching Mound.Delivery,,Loading,pitch.0,699194,-0.5771,0.1956,1.2699,-3.7312,-0.8035,-5.6714,0.0,0.0
1779744289271,1,Pitching Mound.Drive,,Loading,pitch.0,700055,-1.2492,-0.1726,6.0346,5.415,3.39,-0.4594,-0.0534,0.0854
1779744289271,1,Pitching Mound.Parent,,Loading,pitch.0,698518,-1.8263,0.0231,7.3044,1.6839,2.5864,-6.1308,0.0,0.0
1779744289272,1,11.0000004b,Drive,Loading,pitch.0,700056,-1.2493,-0.1794,5.8306,5.2094,3.1789,-0.4607,-0.0519,0.085
1779744289272,1,12.00000015,Lower Delivery,Loading,pitch.0,700142,-0.2613,0.0703,0.9944,-1.3025,0.4518,-2.881,0.0,0.0
1779744289272,1,12.00000018,Upper Delivery,Loading,pitch.0,700829,-0.2931,0.1432,0.3397,-2.4451,-0.6997,-2.9182,0.0,0.0
1779744289272,1,Pitching Mound.Delivery,,Loading,pitch.0,699195,-0.5544,0.2135,1.3341,-3.525,-0.248,-5.81,0.0,0.0
1779744289272,1,Pitching Mound.Drive,,Loading,pitch.0,700056,-1.2493,-0.1794,5.8306,5.2094,3.1789,-0.4607,-0.0519,0.085
1779744289272,1,Pitching Mound.Parent,,Loading,pitch.0,698519,-1.8037,0.0341,7.1647,1.6844,2.9309,-6.2708,0.0,0.0
1779744289273,1,11.0000004b,Drive,Loading,pitch.0,700057,-1.2574,-0.1905,5.666,5.0321,3.148,-0.4601,-0.0529,0.0845
1779744289273,1,12.00000015,Lower Delivery,Loading,pitch.0,700143,-0.2283,0.0697,1.0002,-1.2092,0.6073,-2.9001,0.0,0.0
1779744289273,1,12.00000018,Upper Delivery,Loading,pitch.0,700830,-0.2945,0.1457,0.33,-2.5189,-0.555,-2.9416,0.0,0.0
1779744289273,1,Pitching Mound.Delivery,,Loading,pitch.0,699196,-0.5228,0.2153,1.3302,-3.5002,0.0523,-5.8643,0.0,0.0
1779744289273,1,Pitching Mound.Drive,,Loading,pitch.0,700057,-1.2574,-0.1905,5.666,5.0321,3.148,-0.4601,-0.0529,0.0845
1779744289273,1,Pitching Mound.Parent,,Loading,pitch.0,698520,-1.7803,0.0248,6.9962,1.5319,3.2003,-6.3244,0.0,0.0
1779744289274,1,11.0000004b,Drive,Loading,pitch.0,700058,-1.2443,-0.198,5.5479,4.8909,2.9429,-0.4325,-0.0505,0.0839
1779744289274,1,12.00000015,Lower Delivery,Loading,pitch.0,700144,-0.2606,0.0692,1.0373,-1.3705,0.3185,-2.8898,0.0,0.0
1779744289274,1,12.00000018,Upper Delivery,Loading,pitch.0,700831,-0.2936,0.1315,0.3018,-2.4699,-0.7415,-2.8691,0.0,0.0
1779744289274,1,Pitching Mound.Delivery,,Loading,pitch.0,699197,-0.5542,0.2007,1.3391,-3.5904,-0.423,-5.7702,0.0,0.0
1779744289274,1,Pitching Mound.Drive,,Loading,pitch.0,700058,-1.2443,-0.198,5.5479,4.8909,2.9429,-0.4325,-0.0505,0.0839
1779744289274,1,Pitching Mound.Parent,,Loading,pitch.0,698521,-1.7985,0.0027,6.887,1.3004,2.5199,-6.2027,0.0,0.0
1779744289275,1,11.0000004b,Drive,Loading,pitch.0,700059,-1.2382,-0.2052,5.3633,4.6542,2.7385,-0.3865,-0.0486,0.0826
1779744289275,1,12.00000015,Lower Delivery,Loading,pitch.0,700145,-0.2391,0.064,1.0325,-1.3537,0.3163,-2.9174,0.0,0.0
1779744289275,1,12.00000018,Upper Delivery,Loading,pitch.0,700832,-0.3136,0.1563,0.3416,-2.3338,-0.7629,-2.9147,0.0,0.0
1779744289275,1,Pitching Mound.Delivery,,Loading,pitch.0,699198,-0.5527,0.2203,1.3741,-3.4526,-0.4466,-5.8574,0.0,0.0
1779744289275,1,Pitching Mound.Drive,,Loading,pitch.0,700059,-1.2382,-0.2052,5.3633,4.6542,2.7385,-0.3865,-0.0486,0.0826
1779744289275,1,Pitching Mound.Parent,,Loading,pitch.0,698522,-1.7909,0.0151,6.7374,1.2016,2.2919,-6.2439,0.0,0.0
1779744289276,1,11.0000004b,Drive,Loading,pitch.0,700060,-1.2244,-0.2235,5.243,4.4787,2.4401,-0.3442,-0.0443,0.0813
1779744289276,1,12.00000015,Lower Delivery,Loading,pitch.0,700146,-0.2832,0.0737,1.0288,-1.3606,0.2084,-2.9139,0.0,0.0
1779744289276,1,12.00000018,Upper Delivery,Loading,pitch.0,700833,-0.3048,0.1364,0.3248,-2.3186,-0.8666,-2.8792,0.0,0.0
1779744289276,1,Pitching Mound.Delivery,,Loading,pitch.0,699199,-0.588,0.2101,1.3536,-3.4398,-0.6581,-5.8004,0.0,0.0
1779744289276,1,Pitching Mound.Drive,,Loading,pitch.0,700060,-1.2244,-0.2235,5.243,4.4787,2.4401,-0.3442,-0.0443,0.0813
1779744289276,1,Pitching Mound.Parent,,Loading,pitch.0,698523,-1.8124,-0.0134,6.5966,1.0389,1.7819,-6.1446,0.0,0.0
1779744289277,1,11.0000004b,Drive,Loading,pitch.0,700061,-1.2381,-0.217,5.1334,4.2548,2.3667,-0.3152,-0.0439,0.0788
1779744289277,1,12.00000015,Lower Delivery,Loading,pitch.0,700147,-0.2907,0.0755,1.09,-1.3129,0.1767,-2.9597,0.0,0.0
1779744289277,1,12.00000018,Upper Delivery,Loading,pitch.0,700834,-0.3119,0.1508,0.3637,-2.1687,-0.8472,-2.8526,0.0,0.0
1779744289277,1,Pitching Mound.Delivery,,Loading,pitch.0,699200,-0.6026,0.2263,1.4536,-3.2347,-0.6705,-5.8195,0.0,0.0
1779744289277,1,Pitching Mound.Drive,,Loading,pitch.0,700061,-1.2381,-0.217,5.1334,4.2548,2.3667,-0.3152,-0.0439,0.0788
1779744289277,1,Pitching Mound.Parent,,Loading,pitch.0,698524,-1.8407,0.0093,6.587,1.02,1.6962,-6.1347,0.0,0.0
1779744289278,1,11.0000004b,Drive,Loading,pitch.0,700062,-1.2197,-0.2506,5.0136,4.1284,2.21,-0.3209,-0.0419,0.0783
1779744289278,1,12.00000015,Lower Delivery,Loading,pitch.0,700148,-0.2993,0.0774,1.0387,-1.34,0.1288,-2.8913,0.0,0.0
1779744289278,1,12.00000018,Upper Delivery,Loading,pitch.0,700835,-0.3042,0.1375,0.3426,-2.0988,-0.8933,-2.8492,0.0,0.0
1779744289278,1,Pitching Mound.Delivery,,Loading,pitch.0,699201,-0.6035,0.2149,1.3813,-3.2021,-0.7645,-5.7422,0.0,0.0
1779744289278,1,Pitching Mound.Drive,,Loading,pitch.0,700062,-1.2197,-0.2506,5.0136,4.1284,2.21,-0.3209,-0.0419,0.0783
1779744289278,1,Pitching Mound.Parent,,Loading,pitch.0,698525,-1.8232,-0.0357,6.3949,0.9263,1.4455,-6.0631,0.0,0.0
1779744289279,1,11.0000004b,Drive,Loading,pitch.0,700063,-1.2263,-0.2704,4.9211,3.9437,2.0457,-0.2812,-0.0395,0.0762
1779744289279,1,12.00000015,Lower Delivery,Loading,pitch.0,700149,-0.303,0.0785,1.0839,-1.2531,0.4818,-2.8968,0.0,0.0
1779744289279,1,12.00000018,Upper Delivery,Loading,pitch.0,700836,-0.3007,0.16,0.433,-2.0278,-0.8513,-2.8501,0.0,0.0
1779744289279,1,Pitching Mound.Delivery,,Loading,pitch.0,699202,-0.6037,0.2385,1.5168,-3.0596,-0.3694,-5.746,0.0,0.0
1779744289279,1,Pitching Mound.Drive,,Loading,pitch.0,700063,-1.2263,-0.2704,4.9211,3.9437,2.0457,-0.2812,-0.0395,0.0762
1779744289279,1,Pitching Mound.Parent,,Loading,pitch.0,698526,-1.83,-0.0319,6.438,0.8842,1.6763,-6.0272,0.0,0.0
1779744289280,1,11.0000004b,Drive,Loading,pitch.0,700064,-1.193,-0.2995,4.8175,3.7845,1.8022,-0.2459,-0.0356,0.0747
1779744289280,1,12.00000015,Lower Delivery,Loading,pitch.0,700150,-0.3387,0.0859,1.0541,-1.3837,0.2745,-2.8961,0.0,0.0
1779744289280,1,12.00000018,Upper Delivery,Loading,pitch.0,700837,-0.3072,0.2006,0.4904,-2.0303,-1.093,-2.8717,0.0,0.0
1779744289280,1,Pitching Mound.Delivery,,Loading,pitch.0,699203,-0.6459,0.2865,1.5445,-3.2223,-0.8184,-5.7571,0.0,0.0
1779744289280,1,Pitching Mound.Drive,,Loading,pitch.0,700064,-1.193,-0.2995,4.8175,3.7845,1.8022,-0.2459,-0.0356,0.0747
1779744289280,1,Pitching Mound.Parent,,Loading,pitch.0,698527,-1.8389,-0.013,6.362,0.5623,0.9838,-6.003,0.0,0.0
1779744289281,1,11.0000004b,Drive,Loading,pitch.0,700065,-1.1716,-0.3196,4.6908,3.6506,1.4941,-0.2103,-0.0303,0.074
1779744289281,1,12.00000015,Lower Delivery,Loading,pitch.0,700151,-0.3741,0.0949,1.0228,-1.5567,0.1591,-2.8775,0.0,0.0
1779744289281,1,12.00000018,Upper Delivery,Loading,pitch.0,700838,-0.302,0.1796,0.4381,-1.9684,-1.3172,-2.8561,0.0,0.0
1779744289281,1,Pitching Mound.Delivery,,Loading,pitch.0,699204,-0.676,0.2745,1.4609,-3.3263,-1.1581,-5.709,0.0,0.0
1779744289281,1,Pitching Mound.Drive,,Loading,pitch.0,700065,-1.1716,-0.3196,4.6908,3.6506,1.4941,-0.2103,-0.0303,0.074
1779744289281,1,Pitching Mound.Parent,,Loading,pitch.0,698528,-1.8477,-0.0451,6.1517,0.3243,0.336,-5.9194,0.0,0.0
1779744289282,1,11.0000004b,Drive,Loading,pitch.0,700066,-1.1728,-0.3342,4.6002,3.5218,1.3878,-0.21,-0.0287,0.0728
1779744289282,1,12.00000015,Lower Delivery,Loading,pitch.0,700152,-0.3695,0.0937,0.9723,-1.625,-0.0914,-2.8726,0.0,0.0
1779744289282,1,12.00000018,Upper Delivery,Loading,pitch.0,700839,-0.3005,0.1844,0.459,-2.1786,-1.1462,-2.9369,0.0,0.0
1779744289282,1,Pitching Mound.Delivery,,Loading,pitch.0,699205,-0.67,0.2782,1.4313,-3.6292,-1.2376,-5.7861,0.0,0.0
1779744289282,1,Pitching Mound.Drive,,Loading,pitch.0,700066,-1.1728,-0.3342,4.6002,3.5218,1.3878,-0.21,-0.0287,0.0728
1779744289282,1,Pitching Mound.Parent,,Loading,pitch.0,698529,-1.8428,-0.0561,6.0315,-0.1074,0.1502,-5.9961,0.0,0.0
1779744289283,1,11.0000004b,Drive,Loading,pitch.0,700067,-1.1549,-0.3518,4.5171,3.4326,1.2642,-0.1871,-0.0266,0.0723
1779744289283,1,12.00000015,Lower Delivery,Loading,pitch.0,700153,-0.3884,0.0987,0.8389,-1.703,-0.5869,-2.844,0.0,0.0
1779744289283,1,12.00000018,Upper Delivery,Loading,pitch.0,700840,-0.3026,0.1481,0.4184,-1.7496,-1.2318,-2.8583,0.0,0.0
1779744289283,1,Pitching Mound.Delivery,,Loading,pitch.0,699206,-0.691,0.2468,1.2573,-3.3097,-1.8187,-5.6731,0.0,0.0
1779744289283,1,Pitching Mound.Drive,,Loading,pitch.0,700067,-1.1549,-0.3518,4.5171,3.4326,1.2642,-0.1871,-0.0266,0.0723
1779744289283,1,Pitching Mound.Parent,,Loading,pitch.0,698530,-1.8459,-0.105,5.7744,0.1229,-0.5545,-5.8601,0.0,0.0
1779744289284,1,11.0000004b,Drive,Loading,pitch.0,700068,-1.1271,-0.3722,4.437,3.4541,1.1927,-0.1885,-0.0256,0.0741
1779744289284,1,12.00000015,Lower Delivery,Loading,pitch.0,700154,-0.3878,0.098,0.7903,-1.9605,-1.1324,-2.8241,0.0,0.0
1779744289284,1,12.00000018,Upper Delivery,Loading,pitch.0,700841,-0.2767,0.1029,0.3683,-1.4972,-1.3772,-2.7914,0.0,0.0
1779744289284,1,Pitching Mound.Delivery,,Loading,pitch.0,699207,-0.6645,0.2009,1.1586,-3.3142,-2.5096,-5.5777,0.0,0.0
1779744289284,1,Pitching Mound.Drive,,Loading,pitch.0,700068,-1.1271,-0.3722,4.437,3.4541,1.1927,-0.1885,-0.0256,0.0741
1779744289284,1,Pitching Mound.Parent,,Loading,pitch.0,698531,-1.7916,-0.1713,5.5956,0.1399,-1.3169,-5.7663,0.0,0.0
1779744289285,1,11.0000004b,Drive,Loading,pitch.0,700069,-1.121,-0.3479,4.3192,3.2762,1.0737,-0.1642,-0.0236,0.0722
1779744289285,1,12.00000015,Lower Delivery,Loading,pitch.0,700155,-0.3747,0.0951,0.7274,-1.8707,-1.5017,-2.8533,0.0,0.0
1779744289285,1,12.00000018,Upper Delivery,Loading,pitch.0,700842,-0.2904,0.1333,0.4204,-1.5301,-1.4123,-2.7911,0.0,0.0
1779744289285,1,Pitching Mound.Delivery,,Loading,pitch.0,699208,-0.665,0.2284,1.1478,-3.2964,-2.914,-5.6157,0.0,0.0
1779744289285,1,Pitching Mound.Drive,,Loading,pitch.0,700069,-1.121,-0.3479,4.3192,3.2762,1.0737,-0.1642,-0.0236,0.0722
1779744289285,1,Pitching Mound.Parent,,Loading,pitch.0,698532,-1.7861,-0.1195,5.467,-0.0203,-1.8403,-5.7799,0.0,0.0
1779744289286,1,11.0000004b,Drive,Loading,pitch.0,700070,-1.0909,-0.377,4.2525,3.2532,0.7317,-0.1834,-0.0164,0.0728
1779744289286,1,12.00000015,Lower Delivery,Loading,pitch.0,700156,-0.3814,0.0965,0.6129,-1.7505,-2.1633,-2.8463,0.0,0.0
1779744289286,1,12.00000018,Upper Delivery,Loading,pitch.0,700843,-0.2796,0.1112,0.4025,-1.5715,-1.4302,-2.7814,0.0,0.0
1779744289286,1,Pitching Mound.Delivery,,Loading,pitch.0,699209,-0.661,0.2076,1.0154,-3.2504,-3.5934,-5.5931,0.0,0.0
1779744289286,1,Pitching Mound.Drive,,Loading,pitch.0,700070,-1.0909,-0.377,4.2525,3.2532,0.7317,-0.1834,-0.0164,0.0728
1779744289286,1,Pitching Mound.Parent,,Loading,pitch.0,698533,-1.752,-0.1694,5.2679,0.0028,-2.8618,-5.7765,0.0,0.0
1779744289287,1,11.0000004b,Drive,Loading,pitch.0,700071,-1.0848,-0.3906,4.1829,3.1437,0.5279,-0.1946,-0.012,0.0715
1779744289287,1,12.00000015,Lower Delivery,Loading,pitch.0,700157,-0.3769,0.0954,0.6556,-1.9366,-2.4969,-2.8312,0.0,0.0
1779744289287,1,12.00000018,Upper Delivery,Loading,pitch.0,700844,-0.2764,0.1098,0.4581,-1.7762,-1.2481,-2.8588,0.0,0.0
1779744289287,1,Pitching Mound.Delivery,,Loading,pitch.0,699210,-0.6533,0.2052,1.1138,-3.6456,-3.745,-5.6558,0.0,0.0
1779744289287,1,Pitching Mound.Drive,,Loading,pitch.0,700071,-1.0848,-0.3906,4.1829,3.1437,0.5279,-0.1946,-0.012,0.0715
1779744289287,1,Pitching Mound.Parent,,Loading,pitch.0,698534,-1.7381,-0.1855,5.2967,-0.502,-3.2171,-5.8504,0.0,0.0
1779744289288,1,11.0000004b,Drive,Loading,pitch.0,700072,-1.0489,-0.4057,4.0904,3.0539,0.4599,-0.1606,-0.0107,0.071
1779744289288,1,12.00000015,Lower Delivery,Loading,pitch.0,700158,-0.3344,0.0858,0.7232,-2.0474,-1.9482,-2.8249,0.0,0.0
1779744289288,1,12.00000018,Upper Delivery,Loading,pitch.0,700845,-0.264,0.1173,0.3774,-1.548,-1.3809,-2.7973,0.0,0.0
1779744289288,1,Pitching Mound.Delivery,,Loading,pitch.0,699211,-0.5983,0.2031,1.1006,-3.4778,-3.3291,-5.5983,0.0,0.0
1779744289288,1,Pitching Mound.Drive,,Loading,pitch.0,700072,-1.0489,-0.4057,4.0904,3.0539,0.4599,-0.1606,-0.0107,0.071
1779744289288,1,Pitching Mound.Parent,,Loading,pitch.0,698535,-1.6472,-0.2026,5.191,-0.4239,-2.8692,-5.7589,0.0,0.0
1779744289289,1,11.0000004b,Drive,Loading,pitch.0,700073,-1.0389,-0.4135,4.0153,2.9674,0.3845,-0.1397,-0.0091,0.0703
1779744289289,1,12.00000015,Lower Delivery,Loading,pitch.0,700159,-0.3392,0.0872,0.7769,-2.092,-1.7062,-2.8069,0.0,0.0
1779744289289,1,12.00000018,Upper Delivery,Loading,pitch.0,700846,-0.2713,0.1239,0.3966,-1.5,-1.3434,-2.7891,0.0,0.0
1779744289289,1,Pitching Mound.Delivery,,Loading,pitch.0,699212,-0.6105,0.2111,1.1735,-3.4627,-3.0497,-5.5729,0.0,0.0
1779744289289,1,Pitching Mound.Drive,,Loading,pitch.0,700073,-1.0389,-0.4135,4.0153,2.9674,0.3845,-0.1397,-0.0091,0.0703
1779744289289,1,Pitching Mound.Parent,,Loading,pitch.0,698536,-1.6494,-0.2023,5.1888,-0.4952,-2.6652,-5.7126,0.0,0.0
1779744289290,1,11.0000004b,Drive,Loading,pitch.0,700074,-1.0206,-0.4207,3.9488,2.8838,0.2353,-0.1339,-0.0057,0.0695
1779744289290,1,12.00000015,Lower Delivery,Loading,pitch.0,700160,-0.3308,0.0858,0.816,-2.1929,-1.0887,-2.763,0.0,0.0
1779744289290,1,12.00000018,Upper Delivery,Loading,pitch.0,700847,-0.277,0.1387,0.3434,-1.7387,-1.6221,-2.7412,0.0,0.0
1779744289290,1,Pitching Mound.Delivery,,Loading,pitch.0,699213,-0.6077,0.2245,1.1594,-3.7709,-2.7108,-5.4859,0.0,0.0
1779744289290,1,Pitching Mound.Drive,,Loading,pitch.0,700074,-1.0206,-0.4207,3.9488,2.8838,0.2353,-0.1339,-0.0057,0.0695
1779744289290,1,Pitching Mound.Parent,,Loading,pitch.0,698537,-1.6283,-0.1962,5.1082,-0.8871,-2.4755,-5.6198,0.0,0.0
1779744289291,1,11.0000004b,Drive,Loading,pitch.0,700075,-1.0157,-0.4225,3.923,2.7602,0.1138,-0.1279,-0.0028,0.0669
1779744289291,1,12.00000015,Lower Delivery,Loading,pitch.0,700161,-0.311,0.0831,0.8517,-2.219,-0.9151,-2.8117,0.0,0.0
1779744289291,1,12.00000018,Upper Delivery,Loading,pitch.0,700848,-0.2997,0.128,0.3524,-1.5527,-1.3897,-2.7228,0.0,0.0
1779744289291,1,Pitching Mound.Delivery,,Loading,pitch.0,699214,-0.6108,0.2111,1.2041,-3.602,-2.3048,-5.5306,0.0,0.0
1779744289291,1,Pitching Mound.Drive,,Loading,pitch.0,700075,-1.0157,-0.4225,3.923,2.7602,0.1138,-0.1279,-0.0028,0.0669
1779744289291,1,Pitching Mound.Parent,,Loading,pitch.0,698538,-1.6264,-0.2113,5.127,-0.8418,-2.191,-5.6586,0.0,0.0
1779744289292,1,11.0000004b,Drive,Loading,pitch.0,700076,-0.9946,-0.4144,3.9175,2.7136,0.0262,-0.1405,-0.0006,0.0659
1779744289292,1,12.00000015,Lower Delivery,Loading,pitch.0,700162,-0.3113,0.0807,0.8937,-2.0213,-0.7927,-2.818,0.0,0.0
1779744289292,1,12.00000018,Upper Delivery,Loading,pitch.0,700849,-0.2732,0.1167,0.3251,-1.5991,-1.4936,-2.654,0.0,0.0
1779744289292,1,Pitching Mound.Delivery,,Loading,pitch.0,699215,-0.5845,0.1974,1.2188,-3.4272,-2.2863,-5.4591,0.0,0.0
1779744289292,1,Pitching Mound.Drive,,Loading,pitch.0,700076,-0.9946,-0.4144,3.9175,2.7136,0.0262,-0.1405,-0.0006,0.0659
1779744289292,1,Pitching Mound.Parent,,Loading,pitch.0,698539,-1.5791,-0.217,5.1363,-0.7135,-2.2601,-5.5996,0.0,0.0
1779744289293,1,11.0000004b,Drive,Loading,pitch.0,700077,-0.9804,-0.4349,3.8359,2.582,-0.1085,-0.1362,0.0027,0.064
1779744289293,1,12.00000015,Lower Delivery,Loading,pitch.0,700163,-0.2963,0.0784,0.9949,-1.7828,-0.2663,-2.8372,0.0,0.0
1779744289293,1,12.00000018,Upper Delivery,Loading,pitch.0,700850,-0.282,0.1328,0.3527,-1.6201,-1.5004,-2.7247,0.0,0.0
1779744289293,1,Pitching Mound.Delivery,,Loading,pitch.0,699216,-0.5783,0.2112,1.3475,-3.1846,-1.7667,-5.5571,0.0,0.0
1779744289293,1,Pitching Mound.Drive,,Loading,pitch.0,700077,-0.9804,-0.4349,3.8359,2.582,-0.1085,-0.1362,0.0027,0.064
1779744289293,1,Pitching Mound.Parent,,Loading,pitch.0,698540,-1.5587,-0.2237,5.1834,-0.6026,-1.8752,-5.6932,0.0,0.0
1779744289294,1,11.0000004b,Drive,Loading,pitch.0,700078,-0.9757,-0.4395,3.8331,2.5595,-0.1418,-0.1099,0.0035,0.0635
1779744289294,1,12.00000015,Lower Delivery,Loading,pitch.0,700164,-0.2884,0.0764,1.074,-1.475,0.3975,-2.8651,0.0,0.0
1779744289294,1,12.00000018,Upper Delivery,Loading,pitch.0,700851,-0.3045,0.1772,0.4425,-2.0332,-1.3793,-2.7893,0.0,0.0
1779744289294,1,Pitching Mound.Delivery,,Loading,pitch.0,699217,-0.5929,0.2536,1.5164,-3.2935,-0.9818,-5.6598,0.0,0.0
1779744289294,1,Pitching Mound.Drive,,Loading,pitch.0,700078,-0.9757,-0.4395,3.8331,2.5595,-0.1418,-0.1099,0.0035,0.0635
1779744289294,1,Pitching Mound.Parent,,Loading,pitch.0,698541,-1.5686,-0.186,5.3495,-0.734,-1.1237,-5.7698,0.0,0.0
1779744289295,1,11.0000004b,Drive,Loading,pitch.0,700079,-0.9537,-0.4635,3.7967,2.5171,-0.2234,-0.13,0.0056,0.0631
1779744289295,1,12.00000015,Lower Delivery,Loading,pitch.0,700165,-0.299,0.0792,1.079,-1.272,0.2036,-2.8647,0.0,0.0
1779744289295,1,12.00000018,Upper Delivery,Loading,pitch.0,700852,-0.3128,0.1901,0.4647,-2.1369,-1.1952,-2.8005,0.0,0.0
1779744289295,1,Pitching Mound.Delivery,,Loading,pitch.0,699218,-0.6118,0.2693,1.5437,-3.2,-0.9916,-5.6698,0.0,0.0
1779744289295,1,Pitching Mound.Drive,,Loading,pitch.0,700079,-0.9537,-0.4635,3.7967,2.5171,-0.2234,-0.13,0.0056,0.0631
1779744289295,1,Pitching Mound.Parent,,Loading,pitch.0,698542,-1.5655,-0.1942,5.3404,-0.6829,-1.215,-5.7999,0.0,0.0
1779744289296,1,11.0000004b,Drive,Loading,pitch.0,700080,-0.9364,-0.4863,3.7669,2.4176,-0.3511,-0.1567,0.0089,0.0611
1779744289296,1,12.00000015,Lower Delivery,Loading,pitch.0,700166,-0.2689,0.0721,1.0838,-1.1091,0.4494,-2.8765,0.0,0.0
1779744289296,1,12.00000018,Upper Delivery,Loading,pitch.0,700853,-0.3143,0.1901,0.4655,-2.1491,-0.9171,-2.806,0.0,0.0
1779744289296,1,Pitching Mound.Delivery,,Loading,pitch.0,699219,-0.5831,0.2622,1.5493,-3.048,-0.4677,-5.6979,0.0,0.0
1779744289296,1,Pitching Mound.Drive,,Loading,pitch.0,700080,-0.9364,-0.4863,3.7669,2.4176,-0.3511,-0.1567,0.0089,0.0611
1779744289296,1,Pitching Mound.Parent,,Loading,pitch.0,698543,-1.5195,-0.2241,5.3162,-0.6304,-0.8188,-5.8546,0.0,0.0
1779744289297,1,11.0000004b,Drive,Loading,pitch.0,700081,-0.927,-0.4848,3.7156,2.3663,-0.3098,-0.1923,0.0079,0.0606
1779744289297,1,12.00000015,Lower Delivery,Loading,pitch.0,700167,-0.2772,0.0753,1.0993,-1.2637,0.4333,-2.9552,0.0,0.0
1779744289297,1,12.00000018,Upper Delivery,Loading,pitch.0,700854,-0.3284,0.1913,0.4652,-2.03,-1.039,-2.7975,0.0,0.0
1779744289297,1,Pitching Mound.Delivery,,Loading,pitch.0,699220,-0.6056,0.2666,1.5645,-3.078,-0.6058,-5.7702,0.0,0.0
1779744289297,1,Pitching Mound.Drive,,Loading,pitch.0,700081,-0.927,-0.4848,3.7156,2.3663,-0.3098,-0.1923,0.0079,0.0606
1779744289297,1,Pitching Mound.Parent,,Loading,pitch.0,698544,-1.5327,-0.2183,5.2801,-0.7118,-0.9155,-5.9624,0.0,0.0
1779744289298,1,11.0000004b,Drive,Loading,pitch.0,700082,-0.8793,-0.5119,3.6203,2.3079,-0.4427,-0.1849,0.0116,0.0606
1779744289298,1,12.00000015,Lower Delivery,Loading,pitch.0,700168,-0.2843,0.0919,1.0551,-1.2555,0.7633,-2.9259,0.0,0.0
1779744289298,1,12.00000018,Upper Delivery,Loading,pitch.0,700855,-0.3899,0.2485,0.6213,-2.0632,-1.018,-2.8628,0.0,0.0
1779744289298,1,Pitching Mound.Delivery,,Loading,pitch.0,699221,-0.6743,0.3404,1.6764,-3.1713,-0.2547,-5.8246,0.0,0.0
1779744289298,1,Pitching Mound.Drive,,Loading,pitch.0,700082,-0.8793,-0.5119,3.6203,2.3079,-0.4427,-0.1849,0.0116,0.0606
1779744289298,1,Pitching Mound.Parent,,Loading,pitch.0,698545,-1.5535,-0.1714,5.2967,-0.8634,-0.6973,-6.0095,0.0,0.0
1779744289299,1,11.0000004b,Drive,Loading,pitch.0,700083,-0.8621,-0.5199,3.5564,2.2513,-0.4183,-0.2237,0.0112,0.0602
1779744289299,1,12.00000015,Lower Delivery,Loading,pitch.0,700169,-0.2921,0.0817,1.0449,-1.189,0.5529,-2.9545,0.0,0.0
1779744289299,1,12.00000018,Upper Delivery,Loading,pitch.0,700856,-0.3642,0.2043,0.5384,-1.8823,-1.102,-2.8566,0.0,0.0
1779744289299,1,Pitching Mound.Delivery,,Loading,pitch.0,699222,-0.6563,0.286,1.5833,-2.8991,-0.549,-5.8357,0.0,0.0
1779744289299,1,Pitching Mound.Drive,,Loading,pitch.0,700083,-0.8621,-0.5199,3.5564,2.2513,-0.4183,-0.2237,0.0112,0.0602
1779744289299,1,Pitching Mound.Parent,,Loading,pitch.0,698546,-1.5184,-0.2339,5.1398,-0.6478,-0.9673,-6.0594,0.0,0.0
1779744289300,1,11.0000004b,Drive,Loading,pitch.0,700084,-0.8352,-0.5181,3.5091,2.2015,-0.4885,-0.221,0.0132,0.0597
1779744289300,1,12.00000015,Lower Delivery,Loading,pitch.0,700170,-0.2965,0.0782,1.028,-1.2806,0.578,-2.9485,0.0,0.0
1779744289300,1,12.00000018,Upper Delivery,Loading,pitch.0,700857,-0.3748,0.2005,0.5116,-1.8823,-1.0491,-2.8306,0.0,0.0
1779744289300,1,Pitching Mound.Delivery,,Loading,pitch.0,699223,-0.6714,0.2787,1.5395,-2.9874,-0.4711,-5.8058,0.0,0.0
1779744289300,1,Pitching Mound.Drive,,Loading,pitch.0,700084,-0.8352,-0.5181,3.5091,2.2015,-0.4885,-0.221,0.0132,0.0597
1779744289300,1,Pitching Mound.Parent,,Loading,pitch.0,698547,-1.5066,-0.2394,5.0487,-0.7859,-0.9596,-6.0268,0.0,0.0
1779744289301,1,11.0000004b,Drive,Loading,pitch.0,700085,-0.8242,-0.5253,3.4894,2.1507,-0.5753,-0.2321,0.0157,0.0586
1779744289301,1,12.00000015,Lower Delivery,Loading,pitch.0,700171,-0.3007,0.0792,0.9846,-1.3539,0.5933,-2.9551,0.0,0.0
1779744289301,1,12.00000018,Upper Delivery,Loading,pitch.0,700858,-0.3459,0.1562,0.4843,-1.8162,-1.0132,-2.8499,0.0,0.0
1779744289301,1,Pitching Mound.Delivery,,Loading,pitch.0,699224,-0.6466,0.2354,1.4688,-3.0,-0.4199,-5.8204,0.0,0.0
1779744289301,1,Pitching Mound.Drive,,Loading,pitch.0,700085,-0.8242,-0.5253,3.4894,2.1507,-0.5753,-0.2321,0.0157,0.0586
1779744289301,1,Pitching Mound.Parent,,Loading,pitch.0,698548,-1.4708,-0.2899,4.9582,-0.8493,-0.9952,-6.0525,0.0,0.0
1779744289302,1,11.0000004b,Drive,Loading,pitch.0,700086,-0.807,-0.5261,3.4568,2.1202,-0.6052,-0.243,0.0167,0.0583
1779744289302,1,12.00000015,Lower Delivery,Loading,pitch.0,700172,-0.3095,0.08,0.9725,-1.3795,0.5279,-2.9498,0.0,0.0
1779744289302,1,12.00000018,Upper Delivery,Loading,pitch.0,700859,-0.352,0.1861,0.5134,-1.61,-1.1627,-2.8594,0.0,0.0
1779744289302,1,Pitching Mound.Delivery,,Loading,pitch.0,699225,-0.6615,0.2661,1.4859,-2.8335,-0.6349,-5.8236,0.0,0.0
1779744289302,1,Pitching Mound.Drive,,Loading,pitch.0,700086,-0.807,-0.5261,3.4568,2.1202,-0.6052,-0.243,0.0167,0.0583
1779744289302,1,Pitching Mound.Parent,,Loading,pitch.0,698549,-1.4685,-0.26,4.9427,-0.7133,-1.24,-6.0666,0.0,0.0
1779744289303,1,11.0000004b,Drive,Loading,pitch.0,700087,-0.7935,-0.5409,3.3742,2.0737,-0.5569,-0.2374,0.0157,0.0585
1779744289303,1,12.00000015,Lower Delivery,Loading,pitch.0,700173,-0.2971,0.0777,1.0124,-1.3733,0.4279,-2.9548,0.0,0.0
1779744289303,1,12.00000018,Upper Delivery,Loading,pitch.0,700860,-0.3446,0.1606,0.4833,-1.4239,-1.3028,-2.8239,0.0,0.0
1779744289303,1,Pitching Mound.Delivery,,Loading,pitch.0,699226,-0.6416,0.2384,1.4957,-2.6173,-0.875,-5.7949,0.0,0.0
1779744289303,1,Pitching Mound.Drive,,Loading,pitch.0,700087,-0.7935,-0.5409,3.3742,2.0737,-0.5569,-0.2374,0.0157,0.0585
1779744289303,1,Pitching Mound.Parent,,Loading,pitch.0,698550,-1.4352,-0.3026,4.8699,-0.5436,-1.4319,-6.0322,0.0,0.0
1779744289304,1,11.0000004b,Drive,Loading,pitch.0,700088,-0.7673,-0.5346,3.381,2.0373,-0.6477,-0.2389,0.0182,0.0573
1779744289304,1,12.00000015,Lower Delivery,Loading,pitch.0,700174,-0.3102,0.0807,0.9707,-1.6073,0.0975,-3.0092,0.0,0.0
1779744289304,1,12.00000018,Upper Delivery,Loading,pitch.0,700861,-0.3318,0.1295,0.4882,-1.3642,-1.1584,-2.7453,0.0,0.0
1779744289304,1,Pitching Mound.Delivery,,Loading,pitch.0,699227,-0.6421,0.2102,1.4589,-2.8074,-1.0609,-5.7619,0.0,0.0
1779744289304,1,Pitching Mound.Drive,,Loading,pitch.0,700088,-0.7673,-0.5346,3.381,2.0373,-0.6477,-0.2389,0.0182,0.0573
1779744289304,1,Pitching Mound.Parent,,Loading,pitch.0,698551,-1.4094,-0.3243,4.8398,-0.7702,-1.7086,-6.0007,0.0,0.0
1779744289305,1,11.0000004b,Drive,Loading,pitch.0,700089,-0.7478,-0.5395,3.3263,1.9797,-0.6455,-0.2586,0.0185,0.0566
1779744289305,1,12.00000015,Lower Delivery,Loading,pitch.0,700175,-0.3008,0.082,0.9437,-1.5972,0.1158,-2.9744,0.0,0.0
1779744289305,1,12.00000018,Upper Delivery,Loading,pitch.0,700862,-0.3327,0.133,0.4786,-1.328,-1.2021,-2.6954,0.0,0.0
1779744289305,1,Pitching Mound.Delivery,,Loading,pitch.0,699228,-0.6336,0.2151,1.4223,-2.767,-1.0863,-5.6806,0.0,0.0
1779744289305,1,Pitching Mound.Drive,,Loading,pitch.0,700089,-0.7478,-0.5395,3.3263,1.9797,-0.6455,-0.2586,0.0185,0.0566
1779744289305,1,Pitching Mound.Parent,,Loading,pitch.0,698552,-1.3814,-0.3244,4.7486,-0.7873,-1.7318,-5.9392,0.0,0.0
1779744289306,1,11.0000004b,Drive,Loading,pitch.0,700090,-0.7284,-0.5425,3.2569,1.9215,-0.7287,-0.2164,0.0213,0.0561
1779744289306,1,12.00000015,Lower Delivery,Loading,pitch.0,700176,-0.2854,0.0764,0.9533,-1.5056,-0.0051,-2.979,0.0,0.0
1779744289306,1,12.00000018,Upper Delivery,Loading,pitch.0,700863,-0.3513,0.1418,0.5031,-1.3971,-1.2764,-2.6841,0.0,0.0
1779744289306,1,Pitching Mound.Delivery,,Loading,pitch.0,699229,-0.6367,0.2182,1.4564,-2.7495,-1.2815,-5.6855,0.0,0.0
1779744289306,1,Pitching Mound.Drive,,Loading,pitch.0,700090,-0.7284,-0.5425,3.2569,1.9215,-0.7287,-0.2164,0.0213,0.0561
1779744289306,1,Pitching Mound.Parent,,Loading,pitch.0,698553,-1.3651,-0.3243,4.7133,-0.8281,-2.0102,-5.9019,0.0,0.0
1779744289307,1,11.0000004b,Drive,Loading,pitch.0,700091,-0.7237,-0.5481,3.215,1.8114,-0.7164,-0.1845,0.0212,0.0536
1779744289307,1,12.00000015,Lower Delivery,Loading,pitch.0,700177,-0.3153,0.0811,0.9499,-1.1435,-0.3222,-3.004,0.0,0.0
1779744289307,1,12.00000018,Upper Delivery,Loading,pitch.0,700864,-0.3368,0.1513,0.5364,-1.3128,-1.1884,-2.649,0.0,0.0
1779744289307,1,Pitching Mound.Delivery,,Loading,pitch.0,699230,-0.6521,0.2324,1.4863,-2.3157,-1.5106,-5.6604,0.0,0.0
1779744289307,1,Pitching Mound.Drive,,Loading,pitch.0,700091,-0.7237,-0.5481,3.215,1.8114,-0.7164,-0.1845,0.0212,0.0536
1779744289307,1,Pitching Mound.Parent,,Loading,pitch.0,698554,-1.3758,-0.3157,4.7013,-0.5043,-2.227,-5.8449,0.0,0.0
1779744289308,1,11.0000004b,Drive,Loading,pitch.0,700092,-0.7104,-0.5433,3.2249,1.8407,-0.7438,-0.1734,0.0219,0.0543
1779744289308,1,12.00000015,Lower Delivery,Loading,pitch.0,700178,-0.315,0.0807,0.887,-1.3356,-0.3301,-2.9945,0.0,0.0
1779744289308,1,12.00000018,Upper Delivery,Loading,pitch.0,700865,-0.3234,0.1348,0.5223,-1.5009,-1.4236,-2.7282,0.0,0.0
1779744289308,1,Pitching Mound.Delivery,,Loading,pitch.0,699231,-0.6384,0.2154,1.4093,-2.7125,-1.7537,-5.7256,0.0,0.0
1779744289308,1,Pitching Mound.Drive,,Loading,pitch.0,700092,-0.7104,-0.5433,3.2249,1.8407,-0.7438,-0.1734,0.0219,0.0543
1779744289308,1,Pitching Mound.Parent,,Loading,pitch.0,698555,-1.3489,-0.3279,4.6342,-0.8718,-2.4975,-5.899,0.0,0.0
1779744289309,1,11.0000004b,Drive,Loading,pitch.0,700093,-0.7169,-0.5326,3.1993,1.772,-0.8646,-0.171,0.0257,0.0527
1779744289309,1,12.00000015,Lower Delivery,Loading,pitch.0,700179,-0.2836,0.0738,0.9392,-1.3551,-0.6735,-3.0254,0.0,0.0
1779744289309,1,12.00000018,Upper Delivery,Loading,pitch.0,700866,-0.3293,0.1513,0.5185,-0.9636,-0.8176,-2.6193,0.0,0.0
1779744289309,1,Pitching Mound.Delivery,,Loading,pitch.0,699232,-0.6129,0.2251,1.4576,-2.1756,-1.4911,-5.6602,0.0,0.0
1779744289309,1,Pitching Mound.Drive,,Loading,pitch.0,700093,-0.7169,-0.5326,3.1993,1.772,-0.8646,-0.171,0.0257,0.0527
1779744289309,1,Pitching Mound.Parent,,Loading,pitch.0,698556,-1.3298,-0.3075,4.6569,-0.4036,-2.3557,-5.8313,0.0,0.0
1779744289310,1,11.0000004b,Drive,Loading,pitch.0,700094,-0.7205,-0.5496,3.2022,1.7167,-0.9353,-0.1756,0.0278,0.051
1779744289310,1,12.00000015,Lower Delivery,Loading,pitch.0,700180,-0.2934,0.0765,0.9062,-1.7185,-0.4477,-2.9849,0.0,0.0
1779744289310,1,12.00000018,Upper Delivery,Loading,pitch.0,700867,-0.317,0.1542,0.5501,-0.8788,-0.726,-2.6402,0.0,0.0
1779744289310,1,Pitching Mound.Delivery,,Loading,pitch.0,699233,-0.6104,0.2307,1.4564,-2.4762,-1.1737,-5.6332,0.0,0.0
1779744289310,1,Pitching Mound.Drive,,Loading,pitch.0,700094,-0.7205,-0.5496,3.2022,1.7167,-0.9353,-0.1756,0.0278,0.051
1779744289310,1,Pitching Mound.Parent,,Loading,pitch.0,698557,-1.3309,-0.319,4.6585,-0.7595,-2.109,-5.8088,0.0,0.0
1779744289311,1,11.0000004b,Drive,Loading,pitch.0,700095,-0.7104,-0.5548,3.1711,1.7448,-0.9544,-0.1808,0.0286,0.0523
1779744289311,1,12.00000015,Lower Delivery,Loading,pitch.0,700181,-0.3272,0.0846,0.8515,-2.1975,-1.4009,-2.9821,0.0,0.0
1779744289311,1,12.00000018,Upper Delivery,Loading,pitch.0,700868,-0.3114,0.1738,0.5635,-0.9014,-0.7481,-2.6763,0.0,0.0
1779744289311,1,Pitching Mound.Delivery,,Loading,pitch.0,699234,-0.6386,0.2584,1.415,-3.0009,-2.149,-5.653,0.0,0.0
1779744289311,1,Pitching Mound.Drive,,Loading,pitch.0,700095,-0.7104,-0.5548,3.1711,1.7448,-0.9544,-0.1808,0.0286,0.0523
1779744289311,1,Pitching Mound.Parent,,Loading,pitch.0,698558,-1.349,-0.2964,4.5861,-1.2561,-3.1035,-5.8338,0.0,0.0
1779744289312,1,11.0000004b,Drive,Loading,pitch.0,700096,-0.7169,-0.5606,3.1651,1.698,-1.0597,-0.154,0.0318,0.051
1779744289312,1,12.00000015,Lower Delivery,Loading,pitch.0,700182,-0.3289,0.0848,0.8997,-2.3119,-1.3705,-2.9723,0.0,0.0
1779744289312,1,12.00000018,Upper Delivery,Loading,pitch.0,700869,-0.3351,0.2156,0.5629,-0.7409,-0.5732,-2.7446,0.0,0.0
1779744289312,1,Pitching Mound.Delivery,,Loading,pitch.0,699235,-0.664,0.3004,1.4626,-2.9383,-1.9436,-5.7189,0.0,0.0
1779744289312,1,Pitching Mound.Drive,,Loading,pitch.0,700096,-0.7169,-0.5606,3.1651,1.698,-1.0597,-0.154,0.0318,0.051
1779744289312,1,Pitching Mound.Parent,,Loading,pitch.0,698559,-1.381,-0.2602,4.6277,-1.2403,-3.0033,-5.8729,0.0,0.0
1779744289313,1,11.0000004b,Drive,Loading,pitch.0,700097,-0.7205,-0.5692,3.2115,1.6951,-1.1594,-0.1551,0.0343,0.0502
1779744289313,1,12.00000015,Lower Delivery,Loading,pitch.0,700183,-0.3298,0.0853,0.8369,-2.4103,-1.7262,-2.9661,0.0,0.0
1779744289313,1,12.00000018,Upper Delivery,Loading,pitch.0,700870,-0.3304,0.2165,0.5195,-0.8868,-0.7291,-2.7378,0.0,0.0
1779744289313,1,Pitching Mound.Delivery,,Loading,pitch.0,699236,-0.6603,0.3017,1.3565,-3.1892,-2.4553,-5.7041,0.0,0.0
1779744289313,1,Pitching Mound.Drive,,Loading,pitch.0,700097,-0.7205,-0.5692,3.2115,1.6951,-1.1594,-0.1551,0.0343,0.0502
1779744289313,1,Pitching Mound.Parent,,Loading,pitch.0,698560,-1.3808,-0.2674,4.568,-1.4941,-3.6147,-5.8592,0.0,0.0
1779744289314,1,11.0000004b,Drive,Loading,pitch.0,700098,-0.7265,-0.5906,3.2045,1.6962,-1.2132,-0.1334,0.036,0.0504
1779744289314,1,12.00000015,Lower Delivery,Loading,pitch.0,700184,-0.3517,0.0906,0.8411,-2.1435,-1.0956,-2.936,0.0,0.0
1779744289314,1,12.00000018,Upper Delivery,Loading,pitch.0,700871,-0.3518,0.2352,0.5253,-1.2255,-0.6821,-2.8025,0.0,0.0
1779744289314,1,Pitching Mound.Delivery,,Loading,pitch.0,699237,-0.7036,0.3258,1.3664,-3.2617,-1.7777,-5.7386,0.0,0.0
1779744289314,1,Pitching Mound.Drive,,Loading,pitch.0,700098,-0.7265,-0.5906,3.2045,1.6962,-1.2132,-0.1334,0.036,0.0504
1779744289314,1,Pitching Mound.Parent,,Loading,pitch.0,698561,-1.4301,-0.2648,4.571,-1.5654,-2.9909,-5.872,0.0,0.0
1779744289315,1,11.0000004b,Drive,Loading,pitch.0,700099,-0.7365,-0.5951,3.0964,1.6508,-1.2167,-0.0952,0.0374,0.0507
1779744289315,1,12.00000015,Lower Delivery,Loading,pitch.0,700185,-0.3183,0.082,0.8309,-2.2804,-1.0825,-2.9137,0.0,0.0
1779744289315,1,12.00000018,Upper Delivery,Loading,pitch.0,700872,-0.3431,0.2473,0.5315,-1.3596,-0.8162,-2.8041,0.0,0.0
1779744289315,1,Pitching Mound.Delivery,,Loading,pitch.0,699238,-0.6615,0.3293,1.3624,-3.5383,-1.8987,-5.7263,0.0,0.0
1779744289315,1,Pitching Mound.Drive,,Loading,pitch.0,700099,-0.7365,-0.5951,3.0964,1.6508,-1.2167,-0.0952,0.0374,0.0507
1779744289315,1,Pitching Mound.Parent,,Loading,pitch.0,698562,-1.398,-0.2658,4.4588,-1.8874,-3.1154,-5.8215,0.0,0.0
1779744289316,1,11.0000004b,Drive,Loading,pitch.0,700100,-0.757,-0.6132,2.9265,1.6192,-1.3914,-0.0827,0.0452,0.0526
1779744289316,1,12.00000015,Lower Delivery,Loading,pitch.0,700186,-0.3194,0.0823,0.8216,-2.3117,-0.6914,-2.9163,0.0,0.0
1779744289316,1,12.00000018,Upper Delivery,Loading,pitch.0,700873,-0.3517,0.2439,0.5302,-1.5508,-0.908,-2.8405,0.0,0.0
1779744289316,1,Pitching Mound.Delivery,,Loading,pitch.0,699239,-0.6711,0.3262,1.3518,-3.7634,-1.5994,-5.7678,0.0,0.0
1779744289316,1,Pitching Mound.Drive,,Loading,pitch.0,700100,-0.757,-0.6132,2.9265,1.6192,-1.3914,-0.0827,0.0452,0.0526
1779744289316,1,Pitching Mound.Parent,,Loading,pitch.0,698563,-1.428,-0.287,4.2783,-2.1442,-2.9908,-5.8505,0.0,0.0
1779744289317,1,11.0000004b,Drive,Loading,pitch.0,700101,-0.7754,-0.6242,2.831,1.6427,-1.4181,-0.0652,0.0477,0.0552
1779744289317,1,12.00000015,Lower Delivery,Loading,pitch.0,700187,-0.3,0.0779,0.8053,-2.1232,-0.9279,-2.8942,0.0,0.0
1779744289317,1,12.00000018,Upper Delivery,Loading,pitch.0,700874,-0.3276,0.2194,0.4747,-1.5856,-0.9221,-2.8669,0.0,0.0
1779744289317,1,Pitching Mound.Delivery,,Loading,pitch.0,699240,-0.6276,0.2973,1.28,-3.5964,-1.85,-5.7705,0.0,0.0
1779744289317,1,Pitching Mound.Drive,,Loading,pitch.0,700101,-0.7754,-0.6242,2.831,1.6427,-1.4181,-0.0652,0.0477,0.0552
1779744289317,1,Pitching Mound.Parent,,Loading,pitch.0,698564,-1.403,-0.3269,4.1111,-1.9537,-3.2681,-5.8356,0.0,0.0
1779744289318,1,11.0000004b,Drive,Loading,pitch.0,700102,-0.805,-0.6295,2.9152,1.6449,-1.4403,-0.0434,0.047,0.0537
1779744289318,1,12.00000015,Lower Delivery,Loading,pitch.0,700188,-0.3013,0.0779,0.8033,-2.3125,-1.0394,-2.9126,0.0,0.0
1779744289318,1,12.00000018,Upper Delivery,Loading,pitch.0,700875,-0.3288,0.2222,0.5177,-1.3216,-1.0132,-2.8443,0.0,0.0
1779744289318,1,Pitching Mound.Delivery,,Loading,pitch.0,699241,-0.6301,0.3001,1.321,-3.537,-2.0526,-5.7662,0.0,0.0
1779744289318,1,Pitching Mound.Drive,,Loading,pitch.0,700102,-0.805,-0.6295,2.9152,1.6449,-1.4403,-0.0434,0.047,0.0537
1779744289318,1,Pitching Mound.Parent,,Loading,pitch.0,698565,-1.435,-0.3294,4.2362,-1.8921,-3.4929,-5.8096,0.0,0.0
1779744289319,1,11.0000004b,Drive,Loading,pitch.0,700103,-0.8163,-0.6435,2.9588,1.6046,-1.4626,-0.0355,0.047,0.0516
1779744289319,1,12.00000015,Lower Delivery,Loading,pitch.0,700189,-0.308,0.0792,0.7763,-2.4525,-1.4983,-2.9109,0.0,0.0
1779744289319,1,12.00000018,Upper Delivery,Loading,pitch.0,700876,-0.376,0.2304,0.5384,-1.4172,-0.8292,-2.841,0.0,0.0
1779744289319,1,Pitching Mound.Delivery,,Loading,pitch.0,699242,-0.6839,0.3096,1.3148,-3.7888,-2.3275,-5.775,0.0,0.0
1779744289319,1,Pitching Mound.Drive,,Loading,pitch.0,700103,-0.8163,-0.6435,2.9588,1.6046,-1.4626,-0.0355,0.047,0.0516
1779744289319,1,Pitching Mound.Parent,,Loading,pitch.0,698566,-1.5002,-0.3339,4.2736,-2.1842,-3.7901,-5.8104,0.0,0.0
1779744289320,1,11.0000004b,Drive,Loading,pitch.0,700104,-0.8436,-0.6528,3.0744,1.6129,-1.5246,-0.0297,0.0472,0.0499
1779744289320,1,12.00000015,Lower Delivery,Loading,pitch.0,700190,-0.3195,0.0818,0.7648,-2.5883,-1.5017,-2.8414,0.0,0.0
1779744289320,1,12.00000018,Upper Delivery,Loading,pitch.0,700877,-0.3638,0.2404,0.6009,-1.6689,-1.0433,-2.8516,0.0,0.0
1779744289320,1,Pitching Mound.Delivery,,Loading,pitch.0,699243,-0.6834,0.3221,1.3657,-4.2016,-2.545,-5.708,0.0,0.0
1779744289320,1,Pitching Mound.Drive,,Loading,pitch.0,700104,-0.8436,-0.6528,3.0744,1.6129,-1.5246,-0.0297,0.0472,0.0499
1779744289320,1,Pitching Mound.Parent,,Loading,pitch.0,698567,-1.527,-0.3307,4.4401,-2.5887,-4.0696,-5.7377,0.0,0.0
1779744289321,1,11.0000004b,Drive,Loading,pitch.0,700105,-0.8607,-0.6617,3.091,1.5623,-1.5323,-0.0069,0.0472,0.0481
1779744289321,1,12.00000015,Lower Delivery,Loading,pitch.0,700191,-0.313,0.0804,0.7419,-2.3467,-1.9865,-2.885,0.0,0.0
1779744289321,1,12.00000018,Upper Delivery,Loading,pitch.0,700878,-0.3329,0.1864,0.5238,-1.3281,-0.9647,-2.8137,0.0,0.0
1779744289321,1,Pitching Mound.Delivery,,Loading,pitch.0,699244,-0.6458,0.2667,1.2658,-3.6006,-2.9512,-5.7055,0.0,0.0
1779744289321,1,Pitching Mound.Drive,,Loading,pitch.0,700105,-0.8607,-0.6617,3.091,1.5623,-1.5323,-0.0069,0.0472,0.0481
1779744289321,1,Pitching Mound.Parent,,Loading,pitch.0,698568,-1.5066,-0.3949,4.3568,-2.0383,-4.4835,-5.7124,0.0,0.0
1779744289322,1,11.0000004b,Drive,Loading,pitch.0,700106,-0.8818,-0.6614,3.143,1.5416,-1.53,-0.0138,0.0463,0.0467
1779744289322,1,12.00000015,Lower Delivery,Loading,pitch.0,700192,-0.3243,0.083,0.7454,-2.4216,-2.2564,-2.8755,0.0,0.0
1779744289322,1,12.00000018,Upper Delivery,Loading,pitch.0,700879,-0.3417,0.1773,0.4856,-1.7425,-1.2239,-2.8406,0.0,0.0
1779744289322,1,Pitching Mound.Delivery,,Loading,pitch.0,699245,-0.6661,0.2603,1.2309,-4.0758,-3.4803,-5.722,0.0,0.0
1779744289322,1,Pitching Mound.Drive,,Loading,pitch.0,700106,-0.8818,-0.6614,3.143,1.5416,-1.53,-0.0138,0.0463,0.0467
1779744289322,1,Pitching Mound.Parent,,Loading,pitch.0,698569,-1.5478,-0.4011,4.3739,-2.5343,-5.0103,-5.7358,0.0,0.0
1779744289323,1,11.0000004b,Drive,Loading,pitch.0,700107,-0.8809,-0.6764,3.145,1.593,-1.5156,-0.0197,0.0458,0.0482
1779744289323,1,12.00000015,Lower Delivery,Loading,pitch.0,700193,-0.3141,0.0809,0.6997,-2.3279,-2.0005,-2.859,0.0,0.0
1779744289323,1,12.00000018,Upper Delivery,Loading,pitch.0,700880,-0.3444,0.1488,0.4825,-1.7901,-1.3804,-2.863,0.0,0.0
1779744289323,1,Pitching Mound.Delivery,,Loading,pitch.0,699246,-0.6584,0.2297,1.1822,-4.0442,-3.3809,-5.7322,0.0,0.0
1779744289323,1,Pitching Mound.Drive,,Loading,pitch.0,700107,-0.8809,-0.6764,3.145,1.593,-1.5156,-0.0197,0.0458,0.0482
1779744289323,1,Pitching Mound.Parent,,Loading,pitch.0,698570,-1.5394,-0.4466,4.3272,-2.4512,-4.8965,-5.7519,0.0,0.0
1779744289324,1,11.0000004b,Drive,Loading,pitch.0,700108,-0.8857,-0.6896,3.1289,1.6025,-1.4981,-0.0522,0.0455,0.0487
1779744289324,1,12.00000015,Lower Delivery,Loading,pitch.0,700194,-0.2886,0.0747,0.7894,-2.3051,-1.3633,-2.9271,0.0,0.0
1779744289324,1,12.00000018,Upper Delivery,Loading,pitch.0,700881,-0.3124,0.1113,0.3693,-1.918,-1.2602,-2.9012,0.0,0.0
1779744289324,1,Pitching Mound.Delivery,,Loading,pitch.0,699247,-0.601,0.186,1.1587,-4.0803,-2.6235,-5.8363,0.0,0.0
1779744289324,1,Pitching Mound.Drive,,Loading,pitch.0,700108,-0.8857,-0.6896,3.1289,1.6025,-1.4981,-0.0522,0.0455,0.0487
1779744289324,1,Pitching Mound.Parent,,Loading,pitch.0,698571,-1.4867,-0.5036,4.2876,-2.4778,-4.1216,-5.8885,0.0,0.0
1779744289325,1,11.0000004b,Drive,Loading,pitch.0,700109,-0.8671,-0.6779,3.102,1.6208,-1.5206,-0.0649,0.0466,0.0497
1779744289325,1,12.00000015,Lower Delivery,Loading,pitch.0,700195,-0.311,0.0803,0.8624,-2.6554,-1.8192,-2.9261,0.0,0.0
1779744289325,1,12.00000018,Upper Delivery,Loading,pitch.0,700882,-0.2766,0.0923,0.3631,-1.779,-1.4321,-2.8596,0.0,0.0
1779744289325,1,Pitching Mound.Delivery,,Loading,pitch.0,699248,-0.5876,0.1726,1.2256,-4.2646,-3.2513,-5.774,0.0,0.0
1779744289325,1,Pitching Mound.Drive,,Loading,pitch.0,700109,-0.8671,-0.6779,3.102,1.6208,-1.5206,-0.0649,0.0466,0.0497
1779744289325,1,Pitching Mound.Parent,,Loading,pitch.0,698572,-1.4547,-0.5053,4.3276,-2.6438,-4.7719,-5.8388,0.0,0.0
1779744289326,1,11.0000004b,Drive,Loading,pitch.0,700110,-0.8539,-0.6935,3.0359,1.6303,-1.4422,-0.0922,0.0452,0.0511
1779744289326,1,12.00000015,Lower Delivery,Loading,pitch.0,700196,-0.3072,0.0791,0.8476,-2.5845,-2.0879,-2.9087,0.0,0.0
1779744289326,1,12.00000018,Upper Delivery,Loading,pitch.0,700883,-0.3104,0.1193,0.3288,-1.6285,-1.4859,-2.885,0.0,0.0
1779744289326,1,Pitching Mound.Delivery,,Loading,pitch.0,699249,-0.6176,0.1984,1.1764,-4.0366,-3.5738,-5.7947,0.0,0.0
1779744289326,1,Pitching Mound.Drive,,Loading,pitch.0,700110,-0.8539,-0.6935,3.0359,1.6303,-1.4422,-0.0922,0.0452,0.0511
1779744289326,1,Pitching Mound.Parent,,Loading,pitch.0,698573,-1.4715,-0.4952,4.2123,-2.4063,-5.016,-5.8869,0.0,0.0
1779744289327,1,11.0000004b,Drive,Loading,pitch.0,700111,-0.8371,-0.6944,2.9804,1.683,-1.3662,-0.1263,0.0436,0.0537
1779744289327,1,12.00000015,Lower Delivery,Loading,pitch.0,700197,-0.3115,0.0802,0.9207,-2.0461,-1.0857,-2.8904,0.0,0.0
1779744289327,1,12.00000018,Upper Delivery,Loading,pitch.0,700884,-0.3066,0.0953,0.3305,-1.7676,-1.56,-2.8739,0.0,0.0
1779744289327,1,Pitching Mound.Delivery,,Loading,pitch.0,699250,-0.6181,0.1755,1.2512,-3.613,-2.6457,-5.7626,0.0,0.0
1779744289327,1,Pitching Mound.Drive,,Loading,pitch.0,700111,-0.8371,-0.6944,2.9804,1.683,-1.3662,-0.1263,0.0436,0.0537
1779744289327,1,Pitching Mound.Parent,,Loading,pitch.0,698574,-1.4551,-0.5188,4.2316,-1.93,-4.0118,-5.8889,0.0,0.0
1779744289328,1,11.0000004b,Drive,Loading,pitch.0,700112,-0.8019,-0.7014,2.9855,1.7478,-1.2573,-0.1508,0.0401,0.0557
1779744289328,1,12.00000015,Lower Delivery,Loading,pitch.0,700198,-0.3259,0.0834,0.9604,-1.9339,-0.6627,-2.8477,0.0,0.0
1779744289328,1,12.00000018,Upper Delivery,Loading,pitch.0,700886,-0.313,0.1028,0.2946,-1.8462,-1.6861,-2.8797,0.0,0.0
1779744289328,1,12.00000018,Upper Delivery,Loading,pitch.0,700885,-0.3102,0.0747,0.2777,-1.725,-1.607,-2.8781,0.0,0.0
1779744289328,1,Pitching Mound.Delivery,,Loading,pitch.0,699251,-0.6362,0.1581,1.2381,-3.4268,-2.2698,-5.7205,0.0,0.0
1779744289328,1,Pitching Mound.Drive,,Loading,pitch.0,700112,-0.8019,-0.7014,2.9855,1.7478,-1.2573,-0.1508,0.0401,0.0557
1779744289328,1,Pitching Mound.Parent,,Loading,pitch.0,698575,-1.438,-0.5433,4.2236,-1.679,-3.527,-5.8713,0.0,0.0
1779744289329,1,11.0000004b,Drive,Loading,pitch.0,700113,-0.7603,-0.7047,3.0289,1.8043,-1.245,-0.1811,0.0391,0.0567
1779744289329,1,12.00000015,Lower Delivery,Loading,pitch.0,700199,-0.3155,0.0806,0.89,-1.8885,-0.555,-2.8578,0.0,0.0
1779744289329,1,Pitching Mound.Delivery,,Loading,pitch.0,699252,-0.6285,0.1834,1.1845,-3.5323,-2.2411,-5.7367,0.0,0.0
1779744289329,1,Pitching Mound.Drive,,Loading,pitch.0,700113,-0.7603,-0.7047,3.0289,1.8043,-1.245,-0.1811,0.0391,0.0567
1779744289329,1,Pitching Mound.Parent,,Loading,pitch.0,698576,-1.3888,-0.5212,4.2135,-1.728,-3.4861,-5.9178,0.0,0.0
1779744289330,1,11.0000004b,Drive,Loading,pitch.0,700114,-0.7005,-0.7034,3.1058,1.9501,-1.1195,-0.2004,0.0343,0.0597
1779744289330,1,12.00000015,Lower Delivery,Loading,pitch.0,700200,-0.2835,0.0732,0.8965,-1.9402,-0.984,-2.9174,0.0,0.0
1779744289330,1,12.00000018,Upper Delivery,Loading,pitch.0,700887,-0.2929,0.0946,0.2788,-1.9273,-1.8253,-2.8442,0.0,0.0
1779744289330,1,12.00000018,Upper Delivery,Loading,pitch.0,700888,-0.2973,0.087,0.2995,-1.8613,-1.765,-2.801,0.0,0.0
1779744289330,1,Pitching Mound.Delivery,,Loading,pitch.0,699253,-0.5764,0.1678,1.1753,-3.6575,-2.8093,-5.7648,0.0,0.0
1779744289330,1,Pitching Mound.Drive,,Loading,pitch.0,700114,-0.7005,-0.7034,3.1058,1.9501,-1.1195,-0.2004,0.0343,0.0597
1779744289330,1,Pitching Mound.Parent,,Loading,pitch.0,698577,-1.2769,-0.5356,4.2811,-1.7074,-3.9288,-5.9652,0.0,0.0
1779744289331,1,11.0000004b,Drive,Loading,pitch.0,700115,-0.6447,-0.6895,3.0438,1.9847,-0.995,-0.2251,0.0311,0.062
1779744289331,1,12.00000015,Lower Delivery,Loading,pitch.0,700201,-0.2723,0.0707,0.8793,-1.6392,-0.7265,-2.8711,0.0,0.0
1779744289331,1,Pitching Mound.Delivery,,Loading,pitch.0,699254,-0.5696,0.1577,1.1787,-3.3034,-2.4915,-5.6806,0.0,0.0
1779744289331,1,Pitching Mound.Drive,,Loading,pitch.0,700115,-0.6447,-0.6895,3.0438,1.9847,-0.995,-0.2251,0.0311,0.062
1779744289331,1,Pitching Mound.Parent,,Loading,pitch.0,698578,-1.2144,-0.5318,4.2225,-1.3187,-3.4865,-5.9057,0.0,0.0
1779744289332,1,11.0000004b,Drive,Loading,pitch.0,700116,-0.5721,-0.6459,2.9791,2.2228,-0.845,-0.2539,0.027,0.071
1779744289332,1,12.00000015,Lower Delivery,Loading,pitch.0,700202,-0.2645,0.0682,0.8795,-1.6096,-0.8486,-2.8462,0.0,0.0
1779744289332,1,12.00000018,Upper Delivery,Loading,pitch.0,700889,-0.2836,0.0842,0.282,-1.5667,-1.4561,-2.7052,0.0,0.0
1779744289332,1,Pitching Mound.Delivery,,Loading,pitch.0,699255,-0.5482,0.1523,1.1615,-2.9732,-2.3047,-5.5578,0.0,0.0
1779744289332,1,Pitching Mound.Drive,,Loading,pitch.0,700116,-0.5721,-0.6459,2.9791,2.2228,-0.845,-0.2539,0.027,0.071
1779744289332,1,Pitching Mound.Parent,,Loading,pitch.0,698579,-1.1203,-0.4936,4.1406,-0.7503,-3.1497,-5.8117,0.0,0.0
1779744289333,1,11.0000004b,Drive,Loading,pitch.0,700117,-0.513,-0.6215,2.9319,2.3354,-0.7249,-0.3004,0.0235,0.0758
1779744289333,1,12.00000015,Lower Delivery,Loading,pitch.0,700203,-0.2528,0.0656,0.86,-1.4532,-0.5537,-2.9177,0.0,0.0
1779744289333,1,12.00000015,Lower Delivery,Loading,pitch.0,700204,-0.2551,0.066,0.8001,-1.3514,-0.5546,-2.8708,0.0,0.0
1779744289333,1,12.00000018,Upper Delivery,Loading,pitch.0,700891,-0.2733,0.0996,0.3079,-1.377,-1.2552,-2.6785,0.0,0.0
1779744289333,1,12.00000018,Upper Delivery,Loading,pitch.0,700890,-0.2993,0.0851,0.309,-1.6929,-1.5877,-2.7596,0.0,0.0
1779744289333,1,Pitching Mound.Delivery,,Loading,pitch.0,699256,-0.5521,0.1508,1.169,-2.9588,-2.1414,-5.6932,0.0,0.0
1779744289333,1,Pitching Mound.Delivery,,Loading,pitch.0,699257,-0.5284,0.1655,1.108,-2.5611,-1.8098,-5.5554,0.0,0.0
1779744289333,1,Pitching Mound.Drive,,Loading,pitch.0,700117,-0.513,-0.6215,2.9319,2.3354,-0.7249,-0.3004,0.0235,0.0758
1779744289333,1,Pitching Mound.Parent,,Loading,pitch.0,698580,-1.0651,-0.4708,4.101,-0.6234,-2.8663,-5.9936,0.0,0.0
1779744289334,1,11.0000004b,Drive,Loading,pitch.0,700118,-0.4316,-0.5987,2.8231,2.4636,-0.4896,-0.3305,0.0165,0.083
1779744289334,1,Pitching Mound.Drive,,Loading,pitch.0,700118,-0.4316,-0.5987,2.8231,2.4636,-0.4896,-0.3305,0.0165,0.083
1779744289334,1,Pitching Mound.Parent,,Loading,pitch.0,698581,-0.96,-0.4332,3.9311,-0.0975,-2.2994,-5.8859,0.0,0.0
1779744289335,1,11.0000004b,Drive,Loading,pitch.0,700119,-0.3496,-0.5731,2.796,2.6742,0.0229,-0.3523,-0.0008,0.091
1779744289335,1,12.00000015,Lower Delivery,Loading,pitch.0,700205,-0.2357,0.0615,0.8149,-1.6366,-0.7516,-2.8563,0.0,0.0
1779744289335,1,12.00000018,Upper Delivery,Loading,pitch.0,700892,-0.2657,0.0903,0.3523,-1.3326,-1.2102,-2.6379,0.0,0.0
1779744289335,1,Pitching Mound.Delivery,,Loading,pitch.0,699258,-0.5015,0.1518,1.1671,-2.812,-1.9618,-5.5044,0.0,0.0
1779744289335,1,Pitching Mound.Drive,,Loading,pitch.0,700119,-0.3496,-0.5731,2.796,2.6742,0.0229,-0.3523,-0.0008,0.091
1779744289335,1,Pitching Mound.Parent,,Loading,pitch.0,698582,-0.8511,-0.4213,3.9631,-0.1378,-1.9389,-5.8567,0.0,0.0
1779744289336,1,11.0000004b,Drive,Loading,pitch.0,700120,-0.2637,-0.551,2.7824,2.9253,0.8412,-0.4193,-0.0288,0.1
1779744289336,1,12.00000015,Lower Delivery,Loading,pitch.0,700206,-0.2357,0.0613,0.793,-1.4007,-0.7473,-2.8829,0.0,0.0
1779744289336,1,12.00000018,Upper Delivery,Loading,pitch.0,700893,-0.2746,0.1062,0.3781,-1.6198,-1.5077,-2.7945,0.0,0.0
1779744289336,1,Pitching Mound.Delivery,,Loading,pitch.0,699259,-0.5103,0.1675,1.1712,-2.8794,-2.255,-5.6907,0.0,0.0
1779744289336,1,Pitching Mound.Drive,,Loading,pitch.0,700120,-0.2637,-0.551,2.7824,2.9253,0.8412,-0.4193,-0.0288,0.1
1779744289336,1,Pitching Mound.Parent,,Loading,pitch.0,698583,-0.774,-0.3835,3.9536,0.0459,-1.4138,-6.11,0.0,0.0
1779744289337,1,11.0000004b,Drive,Loading,pitch.0,700121,-0.1751,-0.5405,2.7445,3.0635,0.9128,-0.512,-0.0316,0.1062
1779744289337,1,12.00000015,Lower Delivery,Loading,pitch.0,700207,-0.2204,0.0583,0.8826,-1.6754,-0.5731,-2.9211,0.0,0.0
1779744289337,1,12.00000018,Upper Delivery,Loading,pitch.0,700894,-0.2611,0.1083,0.4091,-1.6621,-1.5375,-2.8125,0.0,0.0
1779744289337,1,Pitching Mound.Delivery,,Loading,pitch.0,699260,-0.4815,0.1666,1.2918,-3.1765,-2.1106,-5.7474,0.0,0.0
1779744289337,1,Pitching Mound.Drive,,Loading,pitch.0,700121,-0.1751,-0.5405,2.7445,3.0635,0.9128,-0.512,-0.0316,0.1062
1779744289337,1,Pitching Mound.Parent,,Loading,pitch.0,698584,-0.6566,-0.3738,4.0363,-0.113,-1.1978,-6.2594,0.0,0.0
1779744289338,1,11.0000004b,Drive,Loading,pitch.0,700122,-0.0714,-0.5147,2.735,3.0542,0.9932,-0.5897,-0.0345,0.1062
1779744289338,1,12.00000015,Lower Delivery,Loading,pitch.0,700208,-0.2537,0.0658,0.8644,-1.6188,-0.8411,-2.9392,0.0,0.0
1779744289338,1,12.00000018,Upper Delivery,Loading,pitch.0,700895,-0.2707,0.1077,0.3669,-1.4504,-1.3271,-2.7938,0.0,0.0
1779744289338,1,12.00000018,Upper Delivery,Loading,pitch.0,700896,-0.2738,0.1407,0.3738,-1.404,-1.2803,-2.7462,0.0,0.0
1779744289338,1,Pitching Mound.Delivery,,Loading,pitch.0,699261,-0.5244,0.1735,1.2313,-2.9,-2.1682,-5.7387,0.0,0.0
1779744289338,1,Pitching Mound.Drive,,Loading,pitch.0,700122,-0.0714,-0.5147,2.735,3.0542,0.9932,-0.5897,-0.0345,0.1062
1779744289338,1,Pitching Mound.Parent,,Loading,pitch.0,698585,-0.5958,-0.3411,3.9664,0.1542,-1.175,-6.3284,0.0,0.0
1779744289339,1,11.0000004b,Drive,Loading,pitch.0,700123,0.0654,-0.5197,2.9986,3.5302,1.5544,-0.7913,-0.0493,0.112
1779744289339,1,12.00000015,Lower Delivery,Loading,pitch.0,700210,-0.2605,0.0676,1.002,-1.3571,-0.1882,-2.982,0.0,0.0
1779744289339,1,12.00000015,Lower Delivery,Loading,pitch.0,700209,-0.2521,0.0657,0.9669,-1.3198,-0.2779,-2.966,0.0,0.0
1779744289339,1,Pitching Mound.Delivery,,Loading,pitch.0,699262,-0.5259,0.2064,1.3407,-2.5221,-1.5582,-5.7195,0.0,0.0
1779744289339,1,Pitching Mound.Drive,,Loading,pitch.0,700123,0.0654,-0.5197,2.9986,3.5302,1.5544,-0.7913,-0.0493,0.112
1779744289339,1,Pitching Mound.Parent,,Loading,pitch.0,698586,-0.4605,-0.3133,4.3393,1.0081,-0.0038,-6.5108,0.0,0.0
1779744289340,1,11.0000004b,Drive,Loading,pitch.0,700124,0.227,-0.5023,3.113,3.8522,2.048,-0.9552,-0.0626,0.1177
1779744289340,1,12.00000018,Upper Delivery,Loading,pitch.0,700897,-0.2855,0.1213,0.3344,-1.4454,-1.2796,-2.8577,0.0,0.0
1779744289340,1,Pitching Mound.Delivery,,Loading,pitch.0,699263,-0.5459,0.1889,1.3364,-2.5755,-1.4679,-5.8482,0.0,0.0
1779744289340,1,Pitching Mound.Drive,,Loading,pitch.0,700124,0.227,-0.5023,3.113,3.8522,2.048,-0.9552,-0.0626,0.1177
1779744289340,1,Pitching Mound.Parent,,Loading,pitch.0,698587,-0.319,-0.3134,4.4494,1.2767,0.5801,-6.8034,0.0,0.0
1779744289341,1,11.0000004b,Drive,Loading,pitch.0,700125,0.3962,-0.4818,3.2837,3.85,2.0358,-1.1845,-0.059,0.1115
1779744289341,1,12.00000015,Lower Delivery,Loading,pitch.0,700211,-0.2783,0.072,0.9453,-1.1975,-0.2073,-2.9731,0.0,0.0
1779744289341,1,12.00000018,Upper Delivery,Loading,pitch.0,700898,-0.2903,0.1262,0.3292,-1.3005,-1.1072,-2.8536,0.0,0.0
1779744289341,1,Pitching Mound.Delivery,,Loading,pitch.0,699264,-0.5687,0.1981,1.2746,-2.2885,-1.3144,-5.8308,0.0,0.0
1779744289341,1,Pitching Mound.Drive,,Loading,pitch.0,700125,0.3962,-0.4818,3.2837,3.85,2.0358,-1.1845,-0.059,0.1115
1779744289341,1,Pitching Mound.Parent,,Loading,pitch.0,698588,-0.1724,-0.2836,4.5583,1.5616,0.7214,-7.0152,0.0,0.0
1779744289342,1,11.0000004b,Drive,Loading,pitch.0,700126,0.6214,-0.4742,3.5699,4.3561,2.539,-1.4135,-0.0677,0.1161
1779744289342,1,12.00000015,Lower Delivery,Loading,pitch.0,700212,-0.3009,0.0771,0.987,-1.2874,-0.2896,-3.0135,0.0,0.0
1779744289342,1,12.00000018,Upper Delivery,Loading,pitch.0,700899,-0.2968,0.128,0.3434,-1.2541,-0.9879,-2.8909,0.0,0.0
1779744289342,1,Pitching Mound.Delivery,,Loading,pitch.0,699265,-0.5977,0.2051,1.3304,-2.3226,-1.2775,-5.9029,0.0,0.0
1779744289342,1,Pitching Mound.Drive,,Loading,pitch.0,700126,0.6214,-0.4742,3.5699,4.3561,2.539,-1.4135,-0.0677,0.1161
1779744289342,1,Pitching Mound.Parent,,Loading,pitch.0,698589,0.0238,-0.2691,4.9003,2.0334,1.2615,-7.3164,0.0,0.0
1779744289343,1,11.0000004b,Drive,Loading,pitch.0,700127,0.8262,-0.4737,3.7869,4.5005,2.6839,-1.6197,-0.0674,0.1131
1779744289343,1,11.0000004b,Drive,Loading,pitch.0,700128,1.086,-0.4492,4.169,5.0198,3.2995,-1.9222,-0.0753,0.1145
1779744289343,1,12.00000015,Lower Delivery,Loading,pitch.0,700213,-0.2858,0.0735,0.992,-1.1382,0.199,-2.985,0.0,0.0
1779744289343,1,12.00000018,Upper Delivery,Loading,pitch.0,700900,-0.3124,0.1472,0.3356,-1.3386,-1.0652,-2.9218,0.0,0.0
1779744289343,1,Pitching Mound.Delivery,,Loading,pitch.0,699266,-0.5982,0.2207,1.3276,-2.2536,-0.8661,-5.9159,0.0,0.0
1779744289343,1,Pitching Mound.Drive,,Loading,pitch.0,700127,0.8262,-0.4737,3.7869,4.5005,2.6839,-1.6197,-0.0674,0.1131
1779744289343,1,Pitching Mound.Drive,,Loading,pitch.0,700128,1.086,-0.4492,4.169,5.0198,3.2995,-1.9222,-0.0753,0.1145
1779744289343,1,Pitching Mound.Parent,,Loading,pitch.0,698590,0.228,-0.253,5.1145,2.2468,1.8178,-7.5356,0.0,0.0
1779744289344,1,11.0000004b,Drive,Loading,pitch.0,700129,1.3856,-0.4057,4.7178,5.1428,3.5766,-2.2161,-0.0721,0.1037
1779744289344,1,12.00000015,Lower Delivery,Loading,pitch.0,700214,-0.3111,0.0793,0.9817,-1.3335,0.2211,-2.9851,0.0,0.0
1779744289344,1,12.00000018,Upper Delivery,Loading,pitch.0,700901,-0.2893,0.1354,0.3128,-1.3637,-1.1744,-2.8994,0.0,0.0
1779744289344,1,Pitching Mound.Delivery,,Loading,pitch.0,699267,-0.6005,0.2148,1.2944,-2.4697,-0.9534,-5.8771,0.0,0.0
1779744289344,1,Pitching Mound.Drive,,Loading,pitch.0,700129,1.3856,-0.4057,4.7178,5.1428,3.5766,-2.2161,-0.0721,0.1037
1779744289344,1,Pitching Mound.Parent,,Loading,pitch.0,698591,0.4856,-0.2345,5.4635,2.5501,2.3461,-7.7993,0.0,0.0
1779744289345,1,11.0000004b,Drive,Loading,pitch.0,700130,1.704,-0.3486,5.243,5.9403,4.7774,-2.5135,-0.0867,0.1078
1779744289345,1,12.00000015,Lower Delivery,Loading,pitch.0,700216,-0.313,0.08,0.9544,-1.1572,0.2458,-2.9594,0.0,0.0
1779744289345,1,12.00000015,Lower Delivery,Loading,pitch.0,700215,-0.297,0.076,0.9877,-1.2538,0.1786,-3.0023,0.0,0.0
1779744289345,1,12.00000018,Upper Delivery,Loading,pitch.0,700902,-0.3213,0.1693,0.3916,-1.665,-0.8811,-3.0294,0.0,0.0
1779744289345,1,Pitching Mound.Delivery,,Loading,pitch.0,699268,-0.6183,0.2453,1.3793,-2.7162,-0.7025,-6.04,0.0,0.0
1779744289345,1,Pitching Mound.Drive,,Loading,pitch.0,700130,1.704,-0.3486,5.243,5.9403,4.7774,-2.5135,-0.0867,0.1078
1779744289345,1,Pitching Mound.Parent,,Loading,pitch.0,698592,0.7673,-0.1605,6.097,2.4267,2.8741,-8.2561,0.0,0.0
1779744289346,1,11.0000004b,Drive,Loading,pitch.0,700131,2.0529,-0.2928,5.8445,6.2772,5.3742,-2.7773,-0.0875,0.1022
1779744289346,1,12.00000018,Upper Delivery,Loading,pitch.0,700903,-0.3643,0.1953,0.4374,-1.5724,-0.8552,-3.0382,0.0,0.0
1779744289346,1,Pitching Mound.Delivery,,Loading,pitch.0,699269,-0.6773,0.2753,1.3917,-2.5539,-0.6094,-6.015,0.0,0.0
1779744289346,1,Pitching Mound.Drive,,Loading,pitch.0,700131,2.0529,-0.2928,5.8445,6.2772,5.3742,-2.7773,-0.0875,0.1022
1779744289346,1,Pitching Mound.Parent,,Loading,pitch.0,698593,1.0267,-0.0733,6.6348,3.3864,4.168,-8.5285,0.0,0.0
1779744289347,1,11.0000004b,Drive,Loading,pitch.0,700132,2.3674,-0.2106,6.3833,6.6748,6.0927,-3.0646,-0.0908,0.0995
1779744289347,1,12.00000015,Lower Delivery,Loading,pitch.0,700217,-0.3025,0.0769,0.9198,-1.0773,0.3519,-2.9853,0.0,0.0
1779744289347,1,12.00000018,Upper Delivery,Loading,pitch.0,700904,-0.3555,0.172,0.3953,-1.6389,-0.9037,-3.0204,0.0,0.0
1779744289347,1,Pitching Mound.Delivery,,Loading,pitch.0,699270,-0.658,0.249,1.3151,-2.5379,-0.5518,-6.0237,0.0,0.0
1779744289347,1,Pitching Mound.Drive,,Loading,pitch.0,700132,2.3674,-0.2106,6.3833,6.6748,6.0927,-3.0646,-0.0908,0.0995
1779744289347,1,Pitching Mound.Parent,,Loading,pitch.0,698594,1.3949,-0.0438,7.1596,3.7393,4.8224,-8.801,0.0,0.0
1779744289348,1,11.0000004b,Drive,Loading,pitch.0,700133,2.7241,-0.1183,7.2147,7.0268,7.0475,-3.3703,-0.0929,0.0927
1779744289348,1,12.00000015,Lower Delivery,Loading,pitch.0,700218,-0.3036,0.0768,0.8692,-0.9154,0.2559,-2.979,0.0,0.0
1779744289348,1,12.00000018,Upper Delivery,Loading,pitch.0,700905,-0.3709,0.1851,0.4332,-1.5699,-1.0247,-3.0014,0.0,0.0
1779744289348,1,Pitching Mound.Delivery,,Loading,pitch.0,699271,-0.6745,0.2619,1.3025,-2.337,-0.7688,-6.0033,0.0,0.0
1779744289348,1,Pitching Mound.Drive,,Loading,pitch.0,700133,2.7241,-0.1183,7.2147,7.0268,7.0475,-3.3703,-0.0929,0.0927
1779744289348,1,Pitching Mound.Parent,,Loading,pitch.0,698595,1.6928,0.0513,7.6857,4.3378,5.3239,-9.0679,0.0,0.0
1779744289349,1,11.0000004b,Drive,Loading,pitch.0,700134,2.9829,-0.0204,7.8038,7.6677,7.8734,-3.6992,-0.096,0.0935
1779744289349,1,12.00000015,Lower Delivery,Loading,pitch.0,700219,-0.2849,0.0724,0.8705,-0.859,0.3314,-2.9912,0.0,0.0
1779744289349,1,12.00000018,Upper Delivery,Loading,pitch.0,700906,-0.3693,0.1832,0.5087,-1.5595,-1.0269,-2.983,0.0,0.0
1779744289349,1,Pitching Mound.Delivery,,Loading,pitch.0,699272,-0.6542,0.2556,1.3791,-2.2955,-0.6955,-6.0028,0.0,0.0
1779744289349,1,Pitching Mound.Drive,,Loading,pitch.0,700134,2.9829,-0.0204,7.8038,7.6677,7.8734,-3.6992,-0.096,0.0935
1779744289349,1,Pitching Mound.Parent,,Loading,pitch.0,698596,2.0699,0.1373,8.5939,4.7313,6.352,-9.3731,0.0,0.0
1779744289350,1,11.0000004b,Drive,Loading,pitch.0,700135,3.3485,0.0835,8.6758,8.1271,8.5458,-3.9281,-0.0937,0.0891
1779744289350,1,12.00000015,Lower Delivery,Loading,pitch.0,700220,-0.2887,0.0732,0.8537,-1.0482,0.3464,-2.9653,0.0,0.0
1779744289350,1,12.00000015,Lower Delivery,Loading,pitch.0,700221,-0.3008,0.0763,0.8455,-1.1063,0.2953,-2.945,0.0,0.0
1779744289350,1,12.00000018,Upper Delivery,Loading,pitch.0,700907,-0.3576,0.1744,0.4457,-1.5588,-1.2233,-2.973,0.0,0.0
1779744289350,1,Pitching Mound.Delivery,,Loading,pitch.0,699273,-0.6463,0.2476,1.2994,-2.4683,-0.8769,-5.9617,0.0,0.0
1779744289350,1,Pitching Mound.Drive,,Loading,pitch.0,700135,3.3485,0.0835,8.6758,8.1271,8.5458,-3.9281,-0.0937,0.0891
1779744289350,1,Pitching Mound.Parent,,Loading,pitch.0,698597,2.3366,0.2272,9.1032,5.1994,6.9965,-9.6609,0.0,0.0
1779744289351,1,12.00000015,Lower Delivery,Loading,pitch.0,700222,-0.2936,0.0746,0.8261,-1.1738,0.2106,-2.9214,0.0,0.0
1779744289351,1,12.00000018,Upper Delivery,Loading,pitch.0,700908,-0.3377,0.1806,0.4778,-1.7387,-1.319,-2.8971,0.0,0.0
1779744289351,1,Pitching Mound.Delivery,,Loading,pitch.0,699274,-0.6384,0.2569,1.3233,-2.7199,-1.0237,-5.8547,0.0,0.0
1779744289351,1,Pitching Mound.Parent,,Loading,pitch.0,698598,2.7101,0.3404,9.9991,5.4072,7.5221,-9.7827,0.0,0.0
1779744289352,1,11.0000004b,Drive,Loading,pitch.0,700136,3.7506,0.1799,9.8794,8.523,9.4056,-4.1808,-0.0906,0.0821
1779744289352,1,11.0000004b,Drive,Loading,pitch.0,700137,3.9226,0.2888,10.1264,9.2417,9.9133,-4.3717,-0.0931,0.0868
1779744289352,1,12.00000015,Lower Delivery,Loading,pitch.0,700223,-0.3283,0.0829,0.7917,-1.2987,-0.3147,-2.8967,0.0,0.0
1779744289352,1,12.00000018,Upper Delivery,Loading,pitch.0,700909,-0.3317,0.1831,0.4539,-1.4292,-1.4926,-2.9541,0.0,0.0
1779744289352,1,Pitching Mound.Delivery,,Loading,pitch.0,699275,-0.6253,0.2577,1.28,-2.4765,-1.282,-5.8884,0.0,0.0
1779744289352,1,Pitching Mound.Drive,,Loading,pitch.0,700136,3.7506,0.1799,9.8794,8.523,9.4056,-4.1808,-0.0906,0.0821
1779744289352,1,Pitching Mound.Drive,,Loading,pitch.0,700137,3.9226,0.2888,10.1264,9.2417,9.9133,-4.3717,-0.0931,0.0868
1779744289352,1,Pitching Mound.Parent,,Loading,pitch.0,698599,3.1253,0.4376,11.1594,6.0465,8.1235,-10.0692,0.0,0.0
1779744289353,1,11.0000004b,Drive,Loading,pitch.0,700138,4.1713,0.3618,10.6683,9.3864,10.6082,-4.5482,-0.0946,0.0837
1779744289353,1,12.00000018,Upper Delivery,Loading,pitch.0,700911,-0.3376,0.2092,0.444,-1.571,-1.4402,-2.8297,0.0,0.0
1779744289353,1,12.00000018,Upper Delivery,Loading,pitch.0,700910,-0.3148,0.1862,0.4172,-1.6035,-1.4756,-2.8102,0.0,0.0
1779744289353,1,Pitching Mound.Delivery,,Loading,pitch.0,699276,-0.6431,0.269,1.209,-2.7749,-1.7904,-5.7022,0.0,0.0
1779744289353,1,Pitching Mound.Drive,,Loading,pitch.0,700138,4.1713,0.3618,10.6683,9.3864,10.6082,-4.5482,-0.0946,0.0837
1779744289353,1,Pitching Mound.Parent,,Loading,pitch.0,698600,3.2794,0.5579,11.3354,6.4668,8.1229,-10.0739,0.0,0.0
1779744289354,1,11.0000004b,Drive,Loading,pitch.0,700139,4.4,0.4813,11.7958,10.5394,10.6889,-4.4815,-0.0862,0.085
1779744289354,1,12.00000015,Lower Delivery,Loading,pitch.0,700224,-0.3388,0.0853,0.8032,-1.8328,-0.6715,-2.86,0.0,0.0
1779744289354,1,12.00000015,Lower Delivery,Loading,pitch.0,700225,-0.3376,0.0853,0.8226,-1.9399,-0.6661,-2.8421,0.0,0.0
1779744289354,1,Pitching Mound.Delivery,,Loading,pitch.0,699277,-0.6764,0.2945,1.2471,-3.2817,-2.1117,-5.6893,0.0,0.0
1779744289354,1,Pitching Mound.Drive,,Loading,pitch.0,700139,4.4,0.4813,11.7958,10.5394,10.6889,-4.4815,-0.0862,0.085
1779744289354,1,Pitching Mound.Parent,,Loading,pitch.0,698601,3.4949,0.6564,11.9154,6.1047,8.4965,-10.2375,0.0,0.0
1779744289355,1,11.0000004b,Drive,Loading,pitch.0,700140,4.636,0.5799,12.4276,12.1217,10.1748,-4.5667,-0.0779,0.0928
1779744289355,1,12.00000015,Lower Delivery,Loading,pitch.0,700226,-0.3512,0.0886,0.8598,-1.9375,-0.6569,-2.8842,0.0,0.0
1779744289355,1,12.00000018,Upper Delivery,Loading,pitch.0,700912,-0.3316,0.1977,0.4384,-1.6209,-1.3625,-2.8756,0.0,0.0
1779744289355,1,12.00000018,Upper Delivery,Loading,pitch.0,700913,-0.3178,0.2066,0.4039,-1.6083,-1.4853,-2.7819,0.0,0.0
1779744289355,1,Pitching Mound.Delivery,,Loading,pitch.0,699278,-0.6692,0.283,1.2611,-3.4301,-2.0286,-5.7157,0.0,0.0
1779744289355,1,Pitching Mound.Delivery,,Loading,pitch.0,699279,-0.6691,0.2952,1.2637,-3.3907,-2.1422,-5.6547,0.0,0.0
1779744289355,1,Pitching Mound.Drive,,Loading,pitch.0,700140,4.636,0.5799,12.4276,12.1217,10.1748,-4.5667,-0.0779,0.0928
1779744289355,1,Pitching Mound.Parent,,Loading,pitch.0,698602,3.7308,0.7643,13.0568,7.1092,8.6603,-10.1972,0.0,0.0
1779744289355,1,Pitching Mound.Parent,,Loading,pitch.0,698603,3.9669,0.8752,13.6914,8.7309,8.0326,-10.2214,0.0,0.0
1779744289356,1,11.0000004b,Drive,Loading,pitch.0,700141,4.5872,0.6816,13.4935,12.4807,10.9799,-4.5835,-0.0774,0.088
1779744289356,1,12.00000015,Lower Delivery,Loading,pitch.0,700227,-0.34,0.0862,0.9272,-1.7133,0.1233,-2.8275,0.0,0.0
1779744289356,1,Pitching Mound.Drive,,Loading,pitch.0,700141,4.5872,0.6816,13.4935,12.4807,10.9799,-4.5835,-0.0774,0.088
1779744289357,1,12.00000015,Lower Delivery,Loading,pitch.0,700228,-0.3597,0.0904,0.929,-1.5313,0.073,-2.8467,0.0,0.0
1779744289357,1,12.00000018,Upper Delivery,Loading,pitch.0,700914,-0.3004,0.2025,0.3646,-1.1299,-0.9873,-2.7577,0.0,0.0
1779744289357,1,Pitching Mound.Delivery,,Loading,pitch.0,699280,-0.6404,0.2887,1.2919,-2.6518,-0.864,-5.5718,0.0,0.0
1779744289357,1,Pitching Mound.Parent,,Loading,pitch.0,698604,3.9468,0.9703,14.7854,9.8289,10.1159,-10.1553,0.0,0.0
1779744289358,1,11.0000004b,Drive,Loading,pitch.0,700142,4.4167,0.7905,14.9972,14.2416,9.9762,-4.4353,-0.0633,0.0903
1779744289358,1,12.00000015,Lower Delivery,Loading,pitch.0,700229,-0.3498,0.0887,0.9223,-1.4995,-0.0597,-2.8557,0.0,0.0
1779744289358,1,12.00000018,Upper Delivery,Loading,pitch.0,700915,-0.311,0.2198,0.3646,-1.0332,-0.8869,-2.7087,0.0,0.0
1779744289358,1,Pitching Mound.Delivery,,Loading,pitch.0,699281,-0.6708,0.3102,1.2936,-2.3726,-0.8139,-5.5388,0.0,0.0
1779744289358,1,Pitching Mound.Drive,,Loading,pitch.0,700142,4.4167,0.7905,14.9972,14.2416,9.9762,-4.4353,-0.0633,0.0903
1779744289358,1,Pitching Mound.Parent,,Loading,pitch.0,698605,3.7459,1.1007,16.2907,11.869,9.1622,-9.9741,0.0,0.0
1779744289359,1,11.0000004b,Drive,Loading,pitch.0,700143,4.2366,0.9021,16.1419,15.1709,9.2436,-4.3832,-0.0545,0.0894
1779744289359,1,12.00000015,Lower Delivery,Loading,pitch.0,700230,-0.3289,0.0866,0.9479,-1.4251,0.0414,-2.817,0.0,0.0
1779744289359,1,12.00000018,Upper Delivery,Loading,pitch.0,700916,-0.272,0.2135,0.3496,-1.0,-0.8528,-2.6857,0.0,0.0
1779744289359,1,Pitching Mound.Delivery,,Loading,pitch.0,699282,-0.6218,0.3023,1.2719,-2.3048,-0.9125,-5.5149,0.0,0.0
1779744289359,1,Pitching Mound.Drive,,Loading,pitch.0,700143,4.2366,0.9021,16.1419,15.1709,9.2436,-4.3832,-0.0545,0.0894
1779744289359,1,Pitching Mound.Parent,,Loading,pitch.0,698606,3.6148,1.2044,17.4138,12.8662,8.3311,-9.8981,0.0,0.0
1779744289360,1,11.0000004b,Drive,Loading,pitch.0,700145,3.5869,1.0612,19.2135,17.7057,9.1858,-3.7185,-0.0455,0.0877
1779744289360,1,11.0000004b,Drive,Loading,pitch.0,700144,3.9642,1.0202,17.4414,16.811,9.4862,-4.0041,-0.0517,0.0917
1779744289360,1,12.00000015,Lower Delivery,Loading,pitch.0,700231,-0.3494,0.0911,1.0161,-1.5342,0.013,-2.8186,0.0,0.0
1779744289360,1,12.00000018,Upper Delivery,Loading,pitch.0,700918,-0.2502,0.2083,0.3491,-1.1151,-0.5766,-2.7342,0.0,0.0
1779744289360,1,12.00000018,Upper Delivery,Loading,pitch.0,700917,-0.2789,0.2359,0.3502,-0.9704,-0.8201,-2.7067,0.0,0.0
1779744289360,1,Pitching Mound.Delivery,,Loading,pitch.0,699284,-0.5996,0.2995,1.3652,-2.4225,-0.5636,-5.5191,0.0,0.0
1779744289360,1,Pitching Mound.Delivery,,Loading,pitch.0,699283,-0.6079,0.3226,1.298,-2.1924,-0.7786,-5.5067,0.0,0.0
1779744289360,1,Pitching Mound.Drive,,Loading,pitch.0,700145,3.5869,1.0612,19.2135,17.7057,9.1858,-3.7185,-0.0455,0.0877
1779744289360,1,Pitching Mound.Drive,,Loading,pitch.0,700144,3.9642,1.0202,17.4414,16.811,9.4862,-4.0041,-0.0517,0.0917
1779744289360,1,Pitching Mound.Parent,,Loading,pitch.0,698608,2.9874,1.3607,20.5788,15.2832,8.6222,-9.2376,0.0,0.0
1779744289360,1,Pitching Mound.Parent,,Loading,pitch.0,698607,3.3563,1.3428,18.7394,14.6186,8.7075,-9.5108,0.0,0.0
1779744289361,1,11.0000004b,Drive,Loading,pitch.0,700146,3.2166,1.2339,20.5204,19.5916,9.3244,-3.1572,-0.0432,0.0908
1779744289361,1,12.00000015,Lower Delivery,Loading,pitch.0,700232,-0.3162,0.0822,0.9488,-1.4559,-0.0148,-2.83,0.0,0.0
1779744289361,1,12.00000018,Upper Delivery,Loading,pitch.0,700919,-0.2448,0.1979,0.3132,-0.8673,-0.5501,-2.6597,0.0,0.0
1779744289361,1,Pitching Mound.Delivery,,Loading,pitch.0,699285,-0.561,0.2801,1.262,-2.107,-0.5649,-5.4654,0.0,0.0
1779744289361,1,Pitching Mound.Drive,,Loading,pitch.0,700146,3.2166,1.2339,20.5204,19.5916,9.3244,-3.1572,-0.0432,0.0908
1779744289361,1,Pitching Mound.Parent,,Loading,pitch.0,698609,2.6556,1.5139,21.7824,17.4846,8.7594,-8.6226,0.0,0.0
1779744289362,1,11.0000004b,Drive,Loading,pitch.0,700147,2.7803,1.3309,22.2993,20.7679,8.5092,-2.5795,-0.0363,0.0886
1779744289362,1,12.00000015,Lower Delivery,Loading,pitch.0,700233,-0.2951,0.0799,0.9375,-1.4417,0.0865,-2.8094,0.0,0.0
1779744289362,1,12.00000018,Upper Delivery,Loading,pitch.0,700920,-0.2564,0.2048,0.3383,-1.6013,-0.6413,-2.7138,0.0,0.0
1779744289362,1,Pitching Mound.Delivery,,Loading,pitch.0,699286,-0.5515,0.2848,1.2758,-2.8392,-0.5547,-5.5101,0.0,0.0
1779744289362,1,Pitching Mound.Drive,,Loading,pitch.0,700147,2.7803,1.3309,22.2993,20.7679,8.5092,-2.5795,-0.0363,0.0886
1779744289362,1,Pitching Mound.Parent,,Loading,pitch.0,698610,2.2287,1.6156,23.5751,17.9287,7.9545,-8.0896,-0.0343,0.0924
1779744289363,1,11.0000004b,Drive,Loading,pitch.0,700148,2.1923,1.6962,23.2658,21.8244,6.5094,-2.0588,-0.0266,0.0892
1779744289363,1,12.00000015,Lower Delivery,Loading,pitch.0,700234,-0.2626,0.0709,0.8748,-1.3769,-0.0857,-2.8111,0.0,0.0
1779744289363,1,12.00000018,Upper Delivery,Loading,pitch.0,700921,-0.2527,0.213,0.4027,-1.7198,-0.4904,-2.733,0.0,0.0
1779744289363,1,Pitching Mound.Delivery,,Loading,pitch.0,699287,-0.5154,0.2839,1.2775,-2.9362,-0.5761,-5.5407,0.0,0.0
1779744289363,1,Pitching Mound.Drive,,Loading,pitch.0,700148,2.1923,1.6962,23.2658,21.8244,6.5094,-2.0588,-0.0266,0.0892
1779744289363,1,Pitching Mound.Parent,,Loading,pitch.0,698611,1.6769,1.9801,24.5433,18.8882,5.9333,-7.5996,-0.0252,0.0911
1779744289364,1,11.0000004b,Drive,Loading,pitch.0,700149,1.7506,1.7421,25.177,23.1604,5.3817,-1.7193,-0.0203,0.0875
1779744289364,1,12.00000015,Lower Delivery,Loading,pitch.0,700235,-0.2567,0.0712,0.8543,-1.3951,0.1272,-2.8144,0.0,0.0
1779744289364,1,12.00000018,Upper Delivery,Loading,pitch.0,700922,-0.2597,0.2226,0.4537,-1.7284,-0.6232,-2.7541,0.0,0.0
1779744289364,1,Pitching Mound.Delivery,,Loading,pitch.0,699288,-0.5164,0.2938,1.308,-2.9873,-0.496,-5.5695,0.0,0.0
1779744289364,1,Pitching Mound.Drive,,Loading,pitch.0,700149,1.7506,1.7421,25.177,23.1604,5.3817,-1.7193,-0.0203,0.0875
1779744289364,1,Pitching Mound.Parent,,Loading,pitch.0,698612,1.2342,2.0359,26.485,20.1731,4.8857,-7.2888,-0.0193,0.0883
1779744289365,1,11.0000004b,Drive,Loading,pitch.0,700150,1.059,2.1619,25.8255,24.8661,4.4384,-0.903,-0.0163,0.0916
1779744289365,1,12.00000015,Lower Delivery,Loading,pitch.0,700236,-0.1842,0.0777,0.872,-1.2558,0.226,-2.7997,0.0,0.0
1779744289365,1,12.00000018,Upper Delivery,Loading,pitch.0,700923,-0.2786,0.2327,0.5123,-1.7283,-0.5743,-2.7365,0.0,0.0
1779744289365,1,Pitching Mound.Delivery,,Loading,pitch.0,699289,-0.4628,0.3104,1.3842,-2.8618,-0.3483,-5.5684,0.0,0.0
1779744289365,1,Pitching Mound.Drive,,Loading,pitch.0,700150,1.059,2.1619,25.8255,24.8661,4.4384,-0.903,-0.0163,0.0916
1779744289365,1,Pitching Mound.Parent,,Loading,pitch.0,698613,0.5962,2.4723,27.2097,22.0044,4.0901,-6.4714,-0.0155,0.0914
1779744289366,1,11.0000004b,Drive,Loading,pitch.0,700151,0.5572,2.3902,27.9393,26.8709,3.3265,-0.3443,-0.0113,0.0915
1779744289366,1,12.00000015,Lower Delivery,Loading,pitch.0,700237,-0.2066,0.0845,0.7726,-1.3905,0.2271,-2.7965,0.0,0.0
1779744289366,1,12.00000018,Upper Delivery,Loading,pitch.0,700924,-0.2847,0.2159,0.5325,-1.9168,-0.3666,-2.7598,0.0,0.0
1779744289366,1,Pitching Mound.Delivery,,Loading,pitch.0,699290,-0.4912,0.3004,1.3051,-3.2257,-0.1394,-5.5829,0.0,0.0
1779744289366,1,Pitching Mound.Drive,,Loading,pitch.0,700151,0.5572,2.3902,27.9393,26.8709,3.3265,-0.3443,-0.0113,0.0915
1779744289366,1,Pitching Mound.Parent,,Loading,pitch.0,698614,0.066,2.6906,29.2444,23.6453,3.1871,-5.9273,-0.0108,0.0902
1779744289367,1,11.0000004b,Drive,Loading,pitch.0,700152,-0.1348,2.7183,28.7852,28.8183,3.8043,0.1987,-0.0126,0.0952
1779744289367,1,12.00000015,Lower Delivery,Loading,pitch.0,700238,-0.2247,0.0618,0.7266,-1.4744,0.1474,-2.7604,0.0,0.0
1779744289367,1,12.00000018,Upper Delivery,Loading,pitch.0,700925,-0.3074,0.2238,0.5741,-2.0253,-0.6846,-2.7259,0.0,0.0
1779744289367,1,Pitching Mound.Delivery,,Loading,pitch.0,699291,-0.5321,0.2856,1.3007,-3.4479,-0.5372,-5.5144,0.0,0.0
1779744289367,1,Pitching Mound.Drive,,Loading,pitch.0,700152,-0.1348,2.7183,28.7852,28.8183,3.8043,0.1987,-0.0126,0.0952
1779744289367,1,Pitching Mound.Parent,,Loading,pitch.0,698615,-0.6669,3.0039,30.0859,25.3705,3.2671,-5.3157,-0.012,0.0928
1779744289368,1,11.0000004b,Drive,Loading,pitch.0,700153,-0.7104,2.8255,30.3631,30.0305,3.5472,0.8409,-0.0111,0.0941
1779744289368,1,12.00000015,Lower Delivery,Loading,pitch.0,700239,-0.202,0.0549,0.7678,-1.8395,0.0232,-2.8122,0.0,0.0
1779744289368,1,12.00000018,Upper Delivery,Loading,pitch.0,700926,-0.3315,0.2253,0.583,-2.3078,-0.7495,-2.7775,0.0,0.0
1779744289368,1,Pitching Mound.Delivery,,Loading,pitch.0,699292,-0.5335,0.2803,1.3508,-4.0844,-0.7263,-5.6337,0.0,0.0
1779744289368,1,Pitching Mound.Drive,,Loading,pitch.0,700153,-0.7104,2.8255,30.3631,30.0305,3.5472,0.8409,-0.0111,0.0941
1779744289368,1,Pitching Mound.Parent,,Loading,pitch.0,698616,-1.2439,3.1058,31.7139,25.946,2.8209,-4.7928,-0.0106,0.0921
1779744289369,1,11.0000004b,Drive,Loading,pitch.0,700154,-1.273,3.1681,32.2932,32.3162,0.461,1.5756,-0.0014,0.0952
1779744289369,1,12.00000015,Lower Delivery,Loading,pitch.0,700240,-0.2011,0.0543,0.7439,-1.8127,0.0075,-2.8201,0.0,0.0
1779744289369,1,12.00000018,Upper Delivery,Loading,pitch.0,700927,-0.349,0.2151,0.5977,-2.5221,-0.5225,-2.8145,0.0,0.0
1779744289369,1,Pitching Mound.Delivery,,Loading,pitch.0,699293,-0.5501,0.2694,1.3416,-4.2851,-0.5149,-5.6849,0.0,0.0
1779744289369,1,Pitching Mound.Drive,,Loading,pitch.0,700154,-1.273,3.1681,32.2932,32.3162,0.461,1.5756,-0.0014,0.0952
1779744289369,1,Pitching Mound.Parent,,Loading,pitch.0,698617,-1.823,3.4374,33.6348,28.0311,-0.0539,-4.1092,-0.0013,0.0929
1779744289370,1,11.0000004b,Drive,Loading,pitch.0,700155,-1.8083,3.3629,34.2349,33.9086,-1.6394,2.1854,0.0046,0.0942
1779744289370,1,12.00000015,Lower Delivery,Loading,pitch.0,700241,-0.2356,0.0618,0.7225,-1.4655,-0.1689,-2.8699,0.0,0.0
1779744289370,1,12.00000018,Upper Delivery,Loading,pitch.0,700928,-0.3613,0.1997,0.5817,-2.6289,-0.6693,-2.8667,0.0,0.0
1779744289370,1,Pitching Mound.Delivery,,Loading,pitch.0,699294,-0.5968,0.2615,1.3042,-4.0466,-0.8382,-5.7794,0.0,0.0
1779744289370,1,Pitching Mound.Drive,,Loading,pitch.0,700155,-1.8083,3.3629,34.2349,33.9086,-1.6394,2.1854,0.0046,0.0942
1779744289370,1,Pitching Mound.Parent,,Loading,pitch.0,698618,-2.4052,3.6244,35.539,29.862,-2.4776,-3.594,0.0044,0.0921
1779744289371,1,11.0000004b,Drive,Loading,pitch.0,700156,-2.4232,3.6135,35.8004,34.912,-3.7477,2.7765,0.01,0.0928
1779744289371,1,12.00000015,Lower Delivery,Loading,pitch.0,700242,-0.2139,0.0573,0.796,-1.7605,0.0149,-2.9264,0.0,0.0
1779744289371,1,12.00000018,Upper Delivery,Loading,pitch.0,700929,-0.3902,0.1925,0.5915,-2.5368,-0.6763,-2.8607,0.0,0.0
1779744289371,1,Pitching Mound.Delivery,,Loading,pitch.0,699295,-0.604,0.2498,1.3875,-4.2277,-0.6615,-5.847,0.0,0.0
1779744289371,1,Pitching Mound.Drive,,Loading,pitch.0,700156,-2.4232,3.6135,35.8004,34.912,-3.7477,2.7765,0.01,0.0928
1779744289371,1,Pitching Mound.Parent,,Loading,pitch.0,698619,-3.0272,3.8634,37.1879,30.6843,-4.4092,-3.0705,0.0096,0.0912
1779744289372,1,11.0000004b,Drive,Loading,pitch.0,700157,-2.8762,3.9147,37.16,36.5031,-5.2838,3.5372,0.0135,0.0934
1779744289372,1,12.00000015,Lower Delivery,Loading,pitch.0,700243,-0.2419,0.0634,0.8341,-1.6774,0.0213,-2.9325,0.0,0.0
1779744289372,1,12.00000018,Upper Delivery,Loading,pitch.0,700930,-0.4036,0.2044,0.6007,-2.5394,-0.7814,-2.9141,0.0,0.0
1779744289372,1,Pitching Mound.Delivery,,Loading,pitch.0,699296,-0.6455,0.2678,1.4348,-4.1375,-0.7601,-5.9015,0.0,0.0
1779744289372,1,Pitching Mound.Drive,,Loading,pitch.0,700157,-2.8762,3.9147,37.16,36.5031,-5.2838,3.5372,0.0135,0.0934
1779744289372,1,Pitching Mound.Parent,,Loading,pitch.0,698620,-3.5217,4.1825,38.5949,32.3656,-6.0438,-2.3644,0.013,0.092
1779744289373,1,11.0000004b,Drive,Loading,pitch.0,700158,-3.5247,4.201,39.0092,38.8777,-4.6922,4.1447,0.0114,0.0948
1779744289373,1,12.00000015,Lower Delivery,Loading,pitch.0,700244,-0.2611,0.0677,0.9405,-1.592,0.0389,-2.9386,0.0,0.0
1779744289373,1,12.00000018,Upper Delivery,Loading,pitch.0,700931,-0.4057,0.2066,0.5963,-2.0133,-0.6788,-2.8875,0.0,0.0
1779744289373,1,Pitching Mound.Delivery,,Loading,pitch.0,699297,-0.6668,0.2743,1.5368,-3.4883,-0.64,-5.8752,0.0,0.0
1779744289373,1,Pitching Mound.Drive,,Loading,pitch.0,700158,-3.5247,4.201,39.0092,38.8777,-4.6922,4.1447,0.0114,0.0948
1779744289373,1,Pitching Mound.Parent,,Loading,pitch.0,698621,-4.1915,4.4753,40.546,35.3894,-5.3322,-1.7305,0.011,0.0941
1779744289374,1,11.0000004b,Drive,Loading,pitch.0,700159,-3.8631,4.3782,41.2448,40.3294,-6.9002,4.9402,0.0159,0.093
1779744289374,1,12.00000015,Lower Delivery,Loading,pitch.0,700245,-0.26,0.0714,1.0075,-1.4392,0.0877,-2.9511,0.0,0.0
1779744289374,1,12.00000018,Upper Delivery,Loading,pitch.0,700932,-0.403,0.1826,0.5425,-2.0683,-0.6299,-2.93,0.0,0.0
1779744289374,1,Pitching Mound.Delivery,,Loading,pitch.0,699298,-0.663,0.254,1.55,-3.3495,-0.5422,-5.9298,0.0,0.0
1779744289374,1,Pitching Mound.Drive,,Loading,pitch.0,700159,-3.8631,4.3782,41.2448,40.3294,-6.9002,4.9402,0.0159,0.093
1779744289374,1,Pitching Mound.Parent,,Loading,pitch.0,698622,-4.5262,4.6322,42.7948,36.9799,-7.4424,-0.9896,0.0153,0.0933
1779744289375,1,11.0000004b,Drive,Loading,pitch.0,700160,-4.3297,4.7318,42.1284,42.2305,-7.6115,5.62,0.0172,0.0954
1779744289375,1,12.00000015,Lower Delivery,Loading,pitch.0,700246,-0.3002,0.077,1.0127,-1.4132,0.1941,-2.9462,0.0,0.0
1779744289375,1,12.00000018,Upper Delivery,Loading,pitch.0,700933,-0.4112,0.1585,0.4844,-1.6556,-0.7317,-2.9397,0.0,0.0
1779744289375,1,Pitching Mound.Delivery,,Loading,pitch.0,699299,-0.7113,0.2355,1.4971,-2.8892,-0.5376,-5.9237,0.0,0.0
1779744289375,1,Pitching Mound.Drive,,Loading,pitch.0,700160,-4.3297,4.7318,42.1284,42.2305,-7.6115,5.62,0.0172,0.0954
1779744289375,1,Pitching Mound.Parent,,Loading,pitch.0,698623,-5.041,4.9673,43.6255,39.3413,-8.1491,-0.3036,0.0166,0.0962
1779744289376,1,11.0000004b,Drive,Loading,pitch.0,700161,-4.7489,5.0292,44.1016,43.0309,-9.1109,6.3083,0.0197,0.0928
1779744289376,1,12.00000015,Lower Delivery,Loading,pitch.0,700247,-0.3407,0.0857,1.0248,-1.501,0.1625,-2.9437,0.0,0.0
1779744289376,1,12.00000018,Upper Delivery,Loading,pitch.0,700934,-0.386,0.1461,0.4231,-1.5918,-1.2296,-2.8569,0.0,0.0
1779744289376,1,Pitching Mound.Delivery,,Loading,pitch.0,699300,-0.7267,0.2318,1.448,-2.8882,-1.0671,-5.8159,0.0,0.0
1779744289376,1,Pitching Mound.Drive,,Loading,pitch.0,700161,-4.7489,5.0292,44.1016,43.0309,-9.1109,6.3083,0.0197,0.0928
1779744289376,1,Pitching Mound.Parent,,Loading,pitch.0,698624,-5.4756,5.261,45.5496,40.1427,-10.178,0.4923,0.019,0.0944
1779744289377,1,11.0000004b,Drive,Loading,pitch.0,700162,-4.9779,5.2491,45.9435,44.0607,-10.4047,6.6703,0.0215,0.0912
1779744289377,1,12.00000015,Lower Delivery,Loading,pitch.0,700248,-0.3547,0.0887,1.0597,-1.3364,0.286,-2.9554,0.0,0.0
1779744289377,1,12.00000018,Upper Delivery,Loading,pitch.0,700935,-0.3764,0.1483,0.4084,-1.4,-0.8249,-2.9647,0.0,0.0
1779744289377,1,Pitching Mound.Delivery,,Loading,pitch.0,699301,-0.7312,0.237,1.4681,-2.515,-0.5389,-5.9274,0.0,0.0
1779744289377,1,Pitching Mound.Drive,,Loading,pitch.0,700162,-4.9779,5.2491,45.9435,44.0607,-10.4047,6.6703,0.0215,0.0912
1779744289377,1,Pitching Mound.Parent,,Loading,pitch.0,698625,-5.7091,5.4861,47.4116,41.5457,-10.9436,0.7429,0.0209,0.0931
1779744289378,1,11.0000004b,Drive,Loading,pitch.0,700163,-5.3105,5.4905,47.6419,46.5,-9.8349,7.016,0.0196,0.0928
1779744289378,1,12.00000015,Lower Delivery,Loading,pitch.0,700249,-0.3623,0.0903,1.0677,-1.2385,0.3995,-2.9651,0.0,0.0
1779744289378,1,12.00000018,Upper Delivery,Loading,pitch.0,700936,-0.3807,0.1557,0.4054,-1.4662,-0.9432,-3.0018,0.0,0.0
1779744289378,1,Pitching Mound.Delivery,,Loading,pitch.0,699302,-0.743,0.246,1.4731,-2.4795,-0.5436,-5.9732,0.0,0.0
1779744289378,1,Pitching Mound.Drive,,Loading,pitch.0,700163,-5.3105,5.4905,47.6419,46.5,-9.8349,7.016,0.0196,0.0928
1779744289378,1,Pitching Mound.Parent,,Loading,pitch.0,698626,-6.0535,5.7365,49.115,44.0205,-10.3785,1.0428,0.019,0.0946
1779744289379,1,11.0000004b,Drive,Loading,pitch.0,700164,-5.512,5.7696,48.7774,46.7663,-11.4013,7.2333,0.0222,0.0912
1779744289379,1,12.00000015,Lower Delivery,Loading,pitch.0,700250,-0.3592,0.0896,1.0424,-1.4222,0.4273,-2.9131,0.0,0.0
1779744289379,1,12.00000018,Upper Delivery,Loading,pitch.0,700937,-0.3502,0.1198,0.3488,-1.4102,-1.1559,-2.9634,0.0,0.0
1779744289379,1,Pitching Mound.Delivery,,Loading,pitch.0,699303,-0.7094,0.2093,1.3912,-2.5966,-0.7286,-5.8734,0.0,0.0
1779744289379,1,Pitching Mound.Drive,,Loading,pitch.0,700164,-5.512,5.7696,48.7774,46.7663,-11.4013,7.2333,0.0222,0.0912
1779744289379,1,Pitching Mound.Parent,,Loading,pitch.0,698627,-6.2214,5.9789,50.1686,44.1696,-12.1298,1.3599,0.0216,0.0934
1779744289380,1,11.0000004b,Drive,Loading,pitch.0,700165,-5.6324,6.0328,50.5976,49.9006,-11.8288,7.4055,0.0222,0.0938
1779744289380,1,12.00000015,Lower Delivery,Loading,pitch.0,700251,-0.374,0.0933,1.0121,-1.9038,-0.0014,-2.8494,0.0,0.0
1779744289380,1,12.00000018,Upper Delivery,Loading,pitch.0,700938,-0.3301,0.0937,0.2762,-1.0911,-1.1897,-2.9841,0.0,0.0
1779744289380,1,Pitching Mound.Delivery,,Loading,pitch.0,699304,-0.7041,0.1871,1.2883,-2.7446,-1.1911,-5.8186,0.0,0.0
1779744289380,1,Pitching Mound.Drive,,Loading,pitch.0,700165,-5.6324,6.0328,50.5976,49.9006,-11.8288,7.4055,0.0222,0.0938
1779744289380,1,Pitching Mound.Parent,,Loading,pitch.0,698628,-6.3365,6.2198,51.886,47.156,-13.02,1.5868,0.0217,0.0963
1779744289381,1,11.0000004b,Drive,Loading,pitch.0,700166,-5.7448,6.3132,51.6991,50.3461,-12.1145,7.7193,0.0223,0.0926
1779744289381,1,12.00000015,Lower Delivery,Loading,pitch.0,700252,-0.3308,0.0829,0.944,-2.3547,-0.3779,-2.8269,0.0,0.0
1779744289381,1,12.00000018,Upper Delivery,Loading,pitch.0,700939,-0.3194,0.0769,0.3123,-1.199,-1.4306,-2.9239,0.0,0.0
1779744289381,1,Pitching Mound.Delivery,,Loading,pitch.0,699305,-0.6501,0.1598,1.2563,-3.3389,-1.8084,-5.7469,0.0,0.0
1779744289381,1,Pitching Mound.Drive,,Loading,pitch.0,700166,-5.7448,6.3132,51.6991,50.3461,-12.1145,7.7193,0.0223,0.0926
1779744289381,1,Pitching Mound.Parent,,Loading,pitch.0,698629,-6.3949,6.473,52.9554,47.0072,-13.9229,1.9724,0.0218,0.0945
1779744289382,1,11.0000004b,Drive,Loading,pitch.0,700167,-5.7145,6.4924,53.2186,52.0693,-13.0163,7.7985,0.0233,0.0931
1779744289382,1,12.00000015,Lower Delivery,Loading,pitch.0,700253,-0.3384,0.0845,0.837,-2.5888,-0.5439,-2.7593,0.0,0.0
1779744289382,1,12.00000018,Upper Delivery,Loading,pitch.0,700940,-0.3155,0.0691,0.2805,-0.8381,-1.3825,-3.0352,0.0,0.0
1779744289382,1,Pitching Mound.Delivery,,Loading,pitch.0,699306,-0.6539,0.1535,1.1175,-3.2377,-1.9264,-5.7867,0.0,0.0
1779744289382,1,Pitching Mound.Drive,,Loading,pitch.0,700167,-5.7145,6.4924,53.2186,52.0693,-13.0163,7.7985,0.0233,0.0931
1779744289382,1,Pitching Mound.Parent,,Loading,pitch.0,698630,-6.3684,6.646,54.3361,48.8316,-14.9427,2.0119,0.0228,0.0946
1779744289383,1,11.0000004b,Drive,Loading,pitch.0,700168,-5.5683,6.7129,54.7727,53.7687,-12.7118,7.9156,0.0221,0.0934
1779744289383,1,12.00000015,Lower Delivery,Loading,pitch.0,700254,-0.3595,0.0898,0.8294,-2.8069,-1.2449,-2.737,0.0,0.0
1779744289383,1,12.00000018,Upper Delivery,Loading,pitch.0,700941,-0.3232,0.0605,0.3151,-1.0771,-1.3789,-2.9932,0.0,0.0
1779744289383,1,Pitching Mound.Delivery,,Loading,pitch.0,699307,-0.6827,0.1503,1.1445,-3.7091,-2.6238,-5.7179,0.0,0.0
1779744289383,1,Pitching Mound.Drive,,Loading,pitch.0,700168,-5.5683,6.7129,54.7727,53.7687,-12.7118,7.9156,0.0221,0.0934
1779744289383,1,Pitching Mound.Parent,,Loading,pitch.0,698631,-6.251,6.8632,55.9172,50.0596,-15.3356,2.1977,0.0216,0.0946
1779744289384,1,11.0000004b,Drive,Loading,pitch.0,700169,-5.4571,6.7856,55.4812,54.3559,-13.9338,7.9287,0.0239,0.0932
1779744289384,1,12.00000015,Lower Delivery,Loading,pitch.0,700255,-0.3436,0.0862,0.7991,-2.9589,-1.1402,-2.7293,0.0,0.0
1779744289384,1,12.00000018,Upper Delivery,Loading,pitch.0,700942,-0.3335,0.0834,0.3552,-1.2899,-1.4678,-3.0732,0.0,0.0
1779744289384,1,Pitching Mound.Delivery,,Loading,pitch.0,699308,-0.6771,0.1695,1.1542,-4.0979,-2.608,-5.7991,0.0,0.0
1779744289384,1,Pitching Mound.Drive,,Loading,pitch.0,700169,-5.4571,6.7856,55.4812,54.3559,-13.9338,7.9287,0.0239,0.0932
1779744289384,1,Pitching Mound.Parent,,Loading,pitch.0,698632,-6.1343,6.9552,56.6355,50.258,-16.5418,2.1296,0.0234,0.094
1779744289385,1,11.0000004b,Drive,Loading,pitch.0,700170,-5.2339,6.8965,56.7567,55.4386,-14.0322,8.0141,0.0235,0.0929
1779744289385,1,12.00000015,Lower Delivery,Loading,pitch.0,700256,-0.3199,0.081,0.821,-2.9206,-0.9316,-2.7457,0.0,0.0
1779744289385,1,12.00000018,Upper Delivery,Loading,pitch.0,700943,-0.3007,0.0704,0.3112,-1.1449,-1.5123,-2.9339,0.0,0.0
1779744289385,1,Pitching Mound.Delivery,,Loading,pitch.0,699309,-0.6206,0.1514,1.1322,-3.8921,-2.444,-5.6731,0.0,0.0
1779744289385,1,Pitching Mound.Drive,,Loading,pitch.0,700170,-5.2339,6.8965,56.7567,55.4386,-14.0322,8.0141,0.0235,0.0929
1779744289385,1,Pitching Mound.Parent,,Loading,pitch.0,698633,-5.8545,7.0478,57.8889,51.5465,-16.4762,2.341,0.0231,0.0941
1779744289386,1,11.0000004b,Drive,Loading,pitch.0,700171,-4.9878,7.0209,57.8425,56.9094,-13.3686,7.7689,0.022,0.0936
1779744289386,1,12.00000015,Lower Delivery,Loading,pitch.0,700257,-0.3306,0.0834,0.8722,-2.6372,-1.36,-2.771,0.0,0.0
1779744289386,1,12.00000018,Upper Delivery,Loading,pitch.0,700944,-0.3196,0.0849,0.3226,-1.4491,-1.4318,-2.9237,0.0,0.0
1779744289386,1,Pitching Mound.Delivery,,Loading,pitch.0,699310,-0.6502,0.1683,1.1949,-3.8995,-2.7917,-5.6911,0.0,0.0
1779744289386,1,Pitching Mound.Drive,,Loading,pitch.0,700171,-4.9878,7.0209,57.8425,56.9094,-13.3686,7.7689,0.022,0.0936
1779744289386,1,Pitching Mound.Parent,,Loading,pitch.0,698634,-5.638,7.1893,59.0374,53.0099,-16.1603,2.0778,0.0215,0.0949
1779744289387,1,11.0000004b,Drive,Loading,pitch.0,700172,-4.8205,7.0838,58.8431,57.8396,-13.119,7.6917,0.0212,0.0935
1779744289387,1,12.00000015,Lower Delivery,Loading,pitch.0,700258,-0.2995,0.0759,0.821,-2.4019,-1.074,-2.7621,0.0,0.0
1779744289387,1,12.00000018,Upper Delivery,Loading,pitch.0,700945,-0.3295,0.0913,0.3452,-1.4467,-1.3481,-2.8994,0.0,0.0
1779744289387,1,Pitching Mound.Delivery,,Loading,pitch.0,699311,-0.629,0.1672,1.1662,-3.6868,-2.4221,-5.6717,0.0,0.0
1779744289387,1,Pitching Mound.Drive,,Loading,pitch.0,700172,-4.8205,7.0838,58.8431,57.8396,-13.119,7.6917,0.0212,0.0935
1779744289387,1,Pitching Mound.Parent,,Loading,pitch.0,698635,-5.4495,7.251,60.0093,54.1528,-15.541,2.02,0.0208,0.0944
1779744289388,1,11.0000004b,Drive,Loading,pitch.0,700173,-4.5532,7.1205,59.6618,58.2085,-13.0606,7.5758,0.0208,0.0928
1779744289388,1,12.00000015,Lower Delivery,Loading,pitch.0,700259,-0.3021,0.077,0.8557,-2.3064,-0.8811,-2.7321,0.0,0.0
1779744289388,1,12.00000018,Upper Delivery,Loading,pitch.0,700946,-0.3269,0.0871,0.3252,-1.4911,-1.4121,-2.8555,0.0,0.0
1779744289388,1,Pitching Mound.Delivery,,Loading,pitch.0,699312,-0.6291,0.1641,1.1809,-3.6171,-2.2932,-5.596,0.0,0.0
1779744289388,1,Pitching Mound.Drive,,Loading,pitch.0,700173,-4.5532,7.1205,59.6618,58.2085,-13.0606,7.5758,0.0208,0.0928
1779744289388,1,Pitching Mound.Parent,,Loading,pitch.0,698636,-5.1823,7.2846,60.8427,54.5914,-15.3539,1.9798,0.0204,0.094
1779744289389,1,11.0000004b,Drive,Loading,pitch.0,700174,-4.3453,7.1782,60.5275,59.0836,-12.156,7.5334,0.0191,0.0929
1779744289389,1,12.00000015,Lower Delivery,Loading,pitch.0,700260,-0.3182,0.0811,0.8374,-2.0568,-0.5782,-2.7792,0.0,0.0
1779744289389,1,12.00000018,Upper Delivery,Loading,pitch.0,700947,-0.311,0.0773,0.2919,-1.6609,-1.3711,-2.7915,0.0,0.0
1779744289389,1,Pitching Mound.Delivery,,Loading,pitch.0,699313,-0.6292,0.1584,1.1294,-3.5323,-1.9493,-5.5683,0.0,0.0
1779744289389,1,Pitching Mound.Drive,,Loading,pitch.0,700174,-4.3453,7.1782,60.5275,59.0836,-12.156,7.5334,0.0191,0.0929
1779744289389,1,Pitching Mound.Parent,,Loading,pitch.0,698637,-4.9745,7.3366,61.6568,55.5514,-14.1053,1.9651,0.0188,0.0942
1779744289390,1,11.0000004b,Drive,Loading,pitch.0,700175,-4.1279,7.2435,61.2252,59.6398,-11.8848,7.5014,0.0185,0.0927
1779744289390,1,12.00000015,Lower Delivery,Loading,pitch.0,700261,-0.3314,0.0849,0.8657,-1.7082,-0.0566,-2.8552,0.0,0.0
1779744289390,1,12.00000018,Upper Delivery,Loading,pitch.0,700948,-0.328,0.1029,0.3193,-1.6659,-1.1917,-2.7466,0.0,0.0
1779744289390,1,Pitching Mound.Delivery,,Loading,pitch.0,699314,-0.6593,0.1878,1.185,-3.1883,-1.2483,-5.6006,0.0,0.0
1779744289390,1,Pitching Mound.Drive,,Loading,pitch.0,700175,-4.1279,7.2435,61.2252,59.6398,-11.8848,7.5014,0.0185,0.0927
1779744289390,1,Pitching Mound.Parent,,Loading,pitch.0,698638,-4.7872,7.4313,62.4102,56.4515,-13.1331,1.9008,0.0181,0.0939
1779744289391,1,11.0000004b,Drive,Loading,pitch.0,700176,-3.9303,7.3045,62.0115,59.7931,-11.0984,7.5846,0.017,0.0917
1779744289391,1,12.00000015,Lower Delivery,Loading,pitch.0,700262,-0.3034,0.0777,0.8703,-1.6151,-0.1204,-2.8358,0.0,0.0
1779744289391,1,12.00000018,Upper Delivery,Loading,pitch.0,700949,-0.3532,0.1337,0.3623,-1.7616,-1.1636,-2.7492,0.0,0.0
1779744289391,1,Pitching Mound.Delivery,,Loading,pitch.0,699315,-0.6565,0.2114,1.2326,-3.204,-1.284,-5.6019,0.0,0.0
1779744289391,1,Pitching Mound.Drive,,Loading,pitch.0,700176,-3.9303,7.3045,62.0115,59.7931,-11.0984,7.5846,0.017,0.0917
1779744289391,1,Pitching Mound.Parent,,Loading,pitch.0,698639,-4.5869,7.5159,63.2441,56.5891,-12.3824,1.9826,0.0167,0.0927
1779744289392,1,11.0000004b,Drive,Loading,pitch.0,700177,-3.8173,7.3843,62.3023,60.1388,-10.9966,7.5743,0.0168,0.0918
1779744289392,1,12.00000015,Lower Delivery,Loading,pitch.0,700263,-0.3084,0.0804,0.9078,-1.4314,-0.1774,-2.8845,0.0,0.0
1779744289392,1,12.00000018,Upper Delivery,Loading,pitch.0,700950,-0.3196,0.122,0.3345,-1.3556,-1.1257,-2.6776,0.0,0.0
1779744289392,1,Pitching Mound.Delivery,,Loading,pitch.0,699316,-0.628,0.2024,1.2424,-2.5921,-1.3032,-5.566,0.0,0.0
1779744289392,1,Pitching Mound.Drive,,Loading,pitch.0,700177,-3.8173,7.3843,62.3023,60.1388,-10.9966,7.5743,0.0168,0.0918
1779744289392,1,Pitching Mound.Parent,,Loading,pitch.0,698640,-4.4453,7.5866,63.5447,57.5468,-12.2998,2.0083,0.0165,0.0931
1779744289393,1,11.0000004b,Drive,Loading,pitch.0,700178,-3.7285,7.4801,62.7133,60.4895,-10.8154,7.6125,0.0164,0.0918
1779744289393,1,12.00000015,Lower Delivery,Loading,pitch.0,700264,-0.276,0.0791,0.9105,-1.3514,-0.0895,-2.9284,0.0,0.0
1779744289393,1,12.00000018,Upper Delivery,Loading,pitch.0,700951,-0.3306,0.1333,0.289,-1.0051,-0.8629,-2.6019,0.0,0.0
1779744289393,1,Pitching Mound.Delivery,,Loading,pitch.0,699317,-0.6066,0.2124,1.1995,-2.1451,-0.9523,-5.5489,0.0,0.0
1779744289393,1,Pitching Mound.Drive,,Loading,pitch.0,700178,-3.7285,7.4801,62.7133,60.4895,-10.8154,7.6125,0.0164,0.0918
1779744289393,1,Pitching Mound.Parent,,Loading,pitch.0,698641,-4.3351,7.6925,63.9128,58.3444,-11.7677,2.0636,0.0161,0.0933
1779744289394,1,11.0000004b,Drive,Loading,pitch.0,700179,-3.6548,7.5842,63.2192,61.1879,-10.1291,7.5762,0.0152,0.0921
1779744289394,1,12.00000015,Lower Delivery,Loading,pitch.0,700265,-0.2517,0.0858,0.9732,-1.298,-0.0765,-2.9323,0.0,0.0
1779744289394,1,12.00000018,Upper Delivery,Loading,pitch.0,700952,-0.2951,0.1135,0.2642,-1.2582,-1.1309,-2.6367,0.0,0.0
1779744289394,1,Pitching Mound.Delivery,,Loading,pitch.0,699318,-0.5468,0.1993,1.2375,-2.3151,-1.2074,-5.5838,0.0,0.0
1779744289394,1,Pitching Mound.Drive,,Loading,pitch.0,700179,-3.6548,7.5842,63.2192,61.1879,-10.1291,7.5762,0.0152,0.0921
1779744289394,1,Pitching Mound.Parent,,Loading,pitch.0,698642,-4.2015,7.7835,64.4566,58.8727,-11.3365,1.9924,0.0149,0.094
1779744289395,1,11.0000004b,Drive,Loading,pitch.0,700180,-3.5967,7.6974,63.6129,61.3775,-10.1358,7.6131,0.0152,0.0918
1779744289395,1,12.00000015,Lower Delivery,Loading,pitch.0,700266,-0.258,0.0759,0.9364,-1.4139,-0.0651,-2.9299,0.0,0.0
1779744289395,1,12.00000018,Upper Delivery,Loading,pitch.0,700953,-0.3222,0.1154,0.2939,-1.1552,-1.0212,-2.6342,0.0,0.0
1779744289395,1,Pitching Mound.Delivery,,Loading,pitch.0,699319,-0.5802,0.1913,1.2303,-2.3507,-1.0863,-5.5859,0.0,0.0
1779744289395,1,Pitching Mound.Drive,,Loading,pitch.0,700180,-3.5967,7.6974,63.6129,61.3775,-10.1358,7.6131,0.0152,0.0918
1779744289395,1,Pitching Mound.Parent,,Loading,pitch.0,698643,-4.1769,7.8887,64.8432,59.0268,-11.2221,2.0272,0.0149,0.0934
1779744289396,1,11.0000004b,Drive,Loading,pitch.0,700181,-3.5619,7.8286,63.9905,61.6383,-9.8118,7.5715,0.0146,0.0916
1779744289396,1,12.00000015,Lower Delivery,Loading,pitch.0,700267,-0.2911,0.0857,1.0223,-1.4138,0.1014,-2.9131,0.0,0.0
1779744289396,1,12.00000018,Upper Delivery,Loading,pitch.0,700954,-0.3382,0.1153,0.278,-1.5749,-1.2575,-2.7587,0.0,0.0
1779744289396,1,Pitching Mound.Delivery,,Loading,pitch.0,699320,-0.6293,0.201,1.3003,-2.7357,-1.1561,-5.6878,0.0,0.0
1779744289396,1,Pitching Mound.Drive,,Loading,pitch.0,700181,-3.5619,7.8286,63.9905,61.6383,-9.8118,7.5715,0.0146,0.0916
1779744289396,1,Pitching Mound.Parent,,Loading,pitch.0,698644,-4.1912,8.0296,65.2908,58.9026,-10.9679,1.8837,0.0143,0.0937
1779744289397,1,11.0000004b,Drive,Loading,pitch.0,700182,-3.5745,7.963,64.3256,61.6699,-9.6491,7.5457,0.0143,0.0912
1779744289397,1,12.00000015,Lower Delivery,Loading,pitch.0,700268,-0.2786,0.0863,1.0075,-1.6025,-0.0943,-2.8644,0.0,0.0
1779744289397,1,12.00000018,Upper Delivery,Loading,pitch.0,700955,-0.3475,0.1243,0.3381,-1.6918,-0.9758,-2.7755,0.0,0.0
1779744289397,1,Pitching Mound.Delivery,,Loading,pitch.0,699321,-0.6261,0.2106,1.3456,-3.0667,-1.0701,-5.6634,0.0,0.0
1779744289397,1,Pitching Mound.Drive,,Loading,pitch.0,700182,-3.5745,7.963,64.3256,61.6699,-9.6491,7.5457,0.0143,0.0912
1779744289397,1,Pitching Mound.Parent,,Loading,pitch.0,698645,-4.2005,8.1736,65.6712,58.6032,-10.7192,1.8822,0.014,0.0928
1779744289398,1,11.0000004b,Drive,Loading,pitch.0,700183,-3.5871,8.1129,64.5998,61.722,-9.3101,7.5235,0.0137,0.0909
1779744289398,1,12.00000015,Lower Delivery,Loading,pitch.0,700269,-0.2738,0.0799,0.9843,-1.7902,-0.3199,-2.8899,0.0,0.0
1779744289398,1,12.00000018,Upper Delivery,Loading,pitch.0,700956,-0.3386,0.1167,0.338,-1.8795,-1.2706,-2.8147,0.0,0.0
1779744289398,1,Pitching Mound.Delivery,,Loading,pitch.0,699322,-0.6123,0.1966,1.3223,-3.45,-1.5905,-5.7266,0.0,0.0
1779744289398,1,Pitching Mound.Drive,,Loading,pitch.0,700183,-3.5871,8.1129,64.5998,61.722,-9.3101,7.5235,0.0137,0.0909
1779744289398,1,Pitching Mound.Parent,,Loading,pitch.0,698646,-4.1994,8.3095,65.9221,58.2721,-10.9006,1.7969,0.0134,0.0924
1779744289399,1,11.0000004b,Drive,Loading,pitch.0,700184,-3.6041,8.2595,64.869,61.7405,-8.9669,7.4455,0.0131,0.0905
1779744289399,1,12.00000015,Lower Delivery,Loading,pitch.0,700270,-0.2553,0.0892,1.007,-1.9249,-0.2864,-2.8567,0.0,0.0
1779744289399,1,12.00000018,Upper Delivery,Loading,pitch.0,700957,-0.3408,0.1199,0.3605,-1.9538,-1.3668,-2.7533,0.0,0.0
1779744289399,1,Pitching Mound.Delivery,,Loading,pitch.0,699323,-0.5961,0.2091,1.3676,-3.6589,-1.6532,-5.6391,0.0,0.0
1779744289399,1,Pitching Mound.Drive,,Loading,pitch.0,700184,-3.6041,8.2595,64.869,61.7405,-8.9669,7.4455,0.0131,0.0905
1779744289399,1,Pitching Mound.Parent,,Loading,pitch.0,698647,-4.2001,8.4686,66.2366,58.0817,-10.6201,1.8064,0.0129,0.092
1779744289400,1,11.0000004b,Drive,Loading,pitch.0,700185,-3.6144,8.4173,65.1699,61.8162,-8.8951,7.3888,0.013,0.0902
1779744289400,1,12.00000015,Lower Delivery,Loading,pitch.0,700271,-0.2454,0.0904,0.9934,-1.7911,-0.1659,-2.7961,0.0,0.0
1779744289400,1,12.00000018,Upper Delivery,Loading,pitch.0,700958,-0.329,0.1021,0.3594,-1.9287,-1.2216,-2.8151,0.0,0.0
1779744289400,1,Pitching Mound.Delivery,,Loading,pitch.0,699324,-0.5743,0.1925,1.3528,-3.5043,-1.3875,-5.6396,0.0,0.0
1779744289400,1,Pitching Mound.Drive,,Loading,pitch.0,700185,-3.6144,8.4173,65.1699,61.8162,-8.8951,7.3888,0.013,0.0902
1779744289400,1,Pitching Mound.Parent,,Loading,pitch.0,698648,-4.1888,8.6097,66.5227,58.3119,-10.2826,1.7492,0.0127,0.0916
1779744289401,1,11.0000004b,Drive,Loading,pitch.0,700186,-3.6265,8.5537,65.2935,61.8647,-8.8526,7.3256,0.0129,0.0901
1779744289401,1,12.00000015,Lower Delivery,Loading,pitch.0,700272,-0.2677,0.0784,0.9803,-1.6542,-0.2886,-2.8179,0.0,0.0
1779744289401,1,12.00000018,Upper Delivery,Loading,pitch.0,700959,-0.3633,0.1133,0.3864,-2.106,-1.0989,-2.8616,0.0,0.0
1779744289401,1,Pitching Mound.Delivery,,Loading,pitch.0,699325,-0.6311,0.1917,1.3667,-3.5582,-1.3876,-5.712,0.0,0.0
1779744289401,1,Pitching Mound.Drive,,Loading,pitch.0,700186,-3.6265,8.5537,65.2935,61.8647,-8.8526,7.3256,0.0129,0.0901
1779744289401,1,Pitching Mound.Parent,,Loading,pitch.0,698649,-4.2575,8.7454,66.6602,58.3064,-10.2402,1.6136,0.0126,0.0913
1779744289402,1,11.0000004b,Drive,Loading,pitch.0,700187,-3.6153,8.7018,65.6461,62.0248,-8.7174,7.2828,0.0126,0.0899
1779744289402,1,12.00000015,Lower Delivery,Loading,pitch.0,700273,-0.2426,0.0814,0.9664,-1.5328,0.0663,-2.7968,0.0,0.0
1779744289402,1,12.00000018,Upper Delivery,Loading,pitch.0,700960,-0.3682,0.1099,0.4062,-2.0635,-1.1916,-2.8743,0.0,0.0
1779744289402,1,Pitching Mound.Delivery,,Loading,pitch.0,699326,-0.6108,0.1912,1.3726,-3.4058,-1.1253,-5.7138,0.0,0.0
1779744289402,1,Pitching Mound.Drive,,Loading,pitch.0,700187,-3.6153,8.7018,65.6461,62.0248,-8.7174,7.2828,0.0126,0.0899
1779744289402,1,Pitching Mound.Parent,,Loading,pitch.0,698650,-4.2261,8.8931,67.0188,58.619,-9.8427,1.569,0.0124,0.0909
1779744289403,1,11.0000004b,Drive,Loading,pitch.0,700188,-3.5775,8.8505,66.1202,62.5549,-8.3127,7.1986,0.012,0.09
1779744289403,1,12.00000015,Lower Delivery,Loading,pitch.0,700274,-0.2289,0.0645,0.934,-1.3814,0.2941,-2.7596,0.0,0.0
1779744289403,1,12.00000018,Upper Delivery,Loading,pitch.0,700961,-0.3846,0.1311,0.4168,-1.9307,-1.2604,-2.8987,0.0,0.0
1779744289403,1,Pitching Mound.Delivery,,Loading,pitch.0,699327,-0.6135,0.1956,1.3508,-3.1363,-0.9663,-5.7112,0.0,0.0
1779744289403,1,Pitching Mound.Drive,,Loading,pitch.0,700188,-3.5775,8.8505,66.1202,62.5549,-8.3127,7.1986,0.012,0.09
1779744289403,1,Pitching Mound.Parent,,Loading,pitch.0,698651,-4.191,9.0461,67.4711,59.4186,-9.279,1.4874,0.0117,0.0908
1779744289404,1,11.0000004b,Drive,Loading,pitch.0,700189,-3.5437,8.9666,66.1435,62.2918,-8.5511,7.2415,0.0123,0.0896
1779744289404,1,12.00000015,Lower Delivery,Loading,pitch.0,700275,-0.2844,0.0732,0.8822,-1.5779,0.0063,-2.7724,0.0,0.0
1779744289404,1,12.00000018,Upper Delivery,Loading,pitch.0,700962,-0.4039,0.1667,0.5214,-2.0776,-1.0637,-2.9059,0.0,0.0
1779744289404,1,Pitching Mound.Delivery,,Loading,pitch.0,699328,-0.6883,0.2399,1.4036,-3.5328,-1.0574,-5.719,0.0,0.0
1779744289404,1,Pitching Mound.Drive,,Loading,pitch.0,700189,-3.5437,8.9666,66.1435,62.2918,-8.5511,7.2415,0.0123,0.0896
1779744289404,1,Pitching Mound.Parent,,Loading,pitch.0,698652,-4.232,9.2065,67.5471,58.759,-9.6085,1.5225,0.012,0.0895
1779744289405,1,11.0000004b,Drive,Loading,pitch.0,700190,-3.4889,9.0824,66.287,62.1859,-8.6651,7.2318,0.0124,0.0892
1779744289405,1,12.00000015,Lower Delivery,Loading,pitch.0,700276,-0.2883,0.0743,0.876,-1.5314,-0.0275,-2.793,0.0,0.0
1779744289405,1,12.00000018,Upper Delivery,Loading,pitch.0,700963,-0.4251,0.1903,0.5533,-1.9295,-0.9693,-2.8909,0.0,0.0
1779744289405,1,Pitching Mound.Delivery,,Loading,pitch.0,699329,-0.7133,0.2645,1.4293,-3.3511,-0.9968,-5.7305,0.0,0.0
1779744289405,1,Pitching Mound.Drive,,Loading,pitch.0,700190,-3.4889,9.0824,66.287,62.1859,-8.6651,7.2318,0.0124,0.0892
1779744289405,1,Pitching Mound.Parent,,Loading,pitch.0,698653,-4.2023,9.347,67.7162,58.8348,-9.6619,1.5014,0.0122,0.089
1779744289406,1,11.0000004b,Drive,Loading,pitch.0,700191,-3.3674,9.2178,67.0258,63.0301,-7.9854,7.1291,0.0113,0.0895
1779744289406,1,12.00000015,Lower Delivery,Loading,pitch.0,700277,-0.2891,0.0756,0.9329,-1.437,0.0934,-2.8409,0.0,0.0
1779744289406,1,12.00000018,Upper Delivery,Loading,pitch.0,700964,-0.4004,0.1931,0.5825,-1.9901,-0.7983,-2.8574,0.0,0.0
1779744289406,1,Pitching Mound.Delivery,,Loading,pitch.0,699330,-0.6895,0.2687,1.5154,-3.308,-0.7049,-5.7361,0.0,0.0
1779744289406,1,Pitching Mound.Drive,,Loading,pitch.0,700191,-3.3674,9.2178,67.0258,63.0301,-7.9854,7.1291,0.0113,0.0895
1779744289406,1,Pitching Mound.Parent,,Loading,pitch.0,698654,-4.0569,9.4865,68.5412,59.7221,-8.6903,1.3929,0.0111,0.0892
1779744289407,1,11.0000004b,Drive,Loading,pitch.0,700192,-3.2775,9.3161,67.15,62.6997,-8.2143,7.2195,0.0116,0.0888
1779744289407,1,12.00000015,Lower Delivery,Loading,pitch.0,700278,-0.28,0.073,0.8974,-1.426,0.3029,-2.8601,0.0,0.0
1779744289407,1,12.00000018,Upper Delivery,Loading,pitch.0,700965,-0.3989,0.2055,0.628,-1.9968,-0.7935,-2.859,0.0,0.0
1779744289407,1,Pitching Mound.Delivery,,Loading,pitch.0,699331,-0.6789,0.2785,1.5255,-3.3313,-0.4906,-5.7594,0.0,0.0
1779744289407,1,Pitching Mound.Drive,,Loading,pitch.0,700192,-3.2775,9.3161,67.15,62.6997,-8.2143,7.2195,0.0116,0.0888
1779744289407,1,Pitching Mound.Parent,,Loading,pitch.0,698655,-3.9563,9.5946,68.6755,59.3684,-8.7049,1.46,0.0114,0.0882
1779744289408,1,11.0000004b,Drive,Loading,pitch.0,700193,-3.1038,9.4512,67.7211,63.5455,-7.7307,7.1245,0.0109,0.0893
1779744289408,1,12.00000015,Lower Delivery,Loading,pitch.0,700279,-0.2967,0.0776,1.0108,-1.6168,0.3832,-2.8936,0.0,0.0
1779744289408,1,12.00000018,Upper Delivery,Loading,pitch.0,700966,-0.3732,0.1766,0.5981,-1.9706,-0.7368,-2.8128,0.0,0.0
1779744289408,1,Pitching Mound.Delivery,,Loading,pitch.0,699332,-0.67,0.2541,1.6089,-3.447,-0.3536,-5.7324,0.0,0.0
1779744289408,1,Pitching Mound.Drive,,Loading,pitch.0,700193,-3.1038,9.4512,67.7211,63.5455,-7.7307,7.1245,0.0109,0.0893
1779744289408,1,Pitching Mound.Parent,,Loading,pitch.0,698656,-3.7738,9.7053,69.33,60.0985,-8.0843,1.3921,0.0106,0.0892
1779744289409,1,11.0000004b,Drive,Loading,pitch.0,700194,-2.9842,9.5466,67.6616,63.223,-7.9255,7.1717,0.0111,0.0889
1779744289409,1,12.00000015,Lower Delivery,Loading,pitch.0,700280,-0.3079,0.0801,0.9727,-1.5863,0.5199,-2.8715,0.0,0.0
1779744289409,1,12.00000018,Upper Delivery,Loading,pitch.0,700967,-0.3679,0.1828,0.5621,-1.7147,-0.8105,-2.8379,0.0,0.0
1779744289409,1,Pitching Mound.Delivery,,Loading,pitch.0,699333,-0.6759,0.2628,1.5348,-3.1614,-0.2906,-5.7298,0.0,0.0
1779744289409,1,Pitching Mound.Drive,,Loading,pitch.0,700194,-2.9842,9.5466,67.6616,63.223,-7.9255,7.1717,0.0111,0.0889
1779744289409,1,Pitching Mound.Parent,,Loading,pitch.0,698657,-3.6601,9.8095,69.1964,60.0616,-8.2161,1.4418,0.0109,0.0889
1779744289410,1,11.0000004b,Drive,Loading,pitch.0,700195,-2.8179,9.6686,68.238,63.7784,-7.3192,7.1138,0.0102,0.0889
1779744289410,1,12.00000015,Lower Delivery,Loading,pitch.0,700281,-0.3516,0.0903,0.9816,-1.7505,0.3285,-2.8674,0.0,0.0
1779744289410,1,12.00000018,Upper Delivery,Loading,pitch.0,700968,-0.3603,0.174,0.5421,-1.8623,-0.545,-2.8368,0.0,0.0
1779744289410,1,Pitching Mound.Delivery,,Loading,pitch.0,699334,-0.7119,0.2642,1.5236,-3.4634,-0.2165,-5.7072,0.0,0.0
1779744289410,1,Pitching Mound.Drive,,Loading,pitch.0,700195,-2.8179,9.6686,68.238,63.7784,-7.3192,7.1138,0.0102,0.0889
1779744289410,1,Pitching Mound.Parent,,Loading,pitch.0,698658,-3.5298,9.9329,69.7617,60.315,-7.5357,1.4066,0.01,0.0891
1779744289411,1,11.0000004b,Drive,Loading,pitch.0,700196,-2.6715,9.7822,68.615,63.8764,-7.0834,7.1007,0.0098,0.0886
1779744289411,1,12.00000015,Lower Delivery,Loading,pitch.0,700282,-0.3753,0.0961,0.8971,-1.5553,0.1832,-2.8426,0.0,0.0
1779744289411,1,12.00000018,Upper Delivery,Loading,pitch.0,700969,-0.3425,0.1644,0.5099,-1.8747,-0.5389,-2.8457,0.0,0.0
1779744289411,1,Pitching Mound.Delivery,,Loading,pitch.0,699335,-0.7177,0.2606,1.4071,-3.2983,-0.3557,-5.6772,0.0,0.0
1779744289411,1,Pitching Mound.Drive,,Loading,pitch.0,700196,-2.6715,9.7822,68.615,63.8764,-7.0834,7.1007,0.0098,0.0886
1779744289411,1,Pitching Mound.Parent,,Loading,pitch.0,698659,-3.3893,10.0428,70.0221,60.5781,-7.4391,1.4235,0.0096,0.0887
1779744289412,1,11.0000004b,Drive,Loading,pitch.0,700197,-2.5275,9.9152,69.0205,64.2388,-6.9567,7.0555,0.0096,0.0885
1779744289412,1,12.00000015,Lower Delivery,Loading,pitch.0,700283,-0.379,0.0968,0.8337,-1.4914,0.0958,-2.8201,0.0,0.0
1779744289412,1,12.00000018,Upper Delivery,Loading,pitch.0,700970,-0.3142,0.1603,0.483,-1.9619,-0.4553,-2.8438,0.0,0.0
1779744289412,1,Pitching Mound.Delivery,,Loading,pitch.0,699336,-0.6931,0.2572,1.3167,-3.3341,-0.3595,-5.6419,0.0,0.0
1779744289412,1,Pitching Mound.Drive,,Loading,pitch.0,700197,-2.5275,9.9152,69.0205,64.2388,-6.9567,7.0555,0.0096,0.0885
1779744289412,1,Pitching Mound.Parent,,Loading,pitch.0,698660,-3.2206,10.1724,70.3371,60.9047,-7.3162,1.4136,0.0094,0.0886
1779744289413,1,11.0000004b,Drive,Loading,pitch.0,700198,-2.414,10.055,69.3108,64.3854,-6.8665,6.9861,0.0094,0.0884
1779744289413,1,12.00000015,Lower Delivery,Loading,pitch.0,700284,-0.4181,0.1057,0.8084,-1.3298,0.1097,-2.7929,0.0,0.0
1779744289413,1,12.00000018,Upper Delivery,Loading,pitch.0,700971,-0.2971,0.1248,0.3873,-1.7265,-0.6893,-2.7281,0.0,0.0
1779744289413,1,Pitching Mound.Delivery,,Loading,pitch.0,699337,-0.7151,0.2305,1.1958,-2.9132,-0.5796,-5.4799,0.0,0.0
1779744289413,1,Pitching Mound.Drive,,Loading,pitch.0,700198,-2.414,10.055,69.3108,64.3854,-6.8665,6.9861,0.0094,0.0884
1779744289413,1,Pitching Mound.Parent,,Loading,pitch.0,698661,-3.1291,10.2855,70.5065,61.4722,-7.4461,1.5062,0.0093,0.0889
1779744289414,1,11.0000004b,Drive,Loading,pitch.0,700199,-2.3115,10.2055,69.7799,64.7977,-6.6356,6.9158,0.009,0.0883
1779744289414,1,12.00000015,Lower Delivery,Loading,pitch.0,700285,-0.4192,0.106,0.8304,-1.2994,-0.0198,-2.7705,0.0,0.0
1779744289414,1,12.00000018,Upper Delivery,Loading,pitch.0,700972,-0.2951,0.1283,0.3694,-1.8089,-0.7479,-2.664,0.0,0.0
1779744289414,1,Pitching Mound.Delivery,,Loading,pitch.0,699338,-0.7144,0.2343,1.1998,-2.9516,-0.7676,-5.3924,0.0,0.0
1779744289414,1,Pitching Mound.Drive,,Loading,pitch.0,700199,-2.3115,10.2055,69.7799,64.7977,-6.6356,6.9158,0.009,0.0883
1779744289414,1,Pitching Mound.Parent,,Loading,pitch.0,698662,-3.0259,10.4398,70.9797,61.8461,-7.4032,1.5235,0.0089,0.0891
1779744289415,1,11.0000004b,Drive,Loading,pitch.0,700200,-2.2666,10.3364,69.8623,64.5011,-6.5652,6.9174,0.0089,0.0878
1779744289415,1,12.00000015,Lower Delivery,Loading,pitch.0,700286,-0.4307,0.1087,0.766,-1.7503,-0.1121,-2.7203,0.0,0.0
1779744289415,1,12.00000018,Upper Delivery,Loading,pitch.0,700973,-0.2984,0.1403,0.3682,-1.6612,-0.8923,-2.6352,0.0,0.0
1779744289415,1,Pitching Mound.Delivery,,Loading,pitch.0,699339,-0.7291,0.249,1.1342,-3.2762,-1.0044,-5.3105,0.0,0.0
1779744289415,1,Pitching Mound.Drive,,Loading,pitch.0,700200,-2.2666,10.3364,69.8623,64.5011,-6.5652,6.9174,0.0089,0.0878
1779744289415,1,Pitching Mound.Parent,,Loading,pitch.0,698663,-2.9957,10.5854,70.9965,61.2249,-7.5696,1.6069,0.0088,0.0883
1779744289416,1,11.0000004b,Drive,Loading,pitch.0,700201,-2.2488,10.4655,69.9459,64.285,-6.4476,6.9698,0.0088,0.0874
1779744289416,1,12.00000015,Lower Delivery,Loading,pitch.0,700287,-0.4337,0.1084,0.7174,-1.5853,-0.0719,-2.6961,0.0,0.0
1779744289416,1,12.00000018,Upper Delivery,Loading,pitch.0,700974,-0.2826,0.1206,0.3147,-1.5814,-0.9747,-2.6353,0.0,0.0
1779744289416,1,Pitching Mound.Delivery,,Loading,pitch.0,699340,-0.7163,0.2291,1.0321,-3.0297,-1.0466,-5.2801,0.0,0.0
1779744289416,1,Pitching Mound.Drive,,Loading,pitch.0,700201,-2.2488,10.4655,69.9459,64.285,-6.4476,6.9698,0.0088,0.0874
1779744289416,1,Pitching Mound.Parent,,Loading,pitch.0,698664,-2.9651,10.6946,70.9781,61.2553,-7.4942,1.6897,0.0086,0.0881
1779744289417,1,11.0000004b,Drive,Loading,pitch.0,700202,-2.1901,10.6278,70.5958,64.8969,-6.3568,6.8798,0.0086,0.0874
1779744289417,1,12.00000015,Lower Delivery,Loading,pitch.0,700288,-0.458,0.114,0.6884,-1.7422,-0.3209,-2.6809,0.0,0.0
1779744289417,1,12.00000018,Upper Delivery,Loading,pitch.0,700975,-0.3502,0.2012,0.5671,-1.3121,-1.1273,-2.6744,0.0,0.0
1779744289417,1,Pitching Mound.Delivery,,Loading,pitch.0,699341,-0.8082,0.3152,1.2555,-3.0131,-1.4482,-5.3187,0.0,0.0
1779744289417,1,Pitching Mound.Drive,,Loading,pitch.0,700202,-2.1901,10.6278,70.5958,64.8969,-6.3568,6.8798,0.0086,0.0874
1779744289417,1,Pitching Mound.Parent,,Loading,pitch.0,698665,-2.9983,10.9429,71.8513,61.8838,-7.805,1.5611,0.0084,0.0865
1779744289418,1,11.0000004b,Drive,Loading,pitch.0,700203,-2.2042,10.7532,70.79,64.9019,-6.0812,6.8907,0.0082,0.0872
1779744289418,1,12.00000015,Lower Delivery,Loading,pitch.0,700289,-0.434,0.108,0.6355,-1.7268,-0.312,-2.6341,0.0,0.0
1779744289418,1,12.00000018,Upper Delivery,Loading,pitch.0,700976,-0.4088,0.2496,0.7107,-1.2968,-1.1306,-2.7327,0.0,0.0
1779744289418,1,Pitching Mound.Delivery,,Loading,pitch.0,699342,-0.8428,0.3576,1.3462,-3.0491,-1.4426,-5.3583,0.0,0.0
1779744289418,1,Pitching Mound.Drive,,Loading,pitch.0,700203,-2.2042,10.7532,70.79,64.9019,-6.0812,6.8907,0.0082,0.0872
1779744289418,1,Pitching Mound.Parent,,Loading,pitch.0,698666,-3.047,11.1108,72.1361,61.8528,-7.5238,1.5324,0.008,0.0852
1779744289419,1,11.0000004b,Drive,Loading,pitch.0,700204,-2.2105,10.8811,71.1605,65.0551,-5.774,6.9088,0.0077,0.087
1779744289419,1,12.00000015,Lower Delivery,Loading,pitch.0,700290,-0.4429,0.1102,0.657,-1.7045,-0.126,-2.6027,0.0,0.0
1779744289419,1,12.00000018,Upper Delivery,Loading,pitch.0,700977,-0.3955,0.2488,0.6997,-1.3928,-1.2142,-2.7492,0.0,0.0
1779744289419,1,Pitching Mound.Delivery,,Loading,pitch.0,699343,-0.8384,0.359,1.3567,-3.1119,-1.3402,-5.3358,0.0,0.0
1779744289419,1,Pitching Mound.Drive,,Loading,pitch.0,700204,-2.2105,10.8811,71.1605,65.0551,-5.774,6.9088,0.0077,0.087
1779744289419,1,Pitching Mound.Parent,,Loading,pitch.0,698667,-3.0489,11.2401,72.5172,61.9432,-7.1142,1.5731,0.0076,0.0851
1779744289420,1,11.0000004b,Drive,Loading,pitch.0,700205,-2.2327,11.0217,71.4665,65.2248,-5.5362,6.9441,0.0074,0.0868
1779744289420,1,12.00000015,Lower Delivery,Loading,pitch.0,700291,-0.418,0.1039,0.6512,-1.5536,-0.0022,-2.6642,0.0,0.0
1779744289420,1,12.00000018,Upper Delivery,Loading,pitch.0,700978,-0.3949,0.2267,0.652,-1.367,-1.203,-2.7322,0.0,0.0
1779744289420,1,Pitching Mound.Delivery,,Loading,pitch.0,699344,-0.8129,0.3305,1.3032,-2.9208,-1.2052,-5.3885,0.0,0.0
1779744289420,1,Pitching Mound.Drive,,Loading,pitch.0,700205,-2.2327,11.0217,71.4665,65.2248,-5.5362,6.9441,0.0074,0.0868
1779744289420,1,Pitching Mound.Parent,,Loading,pitch.0,698668,-3.0456,11.3522,72.7696,62.304,-6.7414,1.5556,0.0072,0.0853
1779744289421,1,11.0000004b,Drive,Loading,pitch.0,700206,-2.2653,11.1532,71.7876,65.3757,-5.1398,6.9549,0.0068,0.0866
1779744289421,1,12.00000015,Lower Delivery,Loading,pitch.0,700292,-0.3704,0.0923,0.7115,-1.3352,0.0161,-2.7153,0.0,0.0
1779744289421,1,12.00000018,Upper Delivery,Loading,pitch.0,700979,-0.4371,0.2767,0.8095,-1.3862,-1.2169,-2.7701,0.0,0.0
1779744289421,1,Pitching Mound.Delivery,,Loading,pitch.0,699345,-0.8075,0.369,1.521,-2.7547,-1.2008,-5.5081,0.0,0.0
1779744289421,1,Pitching Mound.Drive,,Loading,pitch.0,700206,-2.2653,11.1532,71.7876,65.3757,-5.1398,6.9549,0.0068,0.0866
1779744289421,1,Pitching Mound.Parent,,Loading,pitch.0,698669,-3.0728,11.5222,73.3086,62.621,-6.3406,1.4468,0.0067,0.0844
1779744289422,1,11.0000004b,Drive,Loading,pitch.0,700207,-2.3048,11.2845,72.0624,65.5049,-4.963,6.9582,0.0066,0.0865
1779744289422,1,12.00000015,Lower Delivery,Loading,pitch.0,700293,-0.3631,0.0908,0.7743,-1.2311,0.1823,-2.7349,0.0,0.0
1779744289422,1,12.00000018,Upper Delivery,Loading,pitch.0,700980,-0.3723,0.2227,0.6184,-1.4629,-1.3279,-2.7279,0.0,0.0
1779744289422,1,Pitching Mound.Delivery,,Loading,pitch.0,699346,-0.7355,0.3135,1.3927,-2.641,-1.1455,-5.4659,0.0,0.0
1779744289422,1,Pitching Mound.Drive,,Loading,pitch.0,700207,-2.3048,11.2845,72.0624,65.5049,-4.963,6.9582,0.0066,0.0865
1779744289422,1,Pitching Mound.Parent,,Loading,pitch.0,698670,-3.0402,11.598,73.4551,62.8638,-6.1086,1.4923,0.0064,0.0856
1779744289423,1,11.0000004b,Drive,Loading,pitch.0,700208,-2.3426,11.4028,72.3908,65.6841,-4.5292,6.96,0.006,0.0863
1779744289423,1,12.00000015,Lower Delivery,Loading,pitch.0,700294,-0.3414,0.0861,0.8427,-1.3793,0.4974,-2.7928,0.0,0.0
1779744289423,1,12.00000018,Upper Delivery,Loading,pitch.0,700981,-0.3448,0.1703,0.4936,-1.4863,-1.3493,-2.7379,0.0,0.0
1779744289423,1,Pitching Mound.Delivery,,Loading,pitch.0,699347,-0.6862,0.2564,1.3364,-2.7469,-0.8519,-5.5318,0.0,0.0
1779744289423,1,Pitching Mound.Drive,,Loading,pitch.0,700208,-2.3426,11.4028,72.3908,65.6841,-4.5292,6.96,0.006,0.0863
1779744289423,1,Pitching Mound.Parent,,Loading,pitch.0,698671,-3.0287,11.6591,73.7272,62.9372,-5.3812,1.4282,0.0058,0.0864
1779744289424,1,11.0000004b,Drive,Loading,pitch.0,700209,-2.385,11.5058,72.688,65.8044,-4.1279,7.0102,0.0054,0.0861
1779744289424,1,12.00000015,Lower Delivery,Loading,pitch.0,700295,-0.2783,0.0718,0.8548,-1.3788,0.6133,-2.8741,0.0,0.0
1779744289424,1,12.00000018,Upper Delivery,Loading,pitch.0,700982,-0.3114,0.1291,0.3897,-1.5011,-1.3748,-2.7078,0.0,0.0
1779744289424,1,Pitching Mound.Delivery,,Loading,pitch.0,699348,-0.5896,0.2009,1.2445,-2.7217,-0.7615,-5.5932,0.0,0.0
1779744289424,1,Pitching Mound.Drive,,Loading,pitch.0,700209,-2.385,11.5058,72.688,65.8044,-4.1279,7.0102,0.0054,0.0861
1779744289424,1,Pitching Mound.Parent,,Loading,pitch.0,698672,-2.9746,11.7067,73.9325,63.0827,-4.8895,1.417,0.0053,0.0868
1779744289425,1,11.0000004b,Drive,Loading,pitch.0,700210,-2.4276,11.6168,73.1366,66.0392,-3.8825,7.0342,0.0051,0.0859
1779744289425,1,12.00000015,Lower Delivery,Loading,pitch.0,700296,-0.2748,0.0702,0.8713,-1.5586,0.6098,-2.8668,0.0,0.0
1779744289425,1,12.00000018,Upper Delivery,Loading,pitch.0,700983,-0.3461,0.156,0.4339,-1.336,-1.2125,-2.6622,0.0,0.0
1779744289425,1,Pitching Mound.Delivery,,Loading,pitch.0,699349,-0.6209,0.2262,1.3052,-2.7459,-0.6027,-5.5532,0.0,0.0
1779744289425,1,Pitching Mound.Drive,,Loading,pitch.0,700210,-2.4276,11.6168,73.1366,66.0392,-3.8825,7.0342,0.0051,0.0859
1779744289425,1,Pitching Mound.Parent,,Loading,pitch.0,698673,-3.0485,11.8429,74.4418,63.2934,-4.4853,1.481,0.005,0.0864
1779744289426,1,11.0000004b,Drive,Loading,pitch.0,700211,-2.4632,11.7109,73.5229,66.2226,-3.5728,7.1007,0.0046,0.0857
1779744289426,1,12.00000015,Lower Delivery,Loading,pitch.0,700297,-0.2949,0.0746,0.8543,-1.2907,0.4687,-2.9087,0.0,0.0
1779744289426,1,12.00000018,Upper Delivery,Loading,pitch.0,700984,-0.3433,0.1273,0.3553,-1.5298,-1.3946,-2.6554,0.0,0.0
1779744289426,1,Pitching Mound.Delivery,,Loading,pitch.0,699350,-0.6382,0.2018,1.2096,-2.6509,-0.9259,-5.5806,0.0,0.0
1779744289426,1,Pitching Mound.Drive,,Loading,pitch.0,700211,-2.4632,11.7109,73.5229,66.2226,-3.5728,7.1007,0.0046,0.0857
1779744289426,1,Pitching Mound.Parent,,Loading,pitch.0,698674,-3.1014,11.9127,74.7325,63.5717,-4.4987,1.5201,0.0045,0.0866
1779744289427,1,11.0000004b,Drive,Loading,pitch.0,700212,-2.4942,11.8136,73.9305,66.3746,-3.1669,7.1633,0.0041,0.0854
1779744289427,1,12.00000015,Lower Delivery,Loading,pitch.0,700298,-0.2736,0.07,0.8877,-1.0012,0.4954,-2.9062,0.0,0.0
1779744289427,1,12.00000018,Upper Delivery,Loading,pitch.0,700985,-0.3361,0.1107,0.3239,-1.3948,-1.2786,-2.6015,0.0,0.0
1779744289427,1,Pitching Mound.Delivery,,Loading,pitch.0,699351,-0.6097,0.1807,1.2116,-2.2043,-0.7832,-5.5289,0.0,0.0
1779744289427,1,Pitching Mound.Drive,,Loading,pitch.0,700212,-2.4942,11.8136,73.9305,66.3746,-3.1669,7.1633,0.0041,0.0854
1779744289427,1,Pitching Mound.Parent,,Loading,pitch.0,698675,-3.1039,11.9943,75.1421,64.1703,-3.9501,1.6343,0.004,0.0866
1779744289428,1,11.0000004b,Drive,Loading,pitch.0,700213,-2.5096,11.9028,74.3631,66.6315,-2.9344,7.2224,0.0038,0.0852
1779744289428,1,12.00000015,Lower Delivery,Loading,pitch.0,700299,-0.2547,0.066,0.8902,-0.8861,0.5469,-2.9425,0.0,0.0
1779744289428,1,12.00000018,Upper Delivery,Loading,pitch.0,700986,-0.3682,0.1405,0.3641,-1.1239,-0.9975,-2.4602,0.0,0.0
1779744289428,1,Pitching Mound.Delivery,,Loading,pitch.0,699352,-0.6229,0.2065,1.2543,-1.8311,-0.4506,-5.4412,0.0,0.0
1779744289428,1,Pitching Mound.Drive,,Loading,pitch.0,700213,-2.5096,11.9028,74.3631,66.6315,-2.9344,7.2224,0.0038,0.0852
1779744289428,1,Pitching Mound.Parent,,Loading,pitch.0,698676,-3.1324,12.1093,75.6173,64.8004,-3.385,1.7812,0.0037,0.0862
1779744289429,1,11.0000004b,Drive,Loading,pitch.0,700214,-2.534,11.9999,74.8609,66.9196,-2.8524,7.2754,0.0036,0.085
1779744289429,1,12.00000015,Lower Delivery,Loading,pitch.0,700300,-0.2583,0.0668,0.905,-0.649,0.5975,-2.9484,0.0,0.0
1779744289429,1,12.00000018,Upper Delivery,Loading,pitch.0,700987,-0.3649,0.1348,0.3279,-1.2776,-1.1594,-2.4956,0.0,0.0
1779744289429,1,Pitching Mound.Delivery,,Loading,pitch.0,699353,-0.6232,0.2016,1.2329,-1.7304,-0.5619,-5.4802,0.0,0.0
1779744289429,1,Pitching Mound.Drive,,Loading,pitch.0,700214,-2.534,11.9999,74.8609,66.9196,-2.8524,7.2754,0.0036,0.085
1779744289429,1,Pitching Mound.Parent,,Loading,pitch.0,698677,-3.1572,12.2015,76.0938,65.1893,-3.4143,1.7951,0.0036,0.0862
1779744289430,1,11.0000004b,Drive,Loading,pitch.0,700215,-2.5536,12.0847,75.3296,67.1785,-2.6969,7.3323,0.0034,0.0848
1779744289430,1,12.00000015,Lower Delivery,Loading,pitch.0,700301,-0.2494,0.0652,0.9628,-0.7643,0.5571,-2.9668,0.0,0.0
1779744289430,1,12.00000018,Upper Delivery,Loading,pitch.0,700988,-0.3608,0.136,0.3258,-1.2233,-1.1017,-2.4943,0.0,0.0
1779744289430,1,Pitching Mound.Delivery,,Loading,pitch.0,699354,-0.6102,0.2012,1.2886,-1.771,-0.5446,-5.4991,0.0,0.0
1779744289430,1,Pitching Mound.Drive,,Loading,pitch.0,700215,-2.5536,12.0847,75.3296,67.1785,-2.6969,7.3323,0.0034,0.0848
1779744289430,1,Pitching Mound.Parent,,Loading,pitch.0,698678,-3.1638,12.286,76.6182,65.4074,-3.2415,1.8332,0.0033,0.0862
1779744289431,1,11.0000004b,Drive,Loading,pitch.0,700216,-2.5697,12.1568,75.5663,67.2993,-2.6666,7.3808,0.0034,0.0847
1779744289431,1,12.00000015,Lower Delivery,Loading,pitch.0,700302,-0.2805,0.0741,0.9669,-0.9022,0.4167,-2.9267,0.0,0.0
1779744289431,1,12.00000018,Upper Delivery,Loading,pitch.0,700989,-0.36,0.1382,0.3309,-1.2778,-1.1573,-2.5393,0.0,0.0
1779744289431,1,Pitching Mound.Delivery,,Loading,pitch.0,699355,-0.6405,0.2123,1.2978,-1.9638,-0.7406,-5.4931,0.0,0.0
1779744289431,1,Pitching Mound.Drive,,Loading,pitch.0,700216,-2.5697,12.1568,75.5663,67.2993,-2.6666,7.3808,0.0034,0.0847
1779744289431,1,Pitching Mound.Parent,,Loading,pitch.0,698679,-3.2102,12.3691,76.8641,65.3355,-3.4073,1.8877,0.0033,0.0861
1779744289432,1,11.0000004b,Drive,Loading,pitch.0,700217,-2.5972,12.2434,76.014,67.5841,-2.6089,7.4507,0.0033,0.0846
1779744289432,1,12.00000015,Lower Delivery,Loading,pitch.0,700303,-0.2991,0.0797,0.9356,-1.1112,0.0561,-2.9012,0.0,0.0
1779744289432,1,12.00000018,Upper Delivery,Loading,pitch.0,700990,-0.3538,0.1271,0.3266,-1.1637,-1.0384,-2.4885,0.0,0.0
1779744289432,1,Pitching Mound.Delivery,,Loading,pitch.0,699356,-0.6529,0.2068,1.2623,-2.0679,-0.9823,-5.4083,0.0,0.0
1779744289432,1,Pitching Mound.Drive,,Loading,pitch.0,700217,-2.5972,12.2434,76.014,67.5841,-2.6089,7.4507,0.0033,0.0846
1779744289432,1,Pitching Mound.Parent,,Loading,pitch.0,698680,-3.2502,12.4501,77.2763,65.5162,-3.5912,2.0424,0.0032,0.0859
1779744289433,1,11.0000004b,Drive,Loading,pitch.0,700218,-2.6232,12.3318,76.3612,67.8961,-2.3657,7.5167,0.0029,0.0846
1779744289433,1,12.00000015,Lower Delivery,Loading,pitch.0,700304,-0.3329,0.0862,0.8457,-1.4566,-0.2442,-2.8424,0.0,0.0
1779744289433,1,12.00000018,Upper Delivery,Loading,pitch.0,700991,-0.3429,0.1182,0.3597,-1.0624,-0.929,-2.513,0.0,0.0
1779744289433,1,Pitching Mound.Delivery,,Loading,pitch.0,699357,-0.6758,0.2044,1.2054,-2.3538,-1.1732,-5.3588,0.0,0.0
1779744289433,1,Pitching Mound.Drive,,Loading,pitch.0,700218,-2.6232,12.3318,76.3612,67.8961,-2.3657,7.5167,0.0029,0.0846
1779744289433,1,Pitching Mound.Parent,,Loading,pitch.0,698681,-3.299,12.5362,77.5666,65.5423,-3.5388,2.1579,0.0029,0.0854
1779744289434,1,11.0000004b,Drive,Loading,pitch.0,700219,-2.6581,12.4134,76.7576,68.2946,-2.4797,7.5923,0.0031,0.0846
1779744289434,1,12.00000015,Lower Delivery,Loading,pitch.0,700305,-0.347,0.0888,0.8546,-1.6721,-0.441,-2.8359,0.0,0.0
1779744289434,1,12.00000018,Upper Delivery,Loading,pitch.0,700992,-0.3646,0.169,0.4102,-1.0835,-0.9525,-2.4948,0.0,0.0
1779744289434,1,Pitching Mound.Delivery,,Loading,pitch.0,699358,-0.7116,0.2578,1.2649,-2.6046,-1.3935,-5.3366,0.0,0.0
1779744289434,1,Pitching Mound.Drive,,Loading,pitch.0,700219,-2.6581,12.4134,76.7576,68.2946,-2.4797,7.5923,0.0031,0.0846
1779744289434,1,Pitching Mound.Parent,,Loading,pitch.0,698682,-3.3697,12.6712,78.0224,65.69,-3.8732,2.2557,0.003,0.0852
1779744289435,1,11.0000004b,Drive,Loading,pitch.0,700220,-2.7129,12.5095,77.2759,68.8156,-2.401,7.6771,0.003,0.0847
1779744289435,1,12.00000015,Lower Delivery,Loading,pitch.0,700306,-0.3523,0.0898,0.8683,-1.6387,-0.8155,-2.7731,0.0,0.0
1779744289435,1,12.00000018,Upper Delivery,Loading,pitch.0,700993,-0.3293,0.1605,0.4024,-0.8687,-0.7208,-2.5423,0.0,0.0
1779744289435,1,Pitching Mound.Delivery,,Loading,pitch.0,699359,-0.6816,0.2503,1.2707,-2.349,-1.5363,-5.3076,0.0,0.0
1779744289435,1,Pitching Mound.Drive,,Loading,pitch.0,700220,-2.7129,12.5095,77.2759,68.8156,-2.401,7.6771,0.003,0.0847
1779744289435,1,Pitching Mound.Parent,,Loading,pitch.0,698683,-3.3945,12.7598,78.5466,66.4666,-3.9374,2.3695,0.0029,0.0854
1779744289436,1,11.0000004b,Drive,Loading,pitch.0,700221,-2.7462,12.5871,77.6783,69.2446,-2.4784,7.7131,0.003,0.0848
1779744289436,1,12.00000015,Lower Delivery,Loading,pitch.0,700307,-0.3564,0.0911,0.9429,-1.7903,-0.6628,-2.7786,0.0,0.0
1779744289436,1,12.00000018,Upper Delivery,Loading,pitch.0,700994,-0.3282,0.184,0.4385,-0.7296,-0.5772,-2.4552,0.0,0.0
1779744289436,1,Pitching Mound.Delivery,,Loading,pitch.0,699360,-0.6846,0.2751,1.3814,-2.3484,-1.24,-5.2243,0.0,0.0
1779744289436,1,Pitching Mound.Drive,,Loading,pitch.0,700221,-2.7462,12.5871,77.6783,69.2446,-2.4784,7.7131,0.003,0.0848
1779744289436,1,Pitching Mound.Parent,,Loading,pitch.0,698684,-3.4308,12.8622,79.0597,66.8962,-3.7184,2.4888,0.003,0.0855
1779744289437,1,11.0000004b,Drive,Loading,pitch.0,700222,-2.7805,12.671,78.0355,69.6585,-2.3998,7.7667,0.0029,0.0849
1779744289437,1,12.00000015,Lower Delivery,Loading,pitch.0,700308,-0.3903,0.0987,0.9467,-1.9701,-1.0803,-2.8087,0.0,0.0
1779744289437,1,12.00000018,Upper Delivery,Loading,pitch.0,700995,-0.2964,0.1895,0.4578,-0.6447,-0.4884,-2.4243,0.0,0.0
1779744289437,1,Pitching Mound.Delivery,,Loading,pitch.0,699361,-0.6866,0.2882,1.4045,-2.4485,-1.5687,-5.201,0.0,0.0
1779744289437,1,Pitching Mound.Drive,,Loading,pitch.0,700222,-2.7805,12.671,78.0355,69.6585,-2.3998,7.7667,0.0029,0.0849
1779744289437,1,Pitching Mound.Parent,,Loading,pitch.0,698685,-3.4671,12.9592,79.44,67.21,-3.9685,2.5657,0.0029,0.0855
1779744289438,1,11.0000004b,Drive,Loading,pitch.0,700223,-2.836,12.7625,78.6584,70.4521,-2.3983,7.828,0.0029,0.0852
1779744289438,1,12.00000015,Lower Delivery,Loading,pitch.0,700309,-0.3606,0.0918,0.897,-1.9004,-0.5862,-2.7982,0.0,0.0
1779744289438,1,12.00000018,Upper Delivery,Loading,pitch.0,700996,-0.2922,0.1655,0.4361,-0.3358,-0.1606,-2.3971,0.0,0.0
1779744289438,1,Pitching Mound.Delivery,,Loading,pitch.0,699362,-0.6528,0.2572,1.3331,-2.0796,-0.7467,-5.172,0.0,0.0
1779744289438,1,Pitching Mound.Drive,,Loading,pitch.0,700223,-2.836,12.7625,78.6584,70.4521,-2.3983,7.828,0.0029,0.0852
1779744289438,1,Pitching Mound.Parent,,Loading,pitch.0,698686,-3.4888,13.0198,79.9916,68.3725,-3.145,2.6561,0.0029,0.0857
1779744289439,1,11.0000004b,Drive,Loading,pitch.0,700224,-2.873,12.8412,79.1534,70.9762,-2.2964,7.792,0.0028,0.0853
1779744289439,1,12.00000015,Lower Delivery,Loading,pitch.0,700310,-0.3534,0.0897,0.9064,-1.7675,-0.5542,-2.775,0.0,0.0
1779744289439,1,12.00000018,Upper Delivery,Loading,pitch.0,700997,-0.288,0.1837,0.4701,-0.5569,-0.3934,-2.4486,0.0,0.0
1779744289439,1,Pitching Mound.Delivery,,Loading,pitch.0,699363,-0.6414,0.2734,1.3765,-2.176,-0.9476,-5.2013,0.0,0.0
1779744289439,1,Pitching Mound.Drive,,Loading,pitch.0,700224,-2.873,12.8412,79.1534,70.9762,-2.2964,7.792,0.0028,0.0853
1779744289439,1,Pitching Mound.Parent,,Loading,pitch.0,698687,-3.5144,13.1146,80.5299,68.8002,-3.244,2.5907,0.0027,0.0857
1779744289440,1,11.0000004b,Drive,Loading,pitch.0,700225,-2.9355,12.9308,79.7551,71.665,-2.0784,7.8911,0.0025,0.0855
1779744289440,1,11.0000004b,Drive,Loading,pitch.0,700226,-3.0011,12.9866,79.7922,71.5208,-1.9058,7.9666,0.0023,0.0853
1779744289440,1,12.00000015,Lower Delivery,Loading,pitch.0,700311,-0.3216,0.0821,0.8892,-1.6827,-0.5517,-2.8091,0.0,0.0
1779744289440,1,12.00000018,Upper Delivery,Loading,pitch.0,700998,-0.2745,0.1846,0.4689,-0.5276,-0.3643,-2.4106,0.0,0.0
1779744289440,1,Pitching Mound.Delivery,,Loading,pitch.0,699364,-0.5961,0.2668,1.3581,-2.0674,-0.9159,-5.2037,0.0,0.0
1779744289440,1,Pitching Mound.Drive,,Loading,pitch.0,700225,-2.9355,12.9308,79.7551,71.665,-2.0784,7.8911,0.0025,0.0855
1779744289440,1,Pitching Mound.Drive,,Loading,pitch.0,700226,-3.0011,12.9866,79.7922,71.5208,-1.9058,7.9666,0.0023,0.0853
1779744289440,1,Pitching Mound.Parent,,Loading,pitch.0,698688,-3.5316,13.1976,81.1132,69.5976,-2.9943,2.6874,0.0024,0.0858
1779744289441,1,12.00000015,Lower Delivery,Loading,pitch.0,700312,-0.2963,0.0761,0.7941,-1.4446,-0.6224,-2.8311,0.0,0.0
1779744289441,1,12.00000018,Upper Delivery,Loading,pitch.0,700999,-0.2862,0.207,0.4907,-0.345,-0.1703,-2.3986,0.0,0.0
1779744289441,1,Pitching Mound.Delivery,,Loading,pitch.0,699365,-0.5826,0.2831,1.2848,-1.6864,-0.7926,-5.2263,0.0,0.0
1779744289441,1,Pitching Mound.Parent,,Loading,pitch.0,698689,-3.5837,13.2698,81.0771,69.8344,-2.6984,2.7403,0.0022,0.0852
1779744289442,1,11.0000004b,Drive,Loading,pitch.0,700227,-3.077,13.0884,80.5761,72.359,-2.1784,8.1083,0.0026,0.0854
1779744289442,1,12.00000015,Lower Delivery,Loading,pitch.0,700313,-0.2743,0.0707,0.8849,-1.2729,-0.7387,-2.8637,0.0,0.0
1779744289442,1,12.00000018,Upper Delivery,Loading,pitch.0,701000,-0.2782,0.1784,0.4489,-0.8743,-0.7269,-2.539,0.0,0.0
1779744289442,1,Pitching Mound.Delivery,,Loading,pitch.0,699366,-0.5525,0.2492,1.3338,-1.9989,-1.4656,-5.404,0.0,0.0
1779744289442,1,Pitching Mound.Drive,,Loading,pitch.0,700227,-3.077,13.0884,80.5761,72.359,-2.1784,8.1083,0.0026,0.0854
1779744289442,1,Pitching Mound.Parent,,Loading,pitch.0,698690,-3.6295,13.3375,81.9099,70.3601,-3.644,2.7043,0.0025,0.0858
1779744289443,1,11.0000004b,Drive,Loading,pitch.0,700228,-3.1318,13.1686,81.1279,72.8709,-2.5986,8.2059,0.003,0.0854
1779744289443,1,12.00000015,Lower Delivery,Loading,pitch.0,700314,-0.2452,0.0638,0.8701,-1.4874,-0.6354,-2.8945,0.0,0.0
1779744289443,1,12.00000018,Upper Delivery,Loading,pitch.0,701001,-0.2847,0.1838,0.4605,-1.1227,-0.9882,-2.6052,0.0,0.0
1779744289443,1,Pitching Mound.Delivery,,Loading,pitch.0,699367,-0.5299,0.2477,1.3305,-2.4709,-1.6235,-5.5131,0.0,0.0
1779744289443,1,Pitching Mound.Drive,,Loading,pitch.0,700228,-3.1318,13.1686,81.1279,72.8709,-2.5986,8.2059,0.003,0.0854
1779744289443,1,Pitching Mound.Parent,,Loading,pitch.0,698691,-3.6617,13.4163,82.4585,70.4,-4.2222,2.6928,0.003,0.0858
1779744289444,1,11.0000004b,Drive,Loading,pitch.0,700230,-3.2501,13.3178,82.2585,73.7516,-3.0512,8.3683,0.0035,0.0853
1779744289444,1,11.0000004b,Drive,Loading,pitch.0,700229,-3.1883,13.2355,81.7076,73.2256,-2.8054,8.2781,0.0033,0.0853
1779744289444,1,12.00000015,Lower Delivery,Loading,pitch.0,700315,-0.2408,0.0629,0.931,-1.527,-0.6074,-2.9072,0.0,0.0
1779744289444,1,12.00000018,Upper Delivery,Loading,pitch.0,701002,-0.2797,0.1699,0.4212,-1.0807,-0.9457,-2.5629,0.0,0.0
1779744289444,1,Pitching Mound.Delivery,,Loading,pitch.0,699368,-0.5206,0.2328,1.3522,-2.4344,-1.5532,-5.4833,0.0,0.0
1779744289444,1,Pitching Mound.Drive,,Loading,pitch.0,700230,-3.2501,13.3178,82.2585,73.7516,-3.0512,8.3683,0.0035,0.0853
1779744289444,1,Pitching Mound.Drive,,Loading,pitch.0,700229,-3.1883,13.2355,81.7076,73.2256,-2.8054,8.2781,0.0033,0.0853
1779744289444,1,Pitching Mound.Parent,,Loading,pitch.0,698692,-3.7089,13.4682,83.0598,70.7912,-4.3585,2.7947,0.0032,0.086
1779744289445,1,12.00000015,Lower Delivery,Loading,pitch.0,700316,-0.2549,0.0659,0.8909,-1.4783,-0.7303,-2.8846,0.0,0.0
1779744289445,1,12.00000018,Upper Delivery,Loading,pitch.0,701003,-0.2968,0.1645,0.4569,-0.8019,-0.6497,-2.5384,0.0,0.0
1779744289445,1,Pitching Mound.Delivery,,Loading,pitch.0,699369,-0.5517,0.2303,1.3478,-2.1326,-1.38,-5.4372,0.0,0.0
1779744289445,1,Pitching Mound.Parent,,Loading,pitch.0,698693,-3.8018,13.5481,83.6063,71.619,-4.4312,2.9311,0.0035,0.0857
1779744289446,1,11.0000004b,Drive,Loading,pitch.0,700231,-3.3065,13.4089,82.9404,74.4986,-3.4325,8.4637,0.0039,0.0854
1779744289446,1,11.0000004b,Drive,Loading,pitch.0,700232,-3.3595,13.496,83.6078,75.21,-3.5971,8.5629,0.0041,0.0856
1779744289446,1,12.00000015,Lower Delivery,Loading,pitch.0,700317,-0.2438,0.0636,0.8839,-1.4106,-0.5899,-2.8874,0.0,0.0
1779744289446,1,12.00000018,Upper Delivery,Loading,pitch.0,701004,-0.3076,0.1552,0.485,-0.8344,-0.6856,-2.5168,0.0,0.0
1779744289446,1,Pitching Mound.Delivery,,Loading,pitch.0,699370,-0.5514,0.2187,1.3688,-2.1094,-1.2756,-5.426,0.0,0.0
1779744289446,1,Pitching Mound.Drive,,Loading,pitch.0,700231,-3.3065,13.4089,82.9404,74.4986,-3.4325,8.4637,0.0039,0.0854
1779744289446,1,Pitching Mound.Drive,,Loading,pitch.0,700232,-3.3595,13.496,83.6078,75.21,-3.5971,8.5629,0.0041,0.0856
1779744289446,1,Pitching Mound.Parent,,Loading,pitch.0,698694,-3.8579,13.6276,84.3092,72.3892,-4.7081,3.0377,0.0039,0.0857
1779744289447,1,12.00000015,Lower Delivery,Loading,pitch.0,700318,-0.2692,0.0694,0.8953,-1.2721,-0.5807,-2.8568,0.0,0.0
1779744289447,1,12.00000018,Upper Delivery,Loading,pitch.0,701005,-0.3044,0.1367,0.4717,-1.3557,-1.1199,-2.6352,0.0,0.0
1779744289447,1,Pitching Mound.Delivery,,Loading,pitch.0,699371,-0.5736,0.206,1.367,-2.4838,-1.7006,-5.504,0.0,0.0
1779744289447,1,Pitching Mound.Parent,,Loading,pitch.0,698695,-3.9331,13.702,84.9748,72.7262,-5.2978,3.059,0.004,0.0859
1779744289448,1,11.0000004b,Drive,Loading,pitch.0,700233,-3.4258,13.5674,84.0145,75.4882,-3.7561,8.6685,0.0043,0.0855
1779744289448,1,12.00000015,Lower Delivery,Loading,pitch.0,700319,-0.2648,0.0691,0.881,-1.4786,-0.3194,-2.8787,0.0,0.0
1779744289448,1,12.00000018,Upper Delivery,Loading,pitch.0,701006,-0.3124,0.1408,0.4611,-1.3136,-1.176,-2.6454,0.0,0.0
1779744289448,1,Pitching Mound.Delivery,,Loading,pitch.0,699372,-0.5772,0.2099,1.3421,-2.6494,-1.4954,-5.5403,0.0,0.0
1779744289448,1,Pitching Mound.Drive,,Loading,pitch.0,700233,-3.4258,13.5674,84.0145,75.4882,-3.7561,8.6685,0.0043,0.0855
1779744289448,1,Pitching Mound.Parent,,Loading,pitch.0,698696,-4.0031,13.7772,85.3566,72.8388,-5.2515,3.1282,0.0042,0.0858
1779744289449,1,11.0000004b,Drive,Loading,pitch.0,700234,-3.4937,13.6476,84.7769,76.1712,-4.0219,8.7633,0.0045,0.0855
1779744289449,1,12.00000015,Lower Delivery,Loading,pitch.0,700320,-0.2515,0.0674,0.9093,-1.4463,-0.2331,-2.883,0.0,0.0
1779744289449,1,12.00000018,Upper Delivery,Loading,pitch.0,701007,-0.3124,0.1444,0.4673,-1.3568,-1.2358,-2.6412,0.0,0.0
1779744289449,1,Pitching Mound.Delivery,,Loading,pitch.0,699373,-0.5639,0.2118,1.3766,-2.6528,-1.4689,-5.5449,0.0,0.0
1779744289449,1,Pitching Mound.Drive,,Loading,pitch.0,700234,-3.4937,13.6476,84.7769,76.1712,-4.0219,8.7633,0.0045,0.0855
1779744289449,1,Pitching Mound.Parent,,Loading,pitch.0,698697,-4.0576,13.8593,86.1535,73.5184,-5.4908,3.2183,0.0044,0.0859
1779744289450,1,11.0000004b,Drive,Loading,pitch.0,700235,-3.5641,13.7252,85.3745,76.5107,-4.3412,8.8775,0.0048,0.0853
1779744289450,1,11.0000004b,Drive,Loading,pitch.0,700236,-3.6547,13.803,86.087,77.2408,-4.6046,8.9926,0.0051,0.0854
1779744289450,1,12.00000015,Lower Delivery,Loading,pitch.0,700321,-0.2807,0.0729,0.824,-1.4979,-0.348,-2.8907,0.0,0.0
1779744289450,1,12.00000018,Upper Delivery,Loading,pitch.0,701008,-0.3286,0.1355,0.4509,-1.3534,-1.2325,-2.635,0.0,0.0
1779744289450,1,Pitching Mound.Delivery,,Loading,pitch.0,699374,-0.6092,0.2084,1.2749,-2.7245,-1.5806,-5.542,0.0,0.0
1779744289450,1,Pitching Mound.Drive,,Loading,pitch.0,700235,-3.5641,13.7252,85.3745,76.5107,-4.3412,8.8775,0.0048,0.0853
1779744289450,1,Pitching Mound.Drive,,Loading,pitch.0,700236,-3.6547,13.803,86.087,77.2408,-4.6046,8.9926,0.0051,0.0854
1779744289450,1,Pitching Mound.Parent,,Loading,pitch.0,698698,-4.1733,13.9336,86.6494,73.7862,-5.9218,3.3355,0.0048,0.0855
1779744289451,1,11.0000004b,Drive,Loading,pitch.0,700237,-3.7479,13.8936,86.7558,78.0714,-4.9944,9.0992,0.0055,0.0856
1779744289451,1,12.00000015,Lower Delivery,Loading,pitch.0,700322,-0.282,0.073,0.8813,-1.4373,-0.4399,-2.9406,0.0,0.0
1779744289451,1,12.00000018,Upper Delivery,Loading,pitch.0,701009,-0.3307,0.1237,0.412,-1.2163,-1.0884,-2.5971,0.0,0.0
1779744289451,1,Pitching Mound.Delivery,,Loading,pitch.0,699375,-0.6127,0.1968,1.2932,-2.494,-1.5283,-5.5542,0.0,0.0
1779744289451,1,Pitching Mound.Drive,,Loading,pitch.0,700237,-3.7479,13.8936,86.7558,78.0714,-4.9944,9.0992,0.0055,0.0856
1779744289451,1,Pitching Mound.Parent,,Loading,pitch.0,698699,-4.2674,13.9998,87.3803,74.7468,-6.1329,3.4384,0.005,0.0859
1779744289452,1,12.00000015,Lower Delivery,Loading,pitch.0,700323,-0.3057,0.078,0.862,-1.0247,-0.5864,-2.9447,0.0,0.0
1779744289452,1,12.00000018,Upper Delivery,Loading,pitch.0,701010,-0.3637,0.1488,0.4508,-1.3019,-1.108,-2.6545,0.0,0.0
1779744289452,1,Pitching Mound.Delivery,,Loading,pitch.0,699376,-0.6694,0.2268,1.3129,-2.1868,-1.6944,-5.6189,0.0,0.0
1779744289452,1,Pitching Mound.Parent,,Loading,pitch.0,698700,-4.4173,14.1204,88.0686,75.8846,-6.6888,3.4803,0.0054,0.0859
1779744289453,1,11.0000004b,Drive,Loading,pitch.0,700238,-3.805,13.9487,87.1154,78.3854,-4.6754,9.113,0.0051,0.0856
1779744289453,1,12.00000015,Lower Delivery,Loading,pitch.0,700324,-0.2872,0.0738,0.8477,-1.4166,-0.4911,-2.9362,0.0,0.0
1779744289453,1,12.00000018,Upper Delivery,Loading,pitch.0,701011,-0.3616,0.1591,0.4707,-1.3252,-1.0985,-2.6547,0.0,0.0
1779744289453,1,Pitching Mound.Delivery,,Loading,pitch.0,699377,-0.6487,0.2328,1.3184,-2.6136,-1.5896,-5.6162,0.0,0.0
1779744289453,1,Pitching Mound.Drive,,Loading,pitch.0,700238,-3.805,13.9487,87.1154,78.3854,-4.6754,9.113,0.0051,0.0856
1779744289453,1,Pitching Mound.Parent,,Loading,pitch.0,698701,-4.4537,14.1816,88.4338,75.7718,-6.265,3.4968,0.005,0.0858
1779744289454,1,11.0000004b,Drive,Loading,pitch.0,700239,-3.9173,14.0391,87.8179,79.2338,-5.4125,9.2513,0.0059,0.0858
1779744289454,1,11.0000004b,Drive,Loading,pitch.0,700240,-4.0092,14.0974,88.2329,79.5714,-5.9812,9.3713,0.0064,0.0858
1779744289454,1,12.00000015,Lower Delivery,Loading,pitch.0,700325,-0.2765,0.0714,0.8716,-1.4826,-0.4288,-2.9902,0.0,0.0
1779744289454,1,12.00000018,Upper Delivery,Loading,pitch.0,701012,-0.3583,0.1462,0.4386,-1.3541,-1.1853,-2.6365,0.0,0.0
1779744289454,1,Pitching Mound.Delivery,,Loading,pitch.0,699378,-0.6349,0.2175,1.3101,-2.6894,-1.6141,-5.6546,0.0,0.0
1779744289454,1,Pitching Mound.Drive,,Loading,pitch.0,700239,-3.9173,14.0391,87.8179,79.2338,-5.4125,9.2513,0.0059,0.0858
1779744289454,1,Pitching Mound.Drive,,Loading,pitch.0,700240,-4.0092,14.0974,88.2329,79.5714,-5.9812,9.3713,0.0064,0.0858
1779744289454,1,Pitching Mound.Parent,,Loading,pitch.0,698702,-4.5522,14.2566,89.1281,76.5444,-7.0266,3.5967,0.0058,0.0862
1779744289455,1,11.0000004b,Drive,Loading,pitch.0,700241,-4.0853,14.1661,89.0264,80.4641,-6.3032,9.4404,0.0067,0.086
1779744289455,1,12.00000015,Lower Delivery,Loading,pitch.0,700326,-0.2876,0.0739,0.8729,-1.9444,-0.3404,-2.9834,0.0,0.0
1779744289455,1,12.00000018,Upper Delivery,Loading,pitch.0,701013,-0.3601,0.1234,0.3673,-1.4556,-1.3056,-2.6401,0.0,0.0
1779744289455,1,Pitching Mound.Delivery,,Loading,pitch.0,699379,-0.6477,0.1973,1.2402,-3.2282,-1.646,-5.6481,0.0,0.0
1779744289455,1,Pitching Mound.Drive,,Loading,pitch.0,700241,-4.0853,14.1661,89.0264,80.4641,-6.3032,9.4404,0.0067,0.086
1779744289455,1,Pitching Mound.Parent,,Loading,pitch.0,698703,-4.6569,14.2947,89.4731,76.3433,-7.6272,3.7231,0.0064,0.0865
1779744289456,1,11.0000004b,Drive,Loading,pitch.0,700242,-4.1403,14.2081,89.4279,80.7069,-6.4793,9.4564,0.0069,0.0859
1779744289456,1,12.00000015,Lower Delivery,Loading,pitch.0,700327,-0.2684,0.0689,0.904,-1.6669,-0.2251,-3.0422,0.0,0.0
1779744289456,1,12.00000018,Upper Delivery,Loading,pitch.0,701014,-0.3435,0.1144,0.3622,-1.5411,-1.4147,-2.6698,0.0,0.0
1779744289456,1,Pitching Mound.Delivery,,Loading,pitch.0,699380,-0.6119,0.1833,1.2662,-3.0238,-1.6398,-5.7376,0.0,0.0
1779744289456,1,Pitching Mound.Drive,,Loading,pitch.0,700242,-4.1403,14.2081,89.4279,80.7069,-6.4793,9.4564,0.0069,0.0859
1779744289456,1,Pitching Mound.Parent,,Loading,pitch.0,698704,-4.6972,14.3495,90.2926,77.4403,-7.943,3.7028,0.0066,0.0868
1779744289457,1,11.0000004b,Drive,Loading,pitch.0,700243,-4.1982,14.2515,89.8759,81.1942,-6.6101,9.4851,0.007,0.0859
1779744289457,1,12.00000015,Lower Delivery,Loading,pitch.0,700328,-0.2621,0.0674,0.9143,-1.7222,-0.3033,-3.0296,0.0,0.0
1779744289457,1,12.00000018,Upper Delivery,Loading,pitch.0,701015,-0.3356,0.1318,0.3404,-1.4645,-1.3504,-2.645,0.0,0.0
1779744289457,1,Pitching Mound.Delivery,,Loading,pitch.0,699381,-0.5976,0.1992,1.2547,-2.9915,-1.6538,-5.6995,0.0,0.0
1779744289457,1,Pitching Mound.Drive,,Loading,pitch.0,700243,-4.1982,14.2515,89.8759,81.1942,-6.6101,9.4851,0.007,0.0859
1779744289457,1,Pitching Mound.Parent,,Loading,pitch.0,698705,-4.738,14.4072,90.6825,77.7154,-8.1331,3.7569,0.0068,0.0868
1779744289458,1,11.0000004b,Drive,Loading,pitch.0,700244,-4.2679,14.3264,90.6493,82.2855,-6.9677,9.5773,0.0073,0.0864
1779744289458,1,12.00000015,Lower Delivery,Loading,pitch.0,700329,-0.2871,0.0734,0.9684,-1.6451,-0.0335,-3.0566,0.0,0.0
1779744289458,1,12.00000018,Upper Delivery,Loading,pitch.0,701016,-0.3538,0.1196,0.3341,-1.4365,-1.3154,-2.7381,0.0,0.0
1779744289458,1,Pitching Mound.Delivery,,Loading,pitch.0,699382,-0.6408,0.193,1.3024,-2.8659,-1.349,-5.8174,0.0,0.0
1779744289458,1,Pitching Mound.Drive,,Loading,pitch.0,700244,-4.2679,14.3264,90.6493,82.2855,-6.9677,9.5773,0.0073,0.0864
1779744289458,1,Pitching Mound.Parent,,Loading,pitch.0,698706,-4.8391,14.4444,91.1783,78.3283,-7.9591,3.6676,0.0069,0.0871
1779744289459,1,11.0000004b,Drive,Loading,pitch.0,700245,-4.3381,14.3698,91.0897,82.7542,-7.1009,9.6406,0.0074,0.0864
1779744289459,1,12.00000015,Lower Delivery,Loading,pitch.0,700330,-0.2967,0.0763,1.0059,-1.438,-0.1253,-3.043,0.0,0.0
1779744289459,1,12.00000018,Upper Delivery,Loading,pitch.0,701017,-0.3387,0.1306,0.3905,-1.4842,-1.3688,-2.694,0.0,0.0
1779744289459,1,Pitching Mound.Delivery,,Loading,pitch.0,699383,-0.6354,0.2069,1.3964,-2.713,-1.4941,-5.7513,0.0,0.0
1779744289459,1,Pitching Mound.Drive,,Loading,pitch.0,700245,-4.3381,14.3698,91.0897,82.7542,-7.1009,9.6406,0.0074,0.0864
1779744289459,1,Pitching Mound.Parent,,Loading,pitch.0,698707,-4.9033,14.5332,92.0457,79.5726,-8.4618,3.8261,0.0072,0.0873
1779744289460,1,11.0000004b,Drive,Loading,pitch.0,700246,-4.3865,14.4352,91.6197,83.5644,-7.2994,9.6979,0.0076,0.0868
1779744289460,1,12.00000015,Lower Delivery,Loading,pitch.0,700331,-0.2841,0.0738,1.0375,-1.1791,0.0185,-3.0229,0.0,0.0
1779744289460,1,12.00000018,Upper Delivery,Loading,pitch.0,701018,-0.3374,0.1179,0.3341,-1.4058,-1.2853,-2.6917,0.0,0.0
1779744289460,1,Pitching Mound.Delivery,,Loading,pitch.0,699384,-0.6215,0.1917,1.3716,-2.3457,-1.2668,-5.7327,0.0,0.0
1779744289460,1,Pitching Mound.Drive,,Loading,pitch.0,700246,-4.3865,14.4352,91.6197,83.5644,-7.2994,9.6979,0.0076,0.0868
1779744289460,1,Pitching Mound.Parent,,Loading,pitch.0,698708,-4.9596,14.5615,92.4613,80.4085,-8.3677,3.9078,0.0073,0.0877
1779744289461,1,11.0000004b,Drive,Loading,pitch.0,700247,-4.4121,14.4504,91.8076,83.6735,-7.4003,9.725,0.0077,0.0867
1779744289461,1,12.00000015,Lower Delivery,Loading,pitch.0,700332,-0.3195,0.0821,1.0791,-1.1366,0.2415,-3.0063,0.0,0.0
1779744289461,1,12.00000018,Upper Delivery,Loading,pitch.0,701019,-0.3245,0.1457,0.3635,-1.5151,-1.4019,-2.6907,0.0,0.0
1779744289461,1,Pitching Mound.Delivery,,Loading,pitch.0,699385,-0.644,0.2278,1.4426,-2.4085,-1.1604,-5.6987,0.0,0.0
1779744289461,1,Pitching Mound.Drive,,Loading,pitch.0,700247,-4.4121,14.4504,91.8076,83.6735,-7.4003,9.725,0.0077,0.0867
1779744289461,1,Pitching Mound.Parent,,Loading,pitch.0,698709,-5.0305,14.663,93.0624,81.1559,-8.4598,3.9992,0.0075,0.088
1779744289462,1,11.0000004b,Drive,Loading,pitch.0,700248,-4.4493,14.5026,92.5378,84.5611,-7.3304,9.7473,0.0075,0.0869
1779744289462,1,12.00000015,Lower Delivery,Loading,pitch.0,700333,-0.3097,0.0804,1.0802,-0.947,0.3264,-2.9557,0.0,0.0
1779744289462,1,12.00000018,Upper Delivery,Loading,pitch.0,701020,-0.3284,0.1379,0.3602,-1.4705,-1.3524,-2.7239,0.0,0.0
1779744289462,1,Pitching Mound.Delivery,,Loading,pitch.0,699386,-0.6382,0.2182,1.4404,-2.1727,-1.0261,-5.686,0.0,0.0
1779744289462,1,Pitching Mound.Drive,,Loading,pitch.0,700248,-4.4493,14.5026,92.5378,84.5611,-7.3304,9.7473,0.0075,0.0869
1779744289462,1,Pitching Mound.Parent,,Loading,pitch.0,698710,-5.0502,14.6686,93.248,81.5008,-8.4264,4.039,0.0075,0.088
1779744289463,1,11.0000004b,Drive,Loading,pitch.0,700249,-4.4674,14.5242,92.9017,84.7678,-7.1069,9.734,0.0073,0.0868
1779744289463,1,12.00000015,Lower Delivery,Loading,pitch.0,700334,-0.2935,0.0779,1.07,-1.0943,0.3696,-2.9554,0.0,0.0
1779744289463,1,12.00000018,Upper Delivery,Loading,pitch.0,701021,-0.3038,0.1218,0.3217,-1.2149,-1.0827,-2.6741,0.0,0.0
1779744289463,1,Pitching Mound.Delivery,,Loading,pitch.0,699387,-0.5972,0.1997,1.3917,-2.0548,-0.7131,-5.633,0.0,0.0
1779744289463,1,Pitching Mound.Drive,,Loading,pitch.0,700249,-4.4674,14.5242,92.9017,84.7678,-7.1069,9.734,0.0073,0.0868
1779744289463,1,Pitching Mound.Parent,,Loading,pitch.0,698711,-5.0466,14.7024,93.9295,82.5063,-8.0435,4.1142,0.0074,0.0883
1779744289464,1,11.0000004b,Drive,Loading,pitch.0,700250,-4.4724,14.5638,93.4311,85.3641,-6.9429,9.7026,0.0071,0.0869
1779744289464,1,12.00000015,Lower Delivery,Loading,pitch.0,700335,-0.3213,0.085,1.097,-1.1653,0.3959,-2.961,0.0,0.0
1779744289464,1,12.00000018,Upper Delivery,Loading,pitch.0,701022,-0.3121,0.1575,0.3587,-1.076,-0.9378,-2.6151,0.0,0.0
1779744289464,1,Pitching Mound.Delivery,,Loading,pitch.0,699388,-0.6333,0.2425,1.4557,-1.9903,-0.5419,-5.573,0.0,0.0
1779744289464,1,Pitching Mound.Drive,,Loading,pitch.0,700250,-4.4724,14.5638,93.4311,85.3641,-6.9429,9.7026,0.0071,0.0869
1779744289464,1,Pitching Mound.Parent,,Loading,pitch.0,698712,-5.1007,14.7666,94.3574,82.7776,-7.6488,4.161,0.0072,0.0881
1779744289465,1,11.0000004b,Drive,Loading,pitch.0,700251,-4.5051,14.61,93.9342,86.0905,-7.0913,9.7496,0.0072,0.0872
1779744289465,1,12.00000015,Lower Delivery,Loading,pitch.0,700336,-0.3294,0.0881,1.1052,-1.3827,0.2838,-2.924,0.0,0.0
1779744289465,1,12.00000018,Upper Delivery,Loading,pitch.0,701023,-0.3117,0.1731,0.3727,-1.264,-1.1362,-2.6531,0.0,0.0
1779744289465,1,Pitching Mound.Delivery,,Loading,pitch.0,699389,-0.6411,0.2613,1.4779,-2.3976,-0.8523,-5.5711,0.0,0.0
1779744289465,1,Pitching Mound.Drive,,Loading,pitch.0,700251,-4.5051,14.61,93.9342,86.0905,-7.0913,9.7496,0.0072,0.0872
1779744289465,1,Pitching Mound.Parent,,Loading,pitch.0,698713,-5.1135,14.8251,94.909,82.9665,-7.7952,4.1315,0.007,0.0882
1779744289466,1,11.0000004b,Drive,Loading,pitch.0,700252,-4.5345,14.6434,94.4961,86.6488,-7.2337,9.7753,0.0073,0.0872
1779744289466,1,12.00000015,Lower Delivery,Loading,pitch.0,700337,-0.2927,0.0875,1.0773,-1.2923,0.4598,-2.9203,0.0,0.0
1779744289466,1,12.00000018,Upper Delivery,Loading,pitch.0,701024,-0.2937,0.1937,0.4337,-1.4998,-1.3404,-2.7469,0.0,0.0
1779744289466,1,Pitching Mound.Delivery,,Loading,pitch.0,699390,-0.5865,0.2812,1.511,-2.5733,-0.8806,-5.6676,0.0,0.0
1779744289466,1,Pitching Mound.Drive,,Loading,pitch.0,700252,-4.5345,14.6434,94.4961,86.6488,-7.2337,9.7753,0.0073,0.0872
1779744289466,1,Pitching Mound.Parent,,Loading,pitch.0,698714,-5.0916,14.8912,95.4451,83.5172,-7.9719,4.082,0.0071,0.0881
1779744289467,1,11.0000004b,Drive,Loading,pitch.0,700253,-4.5832,14.6772,95.2212,87.2882,-7.5912,9.8299,0.0076,0.0872
1779744289467,1,12.00000015,Lower Delivery,Loading,pitch.0,700338,-0.2884,0.1129,1.1467,-1.2924,0.3113,-2.9011,0.0,0.0
1779744289467,1,12.00000018,Upper Delivery,Loading,pitch.0,701025,-0.2964,0.1835,0.4499,-1.5246,-1.2648,-2.6866,0.0,0.0
1779744289467,1,Pitching Mound.Delivery,,Loading,pitch.0,699391,-0.5848,0.2964,1.5966,-2.5801,-0.9534,-5.5904,0.0,0.0
1779744289467,1,Pitching Mound.Drive,,Loading,pitch.0,700253,-4.5832,14.6772,95.2212,87.2882,-7.5912,9.8299,0.0076,0.0872
1779744289467,1,Pitching Mound.Parent,,Loading,pitch.0,698715,-5.1194,14.9398,96.0927,84.0687,-8.1871,4.1849,0.0072,0.0882
1779744289468,1,11.0000004b,Drive,Loading,pitch.0,700254,-4.6189,14.6921,95.5317,87.5066,-7.5331,9.8311,0.0075,0.0871
1779744289468,1,12.00000015,Lower Delivery,Loading,pitch.0,700339,-0.2723,0.1404,1.1263,-1.3349,0.4813,-2.8672,0.0,0.0
1779744289468,1,12.00000018,Upper Delivery,Loading,pitch.0,701026,-0.2652,0.1717,0.4391,-1.6768,-1.3029,-2.65,0.0,0.0
1779744289468,1,Pitching Mound.Delivery,,Loading,pitch.0,699392,-0.5375,0.3121,1.5654,-2.7781,-0.8217,-5.5149,0.0,0.0
1779744289468,1,Pitching Mound.Drive,,Loading,pitch.0,700254,-4.6189,14.6921,95.5317,87.5066,-7.5331,9.8311,0.0075,0.0871
1779744289468,1,Pitching Mound.Parent,,Loading,pitch.0,698716,-5.1207,14.9893,96.7866,84.5101,-8.4129,4.315,0.0075,0.0882
1779744289469,1,11.0000004b,Drive,Loading,pitch.0,700255,-4.6359,14.7134,96.0538,87.9507,-7.5046,9.7948,0.0074,0.0871
1779744289469,1,12.00000015,Lower Delivery,Loading,pitch.0,700340,-0.2515,0.1456,1.1279,-1.3363,0.5121,-2.8407,0.0,0.0
1779744289469,1,12.00000018,Upper Delivery,Loading,pitch.0,701027,-0.2621,0.1783,0.4487,-1.6104,-1.2092,-2.6185,0.0,0.0
1779744289469,1,Pitching Mound.Delivery,,Loading,pitch.0,699393,-0.5136,0.3238,1.5767,-2.7158,-0.6971,-5.4628,0.0,0.0
1779744289469,1,Pitching Mound.Drive,,Loading,pitch.0,700255,-4.6359,14.7134,96.0538,87.9507,-7.5046,9.7948,0.0074,0.0871
1779744289469,1,Pitching Mound.Parent,,Loading,pitch.0,698717,-5.1324,15.0159,97.1083,84.7908,-8.2302,4.3683,0.0074,0.0881
1779744289470,1,11.0000004b,Drive,Loading,pitch.0,700256,-4.6669,14.726,96.6348,88.5699,-7.6867,9.8468,0.0076,0.0872
1779744289470,1,12.00000015,Lower Delivery,Loading,pitch.0,700341,-0.2347,0.1209,1.1403,-1.433,0.0722,-2.8213,0.0,0.0
1779744289470,1,12.00000018,Upper Delivery,Loading,pitch.0,701028,-0.2631,0.1789,0.4165,-1.413,-1.2984,-2.5942,0.0,0.0
1779744289470,1,Pitching Mound.Delivery,,Loading,pitch.0,699394,-0.4977,0.2998,1.5568,-2.5999,-1.2261,-5.4252,0.0,0.0
1779744289470,1,Pitching Mound.Drive,,Loading,pitch.0,700256,-4.6669,14.726,96.6348,88.5699,-7.6867,9.8468,0.0076,0.0872
1779744289470,1,Pitching Mound.Parent,,Loading,pitch.0,698718,-5.1337,15.0132,97.6106,85.3509,-8.7308,4.3697,0.0073,0.0882
1779744289471,1,11.0000004b,Drive,Loading,pitch.0,700257,-4.6843,14.7339,97.068,88.7926,-7.6731,9.846,0.0075,0.087
1779744289471,1,12.00000015,Lower Delivery,Loading,pitch.0,700342,-0.2626,0.1265,1.1322,-1.5359,0.141,-2.7968,0.0,0.0
1779744289471,1,12.00000018,Upper Delivery,Loading,pitch.0,701029,-0.2775,0.1826,0.4697,-1.7882,-1.4016,-2.6572,0.0,0.0
1779744289471,1,Pitching Mound.Delivery,,Loading,pitch.0,699395,-0.5401,0.3091,1.6019,-3.0988,-1.2606,-5.459,0.0,0.0
1779744289471,1,Pitching Mound.Drive,,Loading,pitch.0,700257,-4.6843,14.7339,97.068,88.7926,-7.6731,9.846,0.0075,0.087
1779744289471,1,Pitching Mound.Parent,,Loading,pitch.0,698719,-5.207,15.0351,98.2367,85.4711,-8.9473,4.3878,0.0074,0.0881
1779744289472,1,11.0000004b,Drive,Loading,pitch.0,700258,-4.7484,14.7728,97.7696,89.6507,-8.0236,9.9204,0.0078,0.0872
1779744289472,1,12.00000015,Lower Delivery,Loading,pitch.0,700343,-0.2853,0.1048,1.0619,-1.643,0.0288,-2.7969,0.0,0.0
1779744289472,1,12.00000018,Upper Delivery,Loading,pitch.0,701030,-0.2625,0.1873,0.4635,-1.3222,-1.2016,-2.5933,0.0,0.0
1779744289472,1,Pitching Mound.Delivery,,Loading,pitch.0,699396,-0.5477,0.292,1.5254,-2.7618,-1.1728,-5.3825,0.0,0.0
1779744289472,1,Pitching Mound.Drive,,Loading,pitch.0,700258,-4.7484,14.7728,97.7696,89.6507,-8.0236,9.9204,0.0078,0.0872
1779744289472,1,Pitching Mound.Parent,,Loading,pitch.0,698720,-5.232,15.0259,98.5934,86.0309,-8.8459,4.4635,0.0074,0.0877
1779744289473,1,11.0000004b,Drive,Loading,pitch.0,700259,-4.7826,14.7683,98.0338,89.7594,-8.1293,9.9091,0.0079,0.0871
1779744289473,1,12.00000015,Lower Delivery,Loading,pitch.0,700344,-0.3242,0.1281,1.0097,-1.8296,-0.0418,-2.7603,0.0,0.0
1779744289473,1,12.00000018,Upper Delivery,Loading,pitch.0,701031,-0.301,0.1946,0.4473,-1.6134,-1.2786,-2.5891,0.0,0.0
1779744289473,1,Pitching Mound.Delivery,,Loading,pitch.0,699397,-0.6253,0.3227,1.457,-3.2517,-1.3204,-5.3416,0.0,0.0
1779744289473,1,Pitching Mound.Drive,,Loading,pitch.0,700259,-4.7826,14.7683,98.0338,89.7594,-8.1293,9.9091,0.0079,0.0871
1779744289473,1,Pitching Mound.Parent,,Loading,pitch.0,698721,-5.3737,15.0955,99.2267,86.399,-9.344,4.5789,0.0077,0.0879
1779744289474,1,11.0000004b,Drive,Loading,pitch.0,700260,-4.8238,14.7846,98.5562,90.3446,-8.2238,9.9516,0.0079,0.0872
1779744289474,1,12.00000015,Lower Delivery,Loading,pitch.0,700345,-0.295,0.1238,1.0164,-1.9592,-0.0128,-2.7389,0.0,0.0
1779744289474,1,12.00000018,Upper Delivery,Loading,pitch.0,701032,-0.2505,0.1494,0.4556,-1.1525,-1.0233,-2.5446,0.0,0.0
1779744289474,1,Pitching Mound.Delivery,,Loading,pitch.0,699398,-0.5455,0.2732,1.472,-2.921,-1.0361,-5.2684,0.0,0.0
1779744289474,1,Pitching Mound.Drive,,Loading,pitch.0,700260,-4.8238,14.7846,98.5562,90.3446,-8.2238,9.9516,0.0079,0.0872
1779744289474,1,Pitching Mound.Parent,,Loading,pitch.0,698722,-5.328,15.0415,99.5058,86.8384,-9.1654,4.6407,0.0078,0.0877
1779744289475,1,11.0000004b,Drive,Loading,pitch.0,700261,-4.8714,14.788,99.0167,90.8492,-8.5478,9.9836,0.0082,0.0873
1779744289475,1,12.00000015,Lower Delivery,Loading,pitch.0,700346,-0.3072,0.1415,1.0397,-1.7446,0.2934,-2.727,0.0,0.0
1779744289475,1,12.00000018,Upper Delivery,Loading,pitch.0,701033,-0.2339,0.1262,0.421,-1.1033,-0.9741,-2.4867,0.0,0.0
1779744289475,1,Pitching Mound.Delivery,,Loading,pitch.0,699399,-0.5411,0.2677,1.4607,-2.6376,-0.6807,-5.1887,0.0,0.0
1779744289475,1,Pitching Mound.Drive,,Loading,pitch.0,700261,-4.8714,14.788,99.0167,90.8492,-8.5478,9.9836,0.0082,0.0873
1779744289475,1,Pitching Mound.Parent,,Loading,pitch.0,698723,-5.3649,15.0524,100.0168,87.707,-8.9045,4.7629,0.0078,0.088
1779744289476,1,11.0000004b,Drive,Loading,pitch.0,700262,-4.9204,14.8116,99.6976,91.5511,-8.7341,10.0724,0.0083,0.0874
1779744289476,1,12.00000015,Lower Delivery,Loading,pitch.0,700347,-0.2981,0.1258,1.0206,-1.9208,0.1393,-2.7515,0.0,0.0
1779744289476,1,12.00000018,Upper Delivery,Loading,pitch.0,701034,-0.2344,0.1198,0.408,-1.4921,-1.1147,-2.559,0.0,0.0
1779744289476,1,Pitching Mound.Delivery,,Loading,pitch.0,699400,-0.5325,0.2456,1.4286,-3.2046,-0.9754,-5.2888,0.0,0.0
1779744289476,1,Pitching Mound.Drive,,Loading,pitch.0,700262,-4.9204,14.8116,99.6976,91.5511,-8.7341,10.0724,0.0083,0.0874
1779744289476,1,Pitching Mound.Parent,,Loading,pitch.0,698724,-5.404,15.0336,100.4453,87.6447,-9.5233,4.6948,0.0081,0.0881
1779744289477,1,11.0000004b,Drive,Loading,pitch.0,700263,-4.9668,14.8321,100.2278,92.2571,-9.1834,10.1321,0.0087,0.0876
1779744289477,1,12.00000015,Lower Delivery,Loading,pitch.0,700348,-0.3353,0.0975,0.8846,-1.9203,0.3509,-2.6741,0.0,0.0
1779744289477,1,12.00000018,Upper Delivery,Loading,pitch.0,701035,-0.2651,0.1189,0.4216,-1.5246,-1.112,-2.5633,0.0,0.0
1779744289477,1,Pitching Mound.Delivery,,Loading,pitch.0,699401,-0.6004,0.2164,1.3062,-3.2875,-0.7611,-5.2136,0.0,0.0
1779744289477,1,Pitching Mound.Drive,,Loading,pitch.0,700263,-4.9668,14.8321,100.2278,92.2571,-9.1834,10.1321,0.0087,0.0876
1779744289477,1,Pitching Mound.Parent,,Loading,pitch.0,698725,-5.5209,15.0279,101.0038,88.2637,-9.4953,4.8589,0.0082,0.0878
1779744289478,1,11.0000004b,Drive,Loading,pitch.0,700264,-5.015,14.8514,100.6505,92.7801,-9.3886,10.1501,0.0089,0.0877
1779744289478,1,12.00000015,Lower Delivery,Loading,pitch.0,700349,-0.3382,0.1029,0.8499,-2.1595,-0.0897,-2.7559,0.0,0.0
1779744289478,1,12.00000018,Upper Delivery,Loading,pitch.0,701036,-0.2565,0.1315,0.4501,-1.4568,-0.9953,-2.6043,0.0,0.0
1779744289478,1,Pitching Mound.Delivery,,Loading,pitch.0,699402,-0.5948,0.2344,1.3,-3.4804,-1.085,-5.3324,0.0,0.0
1779744289478,1,Pitching Mound.Drive,,Loading,pitch.0,700264,-5.015,14.8514,100.6505,92.7801,-9.3886,10.1501,0.0089,0.0877
1779744289478,1,Pitching Mound.Parent,,Loading,pitch.0,698726,-5.5615,15.0665,101.5278,88.7768,-10.2684,4.7996,0.0086,0.0878
1779744289479,1,11.0000004b,Drive,Loading,pitch.0,700265,-5.0393,14.8662,100.9648,93.2546,-9.6509,10.1999,0.0091,0.0879
1779744289479,1,12.00000015,Lower Delivery,Loading,pitch.0,700350,-0.3161,0.0953,0.9265,-1.7028,0.4285,-2.8175,0.0,0.0
1779744289479,1,12.00000018,Upper Delivery,Loading,pitch.0,701037,-0.2827,0.127,0.4195,-0.7841,-0.6346,-2.4701,0.0,0.0
1779744289479,1,12.00000018,Upper Delivery,Loading,pitch.0,701038,-0.2429,0.0785,0.313,-0.4987,-0.3358,-2.3687,0.0,0.0
1779744289479,1,Pitching Mound.Delivery,,Loading,pitch.0,699403,-0.5988,0.2223,1.346,-2.3145,-0.2062,-5.2763,0.0,0.0
1779744289479,1,Pitching Mound.Drive,,Loading,pitch.0,700265,-5.0393,14.8662,100.9648,93.2546,-9.6509,10.1999,0.0091,0.0879
1779744289479,1,Pitching Mound.Parent,,Loading,pitch.0,698727,-5.6138,15.0736,101.9964,90.4656,-9.5948,4.8738,0.0088,0.0882
1779744289480,1,11.0000004b,Drive,Loading,pitch.0,700266,-5.0898,14.8902,101.456,93.8689,-9.9714,10.2403,0.0093,0.088
1779744289480,1,12.00000015,Lower Delivery,Loading,pitch.0,700351,-0.2962,0.1053,0.9753,-1.6558,0.5289,-2.821,0.0,0.0
1779744289480,1,Pitching Mound.Delivery,,Loading,pitch.0,699404,-0.5391,0.1839,1.2883,-1.9293,0.1932,-5.1716,0.0,0.0
1779744289480,1,Pitching Mound.Drive,,Loading,pitch.0,700266,-5.0898,14.8902,101.456,93.8689,-9.9714,10.2403,0.0093,0.088
1779744289480,1,Pitching Mound.Parent,,Loading,pitch.0,698728,-5.5784,15.0501,102.2531,91.3253,-9.4577,5.0283,0.009,0.089
1779744289481,1,11.0000004b,Drive,Loading,pitch.0,700267,-5.1391,14.9114,101.8544,94.3348,-10.2023,10.2961,0.0095,0.0881
1779744289481,1,12.00000015,Lower Delivery,Loading,pitch.0,700352,-0.3099,0.0992,0.9324,-1.703,0.5102,-2.815,0.0,0.0
1779744289481,1,12.00000018,Upper Delivery,Loading,pitch.0,701039,-0.2609,0.0965,0.3867,-0.7767,-0.6283,-2.4399,0.0,0.0
1779744289481,1,Pitching Mound.Delivery,,Loading,pitch.0,699405,-0.5708,0.1958,1.3191,-2.2941,-0.1181,-5.2383,0.0,0.0
1779744289481,1,Pitching Mound.Drive,,Loading,pitch.0,700267,-5.1391,14.9114,101.8544,94.3348,-10.2023,10.2961,0.0095,0.0881
1779744289481,1,Pitching Mound.Parent,,Loading,pitch.0,698729,-5.6606,15.086,102.7751,91.5747,-10.0895,5.002,0.0092,0.0887
1779744289482,1,11.0000004b,Drive,Loading,pitch.0,700268,-5.1668,14.9131,102.2023,94.5348,-10.2052,10.298,0.0095,0.088
1779744289482,1,12.00000015,Lower Delivery,Loading,pitch.0,700353,-0.2923,0.0909,0.847,-1.8033,0.4248,-2.8366,0.0,0.0
1779744289482,1,12.00000018,Upper Delivery,Loading,pitch.0,701041,-0.2532,0.1249,0.4402,-1.6286,-1.0794,-2.6063,0.0,0.0
1779744289482,1,12.00000018,Upper Delivery,Loading,pitch.0,701040,-0.2717,0.1094,0.4424,-0.995,-0.857,-2.5146,0.0,0.0
1779744289482,1,Pitching Mound.Delivery,,Loading,pitch.0,699406,-0.564,0.2003,1.2894,-2.6607,-0.4322,-5.3443,0.0,0.0
1779744289482,1,Pitching Mound.Drive,,Loading,pitch.0,700268,-5.1668,14.9131,102.2023,94.5348,-10.2052,10.298,0.0095,0.088
1779744289482,1,Pitching Mound.Parent,,Loading,pitch.0,698730,-5.7031,15.1117,103.1439,91.6741,-10.6345,4.9518,0.0094,0.0883
1779744289483,1,11.0000004b,Drive,Loading,pitch.0,700269,-5.2045,14.9385,102.6151,94.91,-10.3366,10.3345,0.0096,0.088
1779744289483,1,12.00000015,Lower Delivery,Loading,pitch.0,700354,-0.2712,0.0843,0.8821,-1.5857,0.3454,-2.8254,0.0,0.0
1779744289483,1,12.00000018,Upper Delivery,Loading,pitch.0,701042,-0.2562,0.1109,0.4097,-1.9263,-1.2453,-2.6503,0.0,0.0
1779744289483,1,Pitching Mound.Delivery,,Loading,pitch.0,699407,-0.5245,0.2092,1.3223,-3.064,-0.734,-5.4256,0.0,0.0
1779744289483,1,Pitching Mound.Drive,,Loading,pitch.0,700269,-5.2045,14.9385,102.6151,94.91,-10.3366,10.3345,0.0096,0.088
1779744289483,1,Pitching Mound.Parent,,Loading,pitch.0,698731,-5.6913,15.1223,103.5246,91.4707,-10.9393,4.8724,0.0094,0.0883
1779744289484,1,11.0000004b,Drive,Loading,pitch.0,700270,-5.2371,14.9571,102.98,95.3304,-10.4366,10.367,0.0096,0.0881
1779744289484,1,12.00000015,Lower Delivery,Loading,pitch.0,700355,-0.263,0.0768,0.9352,-1.7393,0.2027,-2.8681,0.0,0.0
1779744289484,1,12.00000018,Upper Delivery,Loading,pitch.0,701043,-0.2714,0.1133,0.4388,-1.9138,-1.1504,-2.7122,0.0,0.0
1779744289484,1,Pitching Mound.Delivery,,Loading,pitch.0,699408,-0.5192,0.1878,1.3449,-3.4869,-1.0426,-5.5161,0.0,0.0
1779744289484,1,Pitching Mound.Drive,,Loading,pitch.0,700270,-5.2371,14.9571,102.98,95.3304,-10.4366,10.367,0.0096,0.0881
1779744289484,1,Pitching Mound.Parent,,Loading,pitch.0,698732,-5.7237,15.1262,103.9601,91.4231,-11.3793,4.8184,0.0095,0.0886
1779744289485,1,11.0000004b,Drive,Loading,pitch.0,700271,-5.2688,15.0003,103.5386,96.0705,-10.7944,10.4754,0.0099,0.0883
1779744289485,1,12.00000015,Lower Delivery,Loading,pitch.0,700356,-0.2642,0.0736,0.8981,-1.885,-0.0619,-2.9301,0.0,0.0
1779744289485,1,12.00000018,Upper Delivery,Loading,pitch.0,701044,-0.3125,0.1316,0.4696,-1.7773,-1.1294,-2.7064,0.0,0.0
1779744289485,1,Pitching Mound.Delivery,,Loading,pitch.0,699409,-0.5357,0.1869,1.3369,-3.6426,-1.2123,-5.6447,0.0,0.0
1779744289485,1,Pitching Mound.Drive,,Loading,pitch.0,700271,-5.2688,15.0003,103.5386,96.0705,-10.7944,10.4754,0.0099,0.0883
1779744289485,1,Pitching Mound.Parent,,Loading,pitch.0,698733,-5.7727,15.144,104.3169,91.6878,-11.649,4.7223,0.0095,0.0884
1779744289486,1,11.0000004b,Drive,Loading,pitch.0,700272,-5.2999,15.0366,103.8941,96.4561,-10.9069,10.5209,0.01,0.0883
1779744289486,1,12.00000015,Lower Delivery,Loading,pitch.0,700357,-0.2758,0.0788,0.956,-1.7925,0.0678,-2.8973,0.0,0.0
1779744289486,1,12.00000018,Upper Delivery,Loading,pitch.0,701045,-0.289,0.1404,0.4785,-1.7389,-1.4001,-2.7043,0.0,0.0
1779744289486,1,Pitching Mound.Delivery,,Loading,pitch.0,699410,-0.5883,0.2104,1.4255,-3.4044,-1.0616,-5.6162,0.0,0.0
1779744289486,1,Pitching Mound.Drive,,Loading,pitch.0,700272,-5.2999,15.0366,103.8941,96.4561,-10.9069,10.5209,0.01,0.0883
1779744289486,1,Pitching Mound.Parent,,Loading,pitch.0,698734,-5.8571,15.2108,104.9642,92.6661,-11.856,4.8592,0.0098,0.0886
1779744289487,1,11.0000004b,Drive,Loading,pitch.0,700273,-5.3412,15.0531,104.2905,96.6053,-10.8609,10.5051,0.0099,0.0881
1779744289487,1,12.00000015,Lower Delivery,Loading,pitch.0,700358,-0.2583,0.0859,1.0239,-1.7893,-0.014,-2.907,0.0,0.0
1779744289487,1,12.00000018,Upper Delivery,Loading,pitch.0,701046,-0.2866,0.1358,0.4466,-1.3303,-1.2086,-2.6222,0.0,0.0
1779744289487,1,Pitching Mound.Delivery,,Loading,pitch.0,699411,-0.5473,0.2263,1.5023,-3.3427,-1.4141,-5.6217,0.0,0.0
1779744289487,1,Pitching Mound.Drive,,Loading,pitch.0,700273,-5.3412,15.0531,104.2905,96.6053,-10.8609,10.5051,0.0099,0.0881
1779744289487,1,Pitching Mound.Parent,,Loading,pitch.0,698735,-5.8473,15.2629,105.3964,93.1134,-12.321,4.8992,0.0098,0.0888
1779744289488,1,11.0000004b,Drive,Loading,pitch.0,700274,-5.3706,15.0724,104.7352,97.0179,-10.8761,10.5294,0.0099,0.0881
1779744289488,1,12.00000015,Lower Delivery,Loading,pitch.0,700359,-0.2648,0.0887,1.0245,-1.7024,0.0451,-2.883,0.0,0.0
1779744289488,1,12.00000018,Upper Delivery,Loading,pitch.0,701047,-0.3092,0.1577,0.445,-1.1956,-1.0677,-2.5732,0.0,0.0
1779744289488,1,Pitching Mound.Delivery,,Loading,pitch.0,699412,-0.5514,0.2246,1.4711,-2.8362,-1.1635,-5.5127,0.0,0.0
1779744289488,1,Pitching Mound.Drive,,Loading,pitch.0,700274,-5.3706,15.0724,104.7352,97.0179,-10.8761,10.5294,0.0099,0.0881
1779744289488,1,Pitching Mound.Parent,,Loading,pitch.0,698736,-5.8925,15.2777,105.7617,93.7691,-12.0244,4.9924,0.0098,0.0888
1779744289489,1,11.0000004b,Drive,Loading,pitch.0,700275,-5.4134,15.1005,105.1742,97.4383,-10.8819,10.6053,0.0098,0.0881
1779744289489,1,12.00000015,Lower Delivery,Loading,pitch.0,700360,-0.2417,0.1135,1.0564,-1.6101,0.2666,-2.8886,0.0,0.0
1779744289489,1,12.00000018,Upper Delivery,Loading,pitch.0,701048,-0.3033,0.1587,0.4814,-1.3478,-1.2266,-2.6345,0.0,0.0
1779744289489,1,Pitching Mound.Delivery,,Loading,pitch.0,699413,-0.5509,0.2712,1.5015,-2.5978,-0.8011,-5.4848,0.0,0.0
1779744289489,1,Pitching Mound.Drive,,Loading,pitch.0,700275,-5.4134,15.1005,105.1742,97.4383,-10.8819,10.6053,0.0098,0.0881
1779744289489,1,Pitching Mound.Parent,,Loading,pitch.0,698737,-5.9215,15.3435,106.2367,94.42,-11.6772,5.0446,0.0097,0.0888
1779744289490,1,11.0000004b,Drive,Loading,pitch.0,700276,-5.4492,15.1304,105.6287,97.8199,-10.8799,10.6184,0.0098,0.0881
1779744289490,1,12.00000015,Lower Delivery,Loading,pitch.0,700361,-0.2624,0.1026,1.0169,-1.6364,0.1965,-2.8782,0.0,0.0
1779744289490,1,12.00000018,Upper Delivery,Loading,pitch.0,701049,-0.3132,0.1746,0.4411,-1.3069,-1.1867,-2.568,0.0,0.0
1779744289490,1,Pitching Mound.Delivery,,Loading,pitch.0,699414,-0.5657,0.2613,1.4983,-2.8021,-1.0301,-5.5267,0.0,0.0
1779744289490,1,Pitching Mound.Drive,,Loading,pitch.0,700276,-5.4492,15.1304,105.6287,97.8199,-10.8799,10.6184,0.0098,0.0881
1779744289490,1,Pitching Mound.Parent,,Loading,pitch.0,698738,-5.9791,15.3618,106.6726,94.6362,-11.912,5.0786,0.0097,0.0886
1779744289491,1,11.0000004b,Drive,Loading,pitch.0,700277,-5.4885,15.1463,106.1058,98.2133,-10.9137,10.6532,0.0098,0.0881
1779744289491,1,12.00000015,Lower Delivery,Loading,pitch.0,700362,-0.2826,0.0825,0.9947,-1.7759,-0.0523,-2.8643,0.0,0.0
1779744289491,1,12.00000018,Upper Delivery,Loading,pitch.0,701050,-0.3115,0.1788,0.4271,-0.4986,-0.3347,-2.386,0.0,0.0
1779744289491,1,Pitching Mound.Delivery,,Loading,pitch.0,699415,-0.5958,0.2571,1.4357,-2.8946,-1.239,-5.4427,0.0,0.0
1779744289491,1,Pitching Mound.Drive,,Loading,pitch.0,700277,-5.4885,15.1463,106.1058,98.2133,-10.9137,10.6532,0.0098,0.0881
1779744289491,1,Pitching Mound.Parent,,Loading,pitch.0,698739,-6.0451,15.3875,107.0644,94.9253,-12.1189,5.1757,0.0097,0.0887
1779744289492,1,11.0000004b,Drive,Loading,pitch.0,700278,-5.5199,15.1495,106.4229,98.5482,-11.0688,10.6896,0.0099,0.0881
1779744289492,1,12.00000015,Lower Delivery,Loading,pitch.0,700363,-0.2665,0.0784,0.9701,-1.6622,-0.2696,-2.8879,0.0,0.0
1779744289492,1,12.00000018,Upper Delivery,Loading,pitch.0,701051,-0.2744,0.1507,0.3754,-0.2564,-0.0766,-2.3843,0.0,0.0
1779744289492,1,Pitching Mound.Delivery,,Loading,pitch.0,699416,-0.578,0.2572,1.3972,-1.9761,-0.6043,-5.2892,0.0,0.0
1779744289492,1,Pitching Mound.Drive,,Loading,pitch.0,700278,-5.5199,15.1495,106.4229,98.5482,-11.0688,10.6896,0.0099,0.0881
1779744289492,1,Pitching Mound.Parent,,Loading,pitch.0,698740,-6.0665,15.4035,107.503,96.2372,-11.518,5.3639,0.0097,0.0886
1779744289493,1,11.0000004b,Drive,Loading,pitch.0,700279,-5.5651,15.1855,106.7425,98.9325,-11.0637,10.7352,0.0099,0.0882
1779744289493,1,12.00000015,Lower Delivery,Loading,pitch.0,700364,-0.2466,0.1046,0.9347,-1.688,-0.1533,-2.8621,0.0,0.0
1779744289493,1,12.00000018,Upper Delivery,Loading,pitch.0,701052,-0.275,0.1333,0.3837,0.0295,0.2212,-2.2562,0.0,0.0
1779744289493,1,Pitching Mound.Delivery,,Loading,pitch.0,699417,-0.521,0.2552,1.3101,-1.7543,-0.2299,-5.2559,0.0,0.0
1779744289493,1,Pitching Mound.Drive,,Loading,pitch.0,700279,-5.5651,15.1855,106.7425,98.9325,-11.0637,10.7352,0.0099,0.0882
1779744289493,1,Pitching Mound.Parent,,Loading,pitch.0,698741,-6.041,15.4047,107.7331,96.7939,-11.2986,5.4338,0.0098,0.0888
1779744289494,1,11.0000004b,Drive,Loading,pitch.0,700280,-5.6013,15.1911,107.0939,99.147,-10.9273,10.7654,0.0097,0.0881
1779744289494,1,12.00000015,Lower Delivery,Loading,pitch.0,700365,-0.2726,0.096,0.8481,-1.8045,-0.2984,-2.8577,0.0,0.0
1779744289494,1,Pitching Mound.Delivery,,Loading,pitch.0,699418,-0.5476,0.2293,1.2317,-1.6172,-0.0773,-5.1148,0.0,0.0
1779744289494,1,Pitching Mound.Drive,,Loading,pitch.0,700280,-5.6013,15.1911,107.0939,99.147,-10.9273,10.7654,0.0097,0.0881
1779744289494,1,Pitching Mound.Parent,,Loading,pitch.0,698742,-6.1127,15.4148,107.9743,97.3154,-11.141,5.6204,0.0097,0.0886
1779744289495,1,11.0000004b,Drive,Loading,pitch.0,700281,-5.6393,15.2012,107.4514,99.4835,-11.0121,10.806,0.0097,0.0881
1779744289495,1,12.00000015,Lower Delivery,Loading,pitch.0,700366,-0.2515,0.0762,0.7659,-1.8091,-0.1909,-2.8823,0.0,0.0
1779744289495,1,12.00000018,Upper Delivery,Loading,pitch.0,701053,-0.2975,0.1809,0.4274,0.0694,0.2635,-2.2514,0.0,0.0
1779744289495,1,12.00000018,Upper Delivery,Loading,pitch.0,701054,-0.2952,0.1657,0.4146,0.1963,0.3975,-2.226,0.0,0.0
1779744289495,1,Pitching Mound.Delivery,,Loading,pitch.0,699419,-0.549,0.2572,1.1933,-1.6246,0.0725,-5.1492,0.0,0.0
1779744289495,1,Pitching Mound.Drive,,Loading,pitch.0,700281,-5.6393,15.2012,107.4514,99.4835,-11.0121,10.806,0.0097,0.0881
1779744289495,1,Pitching Mound.Parent,,Loading,pitch.0,698743,-6.1503,15.4483,108.2872,97.5224,-10.8548,5.6162,0.0096,0.0882
1779744289496,1,11.0000004b,Drive,Loading,pitch.0,700282,-5.6715,15.2197,107.7271,99.7235,-10.91,10.8309,0.0096,0.0881
1779744289496,1,12.00000015,Lower Delivery,Loading,pitch.0,700367,-0.25,0.0943,0.7888,-1.6132,-0.0562,-2.891,0.0,0.0
1779744289496,1,Pitching Mound.Delivery,,Loading,pitch.0,699420,-0.5452,0.2599,1.2034,-1.2897,0.3413,-5.1324,0.0,0.0
1779744289496,1,Pitching Mound.Drive,,Loading,pitch.0,700282,-5.6715,15.2197,107.7271,99.7235,-10.91,10.8309,0.0096,0.0881
1779744289496,1,Pitching Mound.Parent,,Loading,pitch.0,698744,-6.1845,15.4611,108.6548,98.1939,-10.6707,5.6736,0.0096,0.0883
1779744289497,1,11.0000004b,Drive,Loading,pitch.0,700283,-5.7156,15.2449,107.9187,99.9289,-10.8561,10.8928,0.0096,0.0881
1779744289497,1,12.00000015,Lower Delivery,Loading,pitch.0,700368,-0.2696,0.0917,0.7035,-1.4738,-0.1842,-2.8749,0.0,0.0
1779744289497,1,12.00000018,Upper Delivery,Loading,pitch.0,701055,-0.3095,0.1526,0.379,0.1937,0.3932,-2.2005,0.0,0.0
1779744289497,1,12.00000018,Upper Delivery,Loading,pitch.0,701056,-0.2984,0.1286,0.3507,0.1363,0.3334,-2.2239,0.0,0.0
1779744289497,1,Pitching Mound.Delivery,,Loading,pitch.0,699421,-0.5791,0.2443,1.0826,-1.1698,0.209,-5.0889,0.0,0.0
1779744289497,1,Pitching Mound.Drive,,Loading,pitch.0,700283,-5.7156,15.2449,107.9187,99.9289,-10.8561,10.8928,0.0096,0.0881
1779744289497,1,Pitching Mound.Parent,,Loading,pitch.0,698745,-6.2506,15.464,108.8097,98.5537,-10.701,5.742,0.0095,0.0882
1779744289498,1,11.0000004b,Drive,Loading,pitch.0,700284,-5.7436,15.2498,108.0011,100.0884,-10.9315,10.9424,0.0096,0.0882
1779744289498,1,12.00000015,Lower Delivery,Loading,pitch.0,700369,-0.2558,0.099,0.7805,-1.2804,-0.1487,-2.9478,0.0,0.0
1779744289498,1,12.00000018,Upper Delivery,Loading,pitch.0,701057,-0.294,0.1137,0.3124,-0.2222,-0.0457,-2.2828,0.0,0.0
1779744289498,1,Pitching Mound.Delivery,,Loading,pitch.0,699422,-0.5542,0.2276,1.1312,-0.9979,0.1847,-5.1862,0.0,0.0
1779744289498,1,Pitching Mound.Drive,,Loading,pitch.0,700284,-5.7436,15.2498,108.0011,100.0884,-10.9315,10.9424,0.0096,0.0882
1779744289498,1,Pitching Mound.Parent,,Loading,pitch.0,698746,-6.2697,15.4725,109.0499,98.931,-10.6714,5.7066,0.0095,0.0885
1779744289499,1,11.0000004b,Drive,Loading,pitch.0,700285,-5.7621,15.2734,108.2536,100.2745,-10.9662,10.9436,0.0096,0.0881
1779744289499,1,12.00000015,Lower Delivery,Loading,pitch.0,700370,-0.2103,0.0924,0.7043,-1.1645,0.0086,-2.9567,0.0,0.0
1779744289499,1,12.00000018,Upper Delivery,Loading,pitch.0,701058,-0.3037,0.113,0.3532,-0.4551,-0.2907,-2.3441,0.0,0.0
1779744289499,1,Pitching Mound.Delivery,,Loading,pitch.0,699423,-0.5043,0.2062,1.0167,-1.2534,-0.0371,-5.268,0.0,0.0
1779744289499,1,Pitching Mound.Drive,,Loading,pitch.0,700285,-5.7621,15.2734,108.2536,100.2745,-10.9662,10.9436,0.0096,0.0881
1779744289499,1,Pitching Mound.Parent,,Loading,pitch.0,698747,-6.2479,15.456,109.0178,98.835,-10.9686,5.6745,0.0095,0.0886
1779744289500,1,11.0000004b,Drive,Loading,pitch.0,700286,-5.8037,15.2846,108.333,100.2997,-10.8186,10.9644,0.0095,0.0881
1779744289500,1,12.00000015,Lower Delivery,Loading,pitch.0,700371,-0.2413,0.084,0.8197,-0.9411,-0.1325,-2.993,0.0,0.0
1779744289500,1,12.00000018,Upper Delivery,Loading,pitch.0,701059,-0.3117,0.1021,0.3217,-0.5331,-0.3737,-2.3464,0.0,0.0
1779744289500,1,Pitching Mound.Delivery,,Loading,pitch.0,699424,-0.5451,0.1969,1.173,-1.2376,-0.4232,-5.3583,0.0,0.0
1779744289500,1,Pitching Mound.Drive,,Loading,pitch.0,700286,-5.8037,15.2846,108.333,100.2997,-10.8186,10.9644,0.0095,0.0881
1779744289500,1,Pitching Mound.Parent,,Loading,pitch.0,698748,-6.3072,15.4703,109.4266,99.0369,-11.3894,5.5852,0.0095,0.0886
1779744289501,1,11.0000004b,Drive,Loading,pitch.0,700287,-5.8285,15.3031,108.4061,100.2916,-10.887,10.9548,0.0096,0.088
1779744289501,1,12.00000015,Lower Delivery,Loading,pitch.0,700373,-0.228,0.0913,0.859,-0.4502,0.1631,-3.0408,0.0,0.0
1779744289501,1,12.00000015,Lower Delivery,Loading,pitch.0,700372,-0.2403,0.0868,0.8763,-0.8764,0.0593,-3.0163,0.0,0.0
1779744289501,1,12.00000018,Upper Delivery,Loading,pitch.0,701060,-0.3219,0.0959,0.3375,-0.5545,-0.3973,-2.3336,0.0,0.0
1779744289501,1,Pitching Mound.Delivery,,Loading,pitch.0,699426,-0.55,0.1872,1.1965,-0.8274,-0.2343,-5.4063,0.0,0.0
1779744289501,1,Pitching Mound.Delivery,,Loading,pitch.0,699425,-0.552,0.1889,1.198,-1.2208,-0.3144,-5.3869,0.0,0.0
1779744289501,1,Pitching Mound.Drive,,Loading,pitch.0,700287,-5.8285,15.3031,108.4061,100.2916,-10.887,10.9548,0.0096,0.088
1779744289501,1,Pitching Mound.Parent,,Loading,pitch.0,698750,-6.3785,15.4903,109.6027,99.4642,-11.1212,5.5485,0.0094,0.0887
1779744289501,1,Pitching Mound.Parent,,Loading,pitch.0,698749,-6.3557,15.4735,109.531,99.0789,-11.1331,5.5775,0.0094,0.0888
1779744289502,1,11.0000004b,Drive,Loading,pitch.0,700288,-5.8603,15.3171,108.4549,100.3262,-10.8413,10.9606,0.0095,0.088
1779744289502,1,12.00000015,Lower Delivery,Loading,pitch.0,700374,-0.2429,0.0833,0.9448,-0.3689,0.3106,-3.0467,0.0,0.0
1779744289502,1,Pitching Mound.Drive,,Loading,pitch.0,700288,-5.8603,15.3171,108.4549,100.3262,-10.8413,10.9606,0.0095,0.088
1779744289503,1,11.0000004b,Drive,Loading,pitch.0,700289,-5.8723,15.3437,108.4756,100.4379,-10.8813,10.9416,0.0095,0.0881
1779744289503,1,12.00000018,Upper Delivery,Loading,pitch.0,701061,-0.3363,0.1136,0.3818,-1.0249,-0.8895,-2.5043,0.0,0.0
1779744289503,1,12.00000018,Upper Delivery,Loading,pitch.0,701062,-0.3603,0.1046,0.3636,-1.1899,-1.0631,-2.546,0.0,0.0
1779744289503,1,Pitching Mound.Delivery,,Loading,pitch.0,699427,-0.5791,0.1968,1.3266,-1.2024,-0.5789,-5.5827,0.0,0.0
1779744289503,1,Pitching Mound.Drive,,Loading,pitch.0,700289,-5.8723,15.3437,108.4756,100.4379,-10.8813,10.9416,0.0095,0.0881
1779744289503,1,Pitching Mound.Parent,,Loading,pitch.0,698751,-6.4394,15.514,109.7815,99.1238,-11.4202,5.3778,0.0094,0.0887
1779744289504,1,11.0000004b,Drive,Loading,pitch.0,700290,-5.9019,15.3534,108.5075,100.4374,-10.7855,10.9496,0.0095,0.0881
1779744289504,1,12.00000015,Lower Delivery,Loading,pitch.0,700375,-0.2504,0.0688,0.9603,-0.2313,0.0973,-3.0231,0.0,0.0
1779744289504,1,12.00000018,Upper Delivery,Loading,pitch.0,701063,-0.3665,0.1155,0.3637,-1.3827,-1.2646,-2.6221,0.0,0.0
1779744289504,1,Pitching Mound.Delivery,,Loading,pitch.0,699428,-0.6107,0.1734,1.3239,-1.2183,-0.9658,-5.6065,0.0,0.0
1779744289504,1,Pitching Mound.Drive,,Loading,pitch.0,700290,-5.9019,15.3534,108.5075,100.4374,-10.7855,10.9496,0.0095,0.0881
1779744289504,1,Pitching Mound.Parent,,Loading,pitch.0,698752,-6.483,15.5171,109.7995,99.2195,-11.8471,5.3351,0.0094,0.0889
1779744289505,1,11.0000004b,Drive,Loading,pitch.0,700291,-5.9176,15.3772,108.4331,100.449,-10.7093,10.9405,0.0094,0.0881
1779744289505,1,12.00000015,Lower Delivery,Loading,pitch.0,700377,-0.2415,0.0674,0.9752,-0.5068,0.0005,-3.0386,0.0,0.0
1779744289505,1,12.00000015,Lower Delivery,Loading,pitch.0,700376,-0.2478,0.0734,1.0032,-0.2876,0.1141,-3.0658,0.0,0.0
1779744289505,1,Pitching Mound.Delivery,,Loading,pitch.0,699429,-0.6143,0.1889,1.3668,-1.4529,-1.1505,-5.7283,0.0,0.0
1779744289505,1,Pitching Mound.Drive,,Loading,pitch.0,700291,-5.9176,15.3772,108.4331,100.449,-10.7093,10.9405,0.0094,0.0881
1779744289505,1,Pitching Mound.Parent,,Loading,pitch.0,698753,-6.5161,15.5423,109.8744,98.9846,-11.936,5.2213,0.0093,0.0889
1779744289506,1,11.0000004b,Drive,Loading,pitch.0,700292,-5.9297,15.3928,108.434,100.4178,-10.595,10.9439,0.0093,0.0881
1779744289506,1,12.00000018,Upper Delivery,Loading,pitch.0,701064,-0.3619,0.1246,0.3705,-1.3219,-1.2002,-2.6109,0.0,0.0
1779744289506,1,Pitching Mound.Delivery,,Loading,pitch.0,699430,-0.6033,0.192,1.3457,-1.623,-1.1998,-5.6905,0.0,0.0
1779744289506,1,Pitching Mound.Drive,,Loading,pitch.0,700292,-5.9297,15.3928,108.434,100.4178,-10.595,10.9439,0.0093,0.0881
1779744289506,1,Pitching Mound.Parent,,Loading,pitch.0,698754,-6.521,15.5692,109.7789,98.826,-11.9091,5.25,0.0093,0.0889
1779744289507,1,11.0000004b,Drive,Loading,pitch.0,700293,-5.9505,15.3999,108.4466,100.3908,-10.5059,10.9511,0.0092,0.0881
1779744289507,1,12.00000015,Lower Delivery,Loading,pitch.0,700378,-0.2249,0.0622,1.0173,-0.6368,0.24,-3.0182,0.0,0.0
1779744289507,1,12.00000015,Lower Delivery,Loading,pitch.0,700379,-0.2225,0.0603,1.0982,-0.8021,0.2176,-3.0661,0.0,0.0
1779744289507,1,12.00000018,Upper Delivery,Loading,pitch.0,701065,-0.3873,0.1437,0.4196,-1.3911,-1.2613,-2.6286,0.0,0.0
1779744289507,1,Pitching Mound.Delivery,,Loading,pitch.0,699431,-0.6122,0.2058,1.4368,-1.8247,-1.0213,-5.702,0.0,0.0
1779744289507,1,Pitching Mound.Drive,,Loading,pitch.0,700293,-5.9505,15.3999,108.4466,100.3908,-10.5059,10.9511,0.0092,0.0881
1779744289507,1,Pitching Mound.Parent,,Loading,pitch.0,698755,-6.5419,15.5986,109.8709,98.5931,-11.6163,5.242,0.0092,0.0888
1779744289508,1,11.0000004b,Drive,Loading,pitch.0,700294,-5.9676,15.4028,108.4197,100.2896,-10.4674,10.9774,0.0092,0.088
1779744289508,1,12.00000015,Lower Delivery,Loading,pitch.0,700380,-0.2379,0.0641,1.1437,-0.9346,0.0607,-3.0442,0.0,0.0
1779744289508,1,12.00000018,Upper Delivery,Loading,pitch.0,701066,-0.3538,0.1342,0.3627,-1.46,-1.3197,-2.6402,0.0,0.0
1779744289508,1,Pitching Mound.Delivery,,Loading,pitch.0,699432,-0.5763,0.1945,1.4609,-2.012,-1.102,-5.751,0.0,0.0
1779744289508,1,Pitching Mound.Drive,,Loading,pitch.0,700294,-5.9676,15.4028,108.4197,100.2896,-10.4674,10.9774,0.0092,0.088
1779744289508,1,Pitching Mound.Parent,,Loading,pitch.0,698756,-6.5268,15.5944,109.9075,98.3788,-11.6079,5.2002,0.0091,0.0892
1779744289509,1,11.0000004b,Drive,Loading,pitch.0,700295,-5.987,15.411,108.3969,100.1725,-10.3274,10.9824,0.0091,0.0879
1779744289509,1,12.00000015,Lower Delivery,Loading,pitch.0,700381,-0.2109,0.0583,1.2419,-1.3109,0.4711,-3.0714,0.0,0.0
1779744289509,1,12.00000018,Upper Delivery,Loading,pitch.0,701067,-0.3948,0.1772,0.4619,-1.3481,-1.2314,-2.5547,0.0,0.0
1779744289509,1,12.00000018,Upper Delivery,Loading,pitch.0,701068,-0.3857,0.1657,0.4384,-0.9665,-0.828,-2.4898,0.0,0.0
1779744289509,1,Pitching Mound.Delivery,,Loading,pitch.0,699433,-0.6326,0.2413,1.6057,-2.0509,-1.1707,-5.6522,0.0,0.0
1779744289509,1,Pitching Mound.Delivery,,Loading,pitch.0,699434,-0.5966,0.2241,1.6803,-2.0042,-0.3569,-5.6206,0.0,0.0
1779744289509,1,Pitching Mound.Drive,,Loading,pitch.0,700295,-5.987,15.411,108.3969,100.1725,-10.3274,10.9824,0.0091,0.0879
1779744289509,1,Pitching Mound.Parent,,Loading,pitch.0,698757,-6.6002,15.6441,110.0254,98.2387,-11.638,5.3251,0.0091,0.0888
1779744289509,1,Pitching Mound.Parent,,Loading,pitch.0,698758,-6.5836,15.635,110.0772,98.1684,-10.6843,5.3618,0.0089,0.0891
1779744289510,1,11.0000004b,Drive,Loading,pitch.0,700296,-6.0022,15.4089,108.3599,100.142,-10.042,10.9862,0.0088,0.0879
1779744289510,1,12.00000015,Lower Delivery,Loading,pitch.0,700382,-0.2224,0.0635,1.2514,-1.6924,0.1845,-3.0212,0.0,0.0
1779744289510,1,Pitching Mound.Drive,,Loading,pitch.0,700296,-6.0022,15.4089,108.3599,100.142,-10.042,10.9862,0.0088,0.0879
1779744289511,1,11.0000004b,Drive,Loading,pitch.0,700297,-6.0095,15.4162,108.3204,100.1321,-9.9196,10.9653,0.0087,0.0879
1779744289511,1,12.00000015,Lower Delivery,Loading,pitch.0,700383,-0.2134,0.0638,1.2016,-1.6538,0.5215,-3.0437,0.0,0.0
1779744289511,1,12.00000018,Upper Delivery,Loading,pitch.0,701070,-0.3796,0.1624,0.3969,-0.8523,-0.7033,-2.5425,0.0,0.0
1779744289511,1,12.00000018,Upper Delivery,Loading,pitch.0,701069,-0.3632,0.1667,0.3935,-0.5809,-0.4186,-2.4571,0.0,0.0
1779744289511,1,Pitching Mound.Delivery,,Loading,pitch.0,699435,-0.5856,0.2302,1.6448,-1.9816,-0.234,-5.5262,0.0,0.0
1779744289511,1,Pitching Mound.Delivery,,Loading,pitch.0,699436,-0.593,0.2262,1.5985,-2.2325,-0.1818,-5.6428,0.0,0.0
1779744289511,1,Pitching Mound.Drive,,Loading,pitch.0,700297,-6.0095,15.4162,108.3204,100.1321,-9.9196,10.9653,0.0087,0.0879
1779744289511,1,Pitching Mound.Parent,,Loading,pitch.0,698759,-6.5879,15.6391,110.0047,98.1605,-10.276,5.46,0.0087,0.0893
1779744289511,1,Pitching Mound.Parent,,Loading,pitch.0,698760,-6.6025,15.6423,109.9189,97.8996,-10.1014,5.3225,0.0086,0.0891
1779744289512,1,11.0000004b,Drive,Loading,pitch.0,700298,-6.0239,15.4134,108.343,100.024,-9.6695,10.9664,0.0085,0.0878
1779744289512,1,12.00000018,Upper Delivery,Loading,pitch.0,701071,-0.3545,0.1422,0.4045,-0.7448,-0.59,-2.5186,0.0,0.0
1779744289512,1,Pitching Mound.Drive,,Loading,pitch.0,700298,-6.0239,15.4134,108.343,100.024,-9.6695,10.9664,0.0085,0.0878
1779744289513,1,11.0000004b,Drive,Loading,pitch.0,700299,-6.0299,15.4085,108.2518,99.8752,-9.6393,10.9668,0.0085,0.0878
1779744289513,1,12.00000015,Lower Delivery,Loading,pitch.0,700384,-0.1993,0.0633,1.1524,-1.6057,0.5524,-3.0092,0.0,0.0
1779744289513,1,12.00000015,Lower Delivery,Loading,pitch.0,700385,-0.219,0.0624,1.0772,-1.5824,0.6093,-2.9751,0.0,0.0
1779744289513,1,12.00000018,Upper Delivery,Loading,pitch.0,701072,-0.3334,0.1402,0.423,-0.8171,-0.6683,-2.4973,0.0,0.0
1779744289513,1,Pitching Mound.Delivery,,Loading,pitch.0,699437,-0.5538,0.2055,1.5569,-2.0962,-0.0375,-5.5806,0.0,0.0
1779744289513,1,Pitching Mound.Delivery,,Loading,pitch.0,699438,-0.5525,0.2026,1.5001,-2.1771,-0.059,-5.5113,0.0,0.0
1779744289513,1,Pitching Mound.Drive,,Loading,pitch.0,700299,-6.0299,15.4085,108.2518,99.8752,-9.6393,10.9668,0.0085,0.0878
1779744289513,1,Pitching Mound.Parent,,Loading,pitch.0,698761,-6.5777,15.6189,109.8999,97.9278,-9.7071,5.3859,0.0084,0.0889
1779744289513,1,Pitching Mound.Parent,,Loading,pitch.0,698762,-6.5824,15.6111,109.7519,97.6981,-9.6982,5.4555,0.0084,0.0886
1779744289514,1,11.0000004b,Drive,Loading,pitch.0,700300,-6.0501,15.4179,108.2043,99.774,-9.3369,10.9711,0.0082,0.0877
1779744289514,1,12.00000015,Lower Delivery,Loading,pitch.0,700386,-0.1965,0.0709,1.0793,-1.2821,0.7858,-2.997,0.0,0.0
1779744289514,1,12.00000018,Upper Delivery,Loading,pitch.0,701073,-0.3349,0.1284,0.428,-0.7667,-0.6145,-2.4968,0.0,0.0
1779744289514,1,Pitching Mound.Delivery,,Loading,pitch.0,699439,-0.5314,0.1993,1.5073,-1.8273,0.1713,-5.5408,0.0,0.0
1779744289514,1,Pitching Mound.Drive,,Loading,pitch.0,700300,-6.0501,15.4179,108.2043,99.774,-9.3369,10.9711,0.0082,0.0877
1779744289514,1,Pitching Mound.Parent,,Loading,pitch.0,698763,-6.5816,15.6173,109.7116,97.9467,-9.1656,5.4303,0.0081,0.0885
1779744289515,1,11.0000004b,Drive,Loading,pitch.0,700301,-6.0633,15.4146,108.196,99.5919,-9.3286,11.0032,0.0082,0.0876
1779744289515,1,12.00000015,Lower Delivery,Loading,pitch.0,700387,-0.1927,0.0609,1.0441,-1.238,0.8685,-2.9828,0.0,0.0
1779744289515,1,12.00000018,Upper Delivery,Loading,pitch.0,701074,-0.3522,0.1301,0.4474,-0.8099,-0.6609,-2.4918,0.0,0.0
1779744289515,1,Pitching Mound.Delivery,,Loading,pitch.0,699440,-0.5449,0.191,1.4915,-1.845,0.2077,-5.5289,0.0,0.0
1779744289515,1,Pitching Mound.Drive,,Loading,pitch.0,700301,-6.0633,15.4146,108.196,99.5919,-9.3286,11.0032,0.0082,0.0876
1779744289515,1,Pitching Mound.Parent,,Loading,pitch.0,698764,-6.6082,15.6056,109.6876,97.7469,-9.1209,5.4743,0.0081,0.0882
1779744289516,1,11.0000004b,Drive,Loading,pitch.0,700302,-6.0701,15.4239,108.0636,99.4544,-9.2757,10.9616,0.0082,0.0876
1779744289516,1,12.00000015,Lower Delivery,Loading,pitch.0,700388,-0.2257,0.066,1.0684,-1.2794,0.8037,-2.9757,0.0,0.0
1779744289516,1,12.00000018,Upper Delivery,Loading,pitch.0,701075,-0.3466,0.1249,0.4614,-0.9665,-0.8247,-2.5493,0.0,0.0
1779744289516,1,Pitching Mound.Delivery,,Loading,pitch.0,699441,-0.5723,0.1908,1.5298,-2.0396,-0.021,-5.5662,0.0,0.0
1779744289516,1,Pitching Mound.Drive,,Loading,pitch.0,700302,-6.0701,15.4239,108.0636,99.4544,-9.2757,10.9616,0.0082,0.0876
1779744289516,1,Pitching Mound.Parent,,Loading,pitch.0,698765,-6.6424,15.6147,109.5934,97.4149,-9.2967,5.3954,0.0081,0.0882
1779744289517,1,11.0000004b,Drive,Loading,pitch.0,700303,-6.0852,15.4314,107.9325,99.303,-9.1239,10.9434,0.008,0.0875
1779744289517,1,12.00000015,Lower Delivery,Loading,pitch.0,700389,-0.2695,0.0742,1.066,-1.1405,0.5071,-2.9532,0.0,0.0
1779744289517,1,12.00000018,Upper Delivery,Loading,pitch.0,701076,-0.355,0.1188,0.438,-0.9902,-0.853,-2.4954,0.0,0.0
1779744289517,1,Pitching Mound.Delivery,,Loading,pitch.0,699442,-0.6244,0.193,1.5041,-1.9172,-0.3459,-5.4777,0.0,0.0
1779744289517,1,Pitching Mound.Drive,,Loading,pitch.0,700303,-6.0852,15.4314,107.9325,99.303,-9.1239,10.9434,0.008,0.0875
1779744289517,1,Pitching Mound.Parent,,Loading,pitch.0,698766,-6.7097,15.6244,109.4365,97.3858,-9.4698,5.4657,0.0079,0.0883
1779744289518,1,11.0000004b,Drive,Loading,pitch.0,700304,-6.0893,15.4481,107.81,99.1872,-8.9883,10.9484,0.0079,0.0875
1779744289518,1,12.00000015,Lower Delivery,Loading,pitch.0,700390,-0.2484,0.0732,1.0883,-1.2714,0.4003,-2.9468,0.0,0.0
1779744289518,1,12.00000018,Upper Delivery,Loading,pitch.0,701077,-0.3493,0.0917,0.3851,-0.9755,-0.8366,-2.5083,0.0,0.0
1779744289518,1,Pitching Mound.Delivery,,Loading,pitch.0,699443,-0.5977,0.1649,1.4734,-2.0079,-0.4363,-5.4894,0.0,0.0
1779744289518,1,Pitching Mound.Drive,,Loading,pitch.0,700304,-6.0893,15.4481,107.81,99.1872,-8.9883,10.9484,0.0079,0.0875
1779744289518,1,Pitching Mound.Parent,,Loading,pitch.0,698767,-6.687,15.613,109.2834,97.1793,-9.4246,5.459,0.0078,0.0885
1779744289519,1,11.0000004b,Drive,Loading,pitch.0,700305,-6.0879,15.4499,107.7634,99.0827,-8.7108,10.9154,0.0077,0.0875
1779744289519,1,12.00000015,Lower Delivery,Loading,pitch.0,700391,-0.2227,0.0931,1.1908,-1.0271,0.6363,-3.0043,0.0,0.0
1779744289519,1,12.00000018,Upper Delivery,Loading,pitch.0,701078,-0.3643,0.1161,0.4327,-1.15,-1.0216,-2.5277,0.0,0.0
1779744289519,1,Pitching Mound.Delivery,,Loading,pitch.0,699444,-0.5871,0.2092,1.6235,-1.9193,-0.3853,-5.5801,0.0,0.0
1779744289519,1,Pitching Mound.Drive,,Loading,pitch.0,700305,-6.0879,15.4499,107.7634,99.0827,-8.7108,10.9154,0.0077,0.0875
1779744289519,1,Pitching Mound.Parent,,Loading,pitch.0,698768,-6.6749,15.6591,109.3869,97.1634,-9.0961,5.3352,0.0076,0.0885
1779744289520,1,11.0000004b,Drive,Loading,pitch.0,700306,-6.0941,15.4613,107.6302,98.9549,-8.628,10.9101,0.0076,0.0875
1779744289520,1,12.00000018,Upper Delivery,Loading,pitch.0,701079,-0.3598,0.1096,0.4247,-1.2542,-1.1329,-2.5245,0.0,0.0
1779744289520,1,Pitching Mound.Drive,,Loading,pitch.0,700306,-6.0941,15.4613,107.6302,98.9549,-8.628,10.9101,0.0076,0.0875
1779744289521,1,11.0000004b,Drive,Loading,pitch.0,700307,-6.1085,15.4858,107.4832,98.7637,-8.4869,10.9188,0.0075,0.0874
1779744289521,1,12.00000015,Lower Delivery,Loading,pitch.0,700392,-0.2407,0.0797,1.1644,-1.1507,0.3727,-2.9783,0.0,0.0
1779744289521,1,12.00000015,Lower Delivery,Loading,pitch.0,700393,-0.2267,0.0658,1.1569,-0.9585,0.3144,-3.0405,0.0,0.0
1779744289521,1,12.00000018,Upper Delivery,Loading,pitch.0,701080,-0.3959,0.1598,0.5201,-1.6822,-1.5708,-2.6246,0.0,0.0
1779744289521,1,Pitching Mound.Delivery,,Loading,pitch.0,699445,-0.6005,0.1894,1.5891,-2.1534,-0.7602,-5.5432,0.0,0.0
1779744289521,1,Pitching Mound.Delivery,,Loading,pitch.0,699446,-0.6226,0.2256,1.677,-2.4242,-1.2565,-5.7227,0.0,0.0
1779744289521,1,Pitching Mound.Drive,,Loading,pitch.0,700307,-6.1085,15.4858,107.4832,98.7637,-8.4869,10.9188,0.0075,0.0874
1779744289521,1,Pitching Mound.Parent,,Loading,pitch.0,698769,-6.6946,15.6507,109.2193,96.8015,-9.3881,5.3668,0.0075,0.0885
1779744289521,1,Pitching Mound.Parent,,Loading,pitch.0,698770,-6.7312,15.7114,109.1602,96.3395,-9.7433,5.1962,0.0074,0.0881
1779744289522,1,11.0000004b,Drive,Loading,pitch.0,700308,-6.1121,15.4794,107.3818,98.5596,-8.3906,10.9111,0.0074,0.0873
1779744289522,1,12.00000015,Lower Delivery,Loading,pitch.0,700394,-0.217,0.0741,1.201,-1.1486,0.178,-3.0365,0.0,0.0
1779744289522,1,12.00000018,Upper Delivery,Loading,pitch.0,701081,-0.3293,0.1169,0.3741,-1.2617,-1.1409,-2.5239,0.0,0.0
1779744289522,1,Pitching Mound.Delivery,,Loading,pitch.0,699447,-0.5463,0.191,1.5751,-2.1292,-0.9629,-5.5986,0.0,0.0
1779744289522,1,Pitching Mound.Drive,,Loading,pitch.0,700308,-6.1121,15.4794,107.3818,98.5596,-8.3906,10.9111,0.0074,0.0873
1779744289522,1,Pitching Mound.Parent,,Loading,pitch.0,698771,-6.6585,15.6704,108.9569,96.4305,-9.3535,5.3124,0.0073,0.0886
1779744289523,1,11.0000004b,Drive,Loading,pitch.0,700309,-6.106,15.485,107.3602,98.4968,-8.0032,10.909,0.0071,0.0873
1779744289523,1,12.00000015,Lower Delivery,Loading,pitch.0,700395,-0.2378,0.0847,1.2615,-1.2347,0.1546,-3.0481,0.0,0.0
1779744289523,1,12.00000018,Upper Delivery,Loading,pitch.0,701082,-0.3416,0.1343,0.3872,-1.6979,-1.6007,-2.6227,0.0,0.0
1779744289523,1,Pitching Mound.Delivery,,Loading,pitch.0,699448,-0.5794,0.219,1.6488,-2.6354,-1.4461,-5.706,0.0,0.0
1779744289523,1,Pitching Mound.Drive,,Loading,pitch.0,700309,-6.106,15.485,107.3602,98.4968,-8.0032,10.909,0.0071,0.0873
1779744289523,1,Pitching Mound.Parent,,Loading,pitch.0,698772,-6.6854,15.704,109.0089,95.8614,-9.4493,5.2029,0.007,0.0887
1779744289524,1,11.0000004b,Drive,Loading,pitch.0,700310,-6.1153,15.4797,107.2444,98.2717,-7.8355,10.9352,0.007,0.0872
1779744289524,1,12.00000015,Lower Delivery,Loading,pitch.0,700396,-0.2312,0.0932,1.2885,-1.2696,0.1053,-3.0885,0.0,0.0
1779744289524,1,12.00000018,Upper Delivery,Loading,pitch.0,701083,-0.3223,0.1255,0.4038,-1.5634,-1.4587,-2.5966,0.0,0.0
1779744289524,1,Pitching Mound.Delivery,,Loading,pitch.0,699449,-0.5535,0.2187,1.6923,-2.5323,-1.3534,-5.716,0.0,0.0
1779744289524,1,Pitching Mound.Drive,,Loading,pitch.0,700310,-6.1153,15.4797,107.2444,98.2717,-7.8355,10.9352,0.007,0.0872
1779744289524,1,Pitching Mound.Parent,,Loading,pitch.0,698773,-6.6688,15.6984,108.9367,95.7394,-9.1889,5.2192,0.0068,0.0886
1779744289525,1,11.0000004b,Drive,Loading,pitch.0,700311,-6.1269,15.4803,107.1126,98.1047,-7.7924,10.8939,0.0069,0.0871
1779744289525,1,12.00000018,Upper Delivery,Loading,pitch.0,701084,-0.3203,0.1338,0.3929,-1.6928,-1.5628,-2.6974,0.0,0.0
1779744289525,1,Pitching Mound.Drive,,Loading,pitch.0,700311,-6.1269,15.4803,107.1126,98.1047,-7.7924,10.8939,0.0069,0.0871
1779744289526,1,11.0000004b,Drive,Loading,pitch.0,700312,-6.152,15.4755,107.0173,97.9642,-7.4517,10.8767,0.0066,0.0871
1779744289526,1,12.00000015,Lower Delivery,Loading,pitch.0,700397,-0.2499,0.099,1.3321,-1.2948,-0.0278,-3.049,0.0,0.0
1779744289526,1,12.00000015,Lower Delivery,Loading,pitch.0,700398,-0.2948,0.0836,1.3408,-1.4683,-0.0972,-3.0978,0.0,0.0
1779744289526,1,12.00000018,Upper Delivery,Loading,pitch.0,701085,-0.3121,0.1446,0.4505,-1.8297,-1.4894,-2.7718,0.0,0.0
1779744289526,1,Pitching Mound.Delivery,,Loading,pitch.0,699450,-0.5702,0.2328,1.725,-2.6683,-1.5907,-5.7703,0.0,0.0
1779744289526,1,Pitching Mound.Delivery,,Loading,pitch.0,699451,-0.607,0.2283,1.7912,-2.9953,-1.5866,-5.8755,0.0,0.0
1779744289526,1,Pitching Mound.Drive,,Loading,pitch.0,700312,-6.152,15.4755,107.0173,97.9642,-7.4517,10.8767,0.0066,0.0871
1779744289526,1,Pitching Mound.Parent,,Loading,pitch.0,698775,-6.759,15.7038,108.8085,94.9689,-9.0383,5.0012,0.0065,0.0884
1779744289526,1,Pitching Mound.Parent,,Loading,pitch.0,698774,-6.6971,15.7131,108.8376,95.4364,-9.383,5.1236,0.0068,0.0887
1779744289527,1,11.0000004b,Drive,Loading,pitch.0,700313,-6.1704,15.4785,106.9551,97.9105,-7.2051,10.8602,0.0064,0.0871
1779744289527,1,12.00000015,Lower Delivery,Loading,pitch.0,700399,-0.262,0.0892,1.2607,-1.5447,-0.1723,-3.0929,0.0,0.0
1779744289527,1,12.00000018,Upper Delivery,Loading,pitch.0,701086,-0.3175,0.14,0.425,-1.7288,-1.5759,-2.7679,0.0,0.0
1779744289527,1,Pitching Mound.Delivery,,Loading,pitch.0,699452,-0.5794,0.2292,1.6857,-2.9894,-1.7482,-5.8797,0.0,0.0
1779744289527,1,Pitching Mound.Drive,,Loading,pitch.0,700313,-6.1704,15.4785,106.9551,97.9105,-7.2051,10.8602,0.0064,0.0871
1779744289527,1,Pitching Mound.Parent,,Loading,pitch.0,698776,-6.7498,15.7077,108.6408,94.9211,-8.9533,4.9805,0.0063,0.0883
1779744289528,1,11.0000004b,Drive,Loading,pitch.0,700314,-6.1629,15.459,106.8606,97.8651,-7.1317,10.8407,0.0063,0.0871
1779744289528,1,12.00000015,Lower Delivery,Loading,pitch.0,700400,-0.2504,0.0854,1.1432,-1.3395,-0.1967,-3.0687,0.0,0.0
1779744289528,1,12.00000018,Upper Delivery,Loading,pitch.0,701087,-0.3205,0.1519,0.4589,-1.7641,-1.6358,-2.7458,0.0,0.0
1779744289528,1,Pitching Mound.Delivery,,Loading,pitch.0,699453,-0.5709,0.2373,1.6022,-2.8709,-1.8326,-5.8384,0.0,0.0
1779744289528,1,Pitching Mound.Drive,,Loading,pitch.0,700314,-6.1629,15.459,106.8606,97.8651,-7.1317,10.8407,0.0063,0.0871
1779744289528,1,Pitching Mound.Parent,,Loading,pitch.0,698777,-6.7338,15.6963,108.4628,94.9942,-8.9643,5.0023,0.0063,0.088
1779744289529,1,11.0000004b,Drive,Loading,pitch.0,700315,-6.1837,15.4489,106.8015,97.6954,-6.886,10.8019,0.0061,0.087
1779744289529,1,12.00000015,Lower Delivery,Loading,pitch.0,700401,-0.2451,0.094,1.1271,-1.329,-0.1624,-3.0775,0.0,0.0
1779744289529,1,12.00000018,Upper Delivery,Loading,pitch.0,701088,-0.3257,0.1482,0.4578,-2.056,-1.341,-2.861,0.0,0.0
1779744289529,1,Pitching Mound.Delivery,,Loading,pitch.0,699454,-0.5708,0.2421,1.5849,-3.1575,-1.5035,-5.9658,0.0,0.0
1779744289529,1,Pitching Mound.Drive,,Loading,pitch.0,700315,-6.1837,15.4489,106.8015,97.6954,-6.886,10.8019,0.0061,0.087
1779744289529,1,Pitching Mound.Parent,,Loading,pitch.0,698778,-6.7546,15.691,108.3864,94.5379,-8.3894,4.8361,0.006,0.0878
1779744289530,1,11.0000004b,Drive,Loading,pitch.0,700316,-6.1979,15.449,106.6892,97.6082,-6.6382,10.7511,0.0059,0.087
1779744289530,1,11.0000004b,Drive,Loading,pitch.0,700317,-6.1949,15.4533,106.5723,97.5515,-6.4442,10.7046,0.0058,0.0871
1779744289530,1,12.00000015,Lower Delivery,Loading,pitch.0,700402,-0.2107,0.1028,1.1058,-1.295,0.0003,-3.0318,0.0,0.0
1779744289530,1,12.00000018,Upper Delivery,Loading,pitch.0,701089,-0.3206,0.1364,0.4,-1.8592,-1.495,-2.7827,0.0,0.0
1779744289530,1,Pitching Mound.Delivery,,Loading,pitch.0,699455,-0.5313,0.2392,1.5059,-2.9142,-1.4947,-5.8519,0.0,0.0
1779744289530,1,Pitching Mound.Drive,,Loading,pitch.0,700316,-6.1979,15.449,106.6892,97.6082,-6.6382,10.7511,0.0059,0.087
1779744289530,1,Pitching Mound.Drive,,Loading,pitch.0,700317,-6.1949,15.4533,106.5723,97.5515,-6.4442,10.7046,0.0058,0.0871
1779744289530,1,Pitching Mound.Parent,,Loading,pitch.0,698779,-6.7292,15.6882,108.1951,94.694,-8.1329,4.8992,0.0058,0.088
1779744289531,1,11.0000004b,Drive,Loading,pitch.0,700318,-6.199,15.4497,106.454,97.3864,-6.3682,10.6377,0.0057,0.087
1779744289531,1,12.00000015,Lower Delivery,Loading,pitch.0,700403,-0.2028,0.1048,1.069,-1.3584,-0.0409,-3.0424,0.0,0.0
1779744289531,1,12.00000018,Upper Delivery,Loading,pitch.0,701090,-0.3342,0.1516,0.4377,-1.6854,-1.5211,-2.7457,0.0,0.0
1779744289531,1,Pitching Mound.Delivery,,Loading,pitch.0,699456,-0.537,0.2564,1.5067,-2.8292,-1.562,-5.8328,0.0,0.0
1779744289531,1,Pitching Mound.Drive,,Loading,pitch.0,700318,-6.199,15.4497,106.454,97.3864,-6.3682,10.6377,0.0057,0.087
1779744289531,1,Pitching Mound.Parent,,Loading,pitch.0,698780,-6.7319,15.7097,108.079,94.7223,-8.0062,4.8718,0.0057,0.0878
1779744289532,1,11.0000004b,Drive,Loading,pitch.0,700319,-6.1999,15.4528,106.2879,97.3105,-6.3523,10.5847,0.0057,0.0871
1779744289532,1,12.00000015,Lower Delivery,Loading,pitch.0,700404,-0.1741,0.1031,1.1162,-1.2082,0.1648,-3.0244,0.0,0.0
1779744289532,1,12.00000018,Upper Delivery,Loading,pitch.0,701091,-0.3382,0.146,0.4124,-1.6562,-1.5091,-2.6692,0.0,0.0
1779744289532,1,Pitching Mound.Delivery,,Loading,pitch.0,699457,-0.5123,0.2491,1.5286,-2.6251,-1.3443,-5.7494,0.0,0.0
1779744289532,1,Pitching Mound.Drive,,Loading,pitch.0,700319,-6.1999,15.4528,106.2879,97.3105,-6.3523,10.5847,0.0057,0.0871
1779744289532,1,Pitching Mound.Parent,,Loading,pitch.0,698781,-6.7113,15.6988,107.9826,94.7614,-7.7125,4.8883,0.0056,0.088
1779744289533,1,11.0000004b,Drive,Loading,pitch.0,700320,-6.1879,15.4401,106.118,97.1003,-6.2852,10.5377,0.0056,0.087
1779744289533,1,12.00000015,Lower Delivery,Loading,pitch.0,700405,-0.2106,0.1146,1.1568,-1.4268,0.3284,-3.0492,0.0,0.0
1779744289533,1,12.00000018,Upper Delivery,Loading,pitch.0,701092,-0.3698,0.1595,0.4118,-2.1588,-1.4161,-2.7248,0.0,0.0
1779744289533,1,Pitching Mound.Delivery,,Loading,pitch.0,699458,-0.5803,0.2741,1.5686,-3.3323,-1.0877,-5.8281,0.0,0.0
1779744289533,1,Pitching Mound.Drive,,Loading,pitch.0,700320,-6.1879,15.4401,106.118,97.1003,-6.2852,10.5377,0.0056,0.087
1779744289533,1,Pitching Mound.Parent,,Loading,pitch.0,698782,-6.7802,15.7268,107.8565,93.9782,-7.44,4.7566,0.0056,0.0882
1779744289534,1,11.0000004b,Drive,Loading,pitch.0,700321,-6.1795,15.4346,105.9444,97.0096,-6.0834,10.4882,0.0055,0.0871
1779744289534,1,12.00000015,Lower Delivery,Loading,pitch.0,700406,-0.2041,0.1147,1.1281,-1.3652,0.5576,-3.0168,0.0,0.0
1779744289534,1,12.00000018,Upper Delivery,Loading,pitch.0,701093,-0.3389,0.147,0.3436,-1.7995,-1.6431,-2.6132,0.0,0.0
1779744289534,1,Pitching Mound.Delivery,,Loading,pitch.0,699459,-0.543,0.2617,1.4717,-2.898,-1.0856,-5.6758,0.0,0.0
1779744289534,1,Pitching Mound.Drive,,Loading,pitch.0,700321,-6.1795,15.4346,105.9444,97.0096,-6.0834,10.4882,0.0055,0.0871
1779744289534,1,Pitching Mound.Parent,,Loading,pitch.0,698783,-6.7309,15.7018,107.5896,94.2022,-7.3707,4.8618,0.0056,0.0883
1779744289535,1,11.0000004b,Drive,Loading,pitch.0,700322,-6.1586,15.4419,105.8464,97.0086,-5.9207,10.4209,0.0053,0.0872
1779744289535,1,12.00000015,Lower Delivery,Loading,pitch.0,700407,-0.2012,0.1284,1.1137,-1.2074,0.453,-3.0372,0.0,0.0
1779744289535,1,12.00000018,Upper Delivery,Loading,pitch.0,701094,-0.3606,0.1645,0.369,-1.5989,-1.4996,-2.5416,0.0,0.0
1779744289535,1,Pitching Mound.Delivery,,Loading,pitch.0,699460,-0.5618,0.2929,1.4827,-2.5531,-1.0465,-5.6329,0.0,0.0
1779744289535,1,Pitching Mound.Drive,,Loading,pitch.0,700322,-6.1586,15.4419,105.8464,97.0086,-5.9207,10.4209,0.0053,0.0872
1779744289535,1,Pitching Mound.Parent,,Loading,pitch.0,698784,-6.7414,15.7275,107.4271,94.4565,-7.13,4.8553,0.0054,0.0883
1779744289536,1,11.0000004b,Drive,Loading,pitch.0,700323,-6.1358,15.4309,105.7178,96.8679,-5.768,10.4089,0.0052,0.0872
1779744289536,1,12.00000015,Lower Delivery,Loading,pitch.0,700408,-0.1883,0.1219,1.1876,-1.3556,-0.0394,-3.0214,0.0,0.0
1779744289536,1,12.00000018,Upper Delivery,Loading,pitch.0,701095,-0.3706,0.1693,0.3622,-1.635,-1.5363,-2.5469,0.0,0.0
1779744289536,1,Pitching Mound.Delivery,,Loading,pitch.0,699461,-0.559,0.2912,1.5498,-2.71,-1.5757,-5.6303,0.0,0.0
1779744289536,1,Pitching Mound.Drive,,Loading,pitch.0,700323,-6.1358,15.4309,105.7178,96.8679,-5.768,10.4089,0.0052,0.0872
1779744289536,1,Pitching Mound.Parent,,Loading,pitch.0,698785,-6.7176,15.7331,107.3963,94.2987,-7.4964,4.7907,0.0052,0.0885
1779744289537,1,11.0000004b,Drive,Loading,pitch.0,700324,-6.1281,15.4125,105.6863,96.6891,-5.7286,10.3398,0.0052,0.087
1779744289537,1,12.00000015,Lower Delivery,Loading,pitch.0,700409,-0.1645,0.1224,1.2219,-1.5951,-0.0204,-3.0085,0.0,0.0
1779744289537,1,12.00000018,Upper Delivery,Loading,pitch.0,701096,-0.3364,0.1341,0.3349,-1.2522,-1.1355,-2.4409,0.0,0.0
1779744289537,1,Pitching Mound.Delivery,,Loading,pitch.0,699462,-0.5009,0.2565,1.5568,-2.5458,-1.1559,-5.5078,0.0,0.0
1779744289537,1,Pitching Mound.Drive,,Loading,pitch.0,700324,-6.1281,15.4125,105.6863,96.6891,-5.7286,10.3398,0.0052,0.087
1779744289537,1,Pitching Mound.Parent,,Loading,pitch.0,698786,-6.629,15.669,107.2431,94.1433,-6.8845,4.832,0.0051,0.0886
1779744289538,1,11.0000004b,Drive,Loading,pitch.0,700325,-6.1046,15.4021,105.4926,96.4904,-5.5558,10.2882,0.005,0.087
1779744289538,1,12.00000015,Lower Delivery,Loading,pitch.0,700410,-0.1647,0.1269,1.1973,-1.5328,-0.1417,-3.0299,0.0,0.0
1779744289538,1,12.00000018,Upper Delivery,Loading,pitch.0,701097,-0.3104,0.1216,0.3277,-1.3338,-1.2228,-2.4351,0.0,0.0
1779744289538,1,Pitching Mound.Delivery,,Loading,pitch.0,699463,-0.4751,0.2486,1.5251,-2.571,-1.3645,-5.5146,0.0,0.0
1779744289538,1,Pitching Mound.Drive,,Loading,pitch.0,700325,-6.1046,15.4021,105.4926,96.4904,-5.5558,10.2882,0.005,0.087
1779744289538,1,Pitching Mound.Parent,,Loading,pitch.0,698787,-6.5797,15.6507,107.0177,93.9195,-6.9203,4.7736,0.0049,0.0885
1779744289539,1,11.0000004b,Drive,Loading,pitch.0,700326,-6.0808,15.3969,105.442,96.3993,-5.4761,10.2409,0.0049,0.087
1779744289539,1,12.00000015,Lower Delivery,Loading,pitch.0,700411,-0.2031,0.1171,1.2048,-1.4869,-0.0964,-2.9725,0.0,0.0
1779744289539,1,12.00000018,Upper Delivery,Loading,pitch.0,701098,-0.2978,0.1094,0.3007,-1.1492,-1.0274,-2.4074,0.0,0.0
1779744289539,1,Pitching Mound.Delivery,,Loading,pitch.0,699464,-0.5008,0.2265,1.5056,-2.3287,-1.1238,-5.412,0.0,0.0
1779744289539,1,Pitching Mound.Drive,,Loading,pitch.0,700326,-6.0808,15.3969,105.442,96.3993,-5.4761,10.2409,0.0049,0.087
1779744289539,1,Pitching Mound.Parent,,Loading,pitch.0,698788,-6.5816,15.6234,106.9475,94.0706,-6.5999,4.8288,0.0049,0.0886
1779744289540,1,11.0000004b,Drive,Loading,pitch.0,700327,-6.0627,15.3793,105.367,96.3073,-5.4018,10.1825,0.0049,0.0869
1779744289540,1,12.00000015,Lower Delivery,Loading,pitch.0,700412,-0.2279,0.0919,1.1596,-1.5202,-0.2151,-3.0181,0.0,0.0
1779744289540,1,12.00000018,Upper Delivery,Loading,pitch.0,701099,-0.287,0.118,0.324,-0.9743,-0.8399,-2.4263,0.0,0.0
1779744289540,1,Pitching Mound.Delivery,,Loading,pitch.0,699465,-0.5148,0.2099,1.4836,-2.2104,-1.055,-5.4645,0.0,0.0
1779744289540,1,Pitching Mound.Drive,,Loading,pitch.0,700327,-6.0627,15.3793,105.367,96.3073,-5.4018,10.1825,0.0049,0.0869
1779744289540,1,Pitching Mound.Parent,,Loading,pitch.0,698789,-6.5775,15.5892,106.8506,94.0969,-6.4568,4.718,0.0048,0.0884
1779744289541,1,12.00000015,Lower Delivery,Loading,pitch.0,700413,-0.1946,0.1183,1.151,-1.3881,0.0285,-3.0346,0.0,0.0
1779744289541,1,12.00000018,Upper Delivery,Loading,pitch.0,701100,-0.2601,0.1102,0.3495,-1.1507,-1.0268,-2.4471,0.0,0.0
1779744289541,1,Pitching Mound.Delivery,,Loading,pitch.0,699466,-0.4547,0.2285,1.5005,-2.2663,-0.9983,-5.5039,0.0,0.0
1779744289542,1,11.0000004b,Drive,Loading,pitch.0,700328,-6.0375,15.3668,105.2855,96.1822,-5.1586,10.1188,0.0047,0.0869
1779744289542,1,12.00000015,Lower Delivery,Loading,pitch.0,700414,-0.2194,0.1134,1.1686,-1.3957,-0.0432,-3.0311,0.0,0.0
1779744289542,1,12.00000018,Upper Delivery,Loading,pitch.0,701101,-0.2434,0.0853,0.314,-1.6259,-1.5274,-2.5597,0.0,0.0
1779744289542,1,Pitching Mound.Delivery,,Loading,pitch.0,699467,-0.4627,0.1987,1.4825,-2.7311,-1.5706,-5.599,0.0,0.0
1779744289542,1,Pitching Mound.Drive,,Loading,pitch.0,700328,-6.0375,15.3668,105.2855,96.1822,-5.1586,10.1188,0.0047,0.0869
1779744289542,1,Pitching Mound.Parent,,Loading,pitch.0,698790,-6.4922,15.5954,106.786,93.9159,-6.157,4.6148,0.0046,0.0882
1779744289543,1,11.0000004b,Drive,Loading,pitch.0,700329,-6.0313,15.3571,105.2814,96.0566,-4.8138,10.1052,0.0043,0.0868
1779744289543,1,12.00000015,Lower Delivery,Loading,pitch.0,700415,-0.2192,0.1031,1.1914,-1.4443,-0.1978,-3.0643,0.0,0.0
1779744289543,1,12.00000018,Upper Delivery,Loading,pitch.0,701102,-0.2208,0.0767,0.2844,-1.1751,-1.0486,-2.5238,0.0,0.0
1779744289543,1,Pitching Mound.Delivery,,Loading,pitch.0,699468,-0.4399,0.1797,1.4758,-2.311,-1.2464,-5.5887,0.0,0.0
1779744289543,1,Pitching Mound.Drive,,Loading,pitch.0,700329,-6.0313,15.3571,105.2814,96.0566,-4.8138,10.1052,0.0043,0.0868
1779744289543,1,Pitching Mound.Parent,,Loading,pitch.0,698791,-6.4941,15.5558,106.764,93.3255,-6.3844,4.5061,0.0043,0.0883
1779744289544,1,11.0000004b,Drive,Loading,pitch.0,700330,-6.0177,15.3373,105.166,95.8654,-4.5644,10.0482,0.0041,0.0867
1779744289544,1,12.00000015,Lower Delivery,Loading,pitch.0,700416,-0.1784,0.1021,1.1676,-1.4686,-0.2797,-3.0183,0.0,0.0
1779744289544,1,12.00000018,Upper Delivery,Loading,pitch.0,701103,-0.2032,0.0847,0.275,-1.0677,-0.9355,-2.4974,0.0,0.0
1779744289544,1,Pitching Mound.Delivery,,Loading,pitch.0,699469,-0.3817,0.1869,1.4427,-2.2328,-1.2152,-5.5241,0.0,0.0
1779744289544,1,Pitching Mound.Drive,,Loading,pitch.0,700330,-6.0177,15.3373,105.166,95.8654,-4.5644,10.0482,0.0041,0.0867
1779744289544,1,Pitching Mound.Parent,,Loading,pitch.0,698792,-6.4577,15.5171,106.6418,93.5543,-5.8108,4.4595,0.0041,0.0884
1779744289545,1,11.0000004b,Drive,Loading,pitch.0,700331,-6.0137,15.3352,104.9975,95.7954,-4.3734,9.9816,0.004,0.0868
1779744289545,1,11.0000004b,Drive,Loading,pitch.0,700332,-5.9908,15.3125,105.0186,95.7553,-4.3276,9.9296,0.0039,0.0867
1779744289545,1,12.00000015,Lower Delivery,Loading,pitch.0,700417,-0.1515,0.0868,1.2097,-1.2438,0.0652,-3.0746,0.0,0.0
1779744289545,1,12.00000018,Upper Delivery,Loading,pitch.0,701104,-0.206,0.0887,0.2798,-1.1462,-1.014,-2.5913,0.0,0.0
1779744289545,1,Pitching Mound.Delivery,,Loading,pitch.0,699470,-0.3575,0.1755,1.4895,-2.0738,-0.9488,-5.6845,0.0,0.0
1779744289545,1,Pitching Mound.Drive,,Loading,pitch.0,700331,-6.0137,15.3352,104.9975,95.7954,-4.3734,9.9816,0.004,0.0868
1779744289545,1,Pitching Mound.Drive,,Loading,pitch.0,700332,-5.9908,15.3125,105.0186,95.7553,-4.3276,9.9296,0.0039,0.0867
1779744289545,1,Pitching Mound.Parent,,Loading,pitch.0,698794,-6.3483,15.488,106.5081,93.6814,-5.2764,4.2451,0.0039,0.0885
1779744289545,1,Pitching Mound.Parent,,Loading,pitch.0,698793,-6.3953,15.522,106.4402,93.5626,-5.5885,4.4575,0.0039,0.0885
1779744289546,1,12.00000015,Lower Delivery,Loading,pitch.0,700418,-0.1721,0.0645,1.1301,-1.0921,0.3209,-3.0539,0.0,0.0
1779744289546,1,12.00000018,Upper Delivery,Loading,pitch.0,701105,-0.2094,0.1098,0.3343,-1.2478,-1.1237,-2.5675,0.0,0.0
1779744289546,1,Pitching Mound.Delivery,,Loading,pitch.0,699471,-0.3815,0.1743,1.4645,-2.0694,-0.8027,-5.6341,0.0,0.0
1779744289547,1,11.0000004b,Drive,Loading,pitch.0,700333,-5.9846,15.2786,104.8855,95.6344,-4.0767,9.8827,0.0037,0.0867
1779744289547,1,11.0000004b,Drive,Loading,pitch.0,700334,-5.9837,15.2627,104.8688,95.6027,-3.6716,9.7957,0.0033,0.0867
1779744289547,1,12.00000015,Lower Delivery,Loading,pitch.0,700419,-0.1639,0.0878,1.1673,-0.8848,0.4185,-3.0841,0.0,0.0
1779744289547,1,12.00000018,Upper Delivery,Loading,pitch.0,701106,-0.1855,0.095,0.2469,-1.0643,-0.9316,-2.502,0.0,0.0
1779744289547,1,Pitching Mound.Delivery,,Loading,pitch.0,699472,-0.3495,0.1828,1.4142,-1.6362,-0.5131,-5.5934,0.0,0.0
1779744289547,1,Pitching Mound.Drive,,Loading,pitch.0,700333,-5.9846,15.2786,104.8855,95.6344,-4.0767,9.8827,0.0037,0.0867
1779744289547,1,Pitching Mound.Drive,,Loading,pitch.0,700334,-5.9837,15.2627,104.8688,95.6027,-3.6716,9.7957,0.0033,0.0867
1779744289547,1,Pitching Mound.Parent,,Loading,pitch.0,698796,-6.3332,15.4455,106.2831,93.9665,-4.1847,4.2022,0.0033,0.0885
1779744289547,1,Pitching Mound.Parent,,Loading,pitch.0,698795,-6.3661,15.4529,106.35,93.565,-4.8794,4.2486,0.0036,0.0881
1779744289548,1,11.0000004b,Drive,Loading,pitch.0,700335,-5.9637,15.2407,104.8034,95.4549,-3.2563,9.7485,0.003,0.0866
1779744289548,1,12.00000015,Lower Delivery,Loading,pitch.0,700420,-0.1623,0.0853,1.1391,-0.8805,0.4864,-3.0571,0.0,0.0
1779744289548,1,12.00000018,Upper Delivery,Loading,pitch.0,701107,-0.1608,0.092,0.1934,-1.0332,-0.8983,-2.5039,0.0,0.0
1779744289548,1,Pitching Mound.Delivery,,Loading,pitch.0,699473,-0.3231,0.1774,1.3325,-1.5921,-0.412,-5.5605,0.0,0.0
1779744289548,1,Pitching Mound.Drive,,Loading,pitch.0,700335,-5.9637,15.2407,104.8034,95.4549,-3.2563,9.7485,0.003,0.0866
1779744289548,1,Pitching Mound.Parent,,Loading,pitch.0,698797,-6.2868,15.418,106.1359,93.8628,-3.6683,4.188,0.0029,0.0886
1779744289549,1,11.0000004b,Drive,Loading,pitch.0,700336,-5.9623,15.215,104.7606,95.4589,-2.9391,9.6769,0.0027,0.0867
1779744289549,1,12.00000015,Lower Delivery,Loading,pitch.0,700421,-0.2027,0.0724,1.1167,-0.8999,0.4628,-3.0717,0.0,0.0
1779744289549,1,12.00000018,Upper Delivery,Loading,pitch.0,701108,-0.1758,0.1155,0.2813,-0.9484,-0.8063,-2.5326,0.0,0.0
1779744289549,1,Pitching Mound.Delivery,,Loading,pitch.0,699474,-0.3785,0.1879,1.3979,-1.5643,-0.3436,-5.5952,0.0,0.0
1779744289549,1,Pitching Mound.Drive,,Loading,pitch.0,700336,-5.9623,15.215,104.7606,95.4589,-2.9391,9.6769,0.0027,0.0867
1779744289549,1,Pitching Mound.Parent,,Loading,pitch.0,698798,-6.3408,15.4029,106.1586,93.8946,-3.2827,4.0817,0.0026,0.0882
1779744289550,1,11.0000004b,Drive,Loading,pitch.0,700337,-5.9554,15.1971,104.6505,95.403,-2.4913,9.6026,0.0023,0.0867
1779744289550,1,12.00000015,Lower Delivery,Loading,pitch.0,700422,-0.2034,0.0779,1.1172,-1.2022,0.6881,-3.134,0.0,0.0
1779744289550,1,12.00000018,Upper Delivery,Loading,pitch.0,701109,-0.1975,0.0918,0.268,-0.7948,-0.6457,-2.4752,0.0,0.0
1779744289550,1,Pitching Mound.Delivery,,Loading,pitch.0,699475,-0.4009,0.1697,1.3853,-1.7083,0.0424,-5.6072,0.0,0.0
1779744289550,1,Pitching Mound.Drive,,Loading,pitch.0,700337,-5.9554,15.1971,104.6505,95.403,-2.4913,9.6026,0.0023,0.0867
1779744289550,1,Pitching Mound.Parent,,Loading,pitch.0,698799,-6.3563,15.3668,106.0358,93.6948,-2.4489,3.9954,0.0022,0.0883
1779744289551,1,11.0000004b,Drive,Loading,pitch.0,700338,-5.9401,15.1681,104.6709,95.3988,-2.0418,9.5584,0.0019,0.0867
1779744289551,1,12.00000015,Lower Delivery,Loading,pitch.0,700423,-0.2297,0.0721,1.0495,-1.3652,0.6007,-3.1033,0.0,0.0
1779744289551,1,12.00000018,Upper Delivery,Loading,pitch.0,701110,-0.2376,0.1089,0.3837,-0.7069,-0.5503,-2.5047,0.0,0.0
1779744289551,1,Pitching Mound.Delivery,,Loading,pitch.0,699476,-0.4673,0.181,1.4332,-1.8458,0.0504,-5.6107,0.0,0.0
1779744289551,1,Pitching Mound.Drive,,Loading,pitch.0,700338,-5.9401,15.1681,104.6709,95.3988,-2.0418,9.5584,0.0019,0.0867
1779744289551,1,Pitching Mound.Parent,,Loading,pitch.0,698800,-6.4074,15.3491,106.1041,93.553,-1.9915,3.9477,0.0018,0.0877
1779744289552,1,11.0000004b,Drive,Loading,pitch.0,700339,-5.9329,15.1419,104.5667,95.2614,-1.71,9.4825,0.0016,0.0867
1779744289552,1,12.00000015,Lower Delivery,Loading,pitch.0,700424,-0.2653,0.0799,1.041,-1.5458,0.3439,-3.0843,0.0,0.0
1779744289552,1,12.00000018,Upper Delivery,Loading,pitch.0,701111,-0.2428,0.1001,0.3806,-0.5698,-0.4086,-2.4235,0.0,0.0
1779744289552,1,Pitching Mound.Delivery,,Loading,pitch.0,699477,-0.5081,0.18,1.4217,-1.891,-0.0647,-5.5002,0.0,0.0
1779744289552,1,Pitching Mound.Drive,,Loading,pitch.0,700339,-5.9329,15.1419,104.5667,95.2614,-1.71,9.4825,0.0016,0.0867
1779744289552,1,Pitching Mound.Parent,,Loading,pitch.0,698801,-6.441,15.3219,105.9883,93.3705,-1.7746,3.9823,0.0015,0.0876
1779744289553,1,11.0000004b,Drive,Loading,pitch.0,700340,-5.9012,15.1135,104.4263,95.1988,-1.168,9.3762,0.0011,0.0867
1779744289553,1,12.00000015,Lower Delivery,Loading,pitch.0,700425,-0.2602,0.0779,1.1429,-1.3483,0.3428,-3.1067,0.0,0.0
1779744289553,1,12.00000018,Upper Delivery,Loading,pitch.0,701112,-0.2643,0.1054,0.4028,-0.0568,0.1341,-2.3443,0.0,0.0
1779744289553,1,Pitching Mound.Delivery,,Loading,pitch.0,699478,-0.5245,0.1833,1.5456,-1.1535,0.4768,-5.4524,0.0,0.0
1779744289553,1,Pitching Mound.Drive,,Loading,pitch.0,700340,-5.9012,15.1135,104.4263,95.1988,-1.168,9.3762,0.0011,0.0867
1779744289553,1,Pitching Mound.Parent,,Loading,pitch.0,698802,-6.4257,15.2968,105.972,94.0453,-0.6912,3.9237,0.001,0.0878
1779744289554,1,11.0000004b,Drive,Loading,pitch.0,700341,-5.8816,15.0932,104.2424,95.1346,-0.7766,9.2954,0.0007,0.0868
1779744289554,1,12.00000015,Lower Delivery,Loading,pitch.0,700426,-0.2644,0.0752,1.086,-1.2049,0.4764,-3.0975,0.0,0.0
1779744289554,1,12.00000018,Upper Delivery,Loading,pitch.0,701113,-0.2713,0.0961,0.3811,0.1175,0.3158,-2.2677,0.0,0.0
1779744289554,1,Pitching Mound.Delivery,,Loading,pitch.0,699479,-0.5358,0.1713,1.4671,-0.8477,0.7922,-5.3675,0.0,0.0
1779744289554,1,Pitching Mound.Drive,,Loading,pitch.0,700341,-5.8816,15.0932,104.2424,95.1346,-0.7766,9.2954,0.0007,0.0868
1779744289554,1,Pitching Mound.Parent,,Loading,pitch.0,698803,-6.4174,15.2646,105.7095,94.2869,0.0155,3.9279,0.0007,0.0879
1779744289555,1,11.0000004b,Drive,Loading,pitch.0,700342,-5.8575,15.088,104.1278,95.0431,-0.3277,9.2277,0.0003,0.0868
1779744289555,1,12.00000015,Lower Delivery,Loading,pitch.0,700427,-0.2843,0.0875,1.1224,-1.1556,0.3276,-3.1028,0.0,0.0
1779744289555,1,12.00000018,Upper Delivery,Loading,pitch.0,701114,-0.2881,0.0834,0.3603,0.1908,0.389,-2.1784,0.0,0.0
1779744289555,1,Pitching Mound.Delivery,,Loading,pitch.0,699480,-0.5724,0.1709,1.4827,-0.7057,0.7166,-5.2825,0.0,0.0
1779744289555,1,Pitching Mound.Drive,,Loading,pitch.0,700342,-5.8575,15.088,104.1278,95.0431,-0.3277,9.2277,0.0003,0.0868
1779744289555,1,Pitching Mound.Parent,,Loading,pitch.0,698804,-6.4299,15.2589,105.6106,94.3374,0.389,3.9452,0.0003,0.0881
1779744289556,1,11.0000004b,Drive,Loading,pitch.0,700343,-5.8399,15.0671,103.9751,94.839,0.1437,9.1082,-0.0001,0.0868
1779744289556,1,12.00000015,Lower Delivery,Loading,pitch.0,700428,-0.2764,0.0967,1.0526,-1.3447,0.4084,-3.0506,0.0,0.0
1779744289556,1,12.00000018,Upper Delivery,Loading,pitch.0,701115,-0.3176,0.0823,0.3465,-0.0189,0.1692,-2.2489,0.0,0.0
1779744289556,1,Pitching Mound.Delivery,,Loading,pitch.0,699481,-0.594,0.179,1.3991,-1.1236,0.5776,-5.3134,0.0,0.0
1779744289556,1,Pitching Mound.Drive,,Loading,pitch.0,700343,-5.8399,15.0671,103.9751,94.839,0.1437,9.1082,-0.0001,0.0868
1779744289556,1,Pitching Mound.Parent,,Loading,pitch.0,698805,-6.4339,15.2462,105.3742,93.7155,0.7213,3.7947,-0.0001,0.0879
1779744289557,1,11.0000004b,Drive,Loading,pitch.0,700344,-5.7955,15.0336,103.9014,94.8072,0.2709,8.9993,-0.0002,0.0868
1779744289557,1,12.00000015,Lower Delivery,Loading,pitch.0,700429,-0.2568,0.1097,1.127,-1.3197,0.403,-3.0496,0.0,0.0
1779744289557,1,12.00000018,Upper Delivery,Loading,pitch.0,701116,-0.3557,0.1087,0.3566,-0.2599,-0.082,-2.3533,0.0,0.0
1779744289557,1,Pitching Mound.Delivery,,Loading,pitch.0,699482,-0.6125,0.2184,1.4836,-1.3176,0.3211,-5.4366,0.0,0.0
1779744289557,1,Pitching Mound.Drive,,Loading,pitch.0,700344,-5.7955,15.0336,103.9014,94.8072,0.2709,8.9993,-0.0002,0.0868
1779744289557,1,Pitching Mound.Parent,,Loading,pitch.0,698806,-6.408,15.252,105.385,93.4896,0.592,3.5627,-0.0002,0.0881
1779744289558,1,11.0000004b,Drive,Loading,pitch.0,700345,-5.7596,15.02,103.7725,94.6397,0.7238,8.8897,-0.0007,0.0868
1779744289558,1,12.00000015,Lower Delivery,Loading,pitch.0,700430,-0.2973,0.0816,1.049,-1.5085,0.3256,-3.0043,0.0,0.0
1779744289558,1,12.00000018,Upper Delivery,Loading,pitch.0,701117,-0.3571,0.1014,0.3531,-0.6053,-0.4436,-2.4746,0.0,0.0
1779744289558,1,Pitching Mound.Delivery,,Loading,pitch.0,699483,-0.6543,0.183,1.4021,-1.8771,-0.118,-5.4992,0.0,0.0
1779744289558,1,Pitching Mound.Drive,,Loading,pitch.0,700345,-5.7596,15.02,103.7725,94.6397,0.7238,8.8897,-0.0007,0.0868
1779744289558,1,Pitching Mound.Parent,,Loading,pitch.0,698807,-6.414,15.203,105.1746,92.7625,0.6058,3.3904,-0.0007,0.0879
1779744289559,1,11.0000004b,Drive,Loading,pitch.0,700346,-5.7198,14.9967,103.5479,94.5254,1.214,8.7532,-0.0011,0.0868
1779744289559,1,12.00000015,Lower Delivery,Loading,pitch.0,700431,-0.2981,0.0816,1.0521,-1.6114,0.2816,-2.9887,0.0,0.0
1779744289559,1,12.00000018,Upper Delivery,Loading,pitch.0,701118,-0.3695,0.0983,0.3363,-0.7313,-0.574,-2.5465,0.0,0.0
1779744289559,1,Pitching Mound.Delivery,,Loading,pitch.0,699484,-0.6676,0.1799,1.3885,-2.0993,-0.2924,-5.5595,0.0,0.0
1779744289559,1,Pitching Mound.Drive,,Loading,pitch.0,700346,-5.7198,14.9967,103.5479,94.5254,1.214,8.7532,-0.0011,0.0868
1779744289559,1,Pitching Mound.Parent,,Loading,pitch.0,698808,-6.3874,15.1766,104.9364,92.4261,0.9216,3.1938,-0.0011,0.088
1779744289560,1,11.0000004b,Drive,Loading,pitch.0,700347,-5.6601,14.9669,103.3706,94.4229,1.3897,8.6417,-0.0013,0.0869
1779744289560,1,12.00000015,Lower Delivery,Loading,pitch.0,700432,-0.2599,0.0778,1.0852,-1.4774,0.3162,-2.9973,0.0,0.0
1779744289560,1,12.00000018,Upper Delivery,Loading,pitch.0,701119,-0.3713,0.113,0.3563,-0.7769,-0.6204,-2.5857,0.0,0.0
1779744289560,1,Pitching Mound.Delivery,,Loading,pitch.0,699485,-0.6312,0.1908,1.4415,-2.0065,-0.3042,-5.6209,0.0,0.0
1779744289560,1,Pitching Mound.Drive,,Loading,pitch.0,700347,-5.6601,14.9669,103.3706,94.4229,1.3897,8.6417,-0.0013,0.0869
1779744289560,1,Pitching Mound.Parent,,Loading,pitch.0,698809,-6.2913,15.1577,104.8121,92.4163,1.0855,3.0209,-0.0013,0.0881
1779744289561,1,11.0000004b,Drive,Loading,pitch.0,700348,-5.6064,14.9375,103.2354,94.2989,1.525,8.5194,-0.0014,0.0869
1779744289561,1,12.00000015,Lower Delivery,Loading,pitch.0,700433,-0.2819,0.0934,1.1172,-1.5346,0.284,-2.9247,0.0,0.0
1779744289561,1,12.00000018,Upper Delivery,Loading,pitch.0,701120,-0.3457,0.1139,0.3887,-0.9546,-0.8093,-2.5975,0.0,0.0
1779744289561,1,Pitching Mound.Delivery,,Loading,pitch.0,699486,-0.6277,0.2074,1.5058,-2.2415,-0.5254,-5.5439,0.0,0.0
1779744289561,1,Pitching Mound.Drive,,Loading,pitch.0,700348,-5.6064,14.9375,103.2354,94.2989,1.525,8.5194,-0.0014,0.0869
1779744289561,1,Pitching Mound.Parent,,Loading,pitch.0,698810,-6.2341,15.1448,104.7412,92.0573,0.9996,2.9755,-0.0014,0.088
1779744289562,1,11.0000004b,Drive,Loading,pitch.0,700349,-5.553,14.908,103.0386,94.2165,1.6233,8.3656,-0.0015,0.087
1779744289562,1,12.00000015,Lower Delivery,Loading,pitch.0,700434,-0.2552,0.0958,1.1375,-1.502,0.2211,-2.9759,0.0,0.0
1779744289562,1,12.00000018,Upper Delivery,Loading,pitch.0,701121,-0.3487,0.1125,0.3485,-0.955,-0.8073,-2.6413,0.0,0.0
1779744289562,1,Pitching Mound.Delivery,,Loading,pitch.0,699487,-0.6039,0.2083,1.4861,-2.1887,-0.5862,-5.649,0.0,0.0
1779744289562,1,Pitching Mound.Drive,,Loading,pitch.0,700349,-5.553,14.908,103.0386,94.2165,1.6233,8.3656,-0.0015,0.087
1779744289562,1,Pitching Mound.Parent,,Loading,pitch.0,698811,-6.1569,15.1163,104.5246,92.0277,1.0371,2.7166,-0.0015,0.0883
1779744289563,1,11.0000004b,Drive,Loading,pitch.0,700350,-5.4968,14.866,102.9589,94.1372,1.9438,8.2522,-0.0018,0.087
1779744289563,1,12.00000015,Lower Delivery,Loading,pitch.0,700435,-0.2544,0.0897,1.1034,-1.5246,0.1013,-2.9667,0.0,0.0
1779744289563,1,12.00000018,Upper Delivery,Loading,pitch.0,701122,-0.3677,0.1332,0.381,-1.4338,-1.3139,-2.7144,0.0,0.0
1779744289563,1,Pitching Mound.Delivery,,Loading,pitch.0,699488,-0.6221,0.2229,1.4844,-2.7128,-1.2126,-5.7196,0.0,0.0
1779744289563,1,Pitching Mound.Drive,,Loading,pitch.0,700350,-5.4968,14.866,102.9589,94.1372,1.9438,8.2522,-0.0018,0.087
1779744289563,1,Pitching Mound.Parent,,Loading,pitch.0,698812,-6.1188,15.0889,104.4433,91.4244,0.7312,2.5326,-0.0018,0.0881
1779744289564,1,11.0000004b,Drive,Loading,pitch.0,700351,-5.4344,14.8294,102.7344,94.0491,2.3015,8.1287,-0.0021,0.0871
1779744289564,1,12.00000015,Lower Delivery,Loading,pitch.0,700436,-0.27,0.0764,1.0049,-1.7031,-0.1177,-2.9035,0.0,0.0
1779744289564,1,12.00000018,Upper Delivery,Loading,pitch.0,701123,-0.449,0.2174,0.6133,-1.4019,-1.2436,-2.7673,0.0,0.0
1779744289564,1,Pitching Mound.Delivery,,Loading,pitch.0,699489,-0.719,0.2938,1.6182,-2.9719,-1.3613,-5.7316,0.0,0.0
1779744289564,1,Pitching Mound.Drive,,Loading,pitch.0,700351,-5.4344,14.8294,102.7344,94.0491,2.3015,8.1287,-0.0021,0.0871
1779744289564,1,Pitching Mound.Parent,,Loading,pitch.0,698813,-6.1534,15.1231,104.3526,91.0772,0.9402,2.3971,-0.0021,0.087
1779744289565,1,11.0000004b,Drive,Loading,pitch.0,700352,-5.3878,14.7961,102.6174,94.0637,2.2271,8.0116,-0.0021,0.0872
1779744289565,1,12.00000015,Lower Delivery,Loading,pitch.0,700437,-0.2675,0.0842,1.0849,-1.7305,-0.1121,-2.8962,0.0,0.0
1779744289565,1,12.00000018,Upper Delivery,Loading,pitch.0,701124,-0.462,0.2469,0.7333,-1.4146,-1.1796,-2.8459,0.0,0.0
1779744289565,1,Pitching Mound.Delivery,,Loading,pitch.0,699490,-0.7295,0.3311,1.8182,-3.0256,-1.2916,-5.8082,0.0,0.0
1779744289565,1,Pitching Mound.Drive,,Loading,pitch.0,700352,-5.3878,14.7961,102.6174,94.0637,2.2271,8.0116,-0.0021,0.0872
1779744289565,1,Pitching Mound.Parent,,Loading,pitch.0,698814,-6.1173,15.1272,104.4356,91.0381,0.9354,2.2033,-0.002,0.0868
1779744289566,1,11.0000004b,Drive,Loading,pitch.0,700353,-5.3391,14.7591,102.4769,94.0041,2.4934,7.8769,-0.0023,0.0873
1779744289566,1,12.00000015,Lower Delivery,Loading,pitch.0,700438,-0.2657,0.0754,1.0044,-1.8667,-0.395,-2.8847,0.0,0.0
1779744289566,1,12.00000018,Upper Delivery,Loading,pitch.0,701125,-0.4208,0.2156,0.6224,-1.5057,-1.2518,-2.8552,0.0,0.0
1779744289566,1,Pitching Mound.Delivery,,Loading,pitch.0,699491,-0.6865,0.2911,1.6268,-3.2426,-1.6469,-5.7927,0.0,0.0
1779744289566,1,Pitching Mound.Drive,,Loading,pitch.0,700353,-5.3391,14.7591,102.4769,94.0041,2.4934,7.8769,-0.0023,0.0873
1779744289566,1,Pitching Mound.Parent,,Loading,pitch.0,698815,-6.0255,15.0502,104.1037,90.7616,0.8465,2.0842,-0.0023,0.0871
1779744289567,1,11.0000004b,Drive,Loading,pitch.0,700354,-5.2714,14.7049,102.4915,94.1114,2.6951,7.777,-0.0025,0.0874
1779744289567,1,12.00000015,Lower Delivery,Loading,pitch.0,700439,-0.2866,0.0768,0.9957,-1.7919,-0.5394,-2.8861,0.0,0.0
1779744289567,1,12.00000018,Upper Delivery,Loading,pitch.0,701126,-0.3637,0.1738,0.4717,-1.4637,-1.2782,-2.8388,0.0,0.0
1779744289567,1,Pitching Mound.Delivery,,Loading,pitch.0,699492,-0.6503,0.2506,1.4674,-3.0774,-1.8176,-5.7511,0.0,0.0
1779744289567,1,Pitching Mound.Drive,,Loading,pitch.0,700354,-5.2714,14.7049,102.4915,94.1114,2.6951,7.777,-0.0025,0.0874
1779744289567,1,Pitching Mound.Parent,,Loading,pitch.0,698816,-5.9217,14.9555,103.9589,91.034,0.8775,2.0258,-0.0025,0.0878
1779744289568,1,11.0000004b,Drive,Loading,pitch.0,700355,-5.2401,14.674,102.4171,94.0467,2.8144,7.6323,-0.0026,0.0874
1779744289568,1,12.00000015,Lower Delivery,Loading,pitch.0,700440,-0.2735,0.0757,0.9967,-1.6385,-0.4445,-2.908,0.0,0.0
1779744289568,1,12.00000018,Upper Delivery,Loading,pitch.0,701127,-0.4191,0.235,0.6973,-1.3782,-1.2012,-2.7871,0.0,0.0
1779744289568,1,Pitching Mound.Delivery,,Loading,pitch.0,699493,-0.6927,0.3107,1.6939,-2.9149,-1.6456,-5.7446,0.0,0.0
1779744289568,1,Pitching Mound.Drive,,Loading,pitch.0,700355,-5.2401,14.674,102.4171,94.0467,2.8144,7.6323,-0.0026,0.0874
1779744289568,1,Pitching Mound.Parent,,Loading,pitch.0,698817,-5.9328,14.9847,104.1111,91.1318,1.1688,1.8877,-0.0026,0.0869
1779744289569,1,11.0000004b,Drive,Loading,pitch.0,700356,-5.1837,14.6279,102.2467,93.9876,2.9003,7.5124,-0.0027,0.0874
1779744289569,1,12.00000015,Lower Delivery,Loading,pitch.0,700441,-0.238,0.0796,0.9561,-1.6075,-0.1757,-2.8333,0.0,0.0
1779744289569,1,12.00000018,Upper Delivery,Loading,pitch.0,701128,-0.3837,0.2096,0.603,-1.1915,-1.0578,-2.6705,0.0,0.0
1779744289569,1,Pitching Mound.Delivery,,Loading,pitch.0,699494,-0.6217,0.2892,1.5591,-2.6789,-1.2335,-5.5533,0.0,0.0
1779744289569,1,Pitching Mound.Drive,,Loading,pitch.0,700356,-5.1837,14.6279,102.2467,93.9876,2.9003,7.5124,-0.0027,0.0874
1779744289569,1,Pitching Mound.Parent,,Loading,pitch.0,698818,-5.8054,14.9171,103.8058,91.3087,1.6668,1.9591,-0.0027,0.0873
1779744289570,1,11.0000004b,Drive,Loading,pitch.0,700357,-5.139,14.5883,102.1014,93.9386,2.9828,7.3676,-0.0028,0.0875
1779744289570,1,12.00000015,Lower Delivery,Loading,pitch.0,700442,-0.2608,0.0913,0.9607,-1.4392,-0.0686,-2.859,0.0,0.0
1779744289570,1,12.00000018,Upper Delivery,Loading,pitch.0,701129,-0.4376,0.2491,0.7463,-1.4509,-1.3129,-2.7323,0.0,0.0
1779744289570,1,Pitching Mound.Delivery,,Loading,pitch.0,699495,-0.6984,0.3404,1.707,-2.8172,-1.3815,-5.6514,0.0,0.0
1779744289570,1,Pitching Mound.Drive,,Loading,pitch.0,700357,-5.139,14.5883,102.1014,93.9386,2.9828,7.3676,-0.0028,0.0875
1779744289570,1,Pitching Mound.Parent,,Loading,pitch.0,698819,-5.8374,14.9286,103.8084,91.1214,1.6012,1.7163,-0.0027,0.0868
1779744289571,1,11.0000004b,Drive,Loading,pitch.0,700358,-5.1046,14.5549,101.9503,93.8227,3.1355,7.2515,-0.0029,0.0875
1779744289571,1,12.00000015,Lower Delivery,Loading,pitch.0,700443,-0.2098,0.1174,0.8955,-1.364,0.3388,-2.8269,0.0,0.0
1779744289571,1,12.00000018,Upper Delivery,Loading,pitch.0,701130,-0.4261,0.2455,0.742,-1.5293,-1.415,-2.7278,0.0,0.0
1779744289571,1,Pitching Mound.Delivery,,Loading,pitch.0,699496,-0.636,0.3629,1.6376,-2.8412,-1.0762,-5.6283,0.0,0.0
1779744289571,1,Pitching Mound.Drive,,Loading,pitch.0,700358,-5.1046,14.5549,101.9503,93.8227,3.1355,7.2515,-0.0029,0.0875
1779744289571,1,Pitching Mound.Parent,,Loading,pitch.0,698820,-5.7406,14.9177,103.5879,90.9815,2.0594,1.6232,-0.0029,0.0867
1779744289572,1,11.0000004b,Drive,Loading,pitch.0,700359,-5.063,14.5212,101.8835,93.8009,3.2815,7.132,-0.0031,0.0876
1779744289572,1,12.00000015,Lower Delivery,Loading,pitch.0,700444,-0.208,0.146,0.9581,-1.2622,0.3752,-2.8323,0.0,0.0
1779744289572,1,12.00000018,Upper Delivery,Loading,pitch.0,701131,-0.4489,0.2659,0.8451,-1.2007,-1.0652,-2.7153,0.0,0.0
1779744289572,1,Pitching Mound.Delivery,,Loading,pitch.0,699497,-0.6569,0.4119,1.8032,-2.4245,-0.69,-5.6294,0.0,0.0
1779744289572,1,Pitching Mound.Drive,,Loading,pitch.0,700359,-5.063,14.5212,101.8835,93.8009,3.2815,7.132,-0.0031,0.0876
1779744289572,1,Pitching Mound.Parent,,Loading,pitch.0,698821,-5.72,14.9331,103.6867,91.3763,2.5915,1.5025,-0.003,0.0864
1779744289573,1,11.0000004b,Drive,Loading,pitch.0,700360,-5.0209,14.4774,101.8626,93.7513,3.5338,7.0195,-0.0033,0.0876
1779744289573,1,12.00000015,Lower Delivery,Loading,pitch.0,700445,-0.2195,0.151,1.0323,-1.4247,0.5202,-2.8289,0.0,0.0
1779744289573,1,12.00000018,Upper Delivery,Loading,pitch.0,701132,-0.3421,0.169,0.5585,-1.1421,-1.0052,-2.6705,0.0,0.0
1779744289573,1,Pitching Mound.Delivery,,Loading,pitch.0,699498,-0.5616,0.3201,1.5908,-2.4057,-0.485,-5.5411,0.0,0.0
1779744289573,1,Pitching Mound.Drive,,Loading,pitch.0,700360,-5.0209,14.4774,101.8626,93.7513,3.5338,7.0195,-0.0033,0.0876
1779744289573,1,Pitching Mound.Parent,,Loading,pitch.0,698822,-5.5825,14.7974,103.4534,91.3456,3.0488,1.4784,-0.0032,0.0878
1779744289574,1,11.0000004b,Drive,Loading,pitch.0,700361,-4.9782,14.4562,101.7322,93.7242,3.5856,6.896,-0.0034,0.0876
1779744289574,1,12.00000015,Lower Delivery,Loading,pitch.0,700446,-0.2384,0.1285,1.0238,-1.366,0.5874,-2.8304,0.0,0.0
1779744289574,1,12.00000018,Upper Delivery,Loading,pitch.0,701133,-0.3217,0.1709,0.5443,-0.9597,-0.8158,-2.5768,0.0,0.0
1779744289574,1,Pitching Mound.Delivery,,Loading,pitch.0,699499,-0.5601,0.2994,1.5681,-2.1626,-0.2285,-5.4356,0.0,0.0
1779744289574,1,Pitching Mound.Drive,,Loading,pitch.0,700361,-4.9782,14.4562,101.7322,93.7242,3.5856,6.896,-0.0034,0.0876
1779744289574,1,Pitching Mound.Parent,,Loading,pitch.0,698823,-5.5383,14.7556,103.3003,91.5616,3.3571,1.4604,-0.0033,0.0879
1779744289575,1,11.0000004b,Drive,Loading,pitch.0,700362,-4.9491,14.4215,101.6109,93.7508,3.7837,6.7615,-0.0035,0.0878
1779744289575,1,12.00000015,Lower Delivery,Loading,pitch.0,700447,-0.2231,0.1422,1.0524,-1.3236,0.9204,-2.8901,0.0,0.0
1779744289575,1,12.00000018,Upper Delivery,Loading,pitch.0,701134,-0.2837,0.1124,0.4341,-1.0009,-0.859,-2.5915,0.0,0.0
1779744289575,1,Pitching Mound.Delivery,,Loading,pitch.0,699500,-0.5068,0.2546,1.4866,-2.1142,0.0614,-5.5023,0.0,0.0
1779744289575,1,Pitching Mound.Drive,,Loading,pitch.0,700362,-4.9491,14.4215,101.6109,93.7508,3.7837,6.7615,-0.0035,0.0878
1779744289575,1,Pitching Mound.Parent,,Loading,pitch.0,698824,-5.4559,14.6761,103.0975,91.6365,3.8451,1.2593,-0.0035,0.0885
1779744289576,1,11.0000004b,Drive,Loading,pitch.0,700363,-4.9031,14.3897,101.612,93.783,3.8329,6.6782,-0.0036,0.0878
1779744289576,1,12.00000015,Lower Delivery,Loading,pitch.0,700448,-0.224,0.1307,1.0806,-1.1133,1.0626,-2.9474,0.0,0.0
1779744289576,1,12.00000018,Upper Delivery,Loading,pitch.0,701135,-0.3016,0.1168,0.4306,-0.9456,-0.8034,-2.5324,0.0,0.0
1779744289576,1,Pitching Mound.Delivery,,Loading,pitch.0,699501,-0.5256,0.2476,1.5112,-1.8379,0.2593,-5.5062,0.0,0.0
1779744289576,1,Pitching Mound.Drive,,Loading,pitch.0,700363,-4.9031,14.3897,101.612,93.783,3.8329,6.6782,-0.0036,0.0878
1779744289576,1,Pitching Mound.Parent,,Loading,pitch.0,698825,-5.4287,14.6373,103.1231,91.945,4.0922,1.172,-0.0035,0.0887
1779744289577,1,11.0000004b,Drive,Loading,pitch.0,700364,-4.8682,14.3593,101.5701,93.785,3.9918,6.5671,-0.0037,0.0878
1779744289577,1,12.00000015,Lower Delivery,Loading,pitch.0,700449,-0.2366,0.1293,1.0548,-1.0722,1.0991,-2.9266,0.0,0.0
1779744289577,1,12.00000018,Upper Delivery,Loading,pitch.0,701136,-0.2861,0.123,0.4088,-1.2331,-1.1078,-2.5707,0.0,0.0
1779744289577,1,Pitching Mound.Delivery,,Loading,pitch.0,699502,-0.5227,0.2523,1.4636,-2.0857,-0.0087,-5.5142,0.0,0.0
1779744289577,1,Pitching Mound.Drive,,Loading,pitch.0,700364,-4.8682,14.3593,101.5701,93.785,3.9918,6.5671,-0.0037,0.0878
1779744289577,1,Pitching Mound.Parent,,Loading,pitch.0,698826,-5.3909,14.6116,103.0337,91.6993,3.9831,1.053,-0.0037,0.0887
1779744289578,1,11.0000004b,Drive,Loading,pitch.0,700365,-4.8378,14.3399,101.4368,93.8278,3.9639,6.4589,-0.0037,0.088
1779744289578,1,12.00000015,Lower Delivery,Loading,pitch.0,700450,-0.2474,0.142,1.1821,-1.2419,0.8963,-2.9705,0.0,0.0
1779744289578,1,12.00000018,Upper Delivery,Loading,pitch.0,701137,-0.2665,0.1015,0.3958,-1.0383,-0.906,-2.4655,0.0,0.0
1779744289578,1,Pitching Mound.Delivery,,Loading,pitch.0,699503,-0.5139,0.2435,1.5779,-2.0129,-0.0097,-5.4425,0.0,0.0
1779744289578,1,Pitching Mound.Drive,,Loading,pitch.0,700365,-4.8378,14.3399,101.4368,93.8278,3.9639,6.4589,-0.0037,0.088
1779744289578,1,Pitching Mound.Parent,,Loading,pitch.0,698827,-5.3517,14.5833,103.0147,91.8149,3.9542,1.0164,-0.0037,0.0892
1779744289579,1,11.0000004b,Drive,Loading,pitch.0,700366,-4.7953,14.3118,101.4527,93.8583,4.3116,6.3911,-0.004,0.088
1779744289579,1,12.00000015,Lower Delivery,Loading,pitch.0,700451,-0.2553,0.1458,1.1126,-1.2897,0.7902,-2.9654,0.0,0.0
1779744289579,1,12.00000018,Upper Delivery,Loading,pitch.0,701138,-0.26,0.0864,0.3586,-0.9827,-0.8482,-2.4379,0.0,0.0
1779744289579,1,Pitching Mound.Delivery,,Loading,pitch.0,699504,-0.5152,0.2322,1.4712,-2.0161,-0.058,-5.4048,0.0,0.0
1779744289579,1,Pitching Mound.Drive,,Loading,pitch.0,700366,-4.7953,14.3118,101.4527,93.8583,4.3116,6.3911,-0.004,0.088
1779744289579,1,Pitching Mound.Parent,,Loading,pitch.0,698828,-5.3105,14.544,102.9239,91.8422,4.2536,0.9862,-0.004,0.0892
1779744289580,1,11.0000004b,Drive,Loading,pitch.0,700367,-4.758,14.2986,101.4539,93.8275,4.3072,6.2974,-0.004,0.088
1779744289580,1,12.00000015,Lower Delivery,Loading,pitch.0,700452,-0.2732,0.1226,1.1319,-1.3472,0.4382,-3.0185,0.0,0.0
1779744289580,1,12.00000018,Upper Delivery,Loading,pitch.0,701139,-0.2653,0.0903,0.3849,-1.0507,-0.9217,-2.42,0.0,0.0
1779744289580,1,Pitching Mound.Delivery,,Loading,pitch.0,699505,-0.5385,0.2129,1.5167,-2.1439,-0.4835,-5.4358,0.0,0.0
1779744289580,1,Pitching Mound.Drive,,Loading,pitch.0,700367,-4.758,14.2986,101.4539,93.8275,4.3072,6.2974,-0.004,0.088
1779744289580,1,Pitching Mound.Parent,,Loading,pitch.0,698829,-5.2965,14.5115,102.9707,91.6835,3.8237,0.8616,-0.004,0.0891
1779744289581,1,11.0000004b,Drive,Loading,pitch.0,700368,-4.7175,14.2842,101.5496,93.9531,4.5296,6.1893,-0.0042,0.088
1779744289581,1,12.00000015,Lower Delivery,Loading,pitch.0,700453,-0.2732,0.1198,1.1892,-1.5076,0.3538,-3.0122,0.0,0.0
1779744289581,1,12.00000018,Upper Delivery,Loading,pitch.0,701140,-0.2731,0.1228,0.4475,-1.0944,-0.9702,-2.3865,0.0,0.0
1779744289581,1,Pitching Mound.Delivery,,Loading,pitch.0,699506,-0.5464,0.2426,1.6367,-2.3498,-0.6164,-5.3987,0.0,0.0
1779744289581,1,Pitching Mound.Drive,,Loading,pitch.0,700368,-4.7175,14.2842,101.5496,93.9531,4.5296,6.1893,-0.0042,0.088
1779744289581,1,Pitching Mound.Parent,,Loading,pitch.0,698830,-5.2639,14.5267,103.1863,91.6033,3.9132,0.7907,-0.0042,0.0891
1779744289582,1,11.0000004b,Drive,Loading,pitch.0,700369,-4.6816,14.2707,101.7099,94.0955,4.6073,6.0791,-0.0043,0.088
1779744289582,1,12.00000015,Lower Delivery,Loading,pitch.0,700454,-0.3044,0.0909,1.1227,-1.5211,0.0071,-3.0164,0.0,0.0
1779744289582,1,12.00000018,Upper Delivery,Loading,pitch.0,701141,-0.2828,0.1224,0.4554,-1.2799,-1.1655,-2.4315,0.0,0.0
1779744289582,1,Pitching Mound.Delivery,,Loading,pitch.0,699507,-0.5872,0.2133,1.5781,-2.5741,-1.1583,-5.4406,0.0,0.0
1779744289582,1,Pitching Mound.Drive,,Loading,pitch.0,700369,-4.6816,14.2707,101.7099,94.0955,4.6073,6.0791,-0.0043,0.088
1779744289582,1,Pitching Mound.Parent,,Loading,pitch.0,698831,-5.2688,14.484,103.288,91.5214,3.4489,0.6385,-0.0042,0.0889
1779744289583,1,11.0000004b,Drive,Loading,pitch.0,700370,-4.6307,14.2467,101.7382,94.1201,4.795,5.9904,-0.0045,0.088
1779744289583,1,12.00000015,Lower Delivery,Loading,pitch.0,700455,-0.3036,0.095,1.1397,-1.4988,-0.0342,-3.0324,0.0,0.0
1779744289583,1,12.00000018,Upper Delivery,Loading,pitch.0,701142,-0.3182,0.1646,0.4823,-1.4038,-1.2994,-2.3991,0.0,0.0
1779744289583,1,Pitching Mound.Delivery,,Loading,pitch.0,699508,-0.6218,0.2596,1.622,-2.679,-1.3336,-5.4365,0.0,0.0
1779744289583,1,Pitching Mound.Drive,,Loading,pitch.0,700370,-4.6307,14.2467,101.7382,94.1201,4.795,5.9904,-0.0045,0.088
1779744289583,1,Pitching Mound.Parent,,Loading,pitch.0,698832,-5.2525,14.5063,103.3602,91.4411,3.4614,0.5539,-0.0044,0.0888
1779744289584,1,11.0000004b,Drive,Loading,pitch.0,700371,-4.5963,14.2408,101.7853,94.2448,4.9064,5.8919,-0.0046,0.0881
1779744289584,1,12.00000015,Lower Delivery,Loading,pitch.0,700456,-0.3144,0.0871,1.1499,-1.6582,-0.2434,-3.0194,0.0,0.0
1779744289584,1,12.00000018,Upper Delivery,Loading,pitch.0,701143,-0.2981,0.139,0.4455,-1.3743,-1.2659,-2.4358,0.0,0.0
1779744289584,1,Pitching Mound.Delivery,,Loading,pitch.0,699509,-0.6126,0.2261,1.5954,-2.793,-1.5093,-5.4497,0.0,0.0
1779744289584,1,Pitching Mound.Drive,,Loading,pitch.0,700371,-4.5963,14.2408,101.7853,94.2448,4.9064,5.8919,-0.0046,0.0881
1779744289584,1,Pitching Mound.Parent,,Loading,pitch.0,698833,-5.2089,14.4669,103.3806,91.4518,3.3971,0.4422,-0.0045,0.089
1779744289585,1,11.0000004b,Drive,Loading,pitch.0,700372,-4.5639,14.2296,101.8226,94.2028,5.0618,5.7913,-0.0047,0.088
1779744289585,1,12.00000015,Lower Delivery,Loading,pitch.0,700457,-0.3093,0.0851,1.1905,-1.8747,-0.3371,-3.0316,0.0,0.0
1779744289585,1,12.00000018,Upper Delivery,Loading,pitch.0,701144,-0.3103,0.1513,0.4528,-1.5463,-1.4491,-2.4409,0.0,0.0
1779744289585,1,Pitching Mound.Delivery,,Loading,pitch.0,699510,-0.6196,0.2364,1.6433,-3.1701,-1.7862,-5.4729,0.0,0.0
1779744289585,1,Pitching Mound.Drive,,Loading,pitch.0,700372,-4.5639,14.2296,101.8226,94.2028,5.0618,5.7913,-0.0047,0.088
1779744289585,1,Pitching Mound.Parent,,Loading,pitch.0,698834,-5.1834,14.466,103.4659,91.0326,3.2757,0.3184,-0.0047,0.089
1779744289586,1,11.0000004b,Drive,Loading,pitch.0,700373,-4.519,14.2283,101.7889,94.2944,4.9118,5.7036,-0.0046,0.0881
1779744289586,1,12.00000015,Lower Delivery,Loading,pitch.0,700458,-0.2852,0.0804,1.1903,-1.971,-0.3528,-2.9677,0.0,0.0
1779744289586,1,12.00000018,Upper Delivery,Loading,pitch.0,701145,-0.3004,0.1372,0.4396,-1.3766,-1.2679,-2.4444,0.0,0.0
1779744289586,1,Pitching Mound.Delivery,,Loading,pitch.0,699511,-0.5856,0.2176,1.6299,-3.0924,-1.6208,-5.4172,0.0,0.0
1779744289586,1,Pitching Mound.Drive,,Loading,pitch.0,700373,-4.519,14.2283,101.7889,94.2944,4.9118,5.7036,-0.0046,0.0881
1779744289586,1,Pitching Mound.Parent,,Loading,pitch.0,698835,-5.1045,14.4459,103.4188,91.202,3.291,0.2865,-0.0045,0.0892
1779744289587,1,11.0000004b,Drive,Loading,pitch.0,700374,-4.4729,14.2251,101.8107,94.289,5.1656,5.5764,-0.0048,0.0881
1779744289587,1,12.00000015,Lower Delivery,Loading,pitch.0,700459,-0.2611,0.0925,1.1399,-2.1235,-0.3135,-2.9189,0.0,0.0
1779744289587,1,12.00000018,Upper Delivery,Loading,pitch.0,701146,-0.316,0.1619,0.4605,-1.3183,-1.2079,-2.4058,0.0,0.0
1779744289587,1,Pitching Mound.Delivery,,Loading,pitch.0,699512,-0.5772,0.2544,1.6004,-3.2108,-1.5214,-5.3434,0.0,0.0
1779744289587,1,Pitching Mound.Drive,,Loading,pitch.0,700374,-4.4729,14.2251,101.8107,94.289,5.1656,5.5764,-0.0048,0.0881
1779744289587,1,Pitching Mound.Parent,,Loading,pitch.0,698836,-5.0501,14.4795,103.4111,91.0782,3.6442,0.233,-0.0048,0.089
1779744289588,1,11.0000004b,Drive,Loading,pitch.0,700375,-4.4399,14.2301,101.7634,94.2678,5.2778,5.5113,-0.0049,0.0881
1779744289588,1,12.00000015,Lower Delivery,Loading,pitch.0,700460,-0.2623,0.0913,1.1818,-1.8903,-0.3239,-2.9665,0.0,0.0
1779744289588,1,12.00000018,Upper Delivery,Loading,pitch.0,701147,-0.2963,0.1221,0.4204,-1.0583,-0.932,-2.3812,0.0,0.0
1779744289588,1,Pitching Mound.Delivery,,Loading,pitch.0,699513,-0.5586,0.2134,1.6022,-2.6898,-1.2559,-5.3593,0.0,0.0
1779744289588,1,Pitching Mound.Drive,,Loading,pitch.0,700375,-4.4399,14.2301,101.7634,94.2678,5.2778,5.5113,-0.0049,0.0881
1779744289588,1,Pitching Mound.Parent,,Loading,pitch.0,698837,-4.9986,14.4434,103.3655,91.578,4.022,0.152,-0.0049,0.0893
1779744289589,1,11.0000004b,Drive,Loading,pitch.0,700376,-4.3838,14.2197,101.8022,94.3613,5.3268,5.4035,-0.005,0.0882
1779744289589,1,12.00000015,Lower Delivery,Loading,pitch.0,700461,-0.27,0.076,1.171,-1.9029,-0.3402,-2.9444,0.0,0.0
1779744289589,1,12.00000018,Upper Delivery,Loading,pitch.0,701148,-0.2974,0.1289,0.3998,-0.927,-0.7877,-2.4565,0.0,0.0
1779744289589,1,Pitching Mound.Delivery,,Loading,pitch.0,699514,-0.5673,0.2049,1.5708,-2.5677,-1.1279,-5.4103,0.0,0.0
1779744289589,1,Pitching Mound.Drive,,Loading,pitch.0,700376,-4.3838,14.2197,101.8022,94.3613,5.3268,5.4035,-0.005,0.0882
1779744289589,1,Pitching Mound.Parent,,Loading,pitch.0,698838,-4.9511,14.4246,103.373,91.7935,4.1988,-0.0068,-0.0049,0.0894
1779744289590,1,11.0000004b,Drive,Loading,pitch.0,700377,-4.3537,14.2041,101.7121,94.3578,5.4466,5.2946,-0.0051,0.0883
1779744289590,1,12.00000015,Lower Delivery,Loading,pitch.0,700462,-0.2418,0.0763,1.1932,-1.932,-0.1029,-2.9613,0.0,0.0
1779744289590,1,12.00000018,Upper Delivery,Loading,pitch.0,701149,-0.3104,0.1383,0.3859,-0.7988,-0.6525,-2.4308,0.0,0.0
1779744289590,1,Pitching Mound.Delivery,,Loading,pitch.0,699515,-0.5522,0.2146,1.5791,-2.4563,-0.7553,-5.4155,0.0,0.0
1779744289590,1,Pitching Mound.Drive,,Loading,pitch.0,700377,-4.3537,14.2041,101.7121,94.3578,5.4466,5.2946,-0.0051,0.0883
1779744289590,1,Pitching Mound.Parent,,Loading,pitch.0,698839,-4.9059,14.4188,103.2912,91.9015,4.6912,-0.1208,-0.005,0.0896
1779744289591,1,11.0000004b,Drive,Loading,pitch.0,700378,-4.3047,14.197,101.8325,94.5089,5.632,5.1942,-0.0053,0.0883
1779744289591,1,12.00000015,Lower Delivery,Loading,pitch.0,700463,-0.2107,0.1078,1.2413,-1.9525,0.0056,-2.9332,0.0,0.0
1779744289591,1,12.00000018,Upper Delivery,Loading,pitch.0,701150,-0.2927,0.1268,0.3524,-0.7958,-0.6475,-2.4613,0.0,0.0
1779744289591,1,Pitching Mound.Delivery,,Loading,pitch.0,699516,-0.5034,0.2346,1.5937,-2.446,-0.6419,-5.4224,0.0,0.0
1779744289591,1,Pitching Mound.Drive,,Loading,pitch.0,700378,-4.3047,14.197,101.8325,94.5089,5.632,5.1942,-0.0053,0.0883
1779744289591,1,Pitching Mound.Parent,,Loading,pitch.0,698840,-4.8081,14.4316,103.4262,92.0629,4.9901,-0.2282,-0.0052,0.0898
1779744289592,1,11.0000004b,Drive,Loading,pitch.0,700379,-4.2805,14.1878,101.9663,94.6108,5.9017,5.0997,-0.0055,0.0883
1779744289592,1,12.00000015,Lower Delivery,Loading,pitch.0,700464,-0.2258,0.1098,1.2255,-1.6993,0.0395,-2.9138,0.0,0.0
1779744289592,1,12.00000018,Upper Delivery,Loading,pitch.0,701151,-0.2816,0.0982,0.3154,-0.59,-0.4272,-2.476,0.0,0.0
1779744289592,1,Pitching Mound.Delivery,,Loading,pitch.0,699517,-0.5073,0.208,1.541,-1.9799,-0.3877,-5.4088,0.0,0.0
1779744289592,1,Pitching Mound.Drive,,Loading,pitch.0,700379,-4.2805,14.1878,101.9663,94.6108,5.9017,5.0997,-0.0055,0.0883
1779744289592,1,Pitching Mound.Parent,,Loading,pitch.0,698841,-4.7879,14.3958,103.5073,92.6309,5.514,-0.3091,-0.0054,0.0899
1779744289593,1,11.0000004b,Drive,Loading,pitch.0,700380,-4.2399,14.1866,101.8337,94.6906,5.946,4.994,-0.0056,0.0885
1779744289593,1,12.00000015,Lower Delivery,Loading,pitch.0,700465,-0.2229,0.0914,1.0944,-1.4828,0.0819,-2.8995,0.0,0.0
1779744289593,1,12.00000018,Upper Delivery,Loading,pitch.0,701152,-0.2888,0.127,0.3465,-0.4268,-0.2555,-2.4336,0.0,0.0
1779744289593,1,Pitching Mound.Delivery,,Loading,pitch.0,699518,-0.5118,0.2184,1.4409,-1.6552,-0.1736,-5.3555,0.0,0.0
1779744289593,1,Pitching Mound.Drive,,Loading,pitch.0,700380,-4.2399,14.1866,101.8337,94.6906,5.946,4.994,-0.0056,0.0885
1779744289593,1,Pitching Mound.Parent,,Loading,pitch.0,698842,-4.7517,14.405,103.2746,93.0353,5.7724,-0.3615,-0.0055,0.0897
1779744289594,1,11.0000004b,Drive,Loading,pitch.0,700381,-4.2132,14.1783,101.815,94.7211,5.926,4.902,-0.0055,0.0885
1779744289594,1,12.00000015,Lower Delivery,Loading,pitch.0,700466,-0.2277,0.0895,1.1736,-1.5975,-0.0628,-2.8736,0.0,0.0
1779744289594,1,12.00000018,Upper Delivery,Loading,pitch.0,701153,-0.2933,0.1367,0.3504,-0.5924,-0.4283,-2.5017,0.0,0.0
1779744289594,1,Pitching Mound.Delivery,,Loading,pitch.0,699519,-0.521,0.2261,1.524,-1.91,-0.4912,-5.3977,0.0,0.0
1779744289594,1,Pitching Mound.Drive,,Loading,pitch.0,700381,-4.2132,14.1783,101.815,94.7211,5.926,4.902,-0.0055,0.0885
1779744289594,1,Pitching Mound.Parent,,Loading,pitch.0,698843,-4.7342,14.4044,103.339,92.8111,5.4348,-0.4956,-0.0055,0.0899
1779744289595,1,11.0000004b,Drive,Loading,pitch.0,700382,-4.1618,14.1502,101.9375,94.7691,5.9473,4.8588,-0.0056,0.0884
1779744289595,1,12.00000015,Lower Delivery,Loading,pitch.0,700467,-0.2015,0.1085,1.157,-1.3945,0.065,-2.8602,0.0,0.0
1779744289595,1,12.00000018,Upper Delivery,Loading,pitch.0,701154,-0.2956,0.1506,0.3536,-0.625,-0.4624,-2.5137,0.0,0.0
1779744289595,1,Pitching Mound.Delivery,,Loading,pitch.0,699520,-0.4971,0.2592,1.5105,-1.7463,-0.3975,-5.4059,0.0,0.0
1779744289595,1,Pitching Mound.Drive,,Loading,pitch.0,700382,-4.1618,14.1502,101.9375,94.7691,5.9473,4.8588,-0.0056,0.0884
1779744289595,1,Pitching Mound.Parent,,Loading,pitch.0,698844,-4.6589,14.4093,103.4481,93.0228,5.5499,-0.5471,-0.0055,0.0898
1779744289596,1,11.0000004b,Drive,Loading,pitch.0,700383,-4.1192,14.1399,102.0323,94.9753,5.9587,4.7375,-0.0056,0.0885
1779744289596,1,12.00000015,Lower Delivery,Loading,pitch.0,700469,-0.1987,0.1029,1.1372,-1.5499,-0.0186,-2.9034,0.0,0.0
1779744289596,1,12.00000015,Lower Delivery,Loading,pitch.0,700468,-0.1465,0.13,1.1337,-1.2803,0.0474,-2.8694,0.0,0.0
1779744289596,1,12.00000018,Upper Delivery,Loading,pitch.0,701155,-0.3072,0.1632,0.3818,-0.5436,-0.3755,-2.5166,0.0,0.0
1779744289596,1,Pitching Mound.Delivery,,Loading,pitch.0,699521,-0.4537,0.2932,1.5155,-1.5683,-0.3281,-5.4407,0.0,0.0
1779744289596,1,Pitching Mound.Drive,,Loading,pitch.0,700383,-4.1192,14.1399,102.0323,94.9753,5.9587,4.7375,-0.0056,0.0885
1779744289596,1,Pitching Mound.Parent,,Loading,pitch.0,698845,-4.5729,14.4331,103.5478,93.4069,5.6306,-0.7032,-0.0055,0.0897
1779744289597,1,11.0000004b,Drive,Loading,pitch.0,700384,-4.0679,14.125,102.1702,95.1669,6.1547,4.6337,-0.0057,0.0886
1779744289597,1,12.00000018,Upper Delivery,Loading,pitch.0,701156,-0.3208,0.1766,0.4217,-0.7214,-0.5639,-2.5377,0.0,0.0
1779744289597,1,Pitching Mound.Delivery,,Loading,pitch.0,699522,-0.5195,0.2796,1.5588,-2.028,-0.5825,-5.4826,0.0,0.0
1779744289597,1,Pitching Mound.Drive,,Loading,pitch.0,700384,-4.0679,14.125,102.1702,95.1669,6.1547,4.6337,-0.0057,0.0886
1779744289597,1,Pitching Mound.Parent,,Loading,pitch.0,698846,-4.5875,14.4045,103.729,93.1388,5.5722,-0.8489,-0.0056,0.0896
1779744289598,1,11.0000004b,Drive,Loading,pitch.0,700385,-4.0219,14.108,102.2312,95.3398,6.1256,4.5389,-0.0057,0.0887
1779744289598,1,12.00000015,Lower Delivery,Loading,pitch.0,700470,-0.1914,0.0909,1.1598,-1.3504,0.0477,-2.9705,0.0,0.0
1779744289598,1,12.00000018,Upper Delivery,Loading,pitch.0,701157,-0.2957,0.1604,0.422,-0.8563,-0.706,-2.57,0.0,0.0
1779744289598,1,Pitching Mound.Delivery,,Loading,pitch.0,699523,-0.4871,0.2513,1.5818,-1.9559,-0.6583,-5.576,0.0,0.0
1779744289598,1,Pitching Mound.Drive,,Loading,pitch.0,700385,-4.0219,14.108,102.2312,95.3398,6.1256,4.5389,-0.0057,0.0887
1779744289598,1,Pitching Mound.Parent,,Loading,pitch.0,698847,-4.509,14.3593,103.8129,93.384,5.4673,-1.0371,-0.0056,0.0898
1779744289599,1,11.0000004b,Drive,Loading,pitch.0,700386,-3.974,14.0885,102.2265,95.4693,6.2576,4.44,-0.0058,0.0888
1779744289599,1,12.00000015,Lower Delivery,Loading,pitch.0,700471,-0.197,0.1095,1.1868,-1.1171,0.3053,-2.9223,0.0,0.0
1779744289599,1,12.00000018,Upper Delivery,Loading,pitch.0,701158,-0.3179,0.1961,0.4972,-1.2069,-1.0729,-2.6944,0.0,0.0
1779744289599,1,Pitching Mound.Delivery,,Loading,pitch.0,699524,-0.515,0.3056,1.684,-2.0895,-0.7677,-5.6578,0.0,0.0
1779744289599,1,Pitching Mound.Drive,,Loading,pitch.0,700386,-3.974,14.0885,102.2265,95.4693,6.2576,4.44,-0.0058,0.0888
1779744289599,1,Pitching Mound.Parent,,Loading,pitch.0,698848,-4.489,14.3941,103.9105,93.3797,5.49,-1.2177,-0.0057,0.0897
1779744289600,1,11.0000004b,Drive,Loading,pitch.0,700387,-3.9343,14.0874,102.3194,95.556,6.4346,4.323,-0.006,0.0888
1779744289600,1,12.00000015,Lower Delivery,Loading,pitch.0,700472,-0.184,0.1176,1.208,-1.1915,0.2962,-2.9221,0.0,0.0
1779744289600,1,12.00000018,Upper Delivery,Loading,pitch.0,701159,-0.3098,0.1993,0.5107,-1.2869,-1.1601,-2.6617,0.0,0.0
1779744289600,1,Pitching Mound.Delivery,,Loading,pitch.0,699525,-0.4937,0.3169,1.7187,-2.2413,-0.8639,-5.6265,0.0,0.0
1779744289600,1,Pitching Mound.Drive,,Loading,pitch.0,700387,-3.9343,14.0874,102.3194,95.556,6.4346,4.323,-0.006,0.0888
1779744289600,1,Pitching Mound.Parent,,Loading,pitch.0,698849,-4.428,14.4043,104.0381,93.3147,5.5707,-1.3035,-0.0059,0.0897
1779744289601,1,11.0000004b,Drive,Loading,pitch.0,700388,-3.8965,14.0871,102.4071,95.6204,6.4303,4.1978,-0.006,0.0888
1779744289601,1,12.00000015,Lower Delivery,Loading,pitch.0,700473,-0.1899,0.1261,1.1869,-1.0002,0.3133,-2.9075,0.0,0.0
1779744289601,1,12.00000018,Upper Delivery,Loading,pitch.0,701160,-0.3114,0.2149,0.4898,-1.3437,-1.2215,-2.6473,0.0,0.0
1779744289601,1,Pitching Mound.Delivery,,Loading,pitch.0,699526,-0.5013,0.341,1.6768,-2.1068,-0.9082,-5.5962,0.0,0.0
1779744289601,1,Pitching Mound.Drive,,Loading,pitch.0,700388,-3.8965,14.0871,102.4071,95.6204,6.4303,4.1978,-0.006,0.0888
1779744289601,1,Pitching Mound.Parent,,Loading,pitch.0,698850,-4.3978,14.4281,104.0839,93.5135,5.5221,-1.3984,-0.0059,0.0897
1779744289602,1,11.0000004b,Drive,Loading,pitch.0,700389,-3.8496,14.0794,102.3514,95.8074,6.4221,4.0777,-0.006,0.089
1779744289602,1,12.00000015,Lower Delivery,Loading,pitch.0,700474,-0.2138,0.0927,1.1091,-1.3336,0.1479,-2.9305,0.0,0.0
1779744289602,1,12.00000018,Upper Delivery,Loading,pitch.0,701161,-0.2905,0.2286,0.5087,-1.0454,-0.9062,-2.597,0.0,0.0
1779744289602,1,Pitching Mound.Delivery,,Loading,pitch.0,699527,-0.5042,0.3213,1.6178,-2.1748,-0.7582,-5.5535,0.0,0.0
1779744289602,1,Pitching Mound.Drive,,Loading,pitch.0,700389,-3.8496,14.0794,102.3514,95.8074,6.4221,4.0777,-0.006,0.089
1779744289602,1,Pitching Mound.Parent,,Loading,pitch.0,698851,-4.3538,14.4008,103.9692,93.6325,5.6639,-1.4758,-0.0059,0.0896
1779744289603,1,11.0000004b,Drive,Loading,pitch.0,700390,-3.8043,14.0743,102.36,95.9751,6.6681,4.0111,-0.0062,0.0892
1779744289603,1,12.00000015,Lower Delivery,Loading,pitch.0,700476,-0.2287,0.0706,1.1389,-1.1867,0.2077,-2.9834,0.0,0.0
1779744289603,1,12.00000015,Lower Delivery,Loading,pitch.0,700475,-0.2266,0.0776,1.0972,-1.2538,0.1218,-2.9495,0.0,0.0
1779744289603,1,12.00000018,Upper Delivery,Loading,pitch.0,701162,-0.2992,0.2231,0.4773,-0.9233,-0.7792,-2.5382,0.0,0.0
1779744289603,1,Pitching Mound.Delivery,,Loading,pitch.0,699528,-0.5258,0.3006,1.5745,-1.9663,-0.6575,-5.5124,0.0,0.0
1779744289603,1,Pitching Mound.Drive,,Loading,pitch.0,700390,-3.8043,14.0743,102.36,95.9751,6.6681,4.0111,-0.0062,0.0892
1779744289603,1,Pitching Mound.Parent,,Loading,pitch.0,698852,-4.3301,14.375,103.9345,94.0088,6.0107,-1.5013,-0.0061,0.0899
1779744289604,1,11.0000004b,Drive,Loading,pitch.0,700391,-3.7559,14.0606,102.4327,96.0928,7.1033,3.8707,-0.0066,0.0892
1779744289604,1,12.00000018,Upper Delivery,Loading,pitch.0,701163,-0.3204,0.2218,0.4736,-1.0064,-0.8659,-2.5723,0.0,0.0
1779744289604,1,Pitching Mound.Delivery,,Loading,pitch.0,699529,-0.5491,0.2924,1.6125,-1.9669,-0.6582,-5.5869,0.0,0.0
1779744289604,1,Pitching Mound.Drive,,Loading,pitch.0,700391,-3.7559,14.0606,102.4327,96.0928,7.1033,3.8707,-0.0066,0.0892
1779744289604,1,Pitching Mound.Parent,,Loading,pitch.0,698853,-4.305,14.353,104.0453,94.1259,6.4451,-1.7161,-0.0065,0.09
1779744289605,1,11.0000004b,Drive,Loading,pitch.0,700392,-3.7014,14.0601,102.4879,96.1077,7.4809,3.7326,-0.0069,0.0892
1779744289605,1,12.00000015,Lower Delivery,Loading,pitch.0,700477,-0.2736,0.0844,1.0909,-1.5494,0.142,-2.9585,0.0,0.0
1779744289605,1,12.00000018,Upper Delivery,Loading,pitch.0,701164,-0.274,0.1828,0.4357,-0.6611,-0.5054,-2.4346,0.0,0.0
1779744289605,1,Pitching Mound.Delivery,,Loading,pitch.0,699530,-0.5476,0.2672,1.5266,-1.9878,-0.3634,-5.3933,0.0,0.0
1779744289605,1,Pitching Mound.Drive,,Loading,pitch.0,700392,-3.7014,14.0601,102.4879,96.1077,7.4809,3.7326,-0.0069,0.0892
1779744289605,1,Pitching Mound.Parent,,Loading,pitch.0,698854,-4.2489,14.3273,104.0145,94.1199,7.1175,-1.6607,-0.0068,0.09
1779744289606,1,11.0000004b,Drive,Loading,pitch.0,700393,-3.6565,14.0697,102.553,96.1712,8.02,3.5944,-0.0074,0.0892
1779744289606,1,12.00000015,Lower Delivery,Loading,pitch.0,700478,-0.275,0.0947,1.0322,-1.55,-0.0217,-2.9844,0.0,0.0
1779744289606,1,12.00000018,Upper Delivery,Loading,pitch.0,701165,-0.2786,0.1506,0.4164,-0.4946,-0.3261,-2.4645,0.0,0.0
1779744289606,1,Pitching Mound.Delivery,,Loading,pitch.0,699531,-0.5536,0.2454,1.4486,-1.8353,-0.3478,-5.4502,0.0,0.0
1779744289606,1,Pitching Mound.Drive,,Loading,pitch.0,700393,-3.6565,14.0697,102.553,96.1712,8.02,3.5944,-0.0074,0.0892
1779744289606,1,Pitching Mound.Parent,,Loading,pitch.0,698855,-4.2101,14.315,104.0016,94.336,7.6721,-1.8557,-0.0073,0.09
1779744289607,1,11.0000004b,Drive,Loading,pitch.0,700394,-3.6053,14.0667,102.49,96.2303,8.5543,3.4928,-0.0079,0.0893
1779744289607,1,12.00000015,Lower Delivery,Loading,pitch.0,700479,-0.2785,0.0964,1.0342,-1.5775,-0.0492,-3.0006,0.0,0.0
1779744289607,1,12.00000015,Lower Delivery,Loading,pitch.0,700480,-0.2522,0.1105,1.0452,-1.4018,0.1676,-3.0058,0.0,0.0
1779744289607,1,12.00000018,Upper Delivery,Loading,pitch.0,701166,-0.2789,0.1412,0.3885,-0.2595,-0.0781,-2.4161,0.0,0.0
1779744289607,1,Pitching Mound.Delivery,,Loading,pitch.0,699532,-0.5574,0.2376,1.4227,-1.6175,-0.1272,-5.4168,0.0,0.0
1779744289607,1,Pitching Mound.Drive,,Loading,pitch.0,700394,-3.6053,14.0667,102.49,96.2303,8.5543,3.4928,-0.0079,0.0893
1779744289607,1,Pitching Mound.Parent,,Loading,pitch.0,698856,-4.1626,14.3043,103.9126,94.6129,8.4271,-1.9241,-0.0078,0.0902
1779744289608,1,11.0000004b,Drive,Loading,pitch.0,700395,-3.5609,14.0695,102.5704,96.2836,9.051,3.3802,-0.0084,0.0893
1779744289608,1,12.00000015,Lower Delivery,Loading,pitch.0,700481,-0.2429,0.1096,1.0234,-1.425,0.122,-2.9618,0.0,0.0
1779744289608,1,12.00000018,Upper Delivery,Loading,pitch.0,701167,-0.2745,0.1429,0.3527,-0.1928,-0.0108,-2.3469,0.0,0.0
1779744289608,1,Pitching Mound.Delivery,,Loading,pitch.0,699533,-0.5267,0.2534,1.3979,-1.3592,0.1569,-5.3602,0.0,0.0
1779744289608,1,Pitching Mound.Drive,,Loading,pitch.0,700395,-3.5609,14.0695,102.5704,96.2836,9.051,3.3802,-0.0084,0.0893
1779744289608,1,Pitching Mound.Parent,,Loading,pitch.0,698857,-4.0876,14.3229,103.9684,94.9244,9.2079,-1.98,-0.0083,0.0904
1779744289609,1,11.0000004b,Drive,Loading,pitch.0,700396,-3.5131,14.0698,102.5644,96.4074,9.4711,3.2654,-0.0088,0.0894
1779744289609,1,12.00000015,Lower Delivery,Loading,pitch.0,700482,-0.2442,0.0939,0.9283,-1.5241,-0.2009,-3.0141,0.0,0.0
1779744289609,1,12.00000018,Upper Delivery,Loading,pitch.0,701168,-0.282,0.1557,0.3566,-0.1755,0.0103,-2.393,0.0,0.0
1779744289609,1,Pitching Mound.Delivery,,Loading,pitch.0,699534,-0.525,0.2654,1.38,-1.3738,0.1322,-5.3681,0.0,0.0
1779744289609,1,Pitching Mound.Drive,,Loading,pitch.0,700396,-3.5131,14.0698,102.5644,96.4074,9.4711,3.2654,-0.0088,0.0894
1779744289609,1,Pitching Mound.Parent,,Loading,pitch.0,698858,-4.0381,14.3351,103.9444,95.0336,9.6033,-2.1028,-0.0087,0.0904
1779744289610,1,11.0000004b,Drive,Loading,pitch.0,700397,-3.4486,14.0677,102.4443,96.3316,9.4386,3.1289,-0.0088,0.0895
1779744289610,1,12.00000018,Upper Delivery,Loading,pitch.0,701169,-0.2602,0.1581,0.3696,-0.5871,-0.4234,-2.4883,0.0,0.0
1779744289610,1,Pitching Mound.Delivery,,Loading,pitch.0,699535,-0.5044,0.252,1.2979,-1.9213,-0.6243,-5.5079,0.0,0.0
1779744289610,1,Pitching Mound.Drive,,Loading,pitch.0,700397,-3.4486,14.0677,102.4443,96.3316,9.4386,3.1289,-0.0088,0.0895
1779744289610,1,Pitching Mound.Parent,,Loading,pitch.0,698859,-3.953,14.3197,103.7422,94.4104,8.8143,-2.3789,-0.0087,0.0902
1779744289611,1,11.0000004b,Drive,Loading,pitch.0,700398,-3.4,14.0718,102.4825,96.3584,9.7602,2.9976,-0.0091,0.0894
1779744289611,1,12.00000015,Lower Delivery,Loading,pitch.0,700484,-0.1817,0.128,0.924,-1.2642,-0.2786,-2.999,0.0,0.0
1779744289611,1,12.00000015,Lower Delivery,Loading,pitch.0,700483,-0.1677,0.1107,0.9215,-1.3327,-0.2684,-3.0228,0.0,0.0
1779744289611,1,12.00000018,Upper Delivery,Loading,pitch.0,701170,-0.2827,0.1549,0.364,-0.3609,-0.1814,-2.5024,0.0,0.0
1779744289611,1,Pitching Mound.Delivery,,Loading,pitch.0,699536,-0.4503,0.2656,1.2855,-1.5041,-0.4498,-5.5643,0.0,0.0
1779744289611,1,Pitching Mound.Drive,,Loading,pitch.0,700398,-3.4,14.0718,102.4825,96.3584,9.7602,2.9976,-0.0091,0.0894
1779744289611,1,Pitching Mound.Parent,,Loading,pitch.0,698860,-3.8503,14.3374,103.768,94.8543,9.3104,-2.5667,-0.0089,0.0902
1779744289612,1,11.0000004b,Drive,Loading,pitch.0,700399,-3.3151,14.0676,102.4546,96.4781,10.0752,2.868,-0.0094,0.0896
1779744289612,1,12.00000018,Upper Delivery,Loading,pitch.0,701171,-0.2782,0.1405,0.3475,-0.6082,-0.4449,-2.5076,0.0,0.0
1779744289612,1,Pitching Mound.Delivery,,Loading,pitch.0,699537,-0.4599,0.2685,1.2715,-1.6764,-0.7235,-5.5394,0.0,0.0
1779744289612,1,Pitching Mound.Drive,,Loading,pitch.0,700399,-3.3151,14.0676,102.4546,96.4781,10.0752,2.868,-0.0094,0.0896
1779744289612,1,Pitching Mound.Parent,,Loading,pitch.0,698861,-3.775,14.3361,103.7261,94.8017,9.3518,-2.6714,-0.0092,0.0904
1779744289613,1,11.0000004b,Drive,Loading,pitch.0,700400,-3.2479,14.0539,102.3956,96.4583,10.305,2.7308,-0.0096,0.0896
1779744289613,1,12.00000015,Lower Delivery,Loading,pitch.0,700486,-0.1356,0.1541,0.9647,-1.1113,-0.1143,-2.9957,0.0,0.0
1779744289613,1,12.00000015,Lower Delivery,Loading,pitch.0,700485,-0.1713,0.127,0.9385,-1.038,-0.1558,-2.9722,0.0,0.0
1779744289613,1,12.00000018,Upper Delivery,Loading,pitch.0,701172,-0.2737,0.139,0.3691,-0.7064,-0.5507,-2.489,0.0,0.0
1779744289613,1,Pitching Mound.Delivery,,Loading,pitch.0,699538,-0.445,0.2661,1.3077,-1.5508,-0.7064,-5.496,0.0,0.0
1779744289613,1,Pitching Mound.Drive,,Loading,pitch.0,700400,-3.2479,14.0539,102.3956,96.4583,10.305,2.7308,-0.0096,0.0896
1779744289613,1,Pitching Mound.Parent,,Loading,pitch.0,698862,-3.6929,14.32,103.7033,94.9075,9.5985,-2.7652,-0.0095,0.0904
1779744289614,1,11.0000004b,Drive,Loading,pitch.0,700401,-3.1806,14.0368,102.3961,96.4551,10.3398,2.6076,-0.0096,0.0896
1779744289614,1,12.00000015,Lower Delivery,Loading,pitch.0,700487,-0.1377,0.1516,0.9155,-0.9329,0.154,-2.9655,0.0,0.0
1779744289614,1,12.00000018,Upper Delivery,Loading,pitch.0,701173,-0.279,0.1579,0.4224,-0.8138,-0.6642,-2.5069,0.0,0.0
1779744289614,1,Pitching Mound.Delivery,,Loading,pitch.0,699539,-0.4146,0.312,1.3871,-1.7407,-0.7784,-5.5514,0.0,0.0
1779744289614,1,Pitching Mound.Drive,,Loading,pitch.0,700401,-3.1806,14.0368,102.3961,96.4551,10.3398,2.6076,-0.0096,0.0896
1779744289614,1,Pitching Mound.Parent,,Loading,pitch.0,698863,-3.5952,14.3488,103.7832,94.7144,9.5613,-2.9438,-0.0095,0.0902
1779744289615,1,11.0000004b,Drive,Loading,pitch.0,700402,-3.1202,14.0147,102.2955,96.4872,10.6303,2.4444,-0.0099,0.0897
1779744289615,1,12.00000018,Upper Delivery,Loading,pitch.0,701174,-0.2754,0.1633,0.4436,-0.9508,-0.8106,-2.5009,0.0,0.0
1779744289615,1,Pitching Mound.Delivery,,Loading,pitch.0,699540,-0.413,0.3149,1.359,-1.7232,-0.6566,-5.5132,0.0,0.0
1779744289615,1,Pitching Mound.Drive,,Loading,pitch.0,700402,-3.1202,14.0147,102.2955,96.4872,10.6303,2.4444,-0.0099,0.0897
1779744289615,1,Pitching Mound.Parent,,Loading,pitch.0,698864,-3.5333,14.3296,103.6545,94.764,9.9737,-3.0688,-0.0098,0.0901
1779744289616,1,11.0000004b,Drive,Loading,pitch.0,700403,-3.0503,13.9874,102.2589,96.5247,10.7287,2.3054,-0.01,0.0898
1779744289616,1,12.00000015,Lower Delivery,Loading,pitch.0,700488,-0.1159,0.1431,0.8423,-0.9257,0.1234,-2.9413,0.0,0.0
1779744289616,1,12.00000018,Upper Delivery,Loading,pitch.0,701175,-0.3048,0.217,0.476,-1.2784,-1.1582,-2.5331,0.0,0.0
1779744289616,1,Pitching Mound.Delivery,,Loading,pitch.0,699541,-0.4207,0.3601,1.3183,-2.0795,-1.0348,-5.5386,0.0,0.0
1779744289616,1,Pitching Mound.Drive,,Loading,pitch.0,700403,-3.0503,13.9874,102.2589,96.5247,10.7287,2.3054,-0.01,0.0898
1779744289616,1,Pitching Mound.Parent,,Loading,pitch.0,698865,-3.4709,14.3475,103.5771,94.4452,9.694,-3.2332,-0.0099,0.0899
1779744289617,1,11.0000004b,Drive,Loading,pitch.0,700404,-2.9841,13.955,102.1939,96.4865,11.0362,2.1476,-0.0103,0.0898
1779744289617,1,11.0000004b,Drive,Loading,pitch.0,700405,-2.92,13.9334,102.1767,96.6504,11.3941,2.0073,-0.0106,0.09
1779744289617,1,12.00000015,Lower Delivery,Loading,pitch.0,700489,-0.1448,0.148,0.9849,-1.0238,0.1071,-2.9532,0.0,0.0
1779744289617,1,12.00000015,Lower Delivery,Loading,pitch.0,700490,-0.1888,0.1229,0.9461,-1.1667,-0.1697,-2.9411,0.0,0.0
1779744289617,1,12.00000018,Upper Delivery,Loading,pitch.0,701176,-0.2979,0.2074,0.4516,-1.2147,-1.0917,-2.5079,0.0,0.0
1779744289617,1,Pitching Mound.Delivery,,Loading,pitch.0,699542,-0.4427,0.3553,1.4365,-2.0572,-0.9846,-5.5131,0.0,0.0
1779744289617,1,Pitching Mound.Drive,,Loading,pitch.0,700404,-2.9841,13.955,102.1939,96.4865,11.0362,2.1476,-0.0103,0.0898
1779744289617,1,Pitching Mound.Drive,,Loading,pitch.0,700405,-2.92,13.9334,102.1767,96.6504,11.3941,2.0073,-0.0106,0.09
1779744289617,1,Pitching Mound.Parent,,Loading,pitch.0,698866,-3.4268,14.3104,103.6304,94.4292,10.0516,-3.3655,-0.0101,0.0903
1779744289618,1,12.00000015,Lower Delivery,Loading,pitch.0,700491,-0.2096,0.0966,0.8733,-1.164,-0.338,-2.9193,0.0,0.0
1779744289618,1,12.00000018,Upper Delivery,Loading,pitch.0,701177,-0.3153,0.2372,0.5285,-1.3588,-1.2418,-2.5722,0.0,0.0
1779744289618,1,Pitching Mound.Delivery,,Loading,pitch.0,699543,-0.5041,0.3601,1.4746,-2.3835,-1.4115,-5.5563,0.0,0.0
1779744289618,1,Pitching Mound.Parent,,Loading,pitch.0,698867,-3.4241,14.2935,103.6513,94.2669,9.9826,-3.549,-0.0105,0.0901
1779744289619,1,11.0000004b,Drive,Loading,pitch.0,700406,-2.8705,13.9055,102.1669,96.7194,11.6832,1.8626,-0.0109,0.0901
1779744289619,1,12.00000015,Lower Delivery,Loading,pitch.0,700492,-0.2342,0.0845,0.9732,-1.3836,-0.3648,-2.9452,0.0,0.0
1779744289619,1,12.00000018,Upper Delivery,Loading,pitch.0,701178,-0.2916,0.2142,0.5124,-1.1238,-0.9956,-2.4934,0.0,0.0
1779744289619,1,Pitching Mound.Delivery,,Loading,pitch.0,699544,-0.5012,0.3108,1.3857,-2.1651,-1.3335,-5.4406,0.0,0.0
1779744289619,1,Pitching Mound.Drive,,Loading,pitch.0,700406,-2.8705,13.9055,102.1669,96.7194,11.6832,1.8626,-0.0109,0.0901
1779744289619,1,Pitching Mound.Parent,,Loading,pitch.0,698868,-3.3717,14.2163,103.5526,94.5543,10.3497,-3.578,-0.0107,0.09
1779744289620,1,11.0000004b,Drive,Loading,pitch.0,700407,-2.8196,13.8753,102.1236,96.8092,12.0809,1.7314,-0.0113,0.0902
1779744289620,1,12.00000018,Upper Delivery,Loading,pitch.0,701179,-0.297,0.2037,0.4926,-0.8084,-0.6602,-2.4753,0.0,0.0
1779744289620,1,Pitching Mound.Delivery,,Loading,pitch.0,699545,-0.5312,0.2882,1.4658,-2.0286,-1.025,-5.4418,0.0,0.0
1779744289620,1,Pitching Mound.Drive,,Loading,pitch.0,700407,-2.8196,13.8753,102.1236,96.8092,12.0809,1.7314,-0.0113,0.0902
1779744289620,1,Pitching Mound.Parent,,Loading,pitch.0,698869,-3.3509,14.1635,103.5894,94.7805,11.0559,-3.7104,-0.0111,0.0905
1779744289621,1,11.0000004b,Drive,Loading,pitch.0,700408,-2.7649,13.8415,102.0319,96.7737,12.4312,1.5995,-0.0116,0.0902
1779744289621,1,11.0000004b,Drive,Loading,pitch.0,700409,-2.7099,13.8175,101.8985,96.8757,12.7278,1.4657,-0.0119,0.0904
1779744289621,1,12.00000015,Lower Delivery,Loading,pitch.0,700493,-0.2437,0.0866,1.0101,-1.4147,-0.1299,-2.9349,0.0,0.0
1779744289621,1,12.00000015,Lower Delivery,Loading,pitch.0,700494,-0.2415,0.0893,1.0311,-1.6742,-0.0064,-2.9067,0.0,0.0
1779744289621,1,12.00000018,Upper Delivery,Loading,pitch.0,701180,-0.3145,0.1923,0.4784,-0.7271,-0.5757,-2.4348,0.0,0.0
1779744289621,1,Pitching Mound.Delivery,,Loading,pitch.0,699546,-0.5582,0.2789,1.4885,-1.961,-0.7056,-5.3939,0.0,0.0
1779744289621,1,Pitching Mound.Drive,,Loading,pitch.0,700408,-2.7649,13.8415,102.0319,96.7737,12.4312,1.5995,-0.0116,0.0902
1779744289621,1,Pitching Mound.Drive,,Loading,pitch.0,700409,-2.7099,13.8175,101.8985,96.8757,12.7278,1.4657,-0.0119,0.0904
1779744289621,1,Pitching Mound.Parent,,Loading,pitch.0,698870,-3.3231,14.1204,103.5204,94.8126,11.7256,-3.7944,-0.0114,0.0907
1779744289622,1,12.00000015,Lower Delivery,Loading,pitch.0,700495,-0.228,0.0957,1.1043,-1.7744,0.1296,-2.9323,0.0,0.0
1779744289622,1,12.00000018,Upper Delivery,Loading,pitch.0,701181,-0.2997,0.1775,0.511,-0.6748,-0.5226,-2.387,0.0,0.0
1779744289622,1,Pitching Mound.Delivery,,Loading,pitch.0,699547,-0.5412,0.2668,1.5421,-2.1721,-0.5289,-5.3136,0.0,0.0
1779744289622,1,Pitching Mound.Parent,,Loading,pitch.0,698871,-3.2511,14.0843,103.4406,94.7036,12.1989,-3.8479,-0.0117,0.0908
1779744289623,1,11.0000004b,Drive,Loading,pitch.0,700410,-2.6801,13.7814,101.8354,96.9128,12.9865,1.3339,-0.0121,0.0905
1779744289623,1,11.0000004b,Drive,Loading,pitch.0,700411,-2.6361,13.7554,101.7813,96.9712,13.4562,1.0908,-0.0126,0.0906
1779744289623,1,12.00000015,Lower Delivery,Loading,pitch.0,700496,-0.2164,0.1093,1.0851,-1.8148,0.3224,-2.9197,0.0,0.0
1779744289623,1,12.00000018,Upper Delivery,Loading,pitch.0,701182,-0.2727,0.1592,0.5134,-0.1906,-0.0079,-2.3553,0.0,0.0
1779744289623,1,Pitching Mound.Delivery,,Loading,pitch.0,699548,-0.5007,0.255,1.6177,-1.7641,0.1217,-5.3029,0.0,0.0
1779744289623,1,Pitching Mound.Drive,,Loading,pitch.0,700410,-2.6801,13.7814,101.8354,96.9128,12.9865,1.3339,-0.0121,0.0905
1779744289623,1,Pitching Mound.Drive,,Loading,pitch.0,700411,-2.6361,13.7554,101.7813,96.9712,13.4562,1.0908,-0.0126,0.0906
1779744289623,1,Pitching Mound.Parent,,Loading,pitch.0,698872,-3.1808,14.0364,103.4531,95.1488,13.1082,-3.9689,-0.0119,0.0911
1779744289624,1,11.0000004b,Drive,Loading,pitch.0,700412,-2.5957,13.7394,101.692,97.0263,13.6734,0.8237,-0.0128,0.0908
1779744289624,1,12.00000015,Lower Delivery,Loading,pitch.0,700497,-0.2126,0.1101,1.1328,-1.5774,0.5373,-2.8912,0.0,0.0
1779744289624,1,12.00000018,Upper Delivery,Loading,pitch.0,701184,-0.2818,0.1694,0.5323,-0.6681,-0.5121,-2.4487,0.0,0.0
1779744289624,1,12.00000018,Upper Delivery,Loading,pitch.0,701183,-0.2661,0.1496,0.5025,-0.488,-0.3213,-2.4249,0.0,0.0
1779744289624,1,Pitching Mound.Delivery,,Loading,pitch.0,699549,-0.4825,0.2589,1.5875,-2.1047,0.0012,-5.3615,0.0,0.0
1779744289624,1,Pitching Mound.Delivery,,Loading,pitch.0,699550,-0.4944,0.2795,1.6651,-2.0413,0.0253,-5.3635,0.0,0.0
1779744289624,1,Pitching Mound.Drive,,Loading,pitch.0,700412,-2.5957,13.7394,101.692,97.0263,13.6734,0.8237,-0.0128,0.0908
1779744289624,1,Pitching Mound.Parent,,Loading,pitch.0,698874,-3.0901,14.0188,103.3571,94.9849,13.6987,-4.5398,-0.0126,0.0913
1779744289624,1,Pitching Mound.Parent,,Loading,pitch.0,698873,-3.1186,14.0144,103.3688,94.8665,13.4574,-4.2707,-0.0124,0.0912
1779744289625,1,11.0000004b,Drive,Loading,pitch.0,700413,-2.5598,13.7085,101.7121,97.1273,14.1051,0.6735,-0.0132,0.0908
1779744289625,1,12.00000015,Lower Delivery,Loading,pitch.0,700498,-0.2175,0.1269,1.2146,-1.4838,0.6565,-2.902,0.0,0.0
1779744289625,1,Pitching Mound.Drive,,Loading,pitch.0,700413,-2.5598,13.7085,101.7121,97.1273,14.1051,0.6735,-0.0132,0.0908
1779744289626,1,11.0000004b,Drive,Loading,pitch.0,700414,-2.5259,13.6921,101.5811,97.1674,14.6382,0.5938,-0.0137,0.091
1779744289626,1,12.00000015,Lower Delivery,Loading,pitch.0,700499,-0.1828,0.1261,1.191,-1.2762,0.867,-2.9365,0.0,0.0
1779744289626,1,12.00000018,Upper Delivery,Loading,pitch.0,701185,-0.2618,0.1612,0.4919,-0.8973,-0.7517,-2.5336,0.0,0.0
1779744289626,1,12.00000018,Upper Delivery,Loading,pitch.0,701186,-0.2428,0.1375,0.4638,-0.4429,-0.2725,-2.4365,0.0,0.0
1779744289626,1,Pitching Mound.Delivery,,Loading,pitch.0,699552,-0.4256,0.2636,1.6548,-1.4718,0.5945,-5.3934,0.0,0.0
1779744289626,1,Pitching Mound.Delivery,,Loading,pitch.0,699551,-0.4793,0.2881,1.7065,-2.1353,-0.0952,-5.4507,0.0,0.0
1779744289626,1,Pitching Mound.Drive,,Loading,pitch.0,700414,-2.5259,13.6921,101.5811,97.1674,14.6382,0.5938,-0.0137,0.091
1779744289626,1,Pitching Mound.Parent,,Loading,pitch.0,698875,-3.0391,13.9966,103.4186,94.992,14.0099,-4.7772,-0.013,0.0917
1779744289626,1,Pitching Mound.Parent,,Loading,pitch.0,698876,-2.9515,13.9558,103.2358,95.6956,15.2328,-4.7996,-0.0135,0.0919
1779744289627,1,11.0000004b,Drive,Loading,pitch.0,700415,-2.4859,13.6817,101.5255,97.1329,14.9671,0.4748,-0.014,0.091
1779744289627,1,12.00000015,Lower Delivery,Loading,pitch.0,700500,-0.1858,0.1185,1.1124,-1.3318,0.7837,-2.9603,0.0,0.0
1779744289627,1,12.00000018,Upper Delivery,Loading,pitch.0,701187,-0.2434,0.1542,0.4975,-0.4568,-0.2891,-2.4055,0.0,0.0
1779744289627,1,Pitching Mound.Delivery,,Loading,pitch.0,699553,-0.4292,0.2726,1.6099,-1.5796,0.4945,-5.3853,0.0,0.0
1779744289627,1,Pitching Mound.Drive,,Loading,pitch.0,700415,-2.4859,13.6817,101.5255,97.1329,14.9671,0.4748,-0.014,0.091
1779744289627,1,Pitching Mound.Parent,,Loading,pitch.0,698877,-2.9151,13.9544,103.1354,95.5533,15.4617,-4.9106,-0.0138,0.0916
1779744289628,1,11.0000004b,Drive,Loading,pitch.0,700416,-2.4547,13.6508,101.4705,97.0421,15.2096,0.3513,-0.0143,0.091
1779744289628,1,12.00000015,Lower Delivery,Loading,pitch.0,700501,-0.1842,0.0923,1.0537,-1.2371,0.748,-2.9477,0.0,0.0
1779744289628,1,12.00000018,Upper Delivery,Loading,pitch.0,701188,-0.2031,0.1106,0.3277,-0.4227,-0.2569,-2.3299,0.0,0.0
1779744289628,1,Pitching Mound.Delivery,,Loading,pitch.0,699554,-0.3873,0.2029,1.3814,-1.4129,0.4911,-5.2841,0.0,0.0
1779744289628,1,Pitching Mound.Drive,,Loading,pitch.0,700416,-2.4547,13.6508,101.4705,97.0421,15.2096,0.3513,-0.0143,0.091
1779744289628,1,Pitching Mound.Parent,,Loading,pitch.0,698878,-2.842,13.8537,102.8519,95.6292,15.7007,-4.9328,-0.0141,0.0922
1779744289629,1,11.0000004b,Drive,Loading,pitch.0,700417,-2.4016,13.6496,101.2515,97.0259,15.6525,0.261,-0.0147,0.0912
1779744289629,1,12.00000015,Lower Delivery,Loading,pitch.0,700502,-0.2203,0.0909,1.0046,-1.4851,0.4939,-2.9736,0.0,0.0
1779744289629,1,12.00000018,Upper Delivery,Loading,pitch.0,701189,-0.2132,0.126,0.393,-0.398,-0.2338,-2.2721,0.0,0.0
1779744289629,1,Pitching Mound.Delivery,,Loading,pitch.0,699555,-0.4335,0.217,1.3976,-1.6751,0.2601,-5.2433,0.0,0.0
1779744289629,1,Pitching Mound.Drive,,Loading,pitch.0,700417,-2.4016,13.6496,101.2515,97.0259,15.6525,0.261,-0.0147,0.0912
1779744289629,1,Pitching Mound.Parent,,Loading,pitch.0,698879,-2.8351,13.8666,102.6492,95.3508,15.9126,-4.9823,-0.0145,0.0919
1779744289630,1,11.0000004b,Drive,Loading,pitch.0,700418,-2.3562,13.636,101.3521,97.0939,16.0979,0.1448,-0.0151,0.0911
1779744289630,1,12.00000015,Lower Delivery,Loading,pitch.0,700503,-0.2409,0.0724,0.9981,-1.6168,0.1081,-2.9326,0.0,0.0
1779744289630,1,12.00000018,Upper Delivery,Loading,pitch.0,701190,-0.2039,0.118,0.3498,-0.5109,-0.3496,-2.3545,0.0,0.0
1779744289630,1,Pitching Mound.Delivery,,Loading,pitch.0,699556,-0.4448,0.1905,1.3479,-1.9073,-0.2415,-5.2745,0.0,0.0
1779744289630,1,Pitching Mound.Drive,,Loading,pitch.0,700418,-2.3562,13.636,101.3521,97.0939,16.0979,0.1448,-0.0151,0.0911
1779744289630,1,Pitching Mound.Parent,,Loading,pitch.0,698880,-2.801,13.8264,102.7,95.1866,15.8564,-5.1298,-0.0149,0.0921
1779744289631,1,11.0000004b,Drive,Loading,pitch.0,700419,-2.3234,13.631,101.1701,97.0863,16.7069,0.0445,-0.0157,0.0913
1779744289631,1,12.00000015,Lower Delivery,Loading,pitch.0,700504,-0.2219,0.0651,1.0401,-1.5639,-0.1061,-2.9805,0.0,0.0
1779744289631,1,Pitching Mound.Drive,,Loading,pitch.0,700419,-2.3234,13.631,101.1701,97.0863,16.7069,0.0445,-0.0157,0.0913
1779744289632,1,11.0000004b,Drive,Loading,pitch.0,700420,-2.2899,13.6042,101.1163,96.9592,17.181,-0.0712,-0.0162,0.0912
1779744289632,1,12.00000015,Lower Delivery,Loading,pitch.0,700505,-0.234,0.0636,0.955,-1.5105,-0.1482,-2.9917,0.0,0.0
1779744289632,1,12.00000018,Upper Delivery,Loading,pitch.0,701191,-0.2236,0.144,0.4458,-0.5622,-0.4059,-2.3271,0.0,0.0
1779744289632,1,12.00000018,Upper Delivery,Loading,pitch.0,701192,-0.2067,0.138,0.418,-0.1977,-0.0182,-2.3088,0.0,0.0
1779744289632,1,Pitching Mound.Delivery,,Loading,pitch.0,699558,-0.4407,0.2016,1.373,-1.5257,-0.1664,-5.2912,0.0,0.0
1779744289632,1,Pitching Mound.Delivery,,Loading,pitch.0,699557,-0.4455,0.2091,1.4859,-1.9241,-0.5121,-5.3082,0.0,0.0
1779744289632,1,Pitching Mound.Drive,,Loading,pitch.0,700420,-2.2899,13.6042,101.1163,96.9592,17.181,-0.0712,-0.0162,0.0912
1779744289632,1,Pitching Mound.Parent,,Loading,pitch.0,698882,-2.7306,13.8058,102.4893,95.4335,17.0146,-5.3624,-0.0159,0.0918
1779744289632,1,Pitching Mound.Parent,,Loading,pitch.0,698881,-2.7688,13.8402,102.656,95.1623,16.1948,-5.2637,-0.0155,0.0919
1779744289633,1,11.0000004b,Drive,Loading,pitch.0,700421,-2.2486,13.597,100.9704,96.9607,17.5807,-0.1597,-0.0166,0.0914
1779744289633,1,12.00000015,Lower Delivery,Loading,pitch.0,700506,-0.2192,0.0739,1.0215,-1.3749,-0.0063,-2.974,0.0,0.0
1779744289633,1,12.00000018,Upper Delivery,Loading,pitch.0,701193,-0.2153,0.1528,0.4246,-0.4061,-0.2388,-2.3369,0.0,0.0
1779744289633,1,Pitching Mound.Delivery,,Loading,pitch.0,699559,-0.4345,0.2266,1.4462,-1.578,-0.2451,-5.3096,0.0,0.0
1779744289633,1,Pitching Mound.Drive,,Loading,pitch.0,700421,-2.2486,13.597,100.9704,96.9607,17.5807,-0.1597,-0.0166,0.0914
1779744289633,1,Pitching Mound.Parent,,Loading,pitch.0,698883,-2.6831,13.8236,102.4165,95.3826,17.3356,-5.4693,-0.0163,0.092
1779744289634,1,12.00000015,Lower Delivery,Loading,pitch.0,700507,-0.2257,0.0622,1.0161,-1.3957,-0.1242,-3.0011,0.0,0.0
1779744289635,1,11.0000004b,Drive,Loading,pitch.0,700422,-2.2104,13.5697,100.8482,96.8524,17.9705,-0.2173,-0.017,0.0914
1779744289635,1,12.00000015,Lower Delivery,Loading,pitch.0,700508,-0.2073,0.0626,1.0755,-1.5922,-0.189,-3.0064,0.0,0.0
1779744289635,1,12.00000018,Upper Delivery,Loading,pitch.0,701194,-0.2064,0.1538,0.4434,-0.2085,-0.033,-2.2501,0.0,0.0
1779744289635,1,12.00000018,Upper Delivery,Loading,pitch.0,701195,-0.1941,0.1479,0.4381,0.1877,0.3843,-2.1543,0.0,0.0
1779744289635,1,Pitching Mound.Delivery,,Loading,pitch.0,699560,-0.4321,0.216,1.4595,-1.4095,-0.1572,-5.2447,0.0,0.0
1779744289635,1,Pitching Mound.Delivery,,Loading,pitch.0,699561,-0.4014,0.2105,1.5136,-1.1878,0.1954,-5.1563,0.0,0.0
1779744289635,1,Pitching Mound.Drive,,Loading,pitch.0,700422,-2.2104,13.5697,100.8482,96.8524,17.9705,-0.2173,-0.017,0.0914
1779744289635,1,Pitching Mound.Parent,,Loading,pitch.0,698884,-2.6425,13.7857,102.3077,95.4429,17.8133,-5.462,-0.0167,0.092
1779744289636,1,11.0000004b,Drive,Loading,pitch.0,700423,-2.1579,13.5442,100.5803,96.687,18.1706,-0.3331,-0.0172,0.0914
1779744289636,1,11.0000004b,Drive,Loading,pitch.0,700424,-2.1247,13.5324,100.4268,96.4564,18.4521,-0.476,-0.0175,0.0914
1779744289636,1,12.00000015,Lower Delivery,Loading,pitch.0,700509,-0.1827,0.0928,1.1803,-1.5024,-0.1319,-2.9875,0.0,0.0
1779744289636,1,12.00000018,Upper Delivery,Loading,pitch.0,701196,-0.2164,0.1389,0.4466,0.0698,0.2606,-2.1922,0.0,0.0
1779744289636,1,Pitching Mound.Delivery,,Loading,pitch.0,699562,-0.3991,0.2318,1.6269,-1.1831,0.1287,-5.1911,0.0,0.0
1779744289636,1,Pitching Mound.Drive,,Loading,pitch.0,700423,-2.1579,13.5442,100.5803,96.687,18.1706,-0.3331,-0.0172,0.0914
1779744289636,1,Pitching Mound.Drive,,Loading,pitch.0,700424,-2.1247,13.5324,100.4268,96.4564,18.4521,-0.476,-0.0175,0.0914
1779744289636,1,Pitching Mound.Parent,,Loading,pitch.0,698885,-2.5593,13.7548,102.0939,95.4992,18.366,-5.4894,-0.0169,0.0922
1779744289636,1,Pitching Mound.Parent,,Loading,pitch.0,698886,-2.5238,13.7641,102.0537,95.2733,18.5808,-5.6672,-0.0172,0.0924
1779744289637,1,11.0000004b,Drive,Loading,pitch.0,700425,-2.0694,13.4986,100.1657,96.4532,18.5868,-0.6214,-0.0177,0.0916
1779744289637,1,12.00000015,Lower Delivery,Loading,pitch.0,700510,-0.2107,0.1076,1.2582,-1.7153,-0.2797,-3.0083,0.0,0.0
1779744289637,1,12.00000018,Upper Delivery,Loading,pitch.0,701197,-0.2287,0.1221,0.4333,0.0703,0.2641,-2.2438,0.0,0.0
1779744289637,1,Pitching Mound.Delivery,,Loading,pitch.0,699563,-0.4394,0.2297,1.6915,-1.3646,-0.0156,-5.2582,0.0,0.0
1779744289637,1,Pitching Mound.Drive,,Loading,pitch.0,700425,-2.0694,13.4986,100.1657,96.4532,18.5868,-0.6214,-0.0177,0.0916
1779744289637,1,Pitching Mound.Parent,,Loading,pitch.0,698887,-2.5088,13.7283,101.8571,95.0887,18.5712,-5.8796,-0.0174,0.0928
1779744289638,1,11.0000004b,Drive,Loading,pitch.0,700426,-2.0157,13.4705,99.9869,96.338,18.8252,-0.765,-0.0179,0.0917
1779744289638,1,12.00000015,Lower Delivery,Loading,pitch.0,700511,-0.1959,0.1211,1.278,-1.4555,0.0652,-3.0025,0.0,0.0
1779744289638,1,12.00000018,Upper Delivery,Loading,pitch.0,701198,-0.2402,0.1123,0.4323,-0.1587,0.0235,-2.3093,0.0,0.0
1779744289638,1,Pitching Mound.Delivery,,Loading,pitch.0,699564,-0.4361,0.2334,1.7103,-1.3267,0.0887,-5.3268,0.0,0.0
1779744289638,1,Pitching Mound.Drive,,Loading,pitch.0,700426,-2.0157,13.4705,99.9869,96.338,18.8252,-0.765,-0.0179,0.0917
1779744289638,1,Pitching Mound.Parent,,Loading,pitch.0,698888,-2.4518,13.7038,101.6972,95.0113,18.9139,-6.0918,-0.0176,0.0929
1779744289639,1,11.0000004b,Drive,Loading,pitch.0,700427,-1.9565,13.4463,99.8945,96.3587,19.1783,-0.9169,-0.0183,0.0918
1779744289639,1,12.00000015,Lower Delivery,Loading,pitch.0,700512,-0.1964,0.1031,1.2956,-1.8045,-0.1625,-3.0199,0.0,0.0
1779744289639,1,12.00000018,Upper Delivery,Loading,pitch.0,701199,-0.2311,0.125,0.4401,-0.6548,-0.4967,-2.4687,0.0,0.0
1779744289639,1,Pitching Mound.Delivery,,Loading,pitch.0,699565,-0.4275,0.2282,1.7356,-2.1684,-0.6593,-5.5004,0.0,0.0
1779744289639,1,Pitching Mound.Drive,,Loading,pitch.0,700427,-1.9565,13.4463,99.8945,96.3587,19.1783,-0.9169,-0.0183,0.0918
1779744289639,1,Pitching Mound.Parent,,Loading,pitch.0,698889,-2.384,13.6745,101.6301,94.1903,18.519,-6.4173,-0.018,0.0931
1779744289640,1,11.0000004b,Drive,Loading,pitch.0,700428,-1.9121,13.4121,99.8152,96.2769,19.3085,-1.0613,-0.0184,0.0918
1779744289640,1,12.00000015,Lower Delivery,Loading,pitch.0,700513,-0.17,0.1375,1.2944,-1.4348,0.2795,-2.9962,0.0,0.0
1779744289640,1,12.00000018,Upper Delivery,Loading,pitch.0,701200,-0.2364,0.1153,0.4268,-0.6147,-0.4528,-2.4907,0.0,0.0
1779744289640,1,Pitching Mound.Delivery,,Loading,pitch.0,699566,-0.4065,0.2529,1.7212,-1.7546,-0.1732,-5.5094,0.0,0.0
1779744289640,1,Pitching Mound.Drive,,Loading,pitch.0,700428,-1.9121,13.4121,99.8152,96.2769,19.3085,-1.0613,-0.0184,0.0918
1779744289640,1,Pitching Mound.Parent,,Loading,pitch.0,698890,-2.3186,13.6649,101.5364,94.5223,19.1353,-6.5707,-0.0181,0.0931
1779744289641,1,11.0000004b,Drive,Loading,pitch.0,700429,-1.8533,13.3865,99.6745,96.2813,19.545,-1.2356,-0.0187,0.0919
1779744289641,1,12.00000015,Lower Delivery,Loading,pitch.0,700514,-0.1449,0.1645,1.2917,-1.4362,0.5389,-3.0227,0.0,0.0
1779744289641,1,12.00000018,Upper Delivery,Loading,pitch.0,701201,-0.2472,0.1365,0.499,-0.7092,-0.5565,-2.4371,0.0,0.0
1779744289641,1,Pitching Mound.Delivery,,Loading,pitch.0,699567,-0.3921,0.301,1.7907,-1.8759,-0.0176,-5.4946,0.0,0.0
1779744289641,1,Pitching Mound.Drive,,Loading,pitch.0,700429,-1.8533,13.3865,99.6745,96.2813,19.545,-1.2356,-0.0187,0.0919
1779744289641,1,Pitching Mound.Parent,,Loading,pitch.0,698891,-2.2454,13.6875,101.4652,94.4054,19.5274,-6.7303,-0.0183,0.0929
1779744289642,1,11.0000004b,Drive,Loading,pitch.0,700430,-1.7821,13.3511,99.6543,96.3116,19.8668,-1.3804,-0.019,0.0919
1779744289642,1,12.00000015,Lower Delivery,Loading,pitch.0,700515,-0.177,0.1354,1.1483,-1.0445,0.5648,-2.9755,0.0,0.0
1779744289642,1,12.00000018,Upper Delivery,Loading,pitch.0,701202,-0.2228,0.1168,0.3967,-0.8715,-0.7253,-2.5156,0.0,0.0
1779744289642,1,Pitching Mound.Delivery,,Loading,pitch.0,699568,-0.3998,0.2523,1.545,-1.6605,-0.1605,-5.5067,0.0,0.0
1779744289642,1,Pitching Mound.Drive,,Loading,pitch.0,700430,-1.7821,13.3511,99.6543,96.3116,19.8668,-1.3804,-0.019,0.0919
1779744289642,1,Pitching Mound.Parent,,Loading,pitch.0,698892,-2.1819,13.6034,101.1993,94.6511,19.7063,-6.8871,-0.0187,0.0931
1779744289643,1,11.0000004b,Drive,Loading,pitch.0,700431,-1.7123,13.3216,99.4274,96.2257,20.0472,-1.5657,-0.0192,0.0921
1779744289643,1,12.00000015,Lower Delivery,Loading,pitch.0,700516,-0.1916,0.1189,1.0877,-1.1419,0.5791,-2.9652,0.0,0.0
1779744289643,1,12.00000018,Upper Delivery,Loading,pitch.0,701203,-0.2282,0.1271,0.4313,-1.2052,-1.0803,-2.5297,0.0,0.0
1779744289643,1,Pitching Mound.Delivery,,Loading,pitch.0,699569,-0.4199,0.246,1.519,-2.1239,-0.5013,-5.5073,0.0,0.0
1779744289643,1,Pitching Mound.Drive,,Loading,pitch.0,700431,-1.7123,13.3216,99.4274,96.2257,20.0472,-1.5657,-0.0192,0.0921
1779744289643,1,Pitching Mound.Parent,,Loading,pitch.0,698893,-2.1322,13.5676,100.9463,94.1018,19.546,-7.073,-0.0189,0.0929
1779744289644,1,11.0000004b,Drive,Loading,pitch.0,700432,-1.6414,13.29,99.2407,96.0578,20.3676,-1.7347,-0.0195,0.0921
1779744289644,1,12.00000015,Lower Delivery,Loading,pitch.0,700517,-0.221,0.1098,1.0762,-1.1383,0.6569,-2.9186,0.0,0.0
1779744289644,1,12.00000018,Upper Delivery,Loading,pitch.0,701204,-0.2181,0.1123,0.3655,-1.1934,-1.0678,-2.5301,0.0,0.0
1779744289644,1,Pitching Mound.Delivery,,Loading,pitch.0,699570,-0.4391,0.2222,1.4417,-2.0901,-0.4109,-5.4477,0.0,0.0
1779744289644,1,Pitching Mound.Drive,,Loading,pitch.0,700432,-1.6414,13.29,99.2407,96.0578,20.3676,-1.7347,-0.0195,0.0921
1779744289644,1,Pitching Mound.Parent,,Loading,pitch.0,698894,-2.0805,13.5122,100.6824,93.9677,19.9567,-7.1824,-0.0192,0.0932
1779744289645,1,11.0000004b,Drive,Loading,pitch.0,700433,-1.5746,13.2523,99.1217,96.0044,20.89,-1.9328,-0.02,0.0921
1779744289645,1,12.00000015,Lower Delivery,Loading,pitch.0,700518,-0.18,0.1244,1.1062,-1.2856,0.4622,-2.8999,0.0,0.0
1779744289645,1,12.00000018,Upper Delivery,Loading,pitch.0,701205,-0.232,0.1163,0.3986,-1.6777,-1.58,-2.6078,0.0,0.0
1779744289645,1,Pitching Mound.Delivery,,Loading,pitch.0,699571,-0.412,0.2407,1.5048,-2.7227,-1.1177,-5.5254,0.0,0.0
1779744289645,1,Pitching Mound.Drive,,Loading,pitch.0,700433,-1.5746,13.2523,99.1217,96.0044,20.89,-1.9328,-0.02,0.0921
1779744289645,1,Pitching Mound.Parent,,Loading,pitch.0,698895,-1.9867,13.493,100.6266,93.2817,19.7723,-7.4581,-0.0197,0.0932
1779744289646,1,11.0000004b,Drive,Loading,pitch.0,700434,-1.5106,13.2119,98.7736,95.7448,21.1766,-2.1021,-0.0204,0.0922
1779744289646,1,12.00000015,Lower Delivery,Loading,pitch.0,700519,-0.1933,0.1146,1.1238,-1.2267,0.4647,-2.9133,0.0,0.0
1779744289646,1,12.00000018,Upper Delivery,Loading,pitch.0,701206,-0.2359,0.1329,0.4002,-1.6013,-1.499,-2.5986,0.0,0.0
1779744289646,1,Pitching Mound.Delivery,,Loading,pitch.0,699572,-0.4292,0.2475,1.524,-2.5821,-1.0343,-5.5264,0.0,0.0
1779744289646,1,Pitching Mound.Drive,,Loading,pitch.0,700434,-1.5106,13.2119,98.7736,95.7448,21.1766,-2.1021,-0.0204,0.0922
1779744289646,1,Pitching Mound.Parent,,Loading,pitch.0,698896,-1.9399,13.4594,100.2975,93.1627,20.1423,-7.6285,-0.0201,0.0933
1779744289647,1,11.0000004b,Drive,Loading,pitch.0,700435,-1.4554,13.1762,98.6748,95.5328,21.4704,-2.2789,-0.0207,0.0921
1779744289647,1,12.00000015,Lower Delivery,Loading,pitch.0,700520,-0.154,0.1182,1.1671,-1.0984,0.7474,-2.9588,0.0,0.0
1779744289647,1,12.00000018,Upper Delivery,Loading,pitch.0,701207,-0.2616,0.1504,0.4005,-1.5548,-1.4518,-2.5556,0.0,0.0
1779744289647,1,Pitching Mound.Delivery,,Loading,pitch.0,699573,-0.4156,0.2686,1.5676,-2.3925,-0.7044,-5.5511,0.0,0.0
1779744289647,1,Pitching Mound.Drive,,Loading,pitch.0,700435,-1.4554,13.1762,98.6748,95.5328,21.4704,-2.2789,-0.0207,0.0921
1779744289647,1,Pitching Mound.Parent,,Loading,pitch.0,698897,-1.871,13.4448,100.2424,93.1403,20.766,-7.83,-0.0204,0.0933
1779744289648,1,11.0000004b,Drive,Loading,pitch.0,700436,-1.3795,13.144,98.375,95.2442,21.7099,-2.4308,-0.021,0.0921
1779744289648,1,12.00000015,Lower Delivery,Loading,pitch.0,700521,-0.1315,0.1192,1.1715,-1.1868,0.7357,-2.9387,0.0,0.0
1779744289648,1,12.00000018,Upper Delivery,Loading,pitch.0,701208,-0.2493,0.1363,0.3529,-1.4986,-1.391,-2.5696,0.0,0.0
1779744289648,1,Pitching Mound.Delivery,,Loading,pitch.0,699574,-0.3808,0.2555,1.5244,-2.4071,-0.6553,-5.5483,0.0,0.0
1779744289648,1,Pitching Mound.Drive,,Loading,pitch.0,700436,-1.3795,13.144,98.375,95.2442,21.7099,-2.4308,-0.021,0.0921
1779744289648,1,Pitching Mound.Parent,,Loading,pitch.0,698898,-1.7603,13.3995,99.8994,92.8372,21.0546,-7.9791,-0.0207,0.0935
1779744289649,1,11.0000004b,Drive,Loading,pitch.0,700437,-1.3293,13.0959,98.2828,95.011,22.0445,-2.6066,-0.0213,0.092
1779744289649,1,12.00000015,Lower Delivery,Loading,pitch.0,700522,-0.161,0.1091,1.1579,-1.6387,0.4484,-2.9201,0.0,0.0
1779744289649,1,12.00000018,Upper Delivery,Loading,pitch.0,701209,-0.2868,0.1917,0.3787,-1.5871,-1.4872,-2.5377,0.0,0.0
1779744289649,1,Pitching Mound.Delivery,,Loading,pitch.0,699575,-0.4479,0.3007,1.5367,-2.9609,-1.0388,-5.5006,0.0,0.0
1779744289649,1,Pitching Mound.Drive,,Loading,pitch.0,700437,-1.3293,13.0959,98.2828,95.011,22.0445,-2.6066,-0.0213,0.092
1779744289649,1,Pitching Mound.Parent,,Loading,pitch.0,698899,-1.7772,13.3966,99.8194,92.0501,21.0057,-8.1072,-0.021,0.0932
1779744289650,1,11.0000004b,Drive,Loading,pitch.0,700438,-1.2699,13.0521,97.9276,94.6085,22.3784,-2.7629,-0.0217,0.0919
1779744289650,1,12.00000015,Lower Delivery,Loading,pitch.0,700523,-0.1518,0.1274,1.1356,-1.7061,0.3988,-2.9044,0.0,0.0
1779744289650,1,12.00000018,Upper Delivery,Loading,pitch.0,701210,-0.313,0.2044,0.3906,-1.4557,-1.349,-2.5027,0.0,0.0
1779744289650,1,Pitching Mound.Delivery,,Loading,pitch.0,699576,-0.4648,0.3318,1.5262,-2.9085,-0.9502,-5.462,0.0,0.0
1779744289650,1,Pitching Mound.Drive,,Loading,pitch.0,700438,-1.2699,13.0521,97.9276,94.6085,22.3784,-2.7629,-0.0217,0.0919
1779744289650,1,Pitching Mound.Parent,,Loading,pitch.0,698900,-1.7347,13.3839,99.4538,91.7,21.4282,-8.2249,-0.0214,0.093
1779744289651,1,11.0000004b,Drive,Loading,pitch.0,700439,-1.2063,13.0122,97.5643,94.2843,22.6927,-2.919,-0.0221,0.0919
1779744289651,1,12.00000015,Lower Delivery,Loading,pitch.0,700524,-0.1631,0.1023,1.2158,-1.6004,0.142,-2.9657,0.0,0.0
1779744289651,1,12.00000018,Upper Delivery,Loading,pitch.0,701211,-0.3144,0.1804,0.3457,-1.3713,-1.2592,-2.4988,0.0,0.0
1779744289651,1,Pitching Mound.Delivery,,Loading,pitch.0,699577,-0.4775,0.2827,1.5615,-2.6759,-1.1172,-5.516,0.0,0.0
1779744289651,1,Pitching Mound.Drive,,Loading,pitch.0,700439,-1.2063,13.0122,97.5643,94.2843,22.6927,-2.919,-0.0221,0.0919
1779744289651,1,Pitching Mound.Parent,,Loading,pitch.0,698901,-1.6838,13.2949,99.1258,91.6084,21.5755,-8.435,-0.0218,0.0935
1779744289652,1,11.0000004b,Drive,Loading,pitch.0,700440,-1.1322,12.9698,97.4101,93.9492,23.064,-3.0734,-0.0225,0.0917
1779744289652,1,12.00000015,Lower Delivery,Loading,pitch.0,700525,-0.1915,0.0826,1.1948,-1.8194,-0.1203,-2.9717,0.0,0.0
1779744289652,1,12.00000018,Upper Delivery,Loading,pitch.0,701212,-0.3414,0.2031,0.4245,-1.3573,-1.2414,-2.5518,0.0,0.0
1779744289652,1,Pitching Mound.Delivery,,Loading,pitch.0,699578,-0.5328,0.2857,1.6193,-2.9148,-1.3617,-5.5745,0.0,0.0
1779744289652,1,Pitching Mound.Drive,,Loading,pitch.0,700440,-1.1322,12.9698,97.4101,93.9492,23.064,-3.0734,-0.0225,0.0917
1779744289652,1,Pitching Mound.Parent,,Loading,pitch.0,698902,-1.6651,13.2555,99.0294,91.0344,21.7024,-8.6479,-0.0222,0.0929
1779744289653,1,11.0000004b,Drive,Loading,pitch.0,700441,-1.0871,12.9543,97.1859,93.8331,23.456,-3.2713,-0.023,0.0918
1779744289653,1,12.00000015,Lower Delivery,Loading,pitch.0,700526,-0.188,0.088,1.1754,-1.6086,-0.1389,-2.9578,0.0,0.0
1779744289653,1,12.00000018,Upper Delivery,Loading,pitch.0,701213,-0.3512,0.2087,0.4733,-1.0067,-0.8713,-2.4823,0.0,0.0
1779744289653,1,Pitching Mound.Delivery,,Loading,pitch.0,699579,-0.5393,0.2967,1.6488,-2.3766,-1.0102,-5.4956,0.0,0.0
1779744289653,1,Pitching Mound.Drive,,Loading,pitch.0,700441,-1.0871,12.9543,97.1859,93.8331,23.456,-3.2713,-0.023,0.0918
1779744289653,1,Pitching Mound.Parent,,Loading,pitch.0,698903,-1.6264,13.251,98.8347,91.4566,22.4457,-8.7669,-0.0226,0.0927
1779744289654,1,12.00000015,Lower Delivery,Loading,pitch.0,700527,-0.223,0.0859,1.2139,-1.3989,-0.1618,-2.9354,0.0,0.0
1779744289654,1,12.00000018,Upper Delivery,Loading,pitch.0,701214,-0.3358,0.1752,0.3685,-1.0188,-0.8858,-2.4542,0.0,0.0
1779744289654,1,Pitching Mound.Delivery,,Loading,pitch.0,699580,-0.5587,0.2612,1.5824,-2.1303,-1.0475,-5.428,0.0,0.0
1779744289655,1,11.0000004b,Drive,Loading,pitch.0,700442,-1.027,12.9305,97.0339,93.536,23.8736,-3.4111,-0.0234,0.0917
1779744289655,1,11.0000004b,Drive,Loading,pitch.0,700443,-0.9684,12.9061,96.7391,93.4333,24.1478,-3.5942,-0.0237,0.0919
1779744289655,1,12.00000015,Lower Delivery,Loading,pitch.0,700528,-0.2655,0.078,1.2108,-1.4004,0.0,-2.9244,0.0,0.0
1779744289655,1,12.00000018,Upper Delivery,Loading,pitch.0,701215,-0.3239,0.1666,0.3432,-1.1084,-0.9785,-2.5039,0.0,0.0
1779744289655,1,Pitching Mound.Delivery,,Loading,pitch.0,699581,-0.5894,0.2446,1.554,-2.2138,-0.9785,-5.4482,0.0,0.0
1779744289655,1,Pitching Mound.Drive,,Loading,pitch.0,700442,-1.027,12.9305,97.0339,93.536,23.8736,-3.4111,-0.0234,0.0917
1779744289655,1,Pitching Mound.Drive,,Loading,pitch.0,700443,-0.9684,12.9061,96.7391,93.4333,24.1478,-3.5942,-0.0237,0.0919
1779744289655,1,Pitching Mound.Parent,,Loading,pitch.0,698905,-1.5579,13.1506,98.293,91.2196,23.1693,-9.0424,-0.0234,0.0934
1779744289655,1,Pitching Mound.Parent,,Loading,pitch.0,698904,-1.5857,13.1916,98.6162,91.4057,22.8261,-8.8391,-0.023,0.0931
1779744289656,1,11.0000004b,Drive,Loading,pitch.0,700444,-0.9129,12.8751,96.6351,93.2205,24.5134,-3.7614,-0.0241,0.0918
1779744289656,1,12.00000015,Lower Delivery,Loading,pitch.0,700529,-0.2958,0.1054,1.2243,-1.469,0.0421,-2.9212,0.0,0.0
1779744289656,1,12.00000018,Upper Delivery,Loading,pitch.0,701216,-0.3317,0.1718,0.3695,-0.8218,-0.6732,-2.4991,0.0,0.0
1779744289656,1,Pitching Mound.Delivery,,Loading,pitch.0,699582,-0.6275,0.2772,1.5937,-2.0002,-0.6311,-5.4325,0.0,0.0
1779744289656,1,Pitching Mound.Drive,,Loading,pitch.0,700444,-0.9129,12.8751,96.6351,93.2205,24.5134,-3.7614,-0.0241,0.0918
1779744289656,1,Pitching Mound.Parent,,Loading,pitch.0,698906,-1.5404,13.1523,98.2288,91.2202,23.8824,-9.1938,-0.0237,0.0932
1779744289657,1,11.0000004b,Drive,Loading,pitch.0,700445,-0.8323,12.8284,96.4628,92.9515,25.0683,-3.9606,-0.0247,0.0917
1779744289657,1,12.00000015,Lower Delivery,Loading,pitch.0,700530,-0.2899,0.1011,1.2316,-1.5993,0.0167,-2.8709,0.0,0.0
1779744289657,1,12.00000018,Upper Delivery,Loading,pitch.0,701217,-0.3183,0.175,0.3882,-0.9011,-0.7564,-2.5213,0.0,0.0
1779744289657,1,Pitching Mound.Delivery,,Loading,pitch.0,699583,-0.6082,0.2761,1.6198,-2.2136,-0.7398,-5.4018,0.0,0.0
1779744289657,1,Pitching Mound.Drive,,Loading,pitch.0,700445,-0.8323,12.8284,96.4628,92.9515,25.0683,-3.9606,-0.0247,0.0917
1779744289657,1,Pitching Mound.Parent,,Loading,pitch.0,698907,-1.4405,13.1045,98.0826,90.7379,24.3285,-9.3624,-0.0243,0.0931
1779744289658,1,12.00000015,Lower Delivery,Loading,pitch.0,700531,-0.2702,0.0775,1.17,-1.3965,0.2821,-2.8621,0.0,0.0
1779744289658,1,12.00000018,Upper Delivery,Loading,pitch.0,701218,-0.3202,0.1661,0.3876,-1.1006,-0.9692,-2.5223,0.0,0.0
1779744289658,1,Pitching Mound.Delivery,,Loading,pitch.0,699584,-0.5904,0.2437,1.5575,-2.2311,-0.6871,-5.4014,0.0,0.0
1779744289659,1,11.0000004b,Drive,Loading,pitch.0,700447,-0.7152,12.7585,95.9609,92.4919,25.8356,-4.3284,-0.0256,0.0917
1779744289659,1,11.0000004b,Drive,Loading,pitch.0,700446,-0.7713,12.7949,96.1148,92.6675,25.3822,-4.1628,-0.0251,0.0917
1779744289659,1,12.00000015,Lower Delivery,Loading,pitch.0,700532,-0.2602,0.1029,1.2559,-1.4466,0.2274,-2.8822,0.0,0.0
1779744289659,1,Pitching Mound.Drive,,Loading,pitch.0,700447,-0.7152,12.7585,95.9609,92.4919,25.8356,-4.3284,-0.0256,0.0917
1779744289659,1,Pitching Mound.Drive,,Loading,pitch.0,700446,-0.7713,12.7949,96.1148,92.6675,25.3822,-4.1628,-0.0251,0.0917
1779744289659,1,Pitching Mound.Parent,,Loading,pitch.0,698908,-1.3617,13.0385,97.6723,90.4365,24.6951,-9.5642,-0.0247,0.093
1779744289660,1,11.0000004b,Drive,Loading,pitch.0,700448,-0.6475,12.719,95.5904,92.1656,26.3097,-4.5376,-0.0262,0.0917
1779744289660,1,12.00000015,Lower Delivery,Loading,pitch.0,700533,-0.2484,0.1013,1.2633,-1.2649,0.5602,-2.8826,0.0,0.0
1779744289660,1,12.00000018,Upper Delivery,Loading,pitch.0,701219,-0.2992,0.1693,0.4409,-1.108,-0.9775,-2.515,0.0,0.0
1779744289660,1,12.00000018,Upper Delivery,Loading,pitch.0,701220,-0.2848,0.1448,0.4481,-1.0447,-0.9084,-2.5435,0.0,0.0
1779744289660,1,Pitching Mound.Delivery,,Loading,pitch.0,699585,-0.5594,0.2722,1.6968,-2.2776,-0.7501,-5.4105,0.0,0.0
1779744289660,1,Pitching Mound.Delivery,,Loading,pitch.0,699586,-0.5332,0.2461,1.7114,-2.0324,-0.3482,-5.4385,0.0,0.0
1779744289660,1,Pitching Mound.Drive,,Loading,pitch.0,700448,-0.6475,12.719,95.5904,92.1656,26.3097,-4.5376,-0.0262,0.0917
1779744289660,1,Pitching Mound.Parent,,Loading,pitch.0,698909,-1.2746,13.0307,97.6576,90.2143,25.0854,-9.7389,-0.0252,0.0929
1779744289660,1,Pitching Mound.Parent,,Loading,pitch.0,698910,-1.1808,12.965,97.3018,90.1332,25.9615,-9.9761,-0.0257,0.093
1779744289661,1,12.00000015,Lower Delivery,Loading,pitch.0,700534,-0.2257,0.0987,1.2766,-1.2818,0.4154,-2.9167,0.0,0.0
1779744289661,1,12.00000018,Upper Delivery,Loading,pitch.0,701221,-0.2985,0.1368,0.4268,-0.8997,-0.7545,-2.5302,0.0,0.0
1779744289661,1,Pitching Mound.Delivery,,Loading,pitch.0,699587,-0.5242,0.2355,1.7034,-1.8925,-0.3391,-5.4717,0.0,0.0
1779744289662,1,11.0000004b,Drive,Loading,pitch.0,700449,-0.5948,12.6894,95.3805,92.0019,26.6775,-4.6605,-0.0266,0.0918
1779744289662,1,11.0000004b,Drive,Loading,pitch.0,700450,-0.5638,12.6588,95.0706,91.8934,26.8669,-4.8019,-0.0269,0.092
1779744289662,1,12.00000015,Lower Delivery,Loading,pitch.0,700535,-0.2342,0.1043,1.136,-1.2386,0.7261,-2.9046,0.0,0.0
1779744289662,1,12.00000018,Upper Delivery,Loading,pitch.0,701222,-0.3081,0.1695,0.466,-0.979,-0.8392,-2.5269,0.0,0.0
1779744289662,1,Pitching Mound.Delivery,,Loading,pitch.0,699588,-0.5423,0.2738,1.602,-1.9897,-0.1131,-5.4566,0.0,0.0
1779744289662,1,Pitching Mound.Drive,,Loading,pitch.0,700449,-0.5948,12.6894,95.3805,92.0019,26.6775,-4.6605,-0.0266,0.0918
1779744289662,1,Pitching Mound.Drive,,Loading,pitch.0,700450,-0.5638,12.6588,95.0706,91.8934,26.8669,-4.8019,-0.0269,0.092
1779744289662,1,Pitching Mound.Parent,,Loading,pitch.0,698912,-1.1061,12.9326,96.6726,89.9037,26.7538,-10.2585,-0.0264,0.0928
1779744289662,1,Pitching Mound.Parent,,Loading,pitch.0,698911,-1.119,12.9249,97.0839,90.1094,26.3384,-10.1322,-0.0261,0.0931
1779744289663,1,11.0000004b,Drive,Loading,pitch.0,700451,-0.4941,12.5997,94.7698,91.6861,27.2289,-4.9948,-0.0273,0.092
1779744289663,1,12.00000015,Lower Delivery,Loading,pitch.0,700536,-0.2599,0.1149,1.1205,-1.619,0.725,-2.888,0.0,0.0
1779744289663,1,12.00000018,Upper Delivery,Loading,pitch.0,701223,-0.2958,0.1635,0.4222,-1.0869,-0.9529,-2.5526,0.0,0.0
1779744289663,1,Pitching Mound.Delivery,,Loading,pitch.0,699589,-0.5558,0.2784,1.5428,-2.4684,-0.2279,-5.4528,0.0,0.0
1779744289663,1,Pitching Mound.Drive,,Loading,pitch.0,700451,-0.4941,12.5997,94.7698,91.6861,27.2289,-4.9948,-0.0273,0.092
1779744289663,1,Pitching Mound.Parent,,Loading,pitch.0,698913,-1.0499,12.8781,96.3126,89.2177,27.0011,-10.4476,-0.0269,0.093
1779744289664,1,11.0000004b,Drive,Loading,pitch.0,700452,-0.4475,12.5505,94.5522,91.3841,27.7404,-5.1607,-0.0279,0.0919
1779744289664,1,12.00000015,Lower Delivery,Loading,pitch.0,700537,-0.2471,0.1081,1.1769,-1.8338,0.7633,-2.9613,0.0,0.0
1779744289664,1,12.00000018,Upper Delivery,Loading,pitch.0,701224,-0.3213,0.1772,0.4228,-1.0069,-0.8737,-2.4435,0.0,0.0
1779744289664,1,Pitching Mound.Delivery,,Loading,pitch.0,699590,-0.5685,0.2853,1.5996,-2.5843,-0.1103,-5.43,0.0,0.0
1779744289664,1,Pitching Mound.Drive,,Loading,pitch.0,700452,-0.4475,12.5505,94.5522,91.3841,27.7404,-5.1607,-0.0279,0.0919
1779744289664,1,Pitching Mound.Parent,,Loading,pitch.0,698914,-1.0159,12.8358,96.1518,88.7998,27.6301,-10.5908,-0.0274,0.0931
1779744289665,1,11.0000004b,Drive,Loading,pitch.0,700453,-0.3761,12.4966,94.176,90.9539,28.2224,-5.316,-0.0285,0.0919
1779744289665,1,12.00000015,Lower Delivery,Loading,pitch.0,700538,-0.243,0.1065,1.1521,-1.9673,0.7309,-2.957,0.0,0.0
1779744289665,1,12.00000018,Upper Delivery,Loading,pitch.0,701225,-0.3411,0.179,0.4056,-1.0494,-0.9165,-2.4888,0.0,0.0
1779744289665,1,Pitching Mound.Delivery,,Loading,pitch.0,699591,-0.5842,0.2855,1.5577,-2.7629,-0.1857,-5.4792,0.0,0.0
1779744289665,1,Pitching Mound.Drive,,Loading,pitch.0,700453,-0.3761,12.4966,94.176,90.9539,28.2224,-5.316,-0.0285,0.0919
1779744289665,1,Pitching Mound.Parent,,Loading,pitch.0,698915,-0.9603,12.7821,95.7338,88.191,28.0368,-10.7952,-0.028,0.093
1779744289666,1,11.0000004b,Drive,Loading,pitch.0,700454,-0.3291,12.4447,93.7822,90.5886,28.7179,-5.5004,-0.0291,0.0919
1779744289666,1,12.00000015,Lower Delivery,Loading,pitch.0,700539,-0.2398,0.0874,1.114,-1.7768,0.69,-2.9368,0.0,0.0
1779744289666,1,12.00000018,Upper Delivery,Loading,pitch.0,701226,-0.3353,0.1671,0.3974,-0.9743,-0.8362,-2.492,0.0,0.0
1779744289666,1,Pitching Mound.Delivery,,Loading,pitch.0,699592,-0.5751,0.2545,1.5114,-2.5074,-0.1462,-5.4613,0.0,0.0
1779744289666,1,Pitching Mound.Drive,,Loading,pitch.0,700454,-0.3291,12.4447,93.7822,90.5886,28.7179,-5.5004,-0.0291,0.0919
1779744289666,1,Pitching Mound.Parent,,Loading,pitch.0,698916,-0.9042,12.6992,95.2937,88.0812,28.5717,-10.9617,-0.0287,0.093
1779744289667,1,11.0000004b,Drive,Loading,pitch.0,700455,-0.275,12.4098,93.5604,90.3178,29.1352,-5.6656,-0.0296,0.0918
1779744289667,1,12.00000015,Lower Delivery,Loading,pitch.0,700540,-0.2631,0.0806,1.1041,-2.0832,0.4522,-2.9351,0.0,0.0
1779744289667,1,12.00000018,Upper Delivery,Loading,pitch.0,701227,-0.3595,0.1789,0.3774,-1.1262,-0.9963,-2.5257,0.0,0.0
1779744289667,1,Pitching Mound.Delivery,,Loading,pitch.0,699593,-0.6226,0.2594,1.4815,-2.9624,-0.5441,-5.4936,0.0,0.0
1779744289667,1,Pitching Mound.Drive,,Loading,pitch.0,700455,-0.275,12.4098,93.5604,90.3178,29.1352,-5.6656,-0.0296,0.0918
1779744289667,1,Pitching Mound.Parent,,Loading,pitch.0,698917,-0.8976,12.6693,95.0419,87.3554,28.5911,-11.1592,-0.0292,0.093
1779744289668,1,11.0000004b,Drive,Loading,pitch.0,700456,-0.2212,12.367,93.1853,90.0167,29.5824,-5.8343,-0.0302,0.0919
1779744289668,1,12.00000015,Lower Delivery,Loading,pitch.0,700541,-0.2709,0.0821,1.0997,-1.8201,0.4603,-2.932,0.0,0.0
1779744289668,1,12.00000018,Upper Delivery,Loading,pitch.0,701228,-0.3643,0.2001,0.4001,-0.9051,-0.7609,-2.5177,0.0,0.0
1779744289668,1,Pitching Mound.Delivery,,Loading,pitch.0,699594,-0.6351,0.2822,1.4997,-2.4873,-0.3006,-5.4815,0.0,0.0
1779744289668,1,Pitching Mound.Drive,,Loading,pitch.0,700456,-0.2212,12.367,93.1853,90.0167,29.5824,-5.8343,-0.0302,0.0919
1779744289668,1,Pitching Mound.Parent,,Loading,pitch.0,698918,-0.8563,12.6492,94.685,87.5295,29.2817,-11.3157,-0.0297,0.093
1779744289669,1,11.0000004b,Drive,Loading,pitch.0,700457,-0.1534,12.3405,92.7845,89.8182,29.9632,-6.0337,-0.0307,0.0921
1779744289669,1,12.00000015,Lower Delivery,Loading,pitch.0,700542,-0.2531,0.0743,1.1001,-1.5591,0.2754,-2.9208,0.0,0.0
1779744289669,1,12.00000018,Upper Delivery,Loading,pitch.0,701229,-0.3661,0.1941,0.3815,-0.8525,-0.7053,-2.5113,0.0,0.0
1779744289669,1,Pitching Mound.Delivery,,Loading,pitch.0,699595,-0.6192,0.2684,1.4816,-2.1673,-0.4299,-5.4705,0.0,0.0
1779744289669,1,Pitching Mound.Drive,,Loading,pitch.0,700457,-0.1534,12.3405,92.7845,89.8182,29.9632,-6.0337,-0.0307,0.0921
1779744289669,1,Pitching Mound.Parent,,Loading,pitch.0,698919,-0.7727,12.6089,94.2662,87.6508,29.5333,-11.5042,-0.0302,0.0932
1779744289670,1,11.0000004b,Drive,Loading,pitch.0,700458,-0.0949,12.3042,92.5664,89.4808,30.3819,-6.2269,-0.0312,0.092
1779744289670,1,12.00000015,Lower Delivery,Loading,pitch.0,700543,-0.2424,0.0751,1.0526,-1.8245,0.171,-2.9722,0.0,0.0
1779744289670,1,12.00000018,Upper Delivery,Loading,pitch.0,701230,-0.3521,0.1988,0.3698,-0.4226,-0.2516,-2.4243,0.0,0.0
1779744289670,1,Pitching Mound.Delivery,,Loading,pitch.0,699596,-0.5945,0.2739,1.4225,-2.0149,-0.0806,-5.4338,0.0,0.0
1779744289670,1,Pitching Mound.Drive,,Loading,pitch.0,700458,-0.0949,12.3042,92.5664,89.4808,30.3819,-6.2269,-0.0312,0.092
1779744289670,1,Pitching Mound.Parent,,Loading,pitch.0,698920,-0.6895,12.5781,93.9889,87.4659,30.3013,-11.6606,-0.0308,0.093
1779744289671,1,11.0000004b,Drive,Loading,pitch.0,700459,-0.0593,12.2737,92.4211,89.2256,30.7204,-6.416,-0.0316,0.0918
1779744289671,1,12.00000015,Lower Delivery,Loading,pitch.0,700544,-0.1989,0.0812,1.0587,-1.5637,0.6457,-2.9155,0.0,0.0
1779744289671,1,12.00000018,Upper Delivery,Loading,pitch.0,701231,-0.3438,0.2006,0.3927,-0.5138,-0.3496,-2.4099,0.0,0.0
1779744289671,1,Pitching Mound.Delivery,,Loading,pitch.0,699597,-0.5427,0.2818,1.4513,-1.851,0.2961,-5.3746,0.0,0.0
1779744289671,1,Pitching Mound.Drive,,Loading,pitch.0,700459,-0.0593,12.2737,92.4211,89.2256,30.7204,-6.416,-0.0316,0.0918
1779744289671,1,Pitching Mound.Parent,,Loading,pitch.0,698921,-0.6019,12.5555,93.8724,87.3746,31.0165,-11.7906,-0.0311,0.0928
1779744289672,1,11.0000004b,Drive,Loading,pitch.0,700460,0.0199,12.2324,92.0276,88.872,31.0614,-6.655,-0.0321,0.0919
1779744289672,1,12.00000015,Lower Delivery,Loading,pitch.0,700545,-0.2123,0.0617,0.9846,-1.4836,0.5279,-2.9105,0.0,0.0
1779744289672,1,12.00000018,Upper Delivery,Loading,pitch.0,701232,-0.3144,0.2082,0.4344,-0.5123,-0.3461,-2.4441,0.0,0.0
1779744289672,1,Pitching Mound.Delivery,,Loading,pitch.0,699598,-0.5267,0.2699,1.4191,-1.8089,0.1818,-5.3893,0.0,0.0
1779744289672,1,Pitching Mound.Drive,,Loading,pitch.0,700460,0.0199,12.2324,92.0276,88.872,31.0614,-6.655,-0.0321,0.0919
1779744289672,1,Pitching Mound.Parent,,Loading,pitch.0,698922,-0.5068,12.5024,93.4466,87.0632,31.2432,-12.0443,-0.0316,0.0925
1779744289673,1,11.0000004b,Drive,Loading,pitch.0,700461,0.129,12.1986,91.8125,88.5194,31.6019,-6.8782,-0.0327,0.0917
1779744289673,1,12.00000015,Lower Delivery,Loading,pitch.0,700546,-0.2277,0.0614,1.0005,-1.477,0.2186,-2.8737,0.0,0.0
1779744289673,1,12.00000018,Upper Delivery,Loading,pitch.0,701233,-0.2964,0.1873,0.4182,-0.2603,-0.0758,-2.4712,0.0,0.0
1779744289673,1,Pitching Mound.Delivery,,Loading,pitch.0,699599,-0.5241,0.2487,1.4186,-1.5393,0.1428,-5.3682,0.0,0.0
1779744289673,1,Pitching Mound.Drive,,Loading,pitch.0,700461,0.129,12.1986,91.8125,88.5194,31.6019,-6.8782,-0.0327,0.0917
1779744289673,1,Pitching Mound.Parent,,Loading,pitch.0,698923,-0.3951,12.4473,93.2311,86.98,31.7446,-12.2464,-0.0322,0.0924
1779744289674,1,11.0000004b,Drive,Loading,pitch.0,700462,0.202,12.1787,91.6311,88.3878,31.8571,-7.0637,-0.0331,0.0918
1779744289674,1,12.00000015,Lower Delivery,Loading,pitch.0,700547,-0.1834,0.0538,1.0223,-1.1386,0.7527,-2.9057,0.0,0.0
1779744289674,1,12.00000018,Upper Delivery,Loading,pitch.0,701234,-0.2963,0.1783,0.4328,-0.2549,-0.0674,-2.5187,0.0,0.0
1779744289674,1,Pitching Mound.Delivery,,Loading,pitch.0,699600,-0.4797,0.2321,1.4551,-1.193,0.6854,-5.4628,0.0,0.0
1779744289674,1,Pitching Mound.Drive,,Loading,pitch.0,700462,0.202,12.1787,91.6311,88.3878,31.8571,-7.0637,-0.0331,0.0918
1779744289674,1,Pitching Mound.Parent,,Loading,pitch.0,698924,-0.2777,12.4108,93.0862,87.1948,32.5425,-12.5265,-0.0326,0.0925
1779744289675,1,11.0000004b,Drive,Loading,pitch.0,700463,0.2908,12.1438,91.3261,88.0627,32.12,-7.2963,-0.0335,0.0917
1779744289675,1,12.00000015,Lower Delivery,Loading,pitch.0,700548,-0.1993,0.0558,1.0381,-0.8224,0.3848,-2.8835,0.0,0.0
1779744289675,1,12.00000018,Upper Delivery,Loading,pitch.0,701235,-0.2509,0.1458,0.4208,-0.1936,0.0001,-2.5584,0.0,0.0
1779744289675,1,Pitching Mound.Delivery,,Loading,pitch.0,699601,-0.4501,0.2017,1.4589,-0.8061,0.385,-5.4594,0.0,0.0
1779744289675,1,Pitching Mound.Drive,,Loading,pitch.0,700463,0.2908,12.1438,91.3261,88.0627,32.12,-7.2963,-0.0335,0.0917
1779744289675,1,Pitching Mound.Parent,,Loading,pitch.0,698925,-0.1594,12.3455,92.785,87.2566,32.5049,-12.7557,-0.0329,0.0925
1779744289676,1,11.0000004b,Drive,Loading,pitch.0,700464,0.395,12.1146,91.0121,87.74,32.4569,-7.5187,-0.0339,0.0917
1779744289676,1,12.00000015,Lower Delivery,Loading,pitch.0,700549,-0.2422,0.0642,1.0404,-0.8639,-0.0416,-2.8833,0.0,0.0
1779744289676,1,12.00000018,Upper Delivery,Loading,pitch.0,701236,-0.2446,0.1604,0.4332,-0.3923,-0.2077,-2.6315,0.0,0.0
1779744289676,1,Pitching Mound.Delivery,,Loading,pitch.0,699602,-0.4868,0.2246,1.4735,-1.0498,-0.2493,-5.5156,0.0,0.0
1779744289676,1,Pitching Mound.Drive,,Loading,pitch.0,700464,0.395,12.1146,91.0121,87.74,32.4569,-7.5187,-0.0339,0.0917
1779744289676,1,Pitching Mound.Parent,,Loading,pitch.0,698926,-0.0919,12.3392,92.4856,86.6902,32.2076,-13.0343,-0.0334,0.0925
1779744289677,1,11.0000004b,Drive,Loading,pitch.0,700465,0.5119,12.0793,90.7491,87.5397,32.8357,-7.7213,-0.0344,0.0918
1779744289677,1,12.00000015,Lower Delivery,Loading,pitch.0,700550,-0.2898,0.0753,1.0635,-1.1892,-0.2962,-2.8873,0.0,0.0
1779744289677,1,12.00000018,Upper Delivery,Loading,pitch.0,701237,-0.2269,0.1178,0.3887,-0.1074,0.0913,-2.5428,0.0,0.0
1779744289677,1,Pitching Mound.Delivery,,Loading,pitch.0,699603,-0.5167,0.1932,1.4523,-1.0671,-0.2049,-5.4087,0.0,0.0
1779744289677,1,Pitching Mound.Drive,,Loading,pitch.0,700465,0.5119,12.0793,90.7491,87.5397,32.8357,-7.7213,-0.0344,0.0918
1779744289677,1,Pitching Mound.Parent,,Loading,pitch.0,698927,-0.0048,12.2725,92.2014,86.4726,32.6308,-13.13,-0.0339,0.0928
1779744289678,1,11.0000004b,Drive,Loading,pitch.0,700466,0.6414,12.0359,90.0988,86.5489,33.3969,-7.9964,-0.0353,0.0914
1779744289678,1,12.00000015,Lower Delivery,Loading,pitch.0,700551,-0.285,0.0743,1.0396,-1.3134,-0.314,-2.9092,0.0,0.0
1779744289678,1,12.00000018,Upper Delivery,Loading,pitch.0,701238,-0.227,0.1514,0.4499,-0.3173,-0.1314,-2.5661,0.0,0.0
1779744289678,1,Pitching Mound.Delivery,,Loading,pitch.0,699604,-0.512,0.2257,1.4895,-1.4302,-0.4454,-5.4556,0.0,0.0
1779744289678,1,Pitching Mound.Drive,,Loading,pitch.0,700466,0.6414,12.0359,90.0988,86.5489,33.3969,-7.9964,-0.0353,0.0914
1779744289678,1,Pitching Mound.Parent,,Loading,pitch.0,698928,0.1294,12.2616,91.5883,85.1187,32.9516,-13.4521,-0.0347,0.0921
1779744289679,1,11.0000004b,Drive,Loading,pitch.0,700467,0.7164,12.016,90.1934,86.8555,33.8009,-8.1558,-0.0357,0.0916
1779744289679,1,12.00000015,Lower Delivery,Loading,pitch.0,700552,-0.2892,0.076,1.0718,-1.5489,-0.3115,-2.9093,0.0,0.0
1779744289679,1,12.00000018,Upper Delivery,Loading,pitch.0,701239,-0.2605,0.1578,0.4477,-0.3785,-0.1935,-2.622,0.0,0.0
1779744289679,1,Pitching Mound.Delivery,,Loading,pitch.0,699605,-0.5497,0.2338,1.5195,-1.7153,-0.5051,-5.5216,0.0,0.0
1779744289679,1,Pitching Mound.Drive,,Loading,pitch.0,700467,0.7164,12.016,90.1934,86.8555,33.8009,-8.1558,-0.0357,0.0916
1779744289679,1,Pitching Mound.Parent,,Loading,pitch.0,698929,0.1667,12.2498,91.7128,85.1402,33.2959,-13.6774,-0.0351,0.0924
1779744289680,1,11.0000004b,Drive,Loading,pitch.0,700468,0.8163,11.9896,89.8744,86.5608,34.2378,-8.3556,-0.0362,0.0916
1779744289680,1,12.00000015,Lower Delivery,Loading,pitch.0,700553,-0.3145,0.0822,1.0586,-1.5656,-0.3632,-2.9079,0.0,0.0
1779744289680,1,12.00000018,Upper Delivery,Loading,pitch.0,701240,-0.2208,0.1259,0.4121,-0.6097,-0.4415,-2.5978,0.0,0.0
1779744289680,1,Pitching Mound.Delivery,,Loading,pitch.0,699606,-0.5352,0.2081,1.4707,-1.9555,-0.8047,-5.4738,0.0,0.0
1779744289680,1,Pitching Mound.Drive,,Loading,pitch.0,700468,0.8163,11.9896,89.8744,86.5608,34.2378,-8.3556,-0.0362,0.0916
1779744289680,1,Pitching Mound.Parent,,Loading,pitch.0,698930,0.2811,12.1977,91.3451,84.6053,33.4331,-13.8294,-0.0357,0.0926
1779744289681,1,11.0000004b,Drive,Loading,pitch.0,700469,0.9261,11.9606,89.5676,86.1575,34.6895,-8.5728,-0.0368,0.0915
1779744289681,1,12.00000015,Lower Delivery,Loading,pitch.0,700554,-0.3243,0.0844,1.0217,-1.752,-0.4039,-2.8863,0.0,0.0
1779744289681,1,12.00000018,Upper Delivery,Loading,pitch.0,701241,-0.2344,0.1254,0.3856,-0.8504,-0.6931,-2.688,0.0,0.0
1779744289681,1,Pitching Mound.Delivery,,Loading,pitch.0,699607,-0.5588,0.2098,1.4073,-2.3862,-1.097,-5.5438,0.0,0.0
1779744289681,1,Pitching Mound.Drive,,Loading,pitch.0,700469,0.9261,11.9606,89.5676,86.1575,34.6895,-8.5728,-0.0368,0.0915
1779744289681,1,Pitching Mound.Parent,,Loading,pitch.0,698931,0.3673,12.1704,90.9749,83.7714,33.5925,-14.1166,-0.0363,0.0925
1779744289682,1,11.0000004b,Drive,Loading,pitch.0,700470,1.0303,11.9464,89.3567,86.0208,34.956,-8.7514,-0.0372,0.0916
1779744289682,1,12.00000015,Lower Delivery,Loading,pitch.0,700555,-0.3443,0.0897,1.0732,-1.8374,-0.5132,-2.9105,0.0,0.0
1779744289682,1,12.00000018,Upper Delivery,Loading,pitch.0,701242,-0.2373,0.1277,0.3394,-0.7471,-0.5862,-2.6308,0.0,0.0
1779744289682,1,Pitching Mound.Delivery,,Loading,pitch.0,699608,-0.5815,0.2174,1.4126,-2.335,-1.0994,-5.5049,0.0,0.0
1779744289682,1,Pitching Mound.Drive,,Loading,pitch.0,700470,1.0303,11.9464,89.3567,86.0208,34.956,-8.7514,-0.0372,0.0916
1779744289682,1,Pitching Mound.Parent,,Loading,pitch.0,698932,0.4487,12.1637,90.7693,83.6858,33.8566,-14.2563,-0.0366,0.0929
1779744289683,1,11.0000004b,Drive,Loading,pitch.0,700471,1.1327,11.9278,89.2646,86.0421,35.2533,-8.9379,-0.0376,0.0917
1779744289683,1,12.00000015,Lower Delivery,Loading,pitch.0,700556,-0.3369,0.0883,1.0968,-1.6375,-0.3369,-2.955,0.0,0.0
1779744289683,1,12.00000018,Upper Delivery,Loading,pitch.0,701243,-0.2487,0.1213,0.3324,-0.8184,-0.6669,-2.5455,0.0,0.0
1779744289683,1,Pitching Mound.Delivery,,Loading,pitch.0,699609,-0.5856,0.2096,1.4292,-2.196,-1.0038,-5.4705,0.0,0.0
1779744289683,1,Pitching Mound.Drive,,Loading,pitch.0,700471,1.1327,11.9278,89.2646,86.0421,35.2533,-8.9379,-0.0376,0.0917
1779744289683,1,Pitching Mound.Parent,,Loading,pitch.0,698933,0.547,12.1375,90.6938,83.8461,34.2495,-14.4083,-0.037,0.0931
1779744289684,1,11.0000004b,Drive,Loading,pitch.0,700472,1.2323,11.9047,88.9912,85.7478,35.7497,-9.1673,-0.0382,0.0917
1779744289684,1,12.00000015,Lower Delivery,Loading,pitch.0,700557,-0.3146,0.0982,1.1264,-1.4433,-0.0547,-2.9743,0.0,0.0
1779744289684,1,12.00000018,Upper Delivery,Loading,pitch.0,701244,-0.2468,0.1478,0.3648,-0.8937,-0.7474,-2.5431,0.0,0.0
1779744289684,1,Pitching Mound.Delivery,,Loading,pitch.0,699610,-0.5614,0.246,1.4912,-2.0781,-0.8021,-5.4943,0.0,0.0
1779744289684,1,Pitching Mound.Drive,,Loading,pitch.0,700472,1.2323,11.9047,88.9912,85.7478,35.7497,-9.1673,-0.0382,0.0917
1779744289684,1,Pitching Mound.Parent,,Loading,pitch.0,698934,0.6709,12.1507,90.4823,83.6697,34.9476,-14.6616,-0.0376,0.093
1779744289685,1,11.0000004b,Drive,Loading,pitch.0,700473,1.3652,11.8503,88.6648,85.2639,36.3223,-9.4247,-0.039,0.0915
1779744289685,1,12.00000015,Lower Delivery,Loading,pitch.0,700558,-0.3055,0.0872,1.0418,-1.673,-0.1373,-2.9691,0.0,0.0
1779744289685,1,12.00000018,Upper Delivery,Loading,pitch.0,701245,-0.2365,0.1284,0.3225,-0.5792,-0.4177,-2.4404,0.0,0.0
1779744289685,1,Pitching Mound.Delivery,,Loading,pitch.0,699611,-0.5419,0.2156,1.3643,-2.0076,-0.555,-5.386,0.0,0.0
1779744289685,1,Pitching Mound.Drive,,Loading,pitch.0,700473,1.3652,11.8503,88.6648,85.2639,36.3223,-9.4247,-0.039,0.0915
1779744289685,1,Pitching Mound.Parent,,Loading,pitch.0,698935,0.8233,12.0659,90.0291,83.2563,35.7673,-14.8107,-0.0384,0.0928
1779744289686,1,11.0000004b,Drive,Loading,pitch.0,700474,1.442,11.8443,88.6806,85.6091,36.526,-9.5438,-0.0392,0.0918
1779744289686,1,12.00000015,Lower Delivery,Loading,pitch.0,700559,-0.2775,0.1128,1.1103,-1.4366,0.1401,-3.0004,0.0,0.0
1779744289686,1,12.00000018,Upper Delivery,Loading,pitch.0,701246,-0.2437,0.1345,0.3212,-0.586,-0.4238,-2.4597,0.0,0.0
1779744289686,1,Pitching Mound.Delivery,,Loading,pitch.0,699612,-0.5212,0.2473,1.4315,-1.7543,-0.2837,-5.4486,0.0,0.0
1779744289686,1,Pitching Mound.Drive,,Loading,pitch.0,700474,1.442,11.8443,88.6806,85.6091,36.526,-9.5438,-0.0392,0.0918
1779744289686,1,Pitching Mound.Parent,,Loading,pitch.0,698936,0.9208,12.0917,90.1121,83.8549,36.2422,-14.9924,-0.0386,0.0934
1779744289687,1,11.0000004b,Drive,Loading,pitch.0,700475,1.5383,11.8202,88.2442,85.2313,36.8844,-9.756,-0.0398,0.0919
1779744289687,1,12.00000015,Lower Delivery,Loading,pitch.0,700560,-0.2507,0.1237,1.1334,-1.5206,0.503,-2.9986,0.0,0.0
1779744289687,1,12.00000018,Upper Delivery,Loading,pitch.0,701247,-0.2393,0.1056,0.2902,-0.4242,-0.2522,-2.4433,0.0,0.0
1779744289687,1,Pitching Mound.Delivery,,Loading,pitch.0,699613,-0.49,0.2293,1.4237,-1.6581,0.2508,-5.438,0.0,0.0
1779744289687,1,Pitching Mound.Drive,,Loading,pitch.0,700475,1.5383,11.8202,88.2442,85.2313,36.8844,-9.756,-0.0398,0.0919
1779744289687,1,Pitching Mound.Parent,,Loading,pitch.0,698937,1.0483,12.0495,89.6678,83.5732,37.1352,-15.194,-0.0391,0.0936
1779744289688,1,11.0000004b,Drive,Loading,pitch.0,700476,1.6599,11.7592,87.772,84.4709,37.4067,-10.0525,-0.0405,0.0916
1779744289688,1,12.00000015,Lower Delivery,Loading,pitch.0,700561,-0.2529,0.0996,1.0924,-1.627,0.3545,-2.9734,0.0,0.0
1779744289688,1,12.00000018,Upper Delivery,Loading,pitch.0,701248,-0.2466,0.115,0.2966,-0.4694,-0.2987,-2.4737,0.0,0.0
1779744289688,1,Pitching Mound.Delivery,,Loading,pitch.0,699614,-0.4995,0.2146,1.389,-1.8258,0.0558,-5.445,0.0,0.0
1779744289688,1,Pitching Mound.Drive,,Loading,pitch.0,700476,1.6599,11.7592,87.772,84.4709,37.4067,-10.0525,-0.0405,0.0916
1779744289688,1,Pitching Mound.Parent,,Loading,pitch.0,698938,1.1604,11.9738,89.161,82.6451,37.4625,-15.4975,-0.0399,0.0932
1779744289689,1,11.0000004b,Drive,Loading,pitch.0,700477,1.7419,11.7406,87.6352,84.403,37.7155,-10.2274,-0.0409,0.0916
1779744289689,1,12.00000015,Lower Delivery,Loading,pitch.0,700562,-0.2471,0.0775,1.1799,-1.7593,0.4771,-3.0144,0.0,0.0
1779744289689,1,12.00000018,Upper Delivery,Loading,pitch.0,701249,-0.2688,0.1118,0.3226,-0.7307,-0.5722,-2.5669,0.0,0.0
1779744289689,1,Pitching Mound.Delivery,,Loading,pitch.0,699615,-0.5158,0.1893,1.5025,-2.1985,-0.0951,-5.5887,0.0,0.0
1779744289689,1,Pitching Mound.Drive,,Loading,pitch.0,700477,1.7419,11.7406,87.6352,84.403,37.7155,-10.2274,-0.0409,0.0916
1779744289689,1,Pitching Mound.Parent,,Loading,pitch.0,698939,1.226,11.9299,89.1377,82.2044,37.6204,-15.8161,-0.0403,0.0933
1779744289690,1,11.0000004b,Drive,Loading,pitch.0,700478,1.8581,11.7066,87.214,83.8165,38.0711,-10.4325,-0.0415,0.0914
1779744289690,1,12.00000015,Lower Delivery,Loading,pitch.0,700563,-0.2322,0.0753,1.1389,-1.456,0.6134,-3.0189,0.0,0.0
1779744289690,1,12.00000018,Upper Delivery,Loading,pitch.0,701250,-0.2676,0.11,0.3388,-0.9739,-0.8284,-2.6236,0.0,0.0
1779744289690,1,Pitching Mound.Delivery,,Loading,pitch.0,699616,-0.4998,0.1853,1.4777,-2.1578,-0.215,-5.6545,0.0,0.0
1779744289690,1,Pitching Mound.Drive,,Loading,pitch.0,700478,1.8581,11.7066,87.214,83.8165,38.0711,-10.4325,-0.0415,0.0914
1779744289690,1,Pitching Mound.Parent,,Loading,pitch.0,698940,1.3584,11.8919,88.6917,81.6586,37.856,-16.087,-0.0408,0.093
1779744289691,1,11.0000004b,Drive,Loading,pitch.0,700479,1.9531,11.6713,86.8027,83.3942,38.4559,-10.6495,-0.0421,0.0914
1779744289691,1,12.00000015,Lower Delivery,Loading,pitch.0,700564,-0.2224,0.0794,1.1542,-1.5363,0.6398,-3.0162,0.0,0.0
1779744289691,1,12.00000018,Upper Delivery,Loading,pitch.0,701251,-0.269,0.1043,0.3466,-0.7902,-0.6359,-2.563,0.0,0.0
1779744289691,1,Pitching Mound.Delivery,,Loading,pitch.0,699617,-0.4915,0.1837,1.5008,-2.0519,0.004,-5.595,0.0,0.0
1779744289691,1,Pitching Mound.Drive,,Loading,pitch.0,700479,1.9531,11.6713,86.8027,83.3942,38.4559,-10.6495,-0.0421,0.0914
1779744289691,1,Pitching Mound.Parent,,Loading,pitch.0,698941,1.4616,11.8549,88.3035,81.3423,38.4598,-16.2445,-0.0414,0.0929
1779744289692,1,11.0000004b,Drive,Loading,pitch.0,700480,2.0015,11.6694,86.7404,83.5351,38.667,-10.7626,-0.0424,0.0916
1779744289692,1,12.00000015,Lower Delivery,Loading,pitch.0,700565,-0.2067,0.0716,1.1181,-1.2437,0.5554,-3.0272,0.0,0.0
1779744289692,1,12.00000018,Upper Delivery,Loading,pitch.0,701252,-0.2986,0.1045,0.3651,-1.0977,-0.9637,-2.5645,0.0,0.0
1779744289692,1,Pitching Mound.Delivery,,Loading,pitch.0,699618,-0.5053,0.1762,1.4832,-2.0854,-0.4083,-5.623,0.0,0.0
1779744289692,1,Pitching Mound.Drive,,Loading,pitch.0,700480,2.0015,11.6694,86.7404,83.5351,38.667,-10.7626,-0.0424,0.0916
1779744289692,1,Pitching Mound.Parent,,Loading,pitch.0,698942,1.4962,11.8456,88.2236,81.4497,38.2587,-16.3857,-0.0417,0.093
1779744289693,1,11.0000004b,Drive,Loading,pitch.0,700481,2.1169,11.6228,86.2898,82.8571,39.2582,-11.0049,-0.0433,0.0913
1779744289693,1,12.00000015,Lower Delivery,Loading,pitch.0,700566,-0.2124,0.0915,1.145,-1.476,0.4459,-3.0207,0.0,0.0
1779744289693,1,12.00000018,Upper Delivery,Loading,pitch.0,701253,-0.2919,0.1286,0.4093,-1.3374,-1.1293,-2.6468,0.0,0.0
1779744289693,1,Pitching Mound.Delivery,,Loading,pitch.0,699619,-0.5043,0.22,1.5543,-2.5633,-0.6834,-5.6945,0.0,0.0
1779744289693,1,Pitching Mound.Drive,,Loading,pitch.0,700481,2.1169,11.6228,86.2898,82.8571,39.2582,-11.0049,-0.0433,0.0913
1779744289693,1,Pitching Mound.Parent,,Loading,pitch.0,698943,1.6126,11.8428,87.8441,80.2938,38.5748,-16.6994,-0.0425,0.0926
1779744289694,1,11.0000004b,Drive,Loading,pitch.0,700482,2.1809,11.6096,86.1468,82.6769,39.659,-11.1718,-0.0438,0.0913
1779744289694,1,12.00000015,Lower Delivery,Loading,pitch.0,700567,-0.2306,0.0915,1.1526,-1.2199,0.5776,-3.0226,0.0,0.0
1779744289694,1,12.00000018,Upper Delivery,Loading,pitch.0,701254,-0.2702,0.1315,0.4148,-1.7401,-1.0873,-2.6619,0.0,0.0
1779744289694,1,Pitching Mound.Delivery,,Loading,pitch.0,699620,-0.5008,0.2231,1.5674,-2.7091,-0.5097,-5.698,0.0,0.0
1779744289694,1,Pitching Mound.Drive,,Loading,pitch.0,700482,2.1809,11.6096,86.1468,82.6769,39.659,-11.1718,-0.0438,0.0913
1779744289694,1,Pitching Mound.Parent,,Loading,pitch.0,698944,1.6801,11.8326,87.7142,79.9678,39.1493,-16.8698,-0.043,0.0925
1779744289695,1,11.0000004b,Drive,Loading,pitch.0,700483,2.2675,11.5858,85.9467,82.3845,39.9365,-11.3391,-0.0442,0.0912
1779744289695,1,12.00000015,Lower Delivery,Loading,pitch.0,700568,-0.2625,0.0955,1.1729,-1.52,0.7418,-3.0078,0.0,0.0
1779744289695,1,12.00000018,Upper Delivery,Loading,pitch.0,701255,-0.2902,0.1547,0.4404,-1.624,-1.2455,-2.7006,0.0,0.0
1779744289695,1,Pitching Mound.Delivery,,Loading,pitch.0,699621,-0.5527,0.2502,1.6133,-2.895,-0.5037,-5.7178,0.0,0.0
1779744289695,1,Pitching Mound.Drive,,Loading,pitch.0,700483,2.2675,11.5858,85.9467,82.3845,39.9365,-11.3391,-0.0442,0.0912
1779744289695,1,Pitching Mound.Parent,,Loading,pitch.0,698945,1.7149,11.8361,87.5599,79.4895,39.4327,-17.0569,-0.0434,0.0924
1779744289696,1,11.0000004b,Drive,Loading,pitch.0,700484,2.3299,11.5795,85.8383,82.164,40.2233,-11.4911,-0.0446,0.0911
1779744289696,1,12.00000015,Lower Delivery,Loading,pitch.0,700569,-0.296,0.0815,1.0684,-1.1236,0.6826,-2.9957,0.0,0.0
1779744289696,1,12.00000018,Upper Delivery,Loading,pitch.0,701256,-0.3021,0.1626,0.4803,-1.7683,-1.078,-2.749,0.0,0.0
1779744289696,1,Pitching Mound.Delivery,,Loading,pitch.0,699622,-0.5981,0.244,1.5487,-2.692,-0.3955,-5.7467,0.0,0.0
1779744289696,1,Pitching Mound.Drive,,Loading,pitch.0,700484,2.3299,11.5795,85.8383,82.164,40.2233,-11.4911,-0.0446,0.0911
1779744289696,1,Pitching Mound.Parent,,Loading,pitch.0,698946,1.7318,11.8236,87.387,79.472,39.8279,-17.2378,-0.0438,0.0917
1779744289697,1,11.0000004b,Drive,Loading,pitch.0,700485,2.4019,11.5562,85.5666,81.8628,40.5767,-11.6556,-0.0451,0.091
1779744289697,1,12.00000015,Lower Delivery,Loading,pitch.0,700570,-0.3009,0.0823,1.0922,-1.3408,0.5986,-2.9852,0.0,0.0
1779744289697,1,12.00000018,Upper Delivery,Loading,pitch.0,701257,-0.2723,0.1623,0.4622,-1.7899,-1.1565,-2.6994,0.0,0.0
1779744289697,1,Pitching Mound.Delivery,,Loading,pitch.0,699623,-0.5732,0.2445,1.5544,-2.9165,-0.5579,-5.6748,0.0,0.0
1779744289697,1,Pitching Mound.Drive,,Loading,pitch.0,700485,2.4019,11.5562,85.5666,81.8628,40.5767,-11.6556,-0.0451,0.091
1779744289697,1,Pitching Mound.Parent,,Loading,pitch.0,698947,1.8287,11.8007,87.121,78.9463,40.0188,-17.3305,-0.0443,0.0918
1779744289698,1,11.0000004b,Drive,Loading,pitch.0,700486,2.4681,11.5305,85.476,81.6716,41.0184,-11.8408,-0.0457,0.0909
1779744289698,1,12.00000015,Lower Delivery,Loading,pitch.0,700571,-0.2973,0.1035,1.1177,-1.3122,0.5642,-3.0066,0.0,0.0
1779744289698,1,12.00000018,Upper Delivery,Loading,pitch.0,701258,-0.2698,0.183,0.5289,-1.814,-1.007,-2.6633,0.0,0.0
1779744289698,1,Pitching Mound.Delivery,,Loading,pitch.0,699624,-0.5671,0.2865,1.6466,-2.926,-0.4428,-5.6606,0.0,0.0
1779744289698,1,Pitching Mound.Drive,,Loading,pitch.0,700486,2.4681,11.5305,85.476,81.6716,41.0184,-11.8408,-0.0457,0.0909
1779744289698,1,Pitching Mound.Parent,,Loading,pitch.0,698948,1.901,11.817,87.1227,78.7456,40.5756,-17.5014,-0.0448,0.0915
1779744289699,1,11.0000004b,Drive,Loading,pitch.0,700487,2.5251,11.5239,85.2676,81.5248,41.4553,-11.9751,-0.0462,0.091
1779744289699,1,12.00000015,Lower Delivery,Loading,pitch.0,700572,-0.314,0.0922,1.1491,-1.1207,0.4962,-3.018,0.0,0.0
1779744289699,1,12.00000018,Upper Delivery,Loading,pitch.0,701259,-0.2509,0.1932,0.5056,-1.8673,-1.0535,-2.6315,0.0,0.0
1779744289699,1,Pitching Mound.Delivery,,Loading,pitch.0,699625,-0.5649,0.2855,1.6548,-2.7691,-0.5573,-5.628,0.0,0.0
1779744289699,1,Pitching Mound.Drive,,Loading,pitch.0,700487,2.5251,11.5239,85.2676,81.5248,41.4553,-11.9751,-0.0462,0.091
1779744289699,1,Pitching Mound.Parent,,Loading,pitch.0,698949,1.9602,11.8094,86.9223,78.7557,40.898,-17.6031,-0.0454,0.0917
1779744289700,1,11.0000004b,Drive,Loading,pitch.0,700488,2.5796,11.5047,85.0902,81.3848,41.6634,-12.1457,-0.0466,0.091
1779744289700,1,12.00000015,Lower Delivery,Loading,pitch.0,700573,-0.3095,0.098,1.1386,-1.3979,0.4017,-3.0374,0.0,0.0
1779744289700,1,12.00000018,Upper Delivery,Loading,pitch.0,701260,-0.2699,0.2181,0.4923,-1.3484,-1.2289,-2.6048,0.0,0.0
1779744289700,1,Pitching Mound.Delivery,,Loading,pitch.0,699626,-0.5793,0.3161,1.6309,-2.5265,-0.8272,-5.6287,0.0,0.0
1779744289700,1,Pitching Mound.Drive,,Loading,pitch.0,700488,2.5796,11.5047,85.0902,81.3848,41.6634,-12.1457,-0.0466,0.091
1779744289700,1,Pitching Mound.Parent,,Loading,pitch.0,698950,2.0002,11.8208,86.7211,78.8583,40.8363,-17.7744,-0.0457,0.0918
1779744289701,1,11.0000004b,Drive,Loading,pitch.0,700489,2.6312,11.4988,84.8756,81.2939,41.9989,-12.3413,-0.0471,0.0911
1779744289701,1,12.00000015,Lower Delivery,Loading,pitch.0,700574,-0.3088,0.0979,1.1209,-1.1142,0.3598,-3.0104,0.0,0.0
1779744289701,1,12.00000018,Upper Delivery,Loading,pitch.0,701261,-0.2394,0.191,0.4698,-1.1045,-0.9739,-2.5118,0.0,0.0
1779744289701,1,Pitching Mound.Delivery,,Loading,pitch.0,699627,-0.5482,0.289,1.5906,-1.9973,-0.6141,-5.4986,0.0,0.0
1779744289701,1,Pitching Mound.Drive,,Loading,pitch.0,700489,2.6312,11.4988,84.8756,81.2939,41.9989,-12.3413,-0.0471,0.0911
1779744289701,1,Pitching Mound.Parent,,Loading,pitch.0,698951,2.083,11.7878,86.4662,79.2966,41.3848,-17.8399,-0.0462,0.092
1779744289702,1,11.0000004b,Drive,Loading,pitch.0,700490,2.6871,11.4837,84.7197,81.1279,42.1465,-12.4672,-0.0473,0.0911
1779744289702,1,12.00000015,Lower Delivery,Loading,pitch.0,700575,-0.3253,0.0915,1.1704,-0.8764,0.3087,-3.0279,0.0,0.0
1779744289702,1,12.00000018,Upper Delivery,Loading,pitch.0,701262,-0.2738,0.2071,0.5,-1.4167,-1.3022,-2.5952,0.0,0.0
1779744289702,1,Pitching Mound.Delivery,,Loading,pitch.0,699628,-0.5991,0.2985,1.6704,-2.0651,-0.9935,-5.6056,0.0,0.0
1779744289702,1,Pitching Mound.Drive,,Loading,pitch.0,700490,2.6871,11.4837,84.7197,81.1279,42.1465,-12.4672,-0.0473,0.0911
1779744289702,1,Pitching Mound.Parent,,Loading,pitch.0,698952,2.088,11.7822,86.3901,79.0629,41.153,-18.0727,-0.0464,0.092
1779744289703,1,11.0000004b,Drive,Loading,pitch.0,700491,2.7219,11.4652,84.4692,80.9675,42.3834,-12.6232,-0.0477,0.0912
1779744289703,1,12.00000015,Lower Delivery,Loading,pitch.0,700576,-0.3047,0.0932,1.0877,-0.9346,0.377,-2.9856,0.0,0.0
1779744289703,1,12.00000018,Upper Delivery,Loading,pitch.0,701263,-0.284,0.2017,0.4807,-1.2658,-1.138,-2.6556,0.0,0.0
1779744289703,1,Pitching Mound.Delivery,,Loading,pitch.0,699629,-0.5887,0.2948,1.5684,-1.994,-0.761,-5.6342,0.0,0.0
1779744289703,1,Pitching Mound.Drive,,Loading,pitch.0,700491,2.7219,11.4652,84.4692,80.9675,42.3834,-12.6232,-0.0477,0.0912
1779744289703,1,Pitching Mound.Parent,,Loading,pitch.0,698953,2.1332,11.7601,86.0376,78.9734,41.6224,-18.2574,-0.0469,0.0919
1779744289704,1,11.0000004b,Drive,Loading,pitch.0,700492,2.7543,11.4605,84.3638,80.7956,42.5953,-12.7542,-0.048,0.0911
1779744289704,1,12.00000015,Lower Delivery,Loading,pitch.0,700577,-0.3246,0.0884,1.1003,-1.2074,0.4182,-2.9814,0.0,0.0
1779744289704,1,12.00000018,Upper Delivery,Loading,pitch.0,701264,-0.2925,0.1872,0.4891,-0.9066,-0.7582,-2.5958,0.0,0.0
1779744289704,1,Pitching Mound.Delivery,,Loading,pitch.0,699630,-0.6171,0.2755,1.5895,-1.9062,-0.34,-5.5663,0.0,0.0
1779744289704,1,Pitching Mound.Drive,,Loading,pitch.0,700492,2.7543,11.4605,84.3638,80.7956,42.5953,-12.7542,-0.048,0.0911
1779744289704,1,Pitching Mound.Parent,,Loading,pitch.0,698954,2.1372,11.736,85.9532,78.8895,42.2553,-18.3204,-0.0471,0.0918
1779744289705,1,11.0000004b,Drive,Loading,pitch.0,700493,2.7945,11.4461,84.1167,80.4556,42.7239,-12.8811,-0.0483,0.091
1779744289705,1,12.00000015,Lower Delivery,Loading,pitch.0,700578,-0.316,0.084,1.088,-0.9502,0.4449,-2.955,0.0,0.0
1779744289705,1,12.00000018,Upper Delivery,Loading,pitch.0,701265,-0.2882,0.1882,0.4618,-0.7797,-0.6222,-2.6085,0.0,0.0
1779744289705,1,Pitching Mound.Delivery,,Loading,pitch.0,699631,-0.6042,0.2722,1.5498,-1.517,-0.1773,-5.5541,0.0,0.0
1779744289705,1,Pitching Mound.Drive,,Loading,pitch.0,700493,2.7945,11.4461,84.1167,80.4556,42.7239,-12.8811,-0.0483,0.091
1779744289705,1,Pitching Mound.Parent,,Loading,pitch.0,698955,2.1903,11.7183,85.6665,78.9386,42.5466,-18.4352,-0.0474,0.0918
1779744289706,1,11.0000004b,Drive,Loading,pitch.0,700494,2.8207,11.4298,83.988,80.3693,43.034,-13.029,-0.0487,0.091
1779744289706,1,12.00000015,Lower Delivery,Loading,pitch.0,700579,-0.3205,0.096,1.079,-1.0114,0.3191,-2.9196,0.0,0.0
1779744289706,1,12.00000018,Upper Delivery,Loading,pitch.0,701266,-0.2881,0.1638,0.4401,-1.0938,-0.9553,-2.6414,0.0,0.0
1779744289706,1,Pitching Mound.Delivery,,Loading,pitch.0,699632,-0.6086,0.2598,1.5191,-1.888,-0.6362,-5.55,0.0,0.0
1779744289706,1,Pitching Mound.Drive,,Loading,pitch.0,700494,2.8207,11.4298,83.988,80.3693,43.034,-13.029,-0.0487,0.091
1779744289706,1,Pitching Mound.Parent,,Loading,pitch.0,698956,2.2121,11.6895,85.5071,78.4813,42.3978,-18.5791,-0.0479,0.092
1779744289707,1,11.0000004b,Drive,Loading,pitch.0,700495,2.8782,11.4179,83.77,80.1957,43.2391,-13.1652,-0.0491,0.0911
1779744289707,1,12.00000015,Lower Delivery,Loading,pitch.0,700580,-0.3025,0.0816,1.1116,-1.7235,0.1834,-2.9262,0.0,0.0
1779744289707,1,12.00000018,Upper Delivery,Loading,pitch.0,701267,-0.2956,0.1644,0.3978,-1.0119,-0.8679,-2.6419,0.0,0.0
1779744289707,1,Pitching Mound.Delivery,,Loading,pitch.0,699633,-0.5982,0.246,1.5095,-2.4927,-0.6845,-5.5658,0.0,0.0
1779744289707,1,Pitching Mound.Drive,,Loading,pitch.0,700495,2.8782,11.4179,83.77,80.1957,43.2391,-13.1652,-0.0491,0.0911
1779744289707,1,Pitching Mound.Parent,,Loading,pitch.0,698957,2.28,11.6639,85.2795,77.703,42.5546,-18.7309,-0.0482,0.0923
1779744289708,1,11.0000004b,Drive,Loading,pitch.0,700496,2.8978,11.4007,83.6735,80.0229,43.4994,-13.3039,-0.0495,0.091
1779744289708,1,12.00000015,Lower Delivery,Loading,pitch.0,700581,-0.2917,0.0791,1.1178,-1.8285,-0.1616,-2.9352,0.0,0.0
1779744289708,1,12.00000018,Upper Delivery,Loading,pitch.0,701268,-0.349,0.2,0.5466,-0.9142,-0.7635,-2.6455,0.0,0.0
1779744289708,1,Pitching Mound.Delivery,,Loading,pitch.0,699634,-0.6406,0.2791,1.6644,-2.5485,-0.9251,-5.6002,0.0,0.0
1779744289708,1,Pitching Mound.Drive,,Loading,pitch.0,700496,2.8978,11.4007,83.6735,80.0229,43.4994,-13.3039,-0.0495,0.091
1779744289708,1,Pitching Mound.Parent,,Loading,pitch.0,698958,2.2571,11.6798,85.3379,77.4744,42.5743,-18.9041,-0.0485,0.0915
1779744289709,1,11.0000004b,Drive,Loading,pitch.0,700497,2.9377,11.3875,83.4011,79.7773,43.6093,-13.425,-0.0497,0.091
1779744289709,1,12.00000015,Lower Delivery,Loading,pitch.0,700582,-0.2828,0.0791,1.1568,-1.8082,-0.0326,-2.9288,0.0,0.0
1779744289709,1,12.00000018,Upper Delivery,Loading,pitch.0,701269,-0.3398,0.1923,0.4988,-0.9705,-0.8239,-2.6397,0.0,0.0
1779744289709,1,Pitching Mound.Delivery,,Loading,pitch.0,699635,-0.6226,0.2714,1.6556,-2.555,-0.8565,-5.5879,0.0,0.0
1779744289709,1,Pitching Mound.Drive,,Loading,pitch.0,700497,2.9377,11.3875,83.4011,79.7773,43.6093,-13.425,-0.0497,0.091
1779744289709,1,Pitching Mound.Parent,,Loading,pitch.0,698959,2.3152,11.6589,85.0567,77.2222,42.7529,-19.0129,-0.0488,0.0919
1779744289710,1,11.0000004b,Drive,Loading,pitch.0,700498,2.9625,11.3649,83.327,79.6459,43.7536,-13.5638,-0.05,0.0909
1779744289710,1,12.00000015,Lower Delivery,Loading,pitch.0,700583,-0.2898,0.0989,1.2107,-2.0339,0.0943,-2.9658,0.0,0.0
1779744289710,1,12.00000018,Upper Delivery,Loading,pitch.0,701270,-0.3583,0.1991,0.537,-0.7573,-0.5971,-2.6295,0.0,0.0
1779744289710,1,Pitching Mound.Delivery,,Loading,pitch.0,699636,-0.648,0.298,1.7477,-2.5622,-0.5028,-5.6186,0.0,0.0
1779744289710,1,Pitching Mound.Drive,,Loading,pitch.0,700498,2.9625,11.3649,83.327,79.6459,43.7536,-13.5638,-0.05,0.0909
1779744289710,1,Pitching Mound.Parent,,Loading,pitch.0,698960,2.3144,11.6629,85.0747,77.0837,43.2508,-19.1824,-0.0489,0.0918
1779744289711,1,11.0000004b,Drive,Loading,pitch.0,700499,3.0107,11.3479,83.0579,79.3457,43.9224,-13.6598,-0.0503,0.0909
1779744289711,1,11.0000004b,Drive,Loading,pitch.0,700500,3.0533,11.3207,82.8622,79.1443,44.0623,-13.7742,-0.0506,0.0909
1779744289711,1,12.00000015,Lower Delivery,Loading,pitch.0,700584,-0.2897,0.095,1.2164,-1.9264,0.1671,-2.9801,0.0,0.0
1779744289711,1,12.00000018,Upper Delivery,Loading,pitch.0,701271,-0.3346,0.1689,0.4028,-0.8404,-0.6863,-2.6177,0.0,0.0
1779744289711,1,Pitching Mound.Delivery,,Loading,pitch.0,699637,-0.6243,0.2639,1.6192,-2.4901,-0.5192,-5.6131,0.0,0.0
1779744289711,1,Pitching Mound.Drive,,Loading,pitch.0,700499,3.0107,11.3479,83.0579,79.3457,43.9224,-13.6598,-0.0503,0.0909
1779744289711,1,Pitching Mound.Drive,,Loading,pitch.0,700500,3.0533,11.3207,82.8622,79.1443,44.0623,-13.7742,-0.0506,0.0909
1779744289711,1,Pitching Mound.Parent,,Loading,pitch.0,698961,2.3864,11.6118,84.6771,76.8556,43.4033,-19.2729,-0.0493,0.0924
1779744289712,1,11.0000004b,Drive,Loading,pitch.0,700501,3.0989,11.3023,82.5351,78.9613,44.1913,-13.8832,-0.0509,0.091
1779744289712,1,12.00000015,Lower Delivery,Loading,pitch.0,700585,-0.2883,0.0835,1.1388,-1.7921,-0.154,-2.975,0.0,0.0
1779744289712,1,12.00000018,Upper Delivery,Loading,pitch.0,701272,-0.4005,0.2458,0.6419,-0.9792,-0.8331,-2.6412,0.0,0.0
1779744289712,1,Pitching Mound.Delivery,,Loading,pitch.0,699638,-0.6888,0.3293,1.7807,-2.6023,-0.9871,-5.6543,0.0,0.0
1779744289712,1,Pitching Mound.Drive,,Loading,pitch.0,700501,3.0989,11.3023,82.5351,78.9613,44.1913,-13.8832,-0.0509,0.091
1779744289712,1,Pitching Mound.Parent,,Loading,pitch.0,698962,2.3645,11.65,84.6429,76.5421,43.0752,-19.4285,-0.0495,0.0909
1779744289713,1,11.0000004b,Drive,Loading,pitch.0,700502,3.1405,11.2956,82.4017,78.7667,44.4213,-13.995,-0.0513,0.0909
1779744289713,1,12.00000015,Lower Delivery,Loading,pitch.0,700586,-0.3161,0.0842,1.1392,-1.6624,-0.0764,-2.9264,0.0,0.0
1779744289713,1,12.00000018,Upper Delivery,Loading,pitch.0,701273,-0.3597,0.2154,0.5526,-1.0143,-0.8678,-2.6895,0.0,0.0
1779744289713,1,Pitching Mound.Delivery,,Loading,pitch.0,699639,-0.6758,0.2997,1.6918,-2.4772,-0.9443,-5.6307,0.0,0.0
1779744289713,1,Pitching Mound.Drive,,Loading,pitch.0,700502,3.1405,11.2956,82.4017,78.7667,44.4213,-13.995,-0.0513,0.0909
1779744289713,1,Pitching Mound.Parent,,Loading,pitch.0,698963,2.4231,11.602,84.227,76.4841,43.2471,-19.5139,-0.0499,0.0916
1779744289714,1,12.00000015,Lower Delivery,Loading,pitch.0,700587,-0.3217,0.0903,1.1121,-1.8765,-0.223,-2.9744,0.0,0.0
1779744289714,1,12.00000018,Upper Delivery,Loading,pitch.0,701274,-0.3265,0.1937,0.4241,-1.2701,-1.1418,-2.6689,0.0,0.0
1779744289714,1,Pitching Mound.Delivery,,Loading,pitch.0,699640,-0.6482,0.284,1.5362,-2.9127,-1.3648,-5.6448,0.0,0.0
1779744289714,1,Pitching Mound.Parent,,Loading,pitch.0,698964,2.4922,11.5796,83.9379,75.854,43.0565,-19.6399,-0.0503,0.0921
1779744289715,1,11.0000004b,Drive,Loading,pitch.0,700503,3.2036,11.2783,82.2254,78.7555,44.5029,-14.128,-0.0515,0.0911
1779744289715,1,11.0000004b,Drive,Loading,pitch.0,700504,3.2554,11.2645,82.0976,78.6988,44.6973,-14.2712,-0.0518,0.0912
1779744289715,1,12.00000015,Lower Delivery,Loading,pitch.0,700588,-0.3231,0.0888,1.1279,-1.8614,-0.2897,-2.9873,0.0,0.0
1779744289715,1,12.00000018,Upper Delivery,Loading,pitch.0,701275,-0.2715,0.1562,0.3189,-1.2027,-1.0722,-2.6267,0.0,0.0
1779744289715,1,Pitching Mound.Delivery,,Loading,pitch.0,699641,-0.5946,0.2449,1.4468,-2.789,-1.3619,-5.5965,0.0,0.0
1779744289715,1,Pitching Mound.Drive,,Loading,pitch.0,700503,3.2036,11.2783,82.2254,78.7555,44.5029,-14.128,-0.0515,0.0911
1779744289715,1,Pitching Mound.Drive,,Loading,pitch.0,700504,3.2554,11.2645,82.0976,78.6988,44.6973,-14.2712,-0.0518,0.0912
1779744289715,1,Pitching Mound.Parent,,Loading,pitch.0,698965,2.609,11.5232,83.6721,75.9665,43.141,-19.7245,-0.0506,0.0928
1779744289716,1,11.0000004b,Drive,Loading,pitch.0,700505,3.3014,11.2363,81.7389,78.3994,44.8018,-14.3703,-0.0521,0.0912
1779744289716,1,12.00000015,Lower Delivery,Loading,pitch.0,700589,-0.3308,0.0897,1.1032,-1.8992,-0.4097,-2.9695,0.0,0.0
1779744289716,1,12.00000018,Upper Delivery,Loading,pitch.0,701276,-0.2832,0.1443,0.3159,-1.2524,-1.1234,-2.6605,0.0,0.0
1779744289716,1,Pitching Mound.Delivery,,Loading,pitch.0,699642,-0.614,0.2339,1.4191,-2.8839,-1.5331,-5.6139,0.0,0.0
1779744289716,1,Pitching Mound.Drive,,Loading,pitch.0,700505,3.3014,11.2363,81.7389,78.3994,44.8018,-14.3703,-0.0521,0.0912
1779744289716,1,Pitching Mound.Parent,,Loading,pitch.0,698966,2.6414,11.4985,83.5167,75.815,43.1642,-19.885,-0.0509,0.0928
1779744289717,1,11.0000004b,Drive,Loading,pitch.0,700506,3.3505,11.2309,81.5758,78.3634,44.96,-14.4895,-0.0524,0.0914
1779744289717,1,12.00000015,Lower Delivery,Loading,pitch.0,700590,-0.324,0.0917,1.1454,-1.8479,-0.3425,-2.9955,0.0,0.0
1779744289717,1,12.00000018,Upper Delivery,Loading,pitch.0,701277,-0.2689,0.125,0.282,-0.8504,-0.6988,-2.5858,0.0,0.0
1779744289717,1,Pitching Mound.Delivery,,Loading,pitch.0,699643,-0.5929,0.2167,1.4274,-2.4047,-1.0413,-5.5625,0.0,0.0
1779744289717,1,Pitching Mound.Drive,,Loading,pitch.0,700506,3.3505,11.2309,81.5758,78.3634,44.96,-14.4895,-0.0524,0.0914
1779744289717,1,Pitching Mound.Parent,,Loading,pitch.0,698967,2.7084,11.453,83.1664,75.9947,43.7605,-19.9328,-0.0512,0.0932
1779744289718,1,11.0000004b,Drive,Loading,pitch.0,700507,3.3996,11.2086,81.3822,78.2235,45.1151,-14.6238,-0.0527,0.0914
1779744289718,1,12.00000015,Lower Delivery,Loading,pitch.0,700591,-0.3308,0.0882,1.0783,-1.9167,-0.7139,-2.9756,0.0,0.0
1779744289718,1,12.00000018,Upper Delivery,Loading,pitch.0,701278,-0.2917,0.1571,0.3359,-0.9053,-0.7603,-2.5334,0.0,0.0
1779744289718,1,Pitching Mound.Delivery,,Loading,pitch.0,699644,-0.6225,0.2454,1.4142,-2.5696,-1.4743,-5.4957,0.0,0.0
1779744289718,1,Pitching Mound.Drive,,Loading,pitch.0,700507,3.3996,11.2086,81.3822,78.2235,45.1151,-14.6238,-0.0527,0.0914
1779744289718,1,Pitching Mound.Parent,,Loading,pitch.0,698968,2.728,11.4763,82.9901,75.7938,43.4857,-19.9852,-0.0515,0.0929
1779744289719,1,11.0000004b,Drive,Loading,pitch.0,700508,3.4528,11.1983,81.3499,78.2414,45.5522,-14.771,-0.0533,0.0915
1779744289719,1,12.00000015,Lower Delivery,Loading,pitch.0,700592,-0.3141,0.0862,1.0439,-1.7896,-0.6846,-2.9937,0.0,0.0
1779744289719,1,12.00000018,Upper Delivery,Loading,pitch.0,701279,-0.3025,0.178,0.4086,-0.9133,-0.7685,-2.5384,0.0,0.0
1779744289719,1,Pitching Mound.Delivery,,Loading,pitch.0,699645,-0.6166,0.2642,1.4525,-2.4869,-1.4532,-5.5282,0.0,0.0
1779744289719,1,Pitching Mound.Drive,,Loading,pitch.0,700508,3.4528,11.1983,81.3499,78.2414,45.5522,-14.771,-0.0533,0.0915
1779744289719,1,Pitching Mound.Parent,,Loading,pitch.0,698969,2.7831,11.4728,82.8348,75.7366,43.662,-20.152,-0.0518,0.0924
1779744289720,1,11.0000004b,Drive,Loading,pitch.0,700509,3.5073,11.1899,81.2018,78.1514,45.8444,-14.9002,-0.0537,0.0916
1779744289720,1,12.00000015,Lower Delivery,Loading,pitch.0,700593,-0.2761,0.0746,1.1192,-1.4194,1.1892,-3.0475,0.0,0.0
1779744289720,1,12.00000018,Upper Delivery,Loading,pitch.0,701280,-0.2955,0.1961,0.427,-0.948,-0.8062,-2.5272,0.0,0.0
1779744289720,1,Pitching Mound.Delivery,,Loading,pitch.0,699646,-0.5715,0.2707,1.5462,-2.132,0.383,-5.5813,0.0,0.0
1779744289720,1,Pitching Mound.Drive,,Loading,pitch.0,700509,3.5073,11.1899,81.2018,78.1514,45.8444,-14.9002,-0.0537,0.0916
1779744289720,1,Pitching Mound.Parent,,Loading,pitch.0,698970,2.8813,11.469,82.8961,76.1094,45.9352,-20.3523,-0.0523,0.0926
1779744289721,1,11.0000004b,Drive,Loading,pitch.0,700510,3.5628,11.1672,80.9521,78.0618,46.182,-15.0308,-0.0543,0.0917
1779744289721,1,12.00000015,Lower Delivery,Loading,pitch.0,700594,-0.2665,0.0722,1.0622,-1.1716,1.1151,-2.9828,0.0,0.0
1779744289721,1,12.00000018,Upper Delivery,Loading,pitch.0,701281,-0.295,0.1925,0.4162,-1.0231,-0.8867,-2.5188,0.0,0.0
1779744289721,1,Pitching Mound.Delivery,,Loading,pitch.0,699647,-0.5615,0.2648,1.4784,-1.975,0.2284,-5.5112,0.0,0.0
1779744289721,1,Pitching Mound.Drive,,Loading,pitch.0,700510,3.5628,11.1672,80.9521,78.0618,46.182,-15.0308,-0.0543,0.0917
1779744289721,1,Pitching Mound.Parent,,Loading,pitch.0,698971,2.9458,11.4546,82.6803,76.1764,46.0728,-20.4115,-0.0527,0.0926
1779744289722,1,12.00000015,Lower Delivery,Loading,pitch.0,700595,-0.3564,0.0951,0.8062,-2.1306,-2.1942,-2.8195,0.0,0.0
1779744289722,1,12.00000018,Upper Delivery,Loading,pitch.0,701282,-0.2822,0.1943,0.393,-1.1191,-0.9869,-2.5575,0.0,0.0
1779744289722,1,Pitching Mound.Delivery,,Loading,pitch.0,699648,-0.6386,0.2893,1.1992,-3.1092,-3.1812,-5.3517,0.0,0.0
1779744289722,1,Pitching Mound.Parent,,Loading,pitch.0,698972,2.9242,11.4565,82.1513,74.9526,43.0009,-20.3825,-0.0535,0.0921
1779744289723,1,11.0000004b,Drive,Loading,pitch.0,700511,3.6137,11.1593,80.8579,77.963,46.5657,-15.1619,-0.0548,0.0917
1779744289723,1,12.00000015,Lower Delivery,Loading,pitch.0,700596,-0.3051,0.1046,0.9553,-0.6424,0.3074,-2.8809,0.0,0.0
1779744289723,1,12.00000018,Upper Delivery,Loading,pitch.0,701283,-0.2795,0.1905,0.3932,-1.1342,-1.0018,-2.581,0.0,0.0
1779744289723,1,Pitching Mound.Delivery,,Loading,pitch.0,699649,-0.5846,0.2951,1.3486,-1.5855,-0.6944,-5.4532,0.0,0.0
1779744289723,1,Pitching Mound.Drive,,Loading,pitch.0,700511,3.6137,11.1593,80.8579,77.963,46.5657,-15.1619,-0.0548,0.0917
1779744289723,1,Pitching Mound.Parent,,Loading,pitch.0,698973,3.0291,11.4544,82.2064,76.3775,45.8713,-20.6151,-0.0539,0.0925
1779744289724,1,11.0000004b,Drive,Loading,pitch.0,700512,3.6603,11.1299,80.6034,77.8415,46.8009,-15.3042,-0.0552,0.0919
1779744289724,1,11.0000004b,Drive,Loading,pitch.0,700513,3.7217,11.1113,80.3597,77.5765,47.0038,-15.4507,-0.0556,0.0918
1779744289724,1,12.00000015,Lower Delivery,Loading,pitch.0,700597,-0.3367,0.096,0.7138,-1.7154,-1.0824,-2.8408,0.0,0.0
1779744289724,1,12.00000018,Upper Delivery,Loading,pitch.0,701284,-0.2682,0.1776,0.3839,-1.1838,-1.0454,-2.6172,0.0,0.0
1779744289724,1,Pitching Mound.Delivery,,Loading,pitch.0,699650,-0.6049,0.2736,1.0977,-2.787,-2.1278,-5.4347,0.0,0.0
1779744289724,1,Pitching Mound.Drive,,Loading,pitch.0,700512,3.6603,11.1299,80.6034,77.8415,46.8009,-15.3042,-0.0552,0.0919
1779744289724,1,Pitching Mound.Drive,,Loading,pitch.0,700513,3.7217,11.1113,80.3597,77.5765,47.0038,-15.4507,-0.0556,0.0918
1779744289724,1,Pitching Mound.Parent,,Loading,pitch.0,698974,3.0554,11.4035,81.7012,75.0545,44.6732,-20.739,-0.0545,0.092
1779744289725,1,11.0000004b,Drive,Loading,pitch.0,700514,3.7681,11.0846,80.0503,77.4299,47.0933,-15.5651,-0.056,0.092
1779744289725,1,12.00000015,Lower Delivery,Loading,pitch.0,700598,-0.5512,0.1305,0.8171,-9.1306,0.8009,-3.0526,0.0,0.0
1779744289725,1,12.00000018,Upper Delivery,Loading,pitch.0,701285,-0.2614,0.194,0.3945,-1.2138,-1.0838,-2.6327,0.0,0.0
1779744289725,1,Pitching Mound.Delivery,,Loading,pitch.0,699651,-0.8126,0.3245,1.2117,-10.2008,-0.2829,-5.5867,0.0,0.0
1779744289725,1,Pitching Mound.Drive,,Loading,pitch.0,700514,3.7681,11.0846,80.0503,77.4299,47.0933,-15.5651,-0.056,0.092
1779744289725,1,Pitching Mound.Parent,,Loading,pitch.0,698975,2.9091,11.4358,81.5713,67.3758,46.7209,-21.0375,-0.0548,0.0922
1779744289726,1,11.0000004b,Drive,Loading,pitch.0,700515,3.8178,11.0639,79.7891,77.2702,47.3617,-15.7084,-0.0565,0.0921
1779744289726,1,12.00000015,Lower Delivery,Loading,pitch.0,700599,-0.2261,0.0754,0.8828,-0.6438,0.4827,-2.9345,0.0,0.0
1779744289726,1,12.00000015,Lower Delivery,Loading,pitch.0,700600,-0.2269,0.1184,0.9189,-0.3563,0.4529,-2.9248,0.0,0.0
1779744289726,1,12.00000018,Upper Delivery,Loading,pitch.0,701286,-0.2737,0.1883,0.3855,-1.3956,-1.232,-2.6522,0.0,0.0
1779744289726,1,Pitching Mound.Delivery,,Loading,pitch.0,699652,-0.4998,0.2637,1.2683,-1.8703,-0.7493,-5.6029,0.0,0.0
1779744289726,1,Pitching Mound.Drive,,Loading,pitch.0,700515,3.8178,11.0639,79.7891,77.2702,47.3617,-15.7084,-0.0565,0.0921
1779744289726,1,Pitching Mound.Parent,,Loading,pitch.0,698976,3.2683,11.3484,81.3186,75.5596,46.3441,-21.168,-0.0551,0.0927
1779744289727,1,11.0000004b,Drive,Loading,pitch.0,700516,3.881,11.0421,79.5513,77.0877,47.3538,-15.831,-0.0566,0.0922
1779744289727,1,12.00000015,Lower Delivery,Loading,pitch.0,700601,-0.2473,0.0916,0.9633,-0.6407,0.5431,-2.9586,0.0,0.0
1779744289727,1,12.00000018,Upper Delivery,Loading,pitch.0,701287,-0.2442,0.1748,0.3718,-1.8245,-1.4415,-2.7181,0.0,0.0
1779744289727,1,Pitching Mound.Delivery,,Loading,pitch.0,699653,-0.4711,0.2932,1.2908,-1.9947,-0.9886,-5.6487,0.0,0.0
1779744289727,1,Pitching Mound.Drive,,Loading,pitch.0,700516,3.881,11.0421,79.5513,77.0877,47.3538,-15.831,-0.0566,0.0922
1779744289727,1,Pitching Mound.Parent,,Loading,pitch.0,698977,3.3467,11.3571,81.0799,75.2755,46.3731,-21.3572,-0.0556,0.093
1779744289728,1,11.0000004b,Drive,Loading,pitch.0,700517,3.9325,11.0191,79.1702,76.7761,47.293,-15.9359,-0.0568,0.0923
1779744289728,1,12.00000018,Upper Delivery,Loading,pitch.0,701288,-0.287,0.2211,0.4637,-1.5912,-1.4096,-2.7913,0.0,0.0
1779744289728,1,Pitching Mound.Delivery,,Loading,pitch.0,699654,-0.5343,0.3127,1.427,-2.062,-0.8665,-5.7634,0.0,0.0
1779744289728,1,Pitching Mound.Drive,,Loading,pitch.0,700517,3.9325,11.0191,79.1702,76.7761,47.293,-15.9359,-0.0568,0.0923
1779744289728,1,Pitching Mound.Parent,,Loading,pitch.0,698978,3.3466,11.3548,80.9783,75.0257,46.4873,-21.5944,-0.0556,0.0927
1779744289729,1,11.0000004b,Drive,Loading,pitch.0,700518,3.9807,10.9922,78.859,76.5765,47.3233,-16.0895,-0.0571,0.0924
1779744289729,1,12.00000015,Lower Delivery,Loading,pitch.0,700603,-0.2942,0.1549,0.9814,-1.761,-0.28,-2.8447,0.0,0.0
1779744289729,1,12.00000015,Lower Delivery,Loading,pitch.0,700602,-0.2152,0.119,0.9653,-0.6623,0.3606,-2.9591,0.0,0.0
1779744289729,1,12.00000018,Upper Delivery,Loading,pitch.0,701289,-0.2628,0.1848,0.384,-1.5546,-1.4181,-2.7834,0.0,0.0
1779744289729,1,Pitching Mound.Delivery,,Loading,pitch.0,699655,-0.4781,0.3038,1.3493,-2.0192,-1.0575,-5.7587,0.0,0.0
1779744289729,1,Pitching Mound.Drive,,Loading,pitch.0,700518,3.9807,10.9922,78.859,76.5765,47.3233,-16.0895,-0.0571,0.0924
1779744289729,1,Pitching Mound.Parent,,Loading,pitch.0,698979,3.4544,11.3229,80.5195,74.7569,46.2356,-21.6945,-0.0559,0.0932
1779744289730,1,12.00000015,Lower Delivery,Loading,pitch.0,700604,-0.2199,0.1542,1.1822,-1.1003,0.2936,-2.892,0.0,0.0
1779744289730,1,12.00000018,Upper Delivery,Loading,pitch.0,701290,-0.2847,0.207,0.4084,-1.4128,-1.2883,-2.7712,0.0,0.0
1779744289730,1,Pitching Mound.Delivery,,Loading,pitch.0,699656,-0.5789,0.3619,1.3897,-2.979,-1.5683,-5.6126,0.0,0.0
1779744289730,1,Pitching Mound.Parent,,Loading,pitch.0,698980,3.4018,11.3541,80.2487,73.5975,45.7551,-21.7021,-0.0561,0.0932
1779744289731,1,11.0000004b,Drive,Loading,pitch.0,700519,4.0209,10.9732,78.6234,76.4339,47.4527,-16.2293,-0.0574,0.0925
1779744289731,1,11.0000004b,Drive,Loading,pitch.0,700520,4.0723,10.9553,78.3518,76.2525,47.5225,-16.3589,-0.0577,0.0926
1779744289731,1,12.00000015,Lower Delivery,Loading,pitch.0,700605,-0.2292,0.1443,1.0742,-1.2043,-0.1599,-2.94,0.0,0.0
1779744289731,1,12.00000018,Upper Delivery,Loading,pitch.0,701291,-0.3206,0.2028,0.4856,-1.395,-1.2645,-2.7737,0.0,0.0
1779744289731,1,Pitching Mound.Delivery,,Loading,pitch.0,699657,-0.5405,0.357,1.6678,-2.2585,-0.9709,-5.6999,0.0,0.0
1779744289731,1,Pitching Mound.Drive,,Loading,pitch.0,700519,4.0209,10.9732,78.6234,76.4339,47.4527,-16.2293,-0.0574,0.0925
1779744289731,1,Pitching Mound.Drive,,Loading,pitch.0,700520,4.0723,10.9553,78.3518,76.2525,47.5225,-16.3589,-0.0577,0.0926
1779744289731,1,Pitching Mound.Parent,,Loading,pitch.0,698981,3.4804,11.3302,80.2912,74.1754,46.4818,-21.9292,-0.0562,0.0935
1779744289732,1,11.0000004b,Drive,Loading,pitch.0,700521,4.1299,10.9484,78.0186,75.974,47.4713,-16.4849,-0.0579,0.0926
1779744289732,1,12.00000018,Upper Delivery,Loading,pitch.0,701292,-0.3148,0.2127,0.4939,-1.3373,-1.2096,-2.7385,0.0,0.0
1779744289732,1,Pitching Mound.Delivery,,Loading,pitch.0,699658,-0.544,0.357,1.5681,-2.3443,-1.3696,-5.7075,0.0,0.0
1779744289732,1,Pitching Mound.Drive,,Loading,pitch.0,700521,4.1299,10.9484,78.0186,75.974,47.4713,-16.4849,-0.0579,0.0926
1779744289732,1,Pitching Mound.Parent,,Loading,pitch.0,698982,3.5284,11.3123,79.9199,73.9082,46.1529,-22.0664,-0.0566,0.0932
1779744289733,1,11.0000004b,Drive,Loading,pitch.0,700522,4.1809,10.9396,77.7635,75.8274,47.6556,-16.6454,-0.0583,0.0928
1779744289733,1,12.00000015,Lower Delivery,Loading,pitch.0,700606,-0.2509,0.1237,1.0617,-1.4486,-0.2399,-2.9341,0.0,0.0
1779744289733,1,12.00000018,Upper Delivery,Loading,pitch.0,701293,-0.3279,0.222,0.544,-1.5192,-1.3519,-2.8093,0.0,0.0
1779744289733,1,Pitching Mound.Delivery,,Loading,pitch.0,699659,-0.5788,0.3458,1.6057,-2.7918,-1.5918,-5.7696,0.0,0.0
1779744289733,1,Pitching Mound.Drive,,Loading,pitch.0,700522,4.1809,10.9396,77.7635,75.8274,47.6556,-16.6454,-0.0583,0.0928
1779744289733,1,Pitching Mound.Parent,,Loading,pitch.0,698983,3.5511,11.2942,79.6243,73.1822,45.8795,-22.2544,-0.0567,0.093
1779744289734,1,11.0000004b,Drive,Loading,pitch.0,700523,4.2505,10.9262,77.5884,75.6446,47.801,-16.7932,-0.0586,0.0927
1779744289734,1,12.00000015,Lower Delivery,Loading,pitch.0,700607,-0.2429,0.1185,1.1036,-1.4293,-0.291,-2.9598,0.0,0.0
1779744289734,1,12.00000015,Lower Delivery,Loading,pitch.0,700608,-0.2471,0.1112,1.1075,-1.3746,-0.4586,-2.9366,0.0,0.0
1779744289734,1,12.00000018,Upper Delivery,Loading,pitch.0,701294,-0.3548,0.2469,0.5958,-1.5585,-1.4115,-2.8409,0.0,0.0
1779744289734,1,Pitching Mound.Delivery,,Loading,pitch.0,699660,-0.5977,0.3655,1.6994,-2.8151,-1.7026,-5.8388,0.0,0.0
1779744289734,1,Pitching Mound.Drive,,Loading,pitch.0,700523,4.2505,10.9262,77.5884,75.6446,47.801,-16.7932,-0.0586,0.0927
1779744289734,1,Pitching Mound.Parent,,Loading,pitch.0,698984,3.5832,11.3051,79.4629,73.0123,45.953,-22.4842,-0.0571,0.093
1779744289735,1,11.0000004b,Drive,Loading,pitch.0,700524,4.302,10.9212,77.3384,75.5302,48.0391,-16.9686,-0.0591,0.0929
1779744289735,1,12.00000015,Lower Delivery,Loading,pitch.0,700609,-0.2493,0.0942,1.0141,-1.7874,-0.3202,-2.9116,0.0,0.0
1779744289735,1,12.00000018,Upper Delivery,Loading,pitch.0,701295,-0.3129,0.1994,0.4931,-1.4972,-1.4391,-2.8193,0.0,0.0
1779744289735,1,Pitching Mound.Delivery,,Loading,pitch.0,699661,-0.56,0.3107,1.6006,-2.663,-1.8977,-5.7783,0.0,0.0
1779744289735,1,Pitching Mound.Drive,,Loading,pitch.0,700524,4.302,10.9212,77.3384,75.5302,48.0391,-16.9686,-0.0591,0.0929
1779744289735,1,Pitching Mound.Parent,,Loading,pitch.0,698985,3.6904,11.2369,79.189,72.9816,45.9032,-22.5715,-0.0574,0.0935
1779744289736,1,11.0000004b,Drive,Loading,pitch.0,700525,4.359,10.9098,77.1008,75.3046,48.1136,-17.117,-0.0594,0.0929
1779744289736,1,12.00000015,Lower Delivery,Loading,pitch.0,700610,-0.2376,0.0743,1.0452,-1.7563,-0.2967,-2.9105,0.0,0.0
1779744289736,1,12.00000018,Upper Delivery,Loading,pitch.0,701296,-0.3765,0.2559,0.6398,-1.4346,-1.3618,-2.8027,0.0,0.0
1779744289736,1,Pitching Mound.Delivery,,Loading,pitch.0,699662,-0.6258,0.3501,1.6539,-3.0947,-1.682,-5.7575,0.0,0.0
1779744289736,1,Pitching Mound.Drive,,Loading,pitch.0,700525,4.359,10.9098,77.1008,75.3046,48.1136,-17.117,-0.0594,0.0929
1779744289736,1,Pitching Mound.Parent,,Loading,pitch.0,698986,3.6762,11.2713,78.9923,72.4354,46.3571,-22.7262,-0.0579,0.0926
1779744289737,1,11.0000004b,Drive,Loading,pitch.0,700526,4.4118,10.9061,76.8288,75.1168,48.0205,-17.2812,-0.0595,0.093
1779744289737,1,12.00000015,Lower Delivery,Loading,pitch.0,700611,-0.2228,0.0834,1.0511,-1.988,-0.0035,-2.906,0.0,0.0
1779744289737,1,12.00000018,Upper Delivery,Loading,pitch.0,701297,-0.3601,0.2563,0.6008,-1.5231,-1.3808,-2.7956,0.0,0.0
1779744289737,1,Pitching Mound.Delivery,,Loading,pitch.0,699663,-0.5977,0.3306,1.646,-3.1283,-1.6775,-5.7478,0.0,0.0
1779744289737,1,Pitching Mound.Drive,,Loading,pitch.0,700526,4.4118,10.9061,76.8288,75.1168,48.0205,-17.2812,-0.0595,0.093
1779744289737,1,Pitching Mound.Parent,,Loading,pitch.0,698987,3.7613,11.2404,78.7469,72.1763,46.4361,-22.8647,-0.0581,0.0929
1779744289738,1,11.0000004b,Drive,Loading,pitch.0,700527,4.4701,10.9075,76.5342,74.9427,48.0902,-17.4317,-0.0598,0.0932
1779744289738,1,12.00000015,Lower Delivery,Loading,pitch.0,700612,-0.1885,0.0904,1.0926,-1.6191,0.1888,-2.9027,0.0,0.0
1779744289738,1,12.00000018,Upper Delivery,Loading,pitch.0,701298,-0.362,0.2743,0.6234,-1.5435,-1.4301,-2.7274,0.0,0.0
1779744289738,1,Pitching Mound.Delivery,,Loading,pitch.0,699664,-0.5848,0.3577,1.6745,-3.3861,-1.4336,-5.6806,0.0,0.0
1779744289738,1,Pitching Mound.Drive,,Loading,pitch.0,700527,4.4701,10.9075,76.5342,74.9427,48.0902,-17.4317,-0.0598,0.0932
1779744289738,1,Pitching Mound.Parent,,Loading,pitch.0,698988,3.827,11.2638,78.5033,71.7307,46.5869,-22.9618,-0.0582,0.0929
1779744289739,1,11.0000004b,Drive,Loading,pitch.0,700528,4.5376,10.9013,76.4326,74.8433,48.1474,-17.5861,-0.0599,0.0932
1779744289739,1,12.00000015,Lower Delivery,Loading,pitch.0,700613,-0.1901,0.0777,1.1039,-1.5926,0.176,-2.932,0.0,0.0
1779744289739,1,12.00000018,Upper Delivery,Loading,pitch.0,701299,-0.3539,0.2603,0.5803,-1.4701,-1.3523,-2.7194,0.0,0.0
1779744289739,1,Pitching Mound.Delivery,,Loading,pitch.0,699665,-0.5424,0.3508,1.6729,-2.915,-1.1636,-5.6783,0.0,0.0
1779744289739,1,Pitching Mound.Drive,,Loading,pitch.0,700528,4.5376,10.9013,76.4326,74.8433,48.1474,-17.5861,-0.0599,0.0932
1779744289739,1,Pitching Mound.Parent,,Loading,pitch.0,698989,3.9277,11.2583,78.2071,72.0276,46.9266,-23.1101,-0.0585,0.0934
1779744289740,1,11.0000004b,Drive,Loading,pitch.0,700529,4.5986,10.9039,76.1946,74.714,48.1098,-17.7257,-0.0601,0.0933
1779744289740,1,12.00000015,Lower Delivery,Loading,pitch.0,700614,-0.1816,0.0759,1.0366,-1.4549,0.1968,-2.9051,0.0,0.0
1779744289740,1,12.00000018,Upper Delivery,Loading,pitch.0,701300,-0.3384,0.2336,0.4851,-1.5925,-1.4746,-2.7444,0.0,0.0
1779744289740,1,Pitching Mound.Delivery,,Loading,pitch.0,699666,-0.5285,0.3113,1.589,-2.9747,-1.2986,-5.7268,0.0,0.0
1779744289740,1,Pitching Mound.Drive,,Loading,pitch.0,700529,4.5986,10.9039,76.1946,74.714,48.1098,-17.7257,-0.0601,0.0933
1779744289740,1,Pitching Mound.Parent,,Loading,pitch.0,698990,4.0091,11.2126,78.0215,71.8687,46.8488,-23.3129,-0.0587,0.094
1779744289741,1,11.0000004b,Drive,Loading,pitch.0,700530,4.6656,10.8926,76.055,74.5728,48.2242,-17.8532,-0.0603,0.0933
1779744289741,1,12.00000015,Lower Delivery,Loading,pitch.0,700615,-0.1753,0.0903,1.0629,-1.6602,0.0841,-2.9267,0.0,0.0
1779744289741,1,12.00000018,Upper Delivery,Loading,pitch.0,701301,-0.3702,0.27,0.6176,-1.5193,-1.3566,-2.7644,0.0,0.0
1779744289741,1,Pitching Mound.Delivery,,Loading,pitch.0,699667,-0.5518,0.3458,1.6542,-2.8317,-1.1598,-5.7336,0.0,0.0
1779744289741,1,Pitching Mound.Drive,,Loading,pitch.0,700530,4.6656,10.8926,76.055,74.5728,48.2242,-17.8532,-0.0603,0.0933
1779744289741,1,Pitching Mound.Parent,,Loading,pitch.0,698991,4.0468,11.2497,77.8488,71.8823,46.9499,-23.4592,-0.0588,0.0931
1779744289742,1,11.0000004b,Drive,Loading,pitch.0,700531,4.73,10.8827,75.9533,74.4724,48.2661,-17.9908,-0.0605,0.0933
1779744289742,1,12.00000015,Lower Delivery,Loading,pitch.0,700616,-0.1997,0.0881,1.0696,-1.5302,0.0506,-2.9023,0.0,0.0
1779744289742,1,12.00000018,Upper Delivery,Loading,pitch.0,701302,-0.3571,0.2837,0.6285,-1.2999,-1.1718,-2.7007,0.0,0.0
1779744289742,1,Pitching Mound.Delivery,,Loading,pitch.0,699668,-0.5324,0.3739,1.6914,-2.8124,-1.0877,-5.6893,0.0,0.0
1779744289742,1,Pitching Mound.Drive,,Loading,pitch.0,700531,4.73,10.8827,75.9533,74.4724,48.2661,-17.9908,-0.0605,0.0933
1779744289742,1,Pitching Mound.Parent,,Loading,pitch.0,698992,4.1332,11.2666,77.7464,71.7604,47.1365,-23.5424,-0.059,0.0931
1779744289743,1,11.0000004b,Drive,Loading,pitch.0,700532,4.7855,10.8506,75.7148,74.2461,48.1853,-18.1048,-0.0605,0.0933
1779744289743,1,12.00000015,Lower Delivery,Loading,pitch.0,700617,-0.1913,0.103,1.0764,-1.5114,0.2087,-2.9126,0.0,0.0
1779744289743,1,12.00000018,Upper Delivery,Loading,pitch.0,701303,-0.2991,0.2346,0.4692,-1.3534,-1.2255,-2.7606,0.0,0.0
1779744289743,1,Pitching Mound.Delivery,,Loading,pitch.0,699669,-0.4988,0.3227,1.5388,-2.6795,-1.175,-5.6967,0.0,0.0
1779744289743,1,Pitching Mound.Drive,,Loading,pitch.0,700532,4.7855,10.8506,75.7148,74.2461,48.1853,-18.1048,-0.0605,0.0933
1779744289743,1,Pitching Mound.Parent,,Loading,pitch.0,698993,4.2312,11.2055,77.4922,71.7929,47.0911,-23.6875,-0.0593,0.0941
1779744289744,1,11.0000004b,Drive,Loading,pitch.0,700533,4.8544,10.8475,75.6439,74.1684,48.2323,-18.2332,-0.0607,0.0933
1779744289744,1,12.00000015,Lower Delivery,Loading,pitch.0,700618,-0.217,0.09,1.1101,-1.8246,0.1528,-2.9498,0.0,0.0
1779744289744,1,12.00000018,Upper Delivery,Loading,pitch.0,701304,-0.2887,0.2372,0.4741,-1.2436,-1.107,-2.7864,0.0,0.0
1779744289744,1,Pitching Mound.Delivery,,Loading,pitch.0,699670,-0.48,0.3402,1.5505,-2.5503,-0.8983,-5.7322,0.0,0.0
1779744289744,1,Pitching Mound.Drive,,Loading,pitch.0,700533,4.8544,10.8475,75.6439,74.1684,48.2323,-18.2332,-0.0607,0.0933
1779744289744,1,Pitching Mound.Parent,,Loading,pitch.0,698994,4.3055,11.1908,77.2653,71.6958,47.287,-23.8369,-0.0593,0.0941
1779744289745,1,11.0000004b,Drive,Loading,pitch.0,700534,4.9011,10.8261,75.5029,73.9544,48.2294,-18.3397,-0.0608,0.0932
1779744289745,1,12.00000015,Lower Delivery,Loading,pitch.0,700619,-0.2655,0.0838,1.045,-1.7483,0.1247,-2.943,0.0,0.0
1779744289745,1,12.00000018,Upper Delivery,Loading,pitch.0,701305,-0.2916,0.2288,0.4747,-1.3009,-1.1686,-2.777,0.0,0.0
1779744289745,1,Pitching Mound.Delivery,,Loading,pitch.0,699671,-0.5085,0.3188,1.5848,-2.9094,-1.0158,-5.7522,0.0,0.0
1779744289745,1,Pitching Mound.Drive,,Loading,pitch.0,700534,4.9011,10.8261,75.5029,73.9544,48.2294,-18.3397,-0.0608,0.0932
1779744289745,1,Pitching Mound.Parent,,Loading,pitch.0,698995,4.3458,11.1663,77.2287,71.259,47.2165,-23.9854,-0.0594,0.0942
1779744289746,1,11.0000004b,Drive,Loading,pitch.0,700535,4.9565,10.817,75.349,73.8508,48.1192,-18.4465,-0.0608,0.0932
1779744289746,1,12.00000015,Lower Delivery,Loading,pitch.0,700620,-0.2662,0.0965,1.0009,-1.6044,0.0204,-2.9701,0.0,0.0
1779744289746,1,12.00000018,Upper Delivery,Loading,pitch.0,701306,-0.2642,0.2327,0.4868,-1.341,-1.2109,-2.7846,0.0,0.0
1779744289746,1,Pitching Mound.Delivery,,Loading,pitch.0,699672,-0.5297,0.3164,1.5318,-2.8995,-1.0863,-5.7272,0.0,0.0
1779744289746,1,Pitching Mound.Drive,,Loading,pitch.0,700535,4.9565,10.817,75.349,73.8508,48.1192,-18.4465,-0.0608,0.0932
1779744289746,1,Pitching Mound.Parent,,Loading,pitch.0,698996,4.3714,11.1425,77.0347,71.0549,47.1431,-24.0668,-0.0596,0.0938
1779744289747,1,11.0000004b,Drive,Loading,pitch.0,700536,5.0121,10.7953,75.3414,73.8298,48.1701,-18.555,-0.0608,0.0932
1779744289747,1,12.00000015,Lower Delivery,Loading,pitch.0,700621,-0.3061,0.1156,1.0066,-1.5991,0.125,-2.9027,0.0,0.0
1779744289747,1,12.00000018,Upper Delivery,Loading,pitch.0,701307,-0.2595,0.1991,0.5419,-1.3463,-1.2151,-2.8119,0.0,0.0
1779744289747,1,Pitching Mound.Delivery,,Loading,pitch.0,699673,-0.5257,0.2957,1.5428,-2.7947,-1.1947,-5.7797,0.0,0.0
1779744289747,1,Pitching Mound.Drive,,Loading,pitch.0,700536,5.0121,10.7953,75.3414,73.8298,48.1701,-18.555,-0.0608,0.0932
1779744289747,1,Pitching Mound.Parent,,Loading,pitch.0,698997,4.4308,11.1127,76.8918,71.0561,46.9244,-24.2262,-0.0595,0.0934
1779744289748,1,11.0000004b,Drive,Loading,pitch.0,700537,5.0524,10.7753,75.2443,73.7151,48.2895,-18.6599,-0.0611,0.0932
1779744289748,1,12.00000015,Lower Delivery,Loading,pitch.0,700622,-0.3055,0.1039,0.995,-1.5378,0.0489,-2.8982,0.0,0.0
1779744289748,1,12.00000018,Upper Delivery,Loading,pitch.0,701308,-0.27,0.1965,0.5211,-1.3329,-1.0849,-2.8587,0.0,0.0
1779744289748,1,Pitching Mound.Delivery,,Loading,pitch.0,699674,-0.5762,0.3121,1.5277,-2.767,-0.9599,-5.7491,0.0,0.0
1779744289748,1,Pitching Mound.Drive,,Loading,pitch.0,700537,5.0524,10.7753,75.2443,73.7151,48.2895,-18.6599,-0.0611,0.0932
1779744289748,1,Pitching Mound.Parent,,Loading,pitch.0,698998,4.436,11.1075,76.8691,71.0629,47.2103,-24.3041,-0.0596,0.0935
1779744289749,1,11.0000004b,Drive,Loading,pitch.0,700538,5.0985,10.7577,75.0162,73.5223,48.1466,-18.7565,-0.0611,0.0932
1779744289749,1,12.00000015,Lower Delivery,Loading,pitch.0,700623,-0.3326,0.1061,1.0625,-1.5855,-0.1686,-2.9103,0.0,0.0
1779744289749,1,12.00000018,Upper Delivery,Loading,pitch.0,701309,-0.2818,0.1719,0.5245,-1.1432,-1.3605,-2.8875,0.0,0.0
1779744289749,1,Pitching Mound.Delivery,,Loading,pitch.0,699675,-0.5874,0.2759,1.5195,-2.521,-1.3116,-5.7776,0.0,0.0
1779744289749,1,Pitching Mound.Drive,,Loading,pitch.0,700538,5.0985,10.7577,75.0162,73.5223,48.1466,-18.7565,-0.0611,0.0932
1779744289749,1,Pitching Mound.Parent,,Loading,pitch.0,698999,4.465,11.0511,76.7638,71.194,46.9779,-24.4375,-0.0598,0.0934
1779744289750,1,11.0000004b,Drive,Loading,pitch.0,700539,5.1389,10.7419,74.797,73.356,48.1513,-18.859,-0.0612,0.0933
1779744289750,1,12.00000015,Lower Delivery,Loading,pitch.0,700624,-0.3083,0.1432,1.1325,-1.5016,0.1749,-2.9085,0.0,0.0
1779744289750,1,12.00000018,Upper Delivery,Loading,pitch.0,701311,-0.2508,0.1613,0.4661,-1.135,-1.3161,-2.9082,0.0,0.0
1779744289750,1,12.00000018,Upper Delivery,Loading,pitch.0,701310,-0.2722,0.1882,0.5517,-1.1706,-1.2904,-2.8483,0.0,0.0
1779744289750,1,Pitching Mound.Delivery,,Loading,pitch.0,699676,-0.6048,0.2943,1.6142,-2.5824,-1.4589,-5.7381,0.0,0.0
1779744289750,1,Pitching Mound.Delivery,,Loading,pitch.0,699677,-0.5591,0.3044,1.5986,-2.41,-1.1412,-5.7971,0.0,0.0
1779744289750,1,Pitching Mound.Drive,,Loading,pitch.0,700539,5.1389,10.7419,74.797,73.356,48.1513,-18.859,-0.0612,0.0933
1779744289750,1,Pitching Mound.Parent,,Loading,pitch.0,699001,4.5798,11.0464,76.3957,70.9459,47.01,-24.6561,-0.06,0.0943
1779744289750,1,Pitching Mound.Parent,,Loading,pitch.0,699000,4.4937,11.0519,76.6304,70.9398,46.6876,-24.4947,-0.0598,0.0935
1779744289751,1,11.0000004b,Drive,Loading,pitch.0,700540,5.179,10.7117,74.6479,73.1569,47.989,-18.9684,-0.0612,0.0932
1779744289751,1,12.00000015,Lower Delivery,Loading,pitch.0,700625,-0.3155,0.1297,1.1258,-1.5062,0.2129,-2.9505,0.0,0.0
1779744289751,1,12.00000018,Upper Delivery,Loading,pitch.0,701312,-0.263,0.166,0.4566,-1.4629,-1.1829,-2.9672,0.0,0.0
1779744289751,1,Pitching Mound.Delivery,,Loading,pitch.0,699678,-0.5785,0.2956,1.5823,-2.7415,-0.9701,-5.8999,0.0,0.0
1779744289751,1,Pitching Mound.Drive,,Loading,pitch.0,700540,5.179,10.7117,74.6479,73.1569,47.989,-18.9684,-0.0612,0.0932
1779744289751,1,Pitching Mound.Parent,,Loading,pitch.0,699002,4.6005,11.0074,76.2302,70.4154,47.0189,-24.8683,-0.0599,0.0943
1779744289752,1,11.0000004b,Drive,Loading,pitch.0,700541,5.2168,10.6802,74.4754,73.0387,47.7632,-19.0606,-0.061,0.0933
1779744289752,1,12.00000015,Lower Delivery,Loading,pitch.0,700626,-0.2689,0.1166,1.0762,-1.4866,0.0963,-2.9285,0.0,0.0
1779744289752,1,12.00000018,Upper Delivery,Loading,pitch.0,701313,-0.287,0.1841,0.4972,-1.5262,-1.2401,-3.0133,0.0,0.0
1779744289752,1,Pitching Mound.Delivery,,Loading,pitch.0,699679,-0.5559,0.3007,1.5734,-2.816,-1.1439,-5.9479,0.0,0.0
1779744289752,1,Pitching Mound.Drive,,Loading,pitch.0,700541,5.2168,10.6802,74.4754,73.0387,47.7632,-19.0606,-0.061,0.0933
1779744289752,1,Pitching Mound.Parent,,Loading,pitch.0,699003,4.6609,10.9809,76.0488,70.2227,46.6193,-25.0086,-0.0597,0.094
1779744289753,1,11.0000004b,Drive,Loading,pitch.0,700542,5.237,10.652,74.2466,72.8814,47.6784,-19.1608,-0.0611,0.0934
1779744289753,1,12.00000015,Lower Delivery,Loading,pitch.0,700627,-0.2559,0.1317,1.0448,-1.2314,0.0279,-2.9647,0.0,0.0
1779744289753,1,12.00000018,Upper Delivery,Loading,pitch.0,701314,-0.3078,0.2023,0.5256,-1.7691,-1.3697,-2.9958,0.0,0.0
1779744289753,1,Pitching Mound.Delivery,,Loading,pitch.0,699680,-0.5637,0.334,1.5704,-2.824,-1.3418,-5.9782,0.0,0.0
1779744289753,1,Pitching Mound.Drive,,Loading,pitch.0,700542,5.237,10.652,74.2466,72.8814,47.6784,-19.1608,-0.0611,0.0934
1779744289753,1,Pitching Mound.Parent,,Loading,pitch.0,699004,4.6733,10.9859,75.817,70.0574,46.3366,-25.1391,-0.0598,0.0938
1779744289754,1,11.0000004b,Drive,Loading,pitch.0,700543,5.2663,10.6318,74.2013,72.8836,47.5451,-19.2268,-0.061,0.0934
1779744289754,1,12.00000015,Lower Delivery,Loading,pitch.0,700628,-0.2645,0.0848,0.9315,-0.9124,-0.2836,-2.9299,0.0,0.0
1779744289754,1,12.00000018,Upper Delivery,Loading,pitch.0,701315,-0.2751,0.1672,0.4857,-1.719,-1.3035,-2.9463,0.0,0.0
1779744289754,1,Pitching Mound.Delivery,,Loading,pitch.0,699681,-0.5396,0.2519,1.4172,-2.4798,-1.5871,-5.8799,0.0,0.0
1779744289754,1,Pitching Mound.Drive,,Loading,pitch.0,700543,5.2663,10.6318,74.2013,72.8836,47.5451,-19.2268,-0.061,0.0934
1779744289754,1,Pitching Mound.Parent,,Loading,pitch.0,699005,4.7268,10.8837,75.6185,70.4039,45.958,-25.1067,-0.0598,0.0937
1779744289755,1,11.0000004b,Drive,Loading,pitch.0,700544,5.288,10.598,73.9518,72.6673,47.4455,-19.302,-0.061,0.0935
1779744289755,1,12.00000015,Lower Delivery,Loading,pitch.0,700629,-0.2543,0.0764,0.7062,-1.0902,-0.4598,-2.9157,0.0,0.0
1779744289755,1,Pitching Mound.Drive,,Loading,pitch.0,700544,5.288,10.598,73.9518,72.6673,47.4455,-19.302,-0.061,0.0935
1779744289756,1,11.0000004b,Drive,Loading,pitch.0,700545,5.3262,10.5693,73.788,72.5672,47.273,-19.3739,-0.0609,0.0936
1779744289756,1,12.00000015,Lower Delivery,Loading,pitch.0,700630,-0.2484,0.0745,0.687,-0.7903,-0.5431,-2.9148,0.0,0.0
1779744289756,1,12.00000018,Upper Delivery,Loading,pitch.0,701317,-0.2471,0.164,0.3999,-1.8444,-1.1208,-2.8028,0.0,0.0
1779744289756,1,12.00000018,Upper Delivery,Loading,pitch.0,701316,-0.2728,0.1732,0.4558,-1.6633,-1.1115,-2.8881,0.0,0.0
1779744289756,1,Pitching Mound.Delivery,,Loading,pitch.0,699682,-0.5272,0.2495,1.162,-2.6683,-1.5713,-5.8101,0.0,0.0
1779744289756,1,Pitching Mound.Delivery,,Loading,pitch.0,699683,-0.4955,0.2385,1.0869,-2.5371,-1.6639,-5.7171,0.0,0.0
1779744289756,1,Pitching Mound.Drive,,Loading,pitch.0,700545,5.3262,10.5693,73.788,72.5672,47.273,-19.3739,-0.0609,0.0936
1779744289756,1,Pitching Mound.Parent,,Loading,pitch.0,699006,4.7608,10.8475,75.1139,69.999,45.8742,-25.1121,-0.0601,0.0932
1779744289756,1,Pitching Mound.Parent,,Loading,pitch.0,699007,4.8307,10.8078,74.8749,70.03,45.6091,-25.091,-0.0601,0.0935
1779744289757,1,11.0000004b,Drive,Loading,pitch.0,700546,5.3408,10.5308,73.5675,72.4169,46.9977,-19.4111,-0.0608,0.0936
1779744289757,1,12.00000015,Lower Delivery,Loading,pitch.0,700631,-0.2335,0.0658,0.499,-1.0863,-0.6159,-2.8809,0.0,0.0
1779744289757,1,Pitching Mound.Drive,,Loading,pitch.0,700546,5.3408,10.5308,73.5675,72.4169,46.9977,-19.4111,-0.0608,0.0936
1779744289758,1,11.0000004b,Drive,Loading,pitch.0,700547,5.3525,10.5052,73.2114,72.2132,46.8947,-19.4442,-0.0609,0.0938
1779744289758,1,12.00000015,Lower Delivery,Loading,pitch.0,700632,-0.2229,0.063,0.4404,-0.8024,-0.6972,-2.8964,0.0,0.0
1779744289758,1,12.00000018,Upper Delivery,Loading,pitch.0,701318,-0.2847,0.1984,0.4614,-1.8132,-0.8652,-2.796,0.0,0.0
1779744289758,1,Pitching Mound.Delivery,,Loading,pitch.0,699684,-0.5181,0.2642,0.9604,-2.8867,-1.4811,-5.6943,0.0,0.0
1779744289758,1,Pitching Mound.Drive,,Loading,pitch.0,700547,5.3525,10.5052,73.2114,72.2132,46.8947,-19.4442,-0.0609,0.0938
1779744289758,1,Pitching Mound.Parent,,Loading,pitch.0,699008,4.8227,10.795,74.5279,69.5302,45.5165,-25.1054,-0.06,0.0926
1779744289759,1,11.0000004b,Drive,Loading,pitch.0,700548,5.3609,10.4854,72.9343,71.9942,46.5847,-19.4354,-0.0608,0.0939
1779744289759,1,12.00000015,Lower Delivery,Loading,pitch.0,700633,-0.2313,0.0653,0.4581,-1.1511,-0.3485,-2.8908,0.0,0.0
1779744289759,1,12.00000018,Upper Delivery,Loading,pitch.0,701319,-0.2378,0.185,0.4007,-1.5162,-1.305,-2.7147,0.0,0.0
1779744289759,1,12.00000018,Upper Delivery,Loading,pitch.0,701320,-0.2391,0.1707,0.4039,-1.3977,-1.2767,-2.6891,0.0,0.0
1779744289759,1,Pitching Mound.Delivery,,Loading,pitch.0,699686,-0.4704,0.236,0.862,-2.5303,-1.6253,-5.5825,0.0,0.0
1779744289759,1,Pitching Mound.Delivery,,Loading,pitch.0,699685,-0.4608,0.248,0.8411,-2.3051,-2.0022,-5.6161,0.0,0.0
1779744289759,1,Pitching Mound.Drive,,Loading,pitch.0,700548,5.3609,10.4854,72.9343,71.9942,46.5847,-19.4354,-0.0608,0.0939
1779744289759,1,Pitching Mound.Parent,,Loading,pitch.0,699010,4.8905,10.7213,73.7963,69.4639,44.9595,-25.0179,-0.0601,0.0931
1779744289759,1,Pitching Mound.Parent,,Loading,pitch.0,699009,4.8917,10.7532,74.0525,69.9081,44.8925,-25.0604,-0.0602,0.0929
1779744289760,1,11.0000004b,Drive,Loading,pitch.0,700549,5.3736,10.474,72.7791,71.9433,46.3501,-19.4963,-0.0606,0.094
1779744289760,1,12.00000015,Lower Delivery,Loading,pitch.0,700634,-0.2234,0.0638,0.3627,-1.1811,-0.514,-2.8948,0.0,0.0
1779744289760,1,Pitching Mound.Drive,,Loading,pitch.0,700549,5.3736,10.474,72.7791,71.9433,46.3501,-19.4963,-0.0606,0.094
1779744289761,1,11.0000004b,Drive,Loading,pitch.0,700550,5.3857,10.4498,72.524,71.7327,46.2221,-19.5514,-0.0606,0.0941
1779744289761,1,12.00000015,Lower Delivery,Loading,pitch.0,700635,-0.2393,0.0652,0.3151,-1.3924,-0.5765,-2.8913,0.0,0.0
1779744289761,1,12.00000018,Upper Delivery,Loading,pitch.0,701321,-0.2432,0.1692,0.3894,-1.3615,-1.239,-2.6734,0.0,0.0
1779744289761,1,12.00000018,Upper Delivery,Loading,pitch.0,701322,-0.2366,0.184,0.3976,-1.1784,-1.0483,-2.5922,0.0,0.0
1779744289761,1,Pitching Mound.Delivery,,Loading,pitch.0,699687,-0.4666,0.2331,0.7521,-2.5517,-1.753,-5.5749,0.0,0.0
1779744289761,1,Pitching Mound.Delivery,,Loading,pitch.0,699688,-0.4759,0.2492,0.7127,-2.5989,-1.6248,-5.4826,0.0,0.0
1779744289761,1,Pitching Mound.Drive,,Loading,pitch.0,700550,5.3857,10.4498,72.524,71.7327,46.2221,-19.5514,-0.0606,0.0941
1779744289761,1,Pitching Mound.Parent,,Loading,pitch.0,699011,4.9069,10.7071,73.5312,69.3917,44.5971,-25.0712,-0.06,0.093
1779744289761,1,Pitching Mound.Parent,,Loading,pitch.0,699012,4.9099,10.6991,73.2367,69.1338,44.5973,-25.034,-0.06,0.0928
1779744289762,1,11.0000004b,Drive,Loading,pitch.0,700551,5.4056,10.4344,72.2133,71.6156,45.8806,-19.552,-0.0604,0.0943
1779744289762,1,12.00000015,Lower Delivery,Loading,pitch.0,700636,-0.22,0.0649,0.3597,-1.5275,-0.3151,-2.8599,0.0,0.0
1779744289762,1,Pitching Mound.Drive,,Loading,pitch.0,700551,5.4056,10.4344,72.2133,71.6156,45.8806,-19.552,-0.0604,0.0943
1779744289763,1,11.0000004b,Drive,Loading,pitch.0,700552,5.4137,10.4143,72.0277,71.3986,45.7644,-19.6204,-0.0604,0.0943
1779744289763,1,12.00000015,Lower Delivery,Loading,pitch.0,700637,-0.2325,0.0676,0.3941,-1.5654,-0.0877,-2.8863,0.0,0.0
1779744289763,1,12.00000018,Upper Delivery,Loading,pitch.0,701323,-0.2476,0.1818,0.3887,-0.954,-0.8114,-2.5479,0.0,0.0
1779744289763,1,12.00000018,Upper Delivery,Loading,pitch.0,701324,-0.2182,0.1743,0.3775,-0.5064,-0.3388,-2.462,0.0,0.0
1779744289763,1,Pitching Mound.Delivery,,Loading,pitch.0,699689,-0.4676,0.2467,0.7484,-2.4914,-1.1265,-5.4172,0.0,0.0
1779744289763,1,Pitching Mound.Delivery,,Loading,pitch.0,699690,-0.4507,0.2419,0.7716,-2.0661,-0.4265,-5.3435,0.0,0.0
1779744289763,1,Pitching Mound.Drive,,Loading,pitch.0,700552,5.4137,10.4143,72.0277,71.3986,45.7644,-19.6204,-0.0604,0.0943
1779744289763,1,Pitching Mound.Parent,,Loading,pitch.0,699013,4.938,10.6811,72.9617,69.1242,44.7542,-24.9691,-0.0598,0.0932
1779744289763,1,Pitching Mound.Parent,,Loading,pitch.0,699014,4.963,10.6562,72.7993,69.3324,45.3379,-24.9639,-0.0598,0.0934
1779744289764,1,11.0000004b,Drive,Loading,pitch.0,700553,5.4133,10.3971,71.6607,71.0888,45.5091,-19.6427,-0.0604,0.0944
1779744289764,1,12.00000015,Lower Delivery,Loading,pitch.0,700638,-0.2265,0.0691,0.4759,-1.7626,-0.1958,-2.889,0.0,0.0
1779744289764,1,12.00000018,Upper Delivery,Loading,pitch.0,701325,-0.2071,0.1422,0.3189,-0.4817,-0.3123,-2.4656,0.0,0.0
1779744289764,1,Pitching Mound.Delivery,,Loading,pitch.0,699691,-0.4336,0.2112,0.7949,-2.1909,-0.5081,-5.3479,0.0,0.0
1779744289764,1,Pitching Mound.Drive,,Loading,pitch.0,700553,5.4133,10.3971,71.6607,71.0888,45.5091,-19.6427,-0.0604,0.0944
1779744289764,1,Pitching Mound.Parent,,Loading,pitch.0,699015,4.9797,10.6083,72.4556,68.8978,45.0011,-24.9906,-0.0598,0.0941
1779744289765,1,11.0000004b,Drive,Loading,pitch.0,700554,5.4206,10.368,71.3914,70.7933,45.3244,-19.7083,-0.0604,0.0943
1779744289765,1,12.00000015,Lower Delivery,Loading,pitch.0,700639,-0.2471,0.0954,0.5632,-1.7435,-0.1224,-2.8783,0.0,0.0
1779744289765,1,Pitching Mound.Drive,,Loading,pitch.0,700554,5.4206,10.368,71.3914,70.7933,45.3244,-19.7083,-0.0604,0.0943
1779744289766,1,11.0000004b,Drive,Loading,pitch.0,700555,5.4318,10.3409,71.2735,70.5576,45.1665,-19.755,-0.0603,0.0942
1779744289766,1,12.00000015,Lower Delivery,Loading,pitch.0,700640,-0.1983,0.1081,0.7048,-1.7412,-0.0738,-2.8736,0.0,0.0
1779744289766,1,12.00000018,Upper Delivery,Loading,pitch.0,701326,-0.2356,0.1584,0.3278,-0.5754,-0.4091,-2.5217,0.0,0.0
1779744289766,1,12.00000018,Upper Delivery,Loading,pitch.0,701327,-0.2268,0.1773,0.3439,-0.7563,-0.6011,-2.5371,0.0,0.0
1779744289766,1,Pitching Mound.Delivery,,Loading,pitch.0,699692,-0.4827,0.2537,0.891,-2.2389,-0.5315,-5.3962,0.0,0.0
1779744289766,1,Pitching Mound.Delivery,,Loading,pitch.0,699693,-0.4251,0.2854,1.0487,-2.3748,-0.6749,-5.4203,0.0,0.0
1779744289766,1,Pitching Mound.Drive,,Loading,pitch.0,700555,5.4318,10.3409,71.2735,70.5576,45.1665,-19.755,-0.0603,0.0942
1779744289766,1,Pitching Mound.Parent,,Loading,pitch.0,699017,5.0067,10.6263,72.3222,68.1828,44.4916,-25.1753,-0.0594,0.0945
1779744289766,1,Pitching Mound.Parent,,Loading,pitch.0,699016,4.9379,10.6218,72.2824,68.5544,44.7929,-25.1044,-0.0597,0.0943
1779744289767,1,11.0000004b,Drive,Loading,pitch.0,700556,5.442,10.3325,71.0624,70.4477,45.1253,-19.8079,-0.0604,0.0943
1779744289767,1,12.00000015,Lower Delivery,Loading,pitch.0,700641,-0.2247,0.1069,0.8466,-1.672,-0.1623,-2.8486,0.0,0.0
1779744289767,1,12.00000018,Upper Delivery,Loading,pitch.0,701328,-0.2471,0.1747,0.4006,-0.628,-0.4637,-2.5469,0.0,0.0
1779744289767,1,Pitching Mound.Delivery,,Loading,pitch.0,699694,-0.4718,0.2816,1.2473,-2.1483,-0.626,-5.403,0.0,0.0
1779744289767,1,Pitching Mound.Drive,,Loading,pitch.0,700556,5.442,10.3325,71.0624,70.4477,45.1253,-19.8079,-0.0604,0.0943
1779744289767,1,Pitching Mound.Parent,,Loading,pitch.0,699018,4.9702,10.6141,72.3097,68.2994,44.4993,-25.2109,-0.0594,0.0948
1779744289768,1,11.0000004b,Drive,Loading,pitch.0,700557,5.4527,10.3,70.848,70.1206,45.0815,-19.8256,-0.0605,0.0942
1779744289768,1,12.00000015,Lower Delivery,Loading,pitch.0,700642,-0.2463,0.1092,0.8787,-1.5365,-0.2916,-2.893,0.0,0.0
1779744289768,1,12.00000018,Upper Delivery,Loading,pitch.0,701329,-0.2183,0.1571,0.2942,-0.3823,-0.2074,-2.4446,0.0,0.0
1779744289768,1,Pitching Mound.Delivery,,Loading,pitch.0,699695,-0.4646,0.2663,1.173,-1.72,-0.499,-5.3281,0.0,0.0
1779744289768,1,Pitching Mound.Drive,,Loading,pitch.0,700557,5.4527,10.3,70.848,70.1206,45.0815,-19.8256,-0.0605,0.0942
1779744289768,1,Pitching Mound.Parent,,Loading,pitch.0,699019,4.9881,10.5663,72.0209,68.4006,44.5825,-25.1537,-0.0595,0.0954
1779744289769,1,11.0000004b,Drive,Loading,pitch.0,700558,5.4632,10.2734,70.7556,69.9936,45.1737,-19.856,-0.0607,0.0941
1779744289769,1,12.00000015,Lower Delivery,Loading,pitch.0,700643,-0.2243,0.1058,0.9242,-1.4299,-0.2182,-2.8937,0.0,0.0
1779744289769,1,12.00000018,Upper Delivery,Loading,pitch.0,701330,-0.2352,0.177,0.2949,-0.01,0.1869,-2.3968,0.0,0.0
1779744289769,1,Pitching Mound.Delivery,,Loading,pitch.0,699696,-0.4595,0.2828,1.2191,-1.2259,-0.0312,-5.2942,0.0,0.0
1779744289769,1,Pitching Mound.Drive,,Loading,pitch.0,700558,5.4632,10.2734,70.7556,69.9936,45.1737,-19.856,-0.0607,0.0941
1779744289769,1,Pitching Mound.Parent,,Loading,pitch.0,699020,5.0036,10.5562,71.9746,68.7677,45.1424,-25.1503,-0.0597,0.0955
1779744289770,1,11.0000004b,Drive,Loading,pitch.0,700559,5.4788,10.2489,70.5293,69.8084,45.041,-19.897,-0.0608,0.0942
1779744289770,1,12.00000015,Lower Delivery,Loading,pitch.0,700644,-0.2291,0.0976,1.0316,-1.4063,-0.2421,-2.9406,0.0,0.0
1779744289770,1,12.00000018,Upper Delivery,Loading,pitch.0,701331,-0.1945,0.1593,0.2775,0.0306,0.226,-2.3209,0.0,0.0
1779744289770,1,Pitching Mound.Delivery,,Loading,pitch.0,699697,-0.4237,0.257,1.3091,-1.1193,-0.0161,-5.2497,0.0,0.0
1779744289770,1,Pitching Mound.Drive,,Loading,pitch.0,700559,5.4788,10.2489,70.5293,69.8084,45.041,-19.897,-0.0608,0.0942
1779744289770,1,Pitching Mound.Parent,,Loading,pitch.0,699021,5.0551,10.5058,71.8385,68.689,45.0248,-25.1467,-0.0596,0.096
1779744289771,1,11.0000004b,Drive,Loading,pitch.0,700560,5.4878,10.2147,70.3367,69.5377,44.9873,-19.9108,-0.0608,0.094
1779744289771,1,12.00000015,Lower Delivery,Loading,pitch.0,700645,-0.2239,0.0992,1.08,-1.2284,-0.0301,-2.92,0.0,0.0
1779744289771,1,12.00000018,Upper Delivery,Loading,pitch.0,701332,-0.2475,0.1762,0.3129,0.2079,0.4145,-2.3111,0.0,0.0
1779744289771,1,Pitching Mound.Delivery,,Loading,pitch.0,699698,-0.4714,0.2754,1.3929,-0.7597,0.3844,-5.2392,0.0,0.0
1779744289771,1,Pitching Mound.Drive,,Loading,pitch.0,700560,5.4878,10.2147,70.3367,69.5377,44.9873,-19.9108,-0.0608,0.094
1779744289771,1,Pitching Mound.Parent,,Loading,pitch.0,699022,5.0165,10.4901,71.7296,68.7779,45.3717,-25.15,-0.0597,0.0959
1779744289772,1,11.0000004b,Drive,Loading,pitch.0,700561,5.484,10.192,70.0373,69.3464,45.0164,-19.9187,-0.0611,0.0942
1779744289772,1,12.00000015,Lower Delivery,Loading,pitch.0,700646,-0.2182,0.0953,1.1209,-1.2168,0.1169,-2.8994,0.0,0.0
1779744289772,1,12.00000018,Upper Delivery,Loading,pitch.0,701333,-0.286,0.2189,0.3858,0.0671,0.2688,-2.3897,0.0,0.0
1779744289772,1,Pitching Mound.Delivery,,Loading,pitch.0,699699,-0.5041,0.3143,1.5067,-0.8998,0.3857,-5.3122,0.0,0.0
1779744289772,1,Pitching Mound.Drive,,Loading,pitch.0,700561,5.484,10.192,70.0373,69.3464,45.0164,-19.9187,-0.0611,0.0942
1779744289772,1,Pitching Mound.Parent,,Loading,pitch.0,699023,4.9799,10.5062,71.544,68.4467,45.4021,-25.2309,-0.0599,0.0957
1779744289773,1,11.0000004b,Drive,Loading,pitch.0,700562,5.4983,10.1763,69.7762,69.0957,44.8192,-19.9284,-0.0611,0.0942
1779744289773,1,12.00000015,Lower Delivery,Loading,pitch.0,700647,-0.2133,0.1038,1.1937,-1.1975,0.4692,-2.9567,0.0,0.0
1779744289773,1,12.00000018,Upper Delivery,Loading,pitch.0,701334,-0.313,0.2307,0.4304,-0.0073,0.1907,-2.4106,0.0,0.0
1779744289773,1,Pitching Mound.Delivery,,Loading,pitch.0,699700,-0.5264,0.3345,1.6241,-0.9452,0.6598,-5.4012,0.0,0.0
1779744289773,1,Pitching Mound.Drive,,Loading,pitch.0,700562,5.4983,10.1763,69.7762,69.0957,44.8192,-19.9284,-0.0611,0.0942
1779744289773,1,Pitching Mound.Parent,,Loading,pitch.0,699024,4.9719,10.5108,71.4002,68.1505,45.479,-25.3296,-0.0597,0.0957
1779744289774,1,11.0000004b,Drive,Loading,pitch.0,700563,5.4954,10.1567,69.5469,68.9322,44.677,-19.9312,-0.0611,0.0943
1779744289774,1,12.00000015,Lower Delivery,Loading,pitch.0,700648,-0.2169,0.1082,1.2535,-1.4278,0.2924,-2.9413,0.0,0.0
1779744289774,1,12.00000018,Upper Delivery,Loading,pitch.0,701335,-0.3939,0.2768,0.6116,-0.165,0.0221,-2.404,0.0,0.0
1779744289774,1,Pitching Mound.Delivery,,Loading,pitch.0,699701,-0.6108,0.385,1.865,-1.3745,0.3145,-5.4056,0.0,0.0
1779744289774,1,Pitching Mound.Drive,,Loading,pitch.0,700563,5.4954,10.1567,69.5469,68.9322,44.677,-19.9312,-0.0611,0.0943
1779744289774,1,Pitching Mound.Parent,,Loading,pitch.0,699025,4.8845,10.5417,71.4119,67.5577,44.9915,-25.3368,-0.0595,0.0949
1779744289775,1,11.0000004b,Drive,Loading,pitch.0,700564,5.4929,10.1356,69.2814,68.7984,44.5554,-19.9579,-0.0612,0.0945
1779744289775,1,12.00000015,Lower Delivery,Loading,pitch.0,700649,-0.2229,0.1089,1.251,-1.0436,0.3492,-2.917,0.0,0.0
1779744289775,1,12.00000018,Upper Delivery,Loading,pitch.0,701336,-0.3699,0.256,0.5515,-0.4426,-0.2718,-2.4441,0.0,0.0
1779744289775,1,Pitching Mound.Delivery,,Loading,pitch.0,699702,-0.5928,0.365,1.8025,-1.2483,0.0775,-5.4111,0.0,0.0
1779744289775,1,Pitching Mound.Drive,,Loading,pitch.0,700564,5.4929,10.1356,69.2814,68.7984,44.5554,-19.9579,-0.0612,0.0945
1779744289775,1,Pitching Mound.Parent,,Loading,pitch.0,699026,4.9001,10.5006,71.0839,67.55,44.6329,-25.369,-0.0596,0.0954
1779744289776,1,11.0000004b,Drive,Loading,pitch.0,700565,5.5001,10.1175,69.0979,68.7021,44.4331,-19.9699,-0.0612,0.0946
1779744289776,1,12.00000015,Lower Delivery,Loading,pitch.0,700650,-0.1908,0.1111,1.2901,-0.9084,0.2916,-2.955,0.0,0.0
1779744289776,1,12.00000018,Upper Delivery,Loading,pitch.0,701337,-0.3658,0.27,0.5735,-0.3901,-0.2164,-2.4328,0.0,0.0
1779744289776,1,Pitching Mound.Delivery,,Loading,pitch.0,699703,-0.5565,0.3811,1.8637,-1.0548,0.0752,-5.4474,0.0,0.0
1779744289776,1,Pitching Mound.Drive,,Loading,pitch.0,700565,5.5001,10.1175,69.0979,68.7021,44.4331,-19.9699,-0.0612,0.0946
1779744289776,1,Pitching Mound.Parent,,Loading,pitch.0,699027,4.9436,10.4986,70.9616,67.6473,44.5083,-25.4172,-0.0596,0.0955
1779744289777,1,11.0000004b,Drive,Loading,pitch.0,700566,5.4723,10.098,68.8099,68.5645,44.3964,-19.998,-0.0614,0.0948
1779744289777,1,12.00000015,Lower Delivery,Loading,pitch.0,700651,-0.2077,0.0969,1.2944,-1.0132,0.3063,-2.9821,0.0,0.0
1779744289777,1,12.00000018,Upper Delivery,Loading,pitch.0,701338,-0.4129,0.2884,0.6676,-0.6061,-0.4442,-2.4795,0.0,0.0
1779744289777,1,Pitching Mound.Delivery,,Loading,pitch.0,699704,-0.6206,0.3854,1.962,-1.4061,-0.1379,-5.5314,0.0,0.0
1779744289777,1,Pitching Mound.Drive,,Loading,pitch.0,700566,5.4723,10.098,68.8099,68.5645,44.3964,-19.998,-0.0614,0.0948
1779744289777,1,Pitching Mound.Parent,,Loading,pitch.0,699028,4.8517,10.4834,70.7719,67.1584,44.2585,-25.5293,-0.0597,0.0952
1779744289778,1,11.0000004b,Drive,Loading,pitch.0,700567,5.4644,10.0825,68.6159,68.4063,44.2983,-20.0407,-0.0614,0.0948
1779744289778,1,12.00000015,Lower Delivery,Loading,pitch.0,700652,-0.1713,0.096,1.2914,-1.1751,0.3931,-2.9935,0.0,0.0
1779744289778,1,12.00000018,Upper Delivery,Loading,pitch.0,701339,-0.3988,0.2701,0.622,-0.8604,-0.714,-2.5054,0.0,0.0
1779744289778,1,Pitching Mound.Delivery,,Loading,pitch.0,699705,-0.5701,0.3661,1.9133,-1.808,-0.3209,-5.5762,0.0,0.0
1779744289778,1,Pitching Mound.Drive,,Loading,pitch.0,700567,5.4644,10.0825,68.6159,68.4063,44.2983,-20.0407,-0.0614,0.0948
1779744289778,1,Pitching Mound.Parent,,Loading,pitch.0,699029,4.8943,10.4486,70.5293,66.5984,43.9774,-25.6169,-0.0597,0.0955
1779744289779,1,11.0000004b,Drive,Loading,pitch.0,700568,5.4496,10.0685,68.4167,68.3514,44.3713,-20.1061,-0.0617,0.095
1779744289779,1,12.00000015,Lower Delivery,Loading,pitch.0,700653,-0.1576,0.0764,1.2429,-1.1098,0.5455,-2.9998,0.0,0.0
1779744289779,1,12.00000018,Upper Delivery,Loading,pitch.0,701340,-0.3932,0.2518,0.595,-0.9363,-0.7952,-2.5001,0.0,0.0
1779744289779,1,Pitching Mound.Delivery,,Loading,pitch.0,699706,-0.5507,0.3282,1.8379,-1.8258,-0.2497,-5.5799,0.0,0.0
1779744289779,1,Pitching Mound.Drive,,Loading,pitch.0,700568,5.4496,10.0685,68.4167,68.3514,44.3713,-20.1061,-0.0617,0.095
1779744289779,1,Pitching Mound.Parent,,Loading,pitch.0,699030,4.8988,10.3967,70.2546,66.5255,44.1216,-25.6861,-0.0601,0.0957
1779744289780,1,11.0000004b,Drive,Loading,pitch.0,700569,5.4491,10.0481,68.1845,68.1528,44.2071,-20.1621,-0.0617,0.0951
1779744289780,1,12.00000015,Lower Delivery,Loading,pitch.0,700654,-0.1721,0.0665,1.1831,-1.0647,0.5031,-2.9599,0.0,0.0
1779744289780,1,12.00000018,Upper Delivery,Loading,pitch.0,701341,-0.3372,0.2165,0.459,-0.7432,-0.5905,-2.4787,0.0,0.0
1779744289780,1,Pitching Mound.Delivery,,Loading,pitch.0,699707,-0.5093,0.283,1.6421,-1.5617,-0.0874,-5.4947,0.0,0.0
1779744289780,1,Pitching Mound.Drive,,Loading,pitch.0,700569,5.4491,10.0481,68.1845,68.1528,44.2071,-20.1621,-0.0617,0.0951
1779744289780,1,Pitching Mound.Parent,,Loading,pitch.0,699031,4.9398,10.3311,69.8266,66.5911,44.1197,-25.6568,-0.0602,0.0964
1779744289781,1,11.0000004b,Drive,Loading,pitch.0,700570,5.4659,10.0261,67.9722,67.9569,44.1292,-20.191,-0.0618,0.0951
1779744289781,1,12.00000015,Lower Delivery,Loading,pitch.0,700655,-0.2049,0.0614,1.174,-1.2846,0.3498,-2.9832,0.0,0.0
1779744289781,1,12.00000018,Upper Delivery,Loading,pitch.0,701342,-0.3506,0.2387,0.5302,-0.6073,-0.4445,-2.4957,0.0,0.0
1779744289781,1,Pitching Mound.Delivery,,Loading,pitch.0,699708,-0.5555,0.3001,1.7042,-1.673,-0.0947,-5.5285,0.0,0.0
1779744289781,1,Pitching Mound.Drive,,Loading,pitch.0,700570,5.4659,10.0261,67.9722,67.9569,44.1292,-20.191,-0.0618,0.0951
1779744289781,1,Pitching Mound.Parent,,Loading,pitch.0,699032,4.9104,10.3262,69.6764,66.284,44.0345,-25.7195,-0.0602,0.0959
1779744289782,1,11.0000004b,Drive,Loading,pitch.0,700571,5.4724,10.0134,67.8016,67.7867,44.1414,-20.2767,-0.0619,0.0951
1779744289782,1,12.00000015,Lower Delivery,Loading,pitch.0,700656,-0.2184,0.0653,1.0833,-1.2491,0.3057,-2.9776,0.0,0.0
1779744289782,1,12.00000018,Upper Delivery,Loading,pitch.0,701343,-0.2746,0.1919,0.3843,-0.4045,-0.228,-2.5007,0.0,0.0
1779744289782,1,Pitching Mound.Delivery,,Loading,pitch.0,699709,-0.493,0.2572,1.4676,-1.4159,0.0777,-5.4974,0.0,0.0
1779744289782,1,Pitching Mound.Drive,,Loading,pitch.0,700571,5.4724,10.0134,67.8016,67.7867,44.1414,-20.2767,-0.0619,0.0951
1779744289782,1,Pitching Mound.Parent,,Loading,pitch.0,699033,4.9794,10.2706,69.2692,66.3708,44.2192,-25.7741,-0.0606,0.0965
1779744289783,1,11.0000004b,Drive,Loading,pitch.0,700572,5.4756,10.0027,67.7577,67.6743,44.1423,-20.341,-0.062,0.095
1779744289783,1,12.00000015,Lower Delivery,Loading,pitch.0,700657,-0.2188,0.0601,0.9598,-1.2522,0.1219,-2.943,0.0,0.0
1779744289783,1,12.00000018,Upper Delivery,Loading,pitch.0,701344,-0.2788,0.1903,0.3594,-0.6268,-0.4631,-2.5355,0.0,0.0
1779744289783,1,Pitching Mound.Delivery,,Loading,pitch.0,699710,-0.4976,0.2503,1.3192,-1.6749,-0.3412,-5.4989,0.0,0.0
1779744289783,1,Pitching Mound.Drive,,Loading,pitch.0,700572,5.4756,10.0027,67.7577,67.6743,44.1423,-20.341,-0.062,0.095
1779744289783,1,Pitching Mound.Parent,,Loading,pitch.0,699034,4.978,10.2531,69.0769,65.9994,43.8011,-25.8399,-0.0608,0.0962
1779744289784,1,11.0000004b,Drive,Loading,pitch.0,700573,5.4812,9.9815,67.6891,67.5405,44.1389,-20.4005,-0.062,0.0949
1779744289784,1,12.00000015,Lower Delivery,Loading,pitch.0,700658,-0.2409,0.065,0.8886,-1.5157,0.038,-2.8843,0.0,0.0
1779744289784,1,12.00000018,Upper Delivery,Loading,pitch.0,701345,-0.2686,0.1954,0.3738,-0.4438,-0.2723,-2.4584,0.0,0.0
1779744289784,1,Pitching Mound.Delivery,,Loading,pitch.0,699711,-0.5095,0.2604,1.2623,-1.7845,-0.2343,-5.3521,0.0,0.0
1779744289784,1,Pitching Mound.Drive,,Loading,pitch.0,700573,5.4812,9.9815,67.6891,67.5405,44.1389,-20.4005,-0.062,0.0949
1779744289784,1,Pitching Mound.Parent,,Loading,pitch.0,699035,4.9717,10.2419,68.9515,65.7561,43.9047,-25.7526,-0.0609,0.0957
1779744289785,1,11.0000004b,Drive,Loading,pitch.0,700574,5.5124,9.9793,67.5169,67.3886,44.0192,-20.4768,-0.062,0.0949
1779744289785,1,12.00000015,Lower Delivery,Loading,pitch.0,700659,-0.2063,0.0563,0.8346,-1.4233,0.1423,-2.9213,0.0,0.0
1779744289785,1,12.00000018,Upper Delivery,Loading,pitch.0,701346,-0.2806,0.2202,0.3985,-0.38,-0.2027,-2.4865,0.0,0.0
1779744289785,1,Pitching Mound.Delivery,,Loading,pitch.0,699712,-0.487,0.2765,1.2332,-1.655,-0.0604,-5.4331,0.0,0.0
1779744289785,1,Pitching Mound.Drive,,Loading,pitch.0,700574,5.5124,9.9793,67.5169,67.3886,44.0192,-20.4768,-0.062,0.0949
1779744289785,1,Pitching Mound.Parent,,Loading,pitch.0,699036,5.0254,10.2558,68.75,65.7336,43.9588,-25.9099,-0.0609,0.0954
1779744289786,1,11.0000004b,Drive,Loading,pitch.0,700575,5.5444,9.9675,67.396,67.2797,43.9271,-20.5466,-0.062,0.095
1779744289786,1,12.00000015,Lower Delivery,Loading,pitch.0,700660,-0.2594,0.0685,0.8335,-1.4123,0.0319,-2.9386,0.0,0.0
1779744289786,1,12.00000018,Upper Delivery,Loading,pitch.0,701347,-0.2741,0.2097,0.3962,-0.4508,-0.2793,-2.4665,0.0,0.0
1779744289786,1,Pitching Mound.Delivery,,Loading,pitch.0,699713,-0.5335,0.2782,1.2296,-1.7144,-0.2474,-5.4101,0.0,0.0
1779744289786,1,Pitching Mound.Drive,,Loading,pitch.0,700575,5.5444,9.9675,67.396,67.2797,43.9271,-20.5466,-0.062,0.095
1779744289786,1,Pitching Mound.Parent,,Loading,pitch.0,699037,5.011,10.2457,68.6257,65.5652,43.6798,-25.9567,-0.0609,0.0954
1779744289787,1,11.0000004b,Drive,Loading,pitch.0,700576,5.5683,9.9712,67.2193,67.267,43.8724,-20.584,-0.0621,0.0952
1779744289787,1,12.00000015,Lower Delivery,Loading,pitch.0,700661,-0.2541,0.0675,0.809,-1.6537,0.2066,-2.9178,0.0,0.0
1779744289787,1,12.00000018,Upper Delivery,Loading,pitch.0,701348,-0.301,0.2144,0.3811,-0.5115,-0.3421,-2.5017,0.0,0.0
1779744289787,1,Pitching Mound.Delivery,,Loading,pitch.0,699714,-0.5551,0.2819,1.1901,-2.0197,-0.1355,-5.4354,0.0,0.0
1779744289787,1,Pitching Mound.Drive,,Loading,pitch.0,700576,5.5683,9.9712,67.2193,67.267,43.8724,-20.584,-0.0621,0.0952
1779744289787,1,Pitching Mound.Parent,,Loading,pitch.0,699038,5.0132,10.253,68.4095,65.2473,43.737,-26.0195,-0.061,0.0957
1779744289788,1,11.0000004b,Drive,Loading,pitch.0,700577,5.6014,9.9483,67.0954,67.2024,43.6935,-20.6689,-0.0619,0.0953
1779744289788,1,12.00000015,Lower Delivery,Loading,pitch.0,700662,-0.263,0.0716,0.838,-1.7151,0.06,-2.9058,0.0,0.0
1779744289788,1,12.00000018,Upper Delivery,Loading,pitch.0,701349,-0.2322,0.1521,0.3163,-0.612,-0.4518,-2.4574,0.0,0.0
1779744289788,1,Pitching Mound.Delivery,,Loading,pitch.0,699715,-0.4952,0.2237,1.1543,-2.1498,-0.3918,-5.3527,0.0,0.0
1779744289788,1,Pitching Mound.Drive,,Loading,pitch.0,700577,5.6014,9.9483,67.0954,67.2024,43.6935,-20.6689,-0.0619,0.0953
1779744289788,1,Pitching Mound.Parent,,Loading,pitch.0,699039,5.1062,10.172,68.2498,65.0526,43.3017,-26.0216,-0.0609,0.0963
1779744289789,1,11.0000004b,Drive,Loading,pitch.0,700578,5.6253,9.9438,66.9649,67.1445,43.5784,-20.7134,-0.0619,0.0954
1779744289789,1,12.00000015,Lower Delivery,Loading,pitch.0,700663,-0.289,0.0783,0.9417,-1.7832,-0.2312,-2.973,0.0,0.0
1779744289789,1,12.00000018,Upper Delivery,Loading,pitch.0,701350,-0.2185,0.1428,0.2959,-0.6347,-0.4748,-2.4783,0.0,0.0
1779744289789,1,Pitching Mound.Delivery,,Loading,pitch.0,699716,-0.5075,0.2211,1.2376,-2.1983,-0.706,-5.4273,0.0,0.0
1779744289789,1,Pitching Mound.Drive,,Loading,pitch.0,700578,5.6253,9.9438,66.9649,67.1445,43.5784,-20.7134,-0.0619,0.0954
1779744289789,1,Pitching Mound.Parent,,Loading,pitch.0,699040,5.1179,10.1649,68.2025,64.9462,42.8725,-26.1408,-0.0608,0.0969
1779744289790,1,11.0000004b,Drive,Loading,pitch.0,700579,5.6528,9.9337,66.8044,67.1474,43.4491,-20.7679,-0.0619,0.0956
1779744289790,1,12.00000015,Lower Delivery,Loading,pitch.0,700664,-0.2762,0.081,1.0379,-1.6659,0.0244,-2.949,0.0,0.0
1779744289790,1,12.00000018,Upper Delivery,Loading,pitch.0,701351,-0.2378,0.1479,0.2942,-0.5019,-0.3343,-2.4573,0.0,0.0
1779744289790,1,Pitching Mound.Delivery,,Loading,pitch.0,699717,-0.514,0.229,1.3321,-1.9149,-0.3099,-5.3932,0.0,0.0
1779744289790,1,Pitching Mound.Drive,,Loading,pitch.0,700579,5.6528,9.9337,66.8044,67.1474,43.4491,-20.7679,-0.0619,0.0956
1779744289790,1,Pitching Mound.Parent,,Loading,pitch.0,699041,5.1388,10.1627,68.1364,65.2325,43.1392,-26.1611,-0.0607,0.0975
1779744289791,1,11.0000004b,Drive,Loading,pitch.0,700580,5.694,9.9304,66.7157,67.1044,43.3977,-20.8719,-0.0619,0.0957
1779744289791,1,12.00000015,Lower Delivery,Loading,pitch.0,700665,-0.2704,0.1103,1.1374,-1.4789,0.4568,-2.901,0.0,0.0
1779744289791,1,12.00000018,Upper Delivery,Loading,pitch.0,701352,-0.2724,0.1759,0.3636,-0.725,-0.5711,-2.4772,0.0,0.0
1779744289791,1,Pitching Mound.Delivery,,Loading,pitch.0,699718,-0.5428,0.2862,1.501,-1.9408,-0.1143,-5.3789,0.0,0.0
1779744289791,1,Pitching Mound.Drive,,Loading,pitch.0,700580,5.694,9.9304,66.7157,67.1044,43.3977,-20.8719,-0.0619,0.0957
1779744289791,1,Pitching Mound.Parent,,Loading,pitch.0,699042,5.1513,10.2167,68.2167,65.1636,43.2834,-26.2508,-0.0605,0.0974
1779744289792,1,11.0000004b,Drive,Loading,pitch.0,700581,5.7067,9.9393,66.5845,67.0684,43.3607,-20.9319,-0.0619,0.0958
1779744289792,1,12.00000015,Lower Delivery,Loading,pitch.0,700666,-0.2422,0.1207,1.0992,-1.4602,0.4346,-2.9217,0.0,0.0
1779744289792,1,12.00000018,Upper Delivery,Loading,pitch.0,701353,-0.229,0.1297,0.2767,-0.7925,-0.6436,-2.4687,0.0,0.0
1779744289792,1,Pitching Mound.Delivery,,Loading,pitch.0,699719,-0.4712,0.2504,1.3759,-1.9731,-0.209,-5.386,0.0,0.0
1779744289792,1,Pitching Mound.Drive,,Loading,pitch.0,700581,5.7067,9.9393,66.5845,67.0684,43.3607,-20.9319,-0.0619,0.0958
1779744289792,1,Pitching Mound.Parent,,Loading,pitch.0,699043,5.2355,10.1897,67.9604,65.0953,43.1517,-26.3179,-0.0607,0.098
1779744289793,1,11.0000004b,Drive,Loading,pitch.0,700582,5.741,9.926,66.5334,67.0114,43.2845,-21.0039,-0.0619,0.0958
1779744289793,1,12.00000015,Lower Delivery,Loading,pitch.0,700667,-0.2632,0.1187,1.1645,-1.4697,0.493,-2.8881,0.0,0.0
1779744289793,1,12.00000018,Upper Delivery,Loading,pitch.0,701354,-0.2011,0.1048,0.2201,-0.7298,-0.5743,-2.5123,0.0,0.0
1779744289793,1,Pitching Mound.Delivery,,Loading,pitch.0,699720,-0.4643,0.2235,1.3845,-1.8785,-0.0813,-5.3792,0.0,0.0
1779744289793,1,Pitching Mound.Drive,,Loading,pitch.0,700582,5.741,9.926,66.5334,67.0114,43.2845,-21.0039,-0.0619,0.0958
1779744289793,1,Pitching Mound.Parent,,Loading,pitch.0,699044,5.2767,10.1495,67.9179,65.1329,43.2032,-26.3831,-0.0606,0.0986
1779744289794,1,11.0000004b,Drive,Loading,pitch.0,700583,5.758,9.9219,66.4525,67.0528,43.3516,-21.0501,-0.0621,0.096
1779744289794,1,12.00000015,Lower Delivery,Loading,pitch.0,700668,-0.2723,0.1144,1.1473,-1.3012,0.562,-2.9038,0.0,0.0
1779744289794,1,12.00000018,Upper Delivery,Loading,pitch.0,701355,-0.1983,0.1073,0.2145,-0.3668,-0.1924,-2.4189,0.0,0.0
1779744289794,1,Pitching Mound.Delivery,,Loading,pitch.0,699721,-0.4706,0.2217,1.3618,-1.3509,0.3696,-5.2975,0.0,0.0
1779744289794,1,Pitching Mound.Drive,,Loading,pitch.0,700583,5.758,9.9219,66.4525,67.0528,43.3516,-21.0501,-0.0621,0.096
1779744289794,1,Pitching Mound.Parent,,Loading,pitch.0,699045,5.2874,10.1436,67.8143,65.7019,43.7213,-26.3476,-0.0608,0.0987
1779744289795,1,11.0000004b,Drive,Loading,pitch.0,700584,5.7949,9.909,66.1972,66.9678,43.258,-21.106,-0.0622,0.0962
1779744289795,1,12.00000015,Lower Delivery,Loading,pitch.0,700669,-0.275,0.1083,1.1333,-1.4338,0.4659,-2.9178,0.0,0.0
1779744289795,1,12.00000018,Upper Delivery,Loading,pitch.0,701356,-0.1986,0.1051,0.2449,-0.3083,-0.1332,-2.3613,0.0,0.0
1779744289795,1,Pitching Mound.Delivery,,Loading,pitch.0,699722,-0.4736,0.2135,1.3782,-1.44,0.3328,-5.2532,0.0,0.0
1779744289795,1,Pitching Mound.Drive,,Loading,pitch.0,700584,5.7949,9.909,66.1972,66.9678,43.258,-21.106,-0.0622,0.0962
1779744289795,1,Pitching Mound.Parent,,Loading,pitch.0,699046,5.3213,10.1224,67.5754,65.5278,43.5908,-26.3592,-0.0609,0.0987
1779744289796,1,11.0000004b,Drive,Loading,pitch.0,700585,5.8301,9.9053,66.166,66.9019,43.2193,-21.1655,-0.0621,0.0962
1779744289796,1,12.00000015,Lower Delivery,Loading,pitch.0,700670,-0.2806,0.1258,1.1595,-1.4044,0.5211,-2.9158,0.0,0.0
1779744289796,1,12.00000018,Upper Delivery,Loading,pitch.0,701357,-0.2021,0.113,0.2527,-0.5497,-0.3875,-2.4185,0.0,0.0
1779744289796,1,Pitching Mound.Delivery,,Loading,pitch.0,699723,-0.4827,0.2388,1.4122,-1.6458,0.1337,-5.3076,0.0,0.0
1779744289796,1,Pitching Mound.Drive,,Loading,pitch.0,700585,5.8301,9.9053,66.166,66.9019,43.2193,-21.1655,-0.0621,0.0962
1779744289796,1,Pitching Mound.Parent,,Loading,pitch.0,699047,5.3474,10.1441,67.5782,65.256,43.353,-26.4731,-0.0608,0.0987
1779744289797,1,11.0000004b,Drive,Loading,pitch.0,700586,5.8509,9.899,66.0521,66.7508,43.1723,-21.2182,-0.0622,0.0961
1779744289797,1,12.00000015,Lower Delivery,Loading,pitch.0,700671,-0.2686,0.1373,1.0777,-1.4368,0.8178,-2.8578,0.0,0.0
1779744289797,1,12.00000018,Upper Delivery,Loading,pitch.0,701358,-0.194,0.1121,0.2434,-0.3262,-0.1504,-2.3954,0.0,0.0
1779744289797,1,Pitching Mound.Delivery,,Loading,pitch.0,699724,-0.4625,0.2493,1.3212,-1.4793,0.6674,-5.2278,0.0,0.0
1779744289797,1,Pitching Mound.Drive,,Loading,pitch.0,700586,5.8509,9.899,66.0521,66.7508,43.1723,-21.2182,-0.0622,0.0961
1779744289797,1,Pitching Mound.Parent,,Loading,pitch.0,699048,5.3884,10.1483,67.3733,65.2715,43.8397,-26.446,-0.061,0.0985
1779744289798,1,11.0000004b,Drive,Loading,pitch.0,700587,5.8712,9.8906,65.9327,66.5993,43.0428,-21.2814,-0.0621,0.0961
1779744289798,1,12.00000015,Lower Delivery,Loading,pitch.0,700672,-0.2691,0.1325,1.048,-1.739,0.4522,-2.855,0.0,0.0
1779744289798,1,12.00000018,Upper Delivery,Loading,pitch.0,701359,-0.1775,0.0962,0.2515,-0.4297,-0.2593,-2.4204,0.0,0.0
1779744289798,1,Pitching Mound.Delivery,,Loading,pitch.0,699725,-0.4466,0.2287,1.2995,-1.8979,0.1929,-5.2443,0.0,0.0
1779744289798,1,Pitching Mound.Drive,,Loading,pitch.0,700587,5.8712,9.8906,65.9327,66.5993,43.0428,-21.2814,-0.0621,0.0961
1779744289798,1,Pitching Mound.Parent,,Loading,pitch.0,699049,5.4246,10.1193,67.2322,64.7014,43.2357,-26.5257,-0.0609,0.0983
1779744289799,1,11.0000004b,Drive,Loading,pitch.0,700588,5.891,9.9109,65.7649,66.5574,42.8765,-21.3353,-0.062,0.0963
1779744289799,1,12.00000015,Lower Delivery,Loading,pitch.0,700673,-0.2517,0.1505,0.978,-1.7644,0.7187,-2.8663,0.0,0.0
1779744289799,1,12.00000018,Upper Delivery,Loading,pitch.0,701360,-0.2147,0.1499,0.3075,-0.2864,-0.1061,-2.4273,0.0,0.0
1779744289799,1,Pitching Mound.Delivery,,Loading,pitch.0,699726,-0.4664,0.3005,1.2855,-1.8228,0.6126,-5.2811,0.0,0.0
1779744289799,1,Pitching Mound.Drive,,Loading,pitch.0,700588,5.891,9.9109,65.7649,66.5574,42.8765,-21.3353,-0.062,0.0963
1779744289799,1,Pitching Mound.Parent,,Loading,pitch.0,699050,5.4246,10.2114,67.0504,64.7347,43.4892,-26.6164,-0.0608,0.0978
1779744289800,1,11.0000004b,Drive,Loading,pitch.0,700589,5.8894,9.9057,65.7323,66.4459,42.93,-21.3948,-0.0621,0.0962
1779744289800,1,12.00000015,Lower Delivery,Loading,pitch.0,700674,-0.2825,0.1425,1.001,-1.911,0.3308,-2.8625,0.0,0.0
1779744289800,1,12.00000018,Upper Delivery,Loading,pitch.0,701361,-0.2208,0.14,0.2963,-0.323,-0.1415,-2.4934,0.0,0.0
1779744289800,1,Pitching Mound.Delivery,,Loading,pitch.0,699727,-0.5034,0.2825,1.2974,-1.9944,0.1893,-5.3349,0.0,0.0
1779744289800,1,Pitching Mound.Drive,,Loading,pitch.0,700589,5.8894,9.9057,65.7323,66.4459,42.93,-21.3948,-0.0621,0.0962
1779744289800,1,Pitching Mound.Parent,,Loading,pitch.0,699051,5.3861,10.1882,67.0297,64.4515,43.1193,-26.7296,-0.0609,0.0979
1779744289801,1,11.0000004b,Drive,Loading,pitch.0,700590,5.9069,9.9088,65.6117,66.3915,42.8456,-21.4497,-0.0621,0.0963
1779744289801,1,12.00000015,Lower Delivery,Loading,pitch.0,700675,-0.3004,0.0915,0.813,-2.1054,-0.0825,-2.8646,0.0,0.0
1779744289801,1,12.00000018,Upper Delivery,Loading,pitch.0,701362,-0.2337,0.1507,0.2942,-0.5938,-0.4245,-2.5969,0.0,0.0
1779744289801,1,Pitching Mound.Delivery,,Loading,pitch.0,699728,-0.5341,0.2422,1.1072,-2.5228,-0.507,-5.4388,0.0,0.0
1779744289801,1,Pitching Mound.Drive,,Loading,pitch.0,700590,5.9069,9.9088,65.6117,66.3915,42.8456,-21.4497,-0.0621,0.0963
1779744289801,1,Pitching Mound.Parent,,Loading,pitch.0,699052,5.3728,10.151,66.7189,63.8687,42.3386,-26.8885,-0.0611,0.0973
1779744289802,1,11.0000004b,Drive,Loading,pitch.0,700591,5.9035,9.9005,65.5537,66.2693,42.904,-21.5247,-0.0623,0.0962
1779744289802,1,12.00000015,Lower Delivery,Loading,pitch.0,700676,-0.2955,0.1014,0.8951,-1.9378,0.0765,-2.9342,0.0,0.0
1779744289802,1,12.00000018,Upper Delivery,Loading,pitch.0,701363,-0.217,0.1528,0.3189,-0.5805,-0.4089,-2.623,0.0,0.0
1779744289802,1,Pitching Mound.Delivery,,Loading,pitch.0,699729,-0.5125,0.2543,1.214,-2.3224,-0.3324,-5.5305,0.0,0.0
1779744289802,1,Pitching Mound.Drive,,Loading,pitch.0,700591,5.9035,9.9005,65.5537,66.2693,42.904,-21.5247,-0.0623,0.0962
1779744289802,1,Pitching Mound.Parent,,Loading,pitch.0,699053,5.391,10.1547,66.7677,63.947,42.5716,-27.0552,-0.0611,0.0974
1779744289803,1,11.0000004b,Drive,Loading,pitch.0,700592,5.9148,9.8996,65.4535,66.2548,42.7006,-21.5798,-0.0621,0.0963
1779744289803,1,12.00000015,Lower Delivery,Loading,pitch.0,700677,-0.2658,0.0958,0.8359,-2.1164,0.2803,-2.9254,0.0,0.0
1779744289803,1,12.00000018,Upper Delivery,Loading,pitch.0,701364,-0.2301,0.1582,0.343,-0.7594,-0.5993,-2.6285,0.0,0.0
1779744289803,1,Pitching Mound.Delivery,,Loading,pitch.0,699730,-0.4959,0.254,1.1789,-2.7082,-0.319,-5.5417,0.0,0.0
1779744289803,1,Pitching Mound.Drive,,Loading,pitch.0,700592,5.9148,9.8996,65.4535,66.2548,42.7006,-21.5798,-0.0621,0.0963
1779744289803,1,Pitching Mound.Parent,,Loading,pitch.0,699054,5.419,10.1536,66.6324,63.5466,42.3815,-27.1215,-0.061,0.0971
1779744289804,1,11.0000004b,Drive,Loading,pitch.0,700593,5.9221,9.8955,65.3024,66.218,42.6249,-21.6672,-0.0621,0.0965
1779744289804,1,12.00000015,Lower Delivery,Loading,pitch.0,700678,-0.2531,0.0972,0.8962,-1.8613,0.0111,-2.9934,0.0,0.0
1779744289804,1,12.00000018,Upper Delivery,Loading,pitch.0,701365,-0.216,0.1429,0.3207,-0.9001,-0.7471,-2.6701,0.0,0.0
1779744289804,1,Pitching Mound.Delivery,,Loading,pitch.0,699731,-0.4691,0.2401,1.2169,-2.5657,-0.736,-5.6509,0.0,0.0
1779744289804,1,Pitching Mound.Drive,,Loading,pitch.0,700593,5.9221,9.8955,65.3024,66.218,42.6249,-21.6672,-0.0621,0.0965
1779744289804,1,Pitching Mound.Parent,,Loading,pitch.0,699055,5.453,10.1357,66.5193,63.6523,41.8888,-27.3181,-0.061,0.0976
1779744289805,1,11.0000004b,Drive,Loading,pitch.0,700595,5.9351,9.9105,65.1067,66.0719,42.5106,-21.789,-0.0621,0.0965
1779744289805,1,11.0000004b,Drive,Loading,pitch.0,700594,5.9234,9.9054,65.2144,66.0905,42.5702,-21.7111,-0.0621,0.0964
1779744289805,1,12.00000015,Lower Delivery,Loading,pitch.0,700679,-0.2387,0.1056,0.9405,-1.5676,0.036,-2.9858,0.0,0.0
1779744289805,1,12.00000018,Upper Delivery,Loading,pitch.0,701366,-0.2398,0.1753,0.3547,-1.1985,-1.0533,-2.7676,0.0,0.0
1779744289805,1,Pitching Mound.Delivery,,Loading,pitch.0,699732,-0.4785,0.2809,1.2952,-2.567,-1.0172,-5.7538,0.0,0.0
1779744289805,1,Pitching Mound.Drive,,Loading,pitch.0,700595,5.9351,9.9105,65.1067,66.0719,42.5106,-21.789,-0.0621,0.0965
1779744289805,1,Pitching Mound.Drive,,Loading,pitch.0,700594,5.9234,9.9054,65.2144,66.0905,42.5702,-21.7111,-0.0621,0.0964
1779744289805,1,Pitching Mound.Parent,,Loading,pitch.0,699056,5.4449,10.1863,66.5096,63.5235,41.553,-27.4649,-0.0609,0.0975
1779744289806,1,11.0000004b,Drive,Loading,pitch.0,700596,5.9364,9.9109,65.0446,66.0304,42.5932,-21.8504,-0.0623,0.0966
1779744289806,1,12.00000015,Lower Delivery,Loading,pitch.0,700680,-0.2735,0.0883,0.9008,-1.6084,-0.4874,-2.9921,0.0,0.0
1779744289806,1,12.00000018,Upper Delivery,Loading,pitch.0,701367,-0.2274,0.1636,0.3414,-1.194,-1.0274,-2.8239,0.0,0.0
1779744289806,1,Pitching Mound.Delivery,,Loading,pitch.0,699733,-0.5009,0.2519,1.2422,-2.6123,-1.5148,-5.8004,0.0,0.0
1779744289806,1,Pitching Mound.Drive,,Loading,pitch.0,700596,5.9364,9.9109,65.0446,66.0304,42.5932,-21.8504,-0.0623,0.0966
1779744289806,1,Pitching Mound.Parent,,Loading,pitch.0,699057,5.4342,10.1624,66.349,63.4596,40.9958,-27.5894,-0.061,0.0976
1779744289807,1,11.0000004b,Drive,Loading,pitch.0,700597,5.9586,9.923,64.9916,66.0866,42.521,-21.8899,-0.0622,0.0967
1779744289807,1,12.00000015,Lower Delivery,Loading,pitch.0,700681,-0.2769,0.0753,0.8356,-1.2362,-0.6228,-3.0365,0.0,0.0
1779744289807,1,12.00000018,Upper Delivery,Loading,pitch.0,701368,-0.2501,0.1665,0.3495,-1.273,-1.1318,-2.7882,0.0,0.0
1779744289807,1,Pitching Mound.Delivery,,Loading,pitch.0,699734,-0.527,0.2419,1.1851,-2.3439,-1.7547,-5.8155,0.0,0.0
1779744289807,1,Pitching Mound.Drive,,Loading,pitch.0,700597,5.9586,9.923,64.9916,66.0866,42.521,-21.8899,-0.0622,0.0967
1779744289807,1,Pitching Mound.Parent,,Loading,pitch.0,699058,5.4093,10.1528,66.2298,63.6865,40.8386,-27.6659,-0.0612,0.0973
1779744289808,1,11.0000004b,Drive,Loading,pitch.0,700598,5.9791,9.9375,64.9302,66.1183,42.5768,-21.9444,-0.0624,0.0969
1779744289808,1,12.00000015,Lower Delivery,Loading,pitch.0,700682,-0.2623,0.0773,0.8762,-1.2214,-0.6186,-3.0743,0.0,0.0
1779744289808,1,12.00000018,Upper Delivery,Loading,pitch.0,701369,-0.252,0.1835,0.4068,-1.3926,-1.1146,-2.8767,0.0,0.0
1779744289808,1,Pitching Mound.Delivery,,Loading,pitch.0,699735,-0.5143,0.2607,1.2829,-2.4544,-1.7331,-5.9474,0.0,0.0
1779744289808,1,Pitching Mound.Drive,,Loading,pitch.0,700598,5.9791,9.9375,64.9302,66.1183,42.5768,-21.9444,-0.0624,0.0969
1779744289808,1,Pitching Mound.Parent,,Loading,pitch.0,699059,5.4442,10.1838,66.2746,63.6322,40.7879,-27.8374,-0.061,0.0973
1779744289809,1,11.0000004b,Drive,Loading,pitch.0,700599,6.0086,9.9426,64.8627,66.0947,42.4559,-22.0106,-0.0623,0.0969
1779744289809,1,12.00000015,Lower Delivery,Loading,pitch.0,700683,-0.297,0.0858,0.9291,-0.9966,-0.5857,-3.029,0.0,0.0
1779744289809,1,12.00000018,Upper Delivery,Loading,pitch.0,701370,-0.2582,0.1911,0.4234,-1.4937,-0.9868,-2.9121,0.0,0.0
1779744289809,1,Pitching Mound.Delivery,,Loading,pitch.0,699736,-0.5552,0.2769,1.3524,-2.3183,-1.5724,-5.9279,0.0,0.0
1779744289809,1,Pitching Mound.Drive,,Loading,pitch.0,700599,6.0086,9.9426,64.8627,66.0947,42.4559,-22.0106,-0.0623,0.0969
1779744289809,1,Pitching Mound.Parent,,Loading,pitch.0,699060,5.4239,10.2145,66.2826,63.8,41.0044,-27.8723,-0.0611,0.0975
1779744289810,1,11.0000004b,Drive,Loading,pitch.0,700600,6.0411,9.9627,64.7639,66.1437,42.4141,-22.0607,-0.0623,0.0972
1779744289810,1,12.00000015,Lower Delivery,Loading,pitch.0,700684,-0.314,0.0921,1.086,-1.1346,-0.5623,-3.0508,0.0,0.0
1779744289810,1,12.00000018,Upper Delivery,Loading,pitch.0,701371,-0.2648,0.1737,0.4748,-1.775,-1.0247,-2.8973,0.0,0.0
1779744289810,1,Pitching Mound.Delivery,,Loading,pitch.0,699737,-0.5788,0.2658,1.5607,-2.7018,-1.587,-5.9314,0.0,0.0
1779744289810,1,Pitching Mound.Drive,,Loading,pitch.0,700600,6.0411,9.9627,64.7639,66.1437,42.4141,-22.0607,-0.0623,0.0972
1779744289810,1,Pitching Mound.Parent,,Loading,pitch.0,699061,5.4298,10.2084,66.4235,63.3929,40.8689,-27.942,-0.0608,0.0978
1779744289811,1,11.0000004b,Drive,Loading,pitch.0,700601,6.074,9.9777,64.6718,66.1443,42.1977,-22.1208,-0.0621,0.0973
1779744289811,1,12.00000015,Lower Delivery,Loading,pitch.0,700685,-0.2837,0.0907,0.9788,-1.1473,-0.5841,-3.0076,0.0,0.0
1779744289811,1,12.00000018,Upper Delivery,Loading,pitch.0,701372,-0.2461,0.1612,0.4492,-1.6768,-1.1936,-2.9065,0.0,0.0
1779744289811,1,Pitching Mound.Delivery,,Loading,pitch.0,699738,-0.5298,0.2519,1.428,-2.644,-1.7777,-5.9014,0.0,0.0
1779744289811,1,Pitching Mound.Drive,,Loading,pitch.0,700601,6.074,9.9777,64.6718,66.1443,42.1977,-22.1208,-0.0621,0.0973
1779744289811,1,Pitching Mound.Parent,,Loading,pitch.0,699062,5.5113,10.2146,66.192,63.4996,40.6364,-27.962,-0.061,0.0978
1779744289812,1,11.0000004b,Drive,Loading,pitch.0,700602,6.1052,9.9875,64.5504,66.061,42.0961,-22.1794,-0.062,0.0974
1779744289812,1,12.00000015,Lower Delivery,Loading,pitch.0,700686,-0.2801,0.1162,1.0922,-1.2242,-0.3755,-2.9938,0.0,0.0
1779744289812,1,12.00000018,Upper Delivery,Loading,pitch.0,701373,-0.2563,0.1615,0.433,-1.9034,-1.1565,-2.8899,0.0,0.0
1779744289812,1,Pitching Mound.Delivery,,Loading,pitch.0,699739,-0.5365,0.2778,1.5252,-2.9035,-1.532,-5.8757,0.0,0.0
1779744289812,1,Pitching Mound.Drive,,Loading,pitch.0,700602,6.1052,9.9875,64.5504,66.061,42.0961,-22.1794,-0.062,0.0974
1779744289812,1,Pitching Mound.Parent,,Loading,pitch.0,699063,5.5376,10.2554,66.197,63.2408,40.6657,-27.9964,-0.0606,0.0984
1779744289813,1,11.0000004b,Drive,Loading,pitch.0,700603,6.1531,10.0093,64.5307,66.0631,42.0727,-22.2338,-0.062,0.0974
1779744289813,1,12.00000015,Lower Delivery,Loading,pitch.0,700687,-0.2946,0.1307,1.0805,-1.2635,-0.2885,-2.9656,0.0,0.0
1779744289813,1,12.00000018,Upper Delivery,Loading,pitch.0,701374,-0.2603,0.1885,0.4396,-1.9812,-1.1039,-2.9111,0.0,0.0
1779744289813,1,Pitching Mound.Delivery,,Loading,pitch.0,699740,-0.5549,0.3192,1.5201,-3.0268,-1.3924,-5.8651,0.0,0.0
1779744289813,1,Pitching Mound.Drive,,Loading,pitch.0,700603,6.1531,10.0093,64.5307,66.0631,42.0727,-22.2338,-0.062,0.0974
1779744289813,1,Pitching Mound.Parent,,Loading,pitch.0,699064,5.5503,10.3067,66.0705,63.0342,40.7037,-28.0444,-0.0606,0.0984
1779744289814,1,11.0000004b,Drive,Loading,pitch.0,700604,6.1876,10.0385,64.5168,65.994,41.9456,-22.2719,-0.0618,0.0973
1779744289814,1,12.00000015,Lower Delivery,Loading,pitch.0,700688,-0.3171,0.126,1.1576,-1.2646,-0.2607,-2.9424,0.0,0.0
1779744289814,1,12.00000018,Upper Delivery,Loading,pitch.0,701375,-0.2361,0.1894,0.4666,-1.69,-1.2541,-2.82,0.0,0.0
1779744289814,1,Pitching Mound.Delivery,,Loading,pitch.0,699741,-0.5532,0.3154,1.6241,-2.7197,-1.5148,-5.7348,0.0,0.0
1779744289814,1,Pitching Mound.Drive,,Loading,pitch.0,700604,6.1876,10.0385,64.5168,65.994,41.9456,-22.2719,-0.0618,0.0973
1779744289814,1,Pitching Mound.Parent,,Loading,pitch.0,699065,5.5999,10.3247,66.1549,63.3434,40.558,-27.9686,-0.0605,0.0985
1779744289815,1,11.0000004b,Drive,Loading,pitch.0,700605,6.2091,10.0577,64.382,65.9105,41.6453,-22.37,-0.0615,0.0974
1779744289815,1,12.00000015,Lower Delivery,Loading,pitch.0,700689,-0.2988,0.1355,1.1218,-1.2619,-0.0591,-2.9186,0.0,0.0
1779744289815,1,12.00000018,Upper Delivery,Loading,pitch.0,701376,-0.2507,0.1915,0.5049,-1.5693,-1.1374,-2.7847,0.0,0.0
1779744289815,1,Pitching Mound.Delivery,,Loading,pitch.0,699742,-0.5495,0.327,1.6266,-2.6214,-1.1965,-5.687,0.0,0.0
1779744289815,1,Pitching Mound.Drive,,Loading,pitch.0,700605,6.2091,10.0577,64.382,65.9105,41.6453,-22.37,-0.0615,0.0974
1779744289815,1,Pitching Mound.Parent,,Loading,pitch.0,699066,5.6381,10.3655,66.1435,63.3726,40.7491,-27.9589,-0.0603,0.0981
1779744289816,1,11.0000004b,Drive,Loading,pitch.0,700606,6.222,10.0565,64.3597,65.8978,41.5567,-22.3813,-0.0614,0.0974
1779744289816,1,12.00000015,Lower Delivery,Loading,pitch.0,700690,-0.3013,0.143,1.136,-1.2333,0.0673,-2.891,0.0,0.0
1779744289816,1,12.00000018,Upper Delivery,Loading,pitch.0,701377,-0.2361,0.1954,0.509,-1.3659,-1.1681,-2.7385,0.0,0.0
1779744289816,1,Pitching Mound.Delivery,,Loading,pitch.0,699743,-0.5374,0.3384,1.645,-2.386,-1.1008,-5.6074,0.0,0.0
1779744289816,1,Pitching Mound.Drive,,Loading,pitch.0,700606,6.222,10.0565,64.3597,65.8978,41.5567,-22.3813,-0.0614,0.0974
1779744289816,1,Pitching Mound.Parent,,Loading,pitch.0,699067,5.6717,10.3961,66.0269,63.5246,40.5445,-27.9774,-0.06,0.0982
1779744289817,1,11.0000004b,Drive,Loading,pitch.0,700607,6.2372,10.0635,64.3156,65.7808,41.365,-22.4128,-0.0612,0.0973
1779744289817,1,12.00000015,Lower Delivery,Loading,pitch.0,700691,-0.2548,0.1421,1.1102,-1.3255,0.0835,-2.8791,0.0,0.0
1779744289817,1,12.00000018,Upper Delivery,Loading,pitch.0,701378,-0.2433,0.2035,0.5081,-1.0518,-0.9096,-2.6578,0.0,0.0
1779744289817,1,Pitching Mound.Delivery,,Loading,pitch.0,699744,-0.4981,0.3456,1.6183,-2.1726,-0.826,-5.533,0.0,0.0
1779744289817,1,Pitching Mound.Drive,,Loading,pitch.0,700607,6.2372,10.0635,64.3156,65.7808,41.365,-22.4128,-0.0612,0.0973
1779744289817,1,Pitching Mound.Parent,,Loading,pitch.0,699068,5.724,10.4021,65.9779,63.7252,40.7307,-27.9143,-0.0599,0.0981
1779744289818,1,11.0000004b,Drive,Loading,pitch.0,700608,6.2436,10.0741,64.2641,65.685,41.3381,-22.4602,-0.0612,0.0972
1779744289818,1,12.00000015,Lower Delivery,Loading,pitch.0,700692,-0.2853,0.1311,1.1256,-1.5338,0.0771,-2.8463,0.0,0.0
1779744289818,1,12.00000018,Upper Delivery,Loading,pitch.0,701379,-0.2214,0.2005,0.5359,-0.6143,-0.4508,-2.517,0.0,0.0
1779744289818,1,Pitching Mound.Delivery,,Loading,pitch.0,699745,-0.5067,0.3316,1.6616,-1.9476,-0.3737,-5.3415,0.0,0.0
1779744289818,1,Pitching Mound.Drive,,Loading,pitch.0,700608,6.2436,10.0741,64.2641,65.685,41.3381,-22.4602,-0.0612,0.0972
1779744289818,1,Pitching Mound.Parent,,Loading,pitch.0,699069,5.7305,10.3951,65.9772,63.8332,40.9912,-27.7544,-0.0596,0.0979
1779744289819,1,11.0000004b,Drive,Loading,pitch.0,700609,6.2416,10.0794,64.2156,65.5455,41.1837,-22.4961,-0.061,0.0971
1779744289819,1,12.00000015,Lower Delivery,Loading,pitch.0,700693,-0.2685,0.1198,1.1279,-1.568,-0.0697,-2.864,0.0,0.0
1779744289819,1,12.00000018,Upper Delivery,Loading,pitch.0,701380,-0.2371,0.1837,0.476,-0.271,-0.0912,-2.4,0.0,0.0
1779744289819,1,Pitching Mound.Delivery,,Loading,pitch.0,699746,-0.5055,0.3035,1.6039,-1.6173,-0.1609,-5.2533,0.0,0.0
1779744289819,1,Pitching Mound.Drive,,Loading,pitch.0,700609,6.2416,10.0794,64.2156,65.5455,41.1837,-22.4961,-0.061,0.0971
1779744289819,1,Pitching Mound.Parent,,Loading,pitch.0,699070,5.7381,10.3776,65.8681,64.0676,41.1771,-27.7136,-0.0597,0.0982
1779744289820,1,11.0000004b,Drive,Loading,pitch.0,700610,6.2282,10.0968,64.2249,65.5194,41.1258,-22.5392,-0.0609,0.097
1779744289820,1,12.00000015,Lower Delivery,Loading,pitch.0,700694,-0.2379,0.1248,1.1203,-1.7355,0.0263,-2.9316,0.0,0.0
1779744289820,1,12.00000018,Upper Delivery,Loading,pitch.0,701381,-0.2183,0.1614,0.4327,-0.0466,0.1463,-2.3677,0.0,0.0
1779744289820,1,Pitching Mound.Delivery,,Loading,pitch.0,699747,-0.4561,0.2862,1.553,-1.5483,0.1726,-5.2927,0.0,0.0
1779744289820,1,Pitching Mound.Drive,,Loading,pitch.0,700610,6.2282,10.0968,64.2249,65.5194,41.1258,-22.5392,-0.0609,0.097
1779744289820,1,Pitching Mound.Parent,,Loading,pitch.0,699071,5.7854,10.3656,65.7686,63.9971,41.3562,-27.7888,-0.0596,0.0984
1779744289821,1,11.0000004b,Drive,Loading,pitch.0,700611,6.2157,10.1049,64.1569,65.4214,41.0821,-22.5568,-0.0609,0.097
1779744289821,1,12.00000015,Lower Delivery,Loading,pitch.0,700695,-0.2153,0.1151,1.0747,-1.68,-0.1698,-2.9349,0.0,0.0
1779744289821,1,12.00000018,Upper Delivery,Loading,pitch.0,701382,-0.2109,0.1557,0.3439,0.1069,0.309,-2.3498,0.0,0.0
1779744289821,1,Pitching Mound.Delivery,,Loading,pitch.0,699748,-0.4262,0.2708,1.4186,-1.3246,0.1392,-5.2831,0.0,0.0
1779744289821,1,Pitching Mound.Drive,,Loading,pitch.0,700611,6.2157,10.1049,64.1569,65.4214,41.0821,-22.5568,-0.0609,0.097
1779744289821,1,Pitching Mound.Parent,,Loading,pitch.0,699072,5.802,10.3676,65.6435,64.1948,41.265,-27.8224,-0.0596,0.0987
1779744289822,1,11.0000004b,Drive,Loading,pitch.0,700612,6.1884,10.1099,64.1863,65.4303,41.019,-22.5553,-0.0608,0.097
1779744289822,1,12.00000015,Lower Delivery,Loading,pitch.0,700696,-0.2078,0.1243,1.09,-1.7915,-0.0246,-2.9414,0.0,0.0
1779744289822,1,12.00000018,Upper Delivery,Loading,pitch.0,701383,-0.2248,0.1695,0.3357,0.0913,0.2911,-2.3275,0.0,0.0
1779744289822,1,Pitching Mound.Delivery,,Loading,pitch.0,699749,-0.4326,0.2938,1.4257,-1.4437,0.2665,-5.2747,0.0,0.0
1779744289822,1,Pitching Mound.Drive,,Loading,pitch.0,700612,6.1884,10.1099,64.1863,65.4303,41.019,-22.5553,-0.0608,0.097
1779744289822,1,Pitching Mound.Parent,,Loading,pitch.0,699073,5.7831,10.3987,65.5827,63.9777,41.3486,-27.8315,-0.0596,0.0988
1779744289823,1,11.0000004b,Drive,Loading,pitch.0,700613,6.1725,10.1367,64.208,65.459,40.8583,-22.5465,-0.0605,0.097
1779744289823,1,12.00000015,Lower Delivery,Loading,pitch.0,700697,-0.2494,0.1077,1.1232,-1.9585,-0.2486,-2.974,0.0,0.0
1779744289823,1,12.00000018,Upper Delivery,Loading,pitch.0,701384,-0.2057,0.1162,0.2887,0.1092,0.3136,-2.3878,0.0,0.0
1779744289823,1,Pitching Mound.Delivery,,Loading,pitch.0,699750,-0.4551,0.2239,1.412,-1.5656,0.065,-5.347,0.0,0.0
1779744289823,1,Pitching Mound.Drive,,Loading,pitch.0,700613,6.1725,10.1367,64.208,65.459,40.8583,-22.5465,-0.0605,0.097
1779744289823,1,Pitching Mound.Parent,,Loading,pitch.0,699074,5.7334,10.3338,65.5983,63.8647,41.084,-27.9023,-0.0595,0.0992
1779744289824,1,11.0000004b,Drive,Loading,pitch.0,700614,6.1239,10.1547,64.1008,65.4528,40.72,-22.5522,-0.0604,0.0971
1779744289824,1,12.00000015,Lower Delivery,Loading,pitch.0,700698,-0.1919,0.0956,1.1402,-1.8316,-0.2326,-3.0103,0.0,0.0
1779744289824,1,12.00000018,Upper Delivery,Loading,pitch.0,701385,-0.173,0.0968,0.2575,0.2112,0.4196,-2.3375,0.0,0.0
1779744289824,1,Pitching Mound.Delivery,,Loading,pitch.0,699751,-0.3649,0.1924,1.3977,-1.3203,0.1871,-5.3414,0.0,0.0
1779744289824,1,Pitching Mound.Drive,,Loading,pitch.0,700614,6.1239,10.1547,64.1008,65.4528,40.72,-22.5522,-0.0604,0.0971
1779744289824,1,Pitching Mound.Parent,,Loading,pitch.0,699075,5.8076,10.3291,65.6057,64.1387,41.0453,-27.8879,-0.0592,0.0995
1779744289825,1,11.0000004b,Drive,Loading,pitch.0,700615,6.0822,10.1676,64.0134,65.4508,40.6114,-22.5162,-0.0604,0.0973
1779744289825,1,12.00000015,Lower Delivery,Loading,pitch.0,700699,-0.2075,0.1121,1.1446,-1.833,-0.306,-3.0081,0.0,0.0
1779744289825,1,12.00000018,Upper Delivery,Loading,pitch.0,701386,-0.2116,0.1295,0.3575,0.2079,0.4146,-2.3116,0.0,0.0
1779744289825,1,Pitching Mound.Delivery,,Loading,pitch.0,699752,-0.4191,0.2416,1.5022,-1.3575,0.1087,-5.3211,0.0,0.0
1779744289825,1,Pitching Mound.Drive,,Loading,pitch.0,700615,6.0822,10.1676,64.0134,65.4508,40.6114,-22.5162,-0.0604,0.0973
1779744289825,1,Pitching Mound.Parent,,Loading,pitch.0,699076,5.7048,10.3962,65.603,64.0953,40.8286,-27.8732,-0.059,0.099
1779744289826,1,11.0000004b,Drive,Loading,pitch.0,700616,6.0424,10.1842,63.9918,65.5496,40.6096,-22.511,-0.0604,0.0974
1779744289826,1,12.00000015,Lower Delivery,Loading,pitch.0,700700,-0.2308,0.0706,1.1319,-1.9701,-0.1942,-2.9887,0.0,0.0
1779744289826,1,12.00000018,Upper Delivery,Loading,pitch.0,701387,-0.1822,0.1239,0.2836,-0.0631,0.1309,-2.4073,0.0,0.0
1779744289826,1,Pitching Mound.Delivery,,Loading,pitch.0,699753,-0.4131,0.1944,1.4155,-1.7448,-0.0634,-5.3796,0.0,0.0
1779744289826,1,Pitching Mound.Drive,,Loading,pitch.0,700616,6.0424,10.1842,63.9918,65.5496,40.6096,-22.511,-0.0604,0.0974
1779744289826,1,Pitching Mound.Parent,,Loading,pitch.0,699077,5.6691,10.362,65.4289,63.706,40.548,-27.8957,-0.059,0.0996
1779744289827,1,11.0000004b,Drive,Loading,pitch.0,700617,5.9922,10.2011,64.0141,65.6038,40.615,-22.4906,-0.0604,0.0975
1779744289827,1,12.00000015,Lower Delivery,Loading,pitch.0,700701,-0.2253,0.0797,1.1194,-1.7456,-0.226,-2.9695,0.0,0.0
1779744289827,1,12.00000018,Upper Delivery,Loading,pitch.0,701388,-0.2014,0.1392,0.3377,-0.2525,-0.0647,-2.521,0.0,0.0
1779744289827,1,Pitching Mound.Delivery,,Loading,pitch.0,699754,-0.4266,0.2189,1.4571,-1.7323,-0.2907,-5.4824,0.0,0.0
1779744289827,1,Pitching Mound.Drive,,Loading,pitch.0,700617,5.9922,10.2011,64.0141,65.6038,40.615,-22.4906,-0.0604,0.0975
1779744289827,1,Pitching Mound.Parent,,Loading,pitch.0,699078,5.6158,10.403,65.4489,63.8173,40.3189,-27.9934,-0.059,0.0993
1779744289828,1,11.0000004b,Drive,Loading,pitch.0,700618,5.9576,10.202,63.9295,65.4786,40.5205,-22.4383,-0.0603,0.0974
1779744289828,1,12.00000015,Lower Delivery,Loading,pitch.0,700702,-0.2244,0.0799,1.088,-1.7053,-0.0336,-2.9686,0.0,0.0
1779744289828,1,12.00000018,Upper Delivery,Loading,pitch.0,701389,-0.1917,0.1393,0.3532,-0.443,-0.2637,-2.5961,0.0,0.0
1779744289828,1,Pitching Mound.Delivery,,Loading,pitch.0,699755,-0.416,0.2193,1.4412,-1.8984,-0.2973,-5.5535,0.0,0.0
1779744289828,1,Pitching Mound.Drive,,Loading,pitch.0,700618,5.9576,10.202,63.9295,65.4786,40.5205,-22.4383,-0.0603,0.0974
1779744289828,1,Pitching Mound.Parent,,Loading,pitch.0,699079,5.5761,10.4204,65.4554,63.7054,40.3177,-28.0441,-0.059,0.0992
1779744289829,1,11.0000004b,Drive,Loading,pitch.0,700619,5.9096,10.2307,63.8083,65.461,40.3608,-22.3931,-0.0602,0.0976
1779744289829,1,12.00000015,Lower Delivery,Loading,pitch.0,700703,-0.2082,0.0729,1.0947,-1.6091,0.1322,-2.9589,0.0,0.0
1779744289829,1,12.00000018,Upper Delivery,Loading,pitch.0,701390,-0.1959,0.1425,0.3252,-0.6285,-0.4566,-2.6845,0.0,0.0
1779744289829,1,Pitching Mound.Delivery,,Loading,pitch.0,699756,-0.404,0.2154,1.4199,-1.976,-0.3244,-5.6392,0.0,0.0
1779744289829,1,Pitching Mound.Drive,,Loading,pitch.0,700619,5.9096,10.2307,63.8083,65.461,40.3608,-22.3931,-0.0602,0.0976
1779744289829,1,Pitching Mound.Parent,,Loading,pitch.0,699080,5.5535,10.4174,65.3494,63.5026,40.1961,-28.0774,-0.059,0.0993
1779744289830,1,11.0000004b,Drive,Loading,pitch.0,700620,5.8643,10.24,63.7095,65.3808,40.1799,-22.3367,-0.06,0.0976
1779744289830,1,12.00000015,Lower Delivery,Loading,pitch.0,700704,-0.2156,0.0806,1.0557,-1.4404,0.4324,-2.94,0.0,0.0
1779744289830,1,12.00000018,Upper Delivery,Loading,pitch.0,701391,-0.1537,0.1317,0.2923,-0.7306,-0.565,-2.6947,0.0,0.0
1779744289830,1,Pitching Mound.Delivery,,Loading,pitch.0,699757,-0.3693,0.2122,1.348,-1.9115,-0.1326,-5.6136,0.0,0.0
1779744289830,1,Pitching Mound.Drive,,Loading,pitch.0,700620,5.8643,10.24,63.7095,65.3808,40.1799,-22.3367,-0.06,0.0976
1779744289830,1,Pitching Mound.Parent,,Loading,pitch.0,699081,5.5403,10.4429,65.1563,63.5495,40.2282,-28.0066,-0.0589,0.0996
1779744289831,1,11.0000004b,Drive,Loading,pitch.0,700621,5.8272,10.2559,63.6723,65.4311,40.2245,-22.3071,-0.0601,0.0978
1779744289831,1,12.00000015,Lower Delivery,Loading,pitch.0,700705,-0.2045,0.0855,0.9984,-1.5508,0.4368,-2.8944,0.0,0.0
1779744289831,1,12.00000018,Upper Delivery,Loading,pitch.0,701392,-0.1507,0.1209,0.2549,-0.8607,-0.7071,-2.6328,0.0,0.0
1779744289831,1,Pitching Mound.Delivery,,Loading,pitch.0,699758,-0.3553,0.2064,1.2533,-2.1587,-0.2703,-5.5089,0.0,0.0
1779744289831,1,Pitching Mound.Drive,,Loading,pitch.0,700621,5.8272,10.2559,63.6723,65.4311,40.2245,-22.3071,-0.0601,0.0978
1779744289831,1,Pitching Mound.Parent,,Loading,pitch.0,699082,5.5091,10.4464,64.9628,63.2221,39.9096,-27.8455,-0.0588,0.0996
1779744289832,1,11.0000004b,Drive,Loading,pitch.0,700622,5.7849,10.2438,63.596,65.2864,40.1295,-22.2728,-0.06,0.0977
1779744289832,1,12.00000015,Lower Delivery,Loading,pitch.0,700706,-0.2425,0.1027,1.0831,-1.6004,0.4387,-2.9104,0.0,0.0
1779744289832,1,12.00000018,Upper Delivery,Loading,pitch.0,701393,-0.1539,0.1161,0.2544,-0.8553,-0.7016,-2.6283,0.0,0.0
1779744289832,1,Pitching Mound.Delivery,,Loading,pitch.0,699759,-0.3964,0.2188,1.3376,-2.1739,-0.2629,-5.5086,0.0,0.0
1779744289832,1,Pitching Mound.Drive,,Loading,pitch.0,700622,5.7849,10.2438,63.596,65.2864,40.1295,-22.2728,-0.06,0.0977
1779744289832,1,Pitching Mound.Parent,,Loading,pitch.0,699083,5.4308,10.4747,65.0099,63.2571,39.9616,-27.8157,-0.0589,0.1001
1779744289833,1,11.0000004b,Drive,Loading,pitch.0,700623,5.7507,10.259,63.6141,65.2039,40.0574,-22.2161,-0.0599,0.0975
1779744289833,1,12.00000015,Lower Delivery,Loading,pitch.0,700707,-0.2306,0.1089,1.0796,-1.2379,0.7368,-2.9149,0.0,0.0
1779744289833,1,12.00000018,Upper Delivery,Loading,pitch.0,701394,-0.1627,0.1266,0.2942,-0.9641,-0.8174,-2.6349,0.0,0.0
1779744289833,1,Pitching Mound.Delivery,,Loading,pitch.0,699760,-0.3932,0.2356,1.3738,-1.9351,-0.0806,-5.5266,0.0,0.0
1779744289833,1,Pitching Mound.Drive,,Loading,pitch.0,700623,5.7507,10.259,63.6141,65.2039,40.0574,-22.2161,-0.0599,0.0975
1779744289833,1,Pitching Mound.Parent,,Loading,pitch.0,699084,5.3916,10.4794,64.9698,63.3513,40.0489,-27.7994,-0.0588,0.0997
1779744289834,1,11.0000004b,Drive,Loading,pitch.0,700624,5.7108,10.2539,63.5431,65.1663,39.857,-22.1891,-0.0597,0.0976
1779744289834,1,12.00000015,Lower Delivery,Loading,pitch.0,700708,-0.2115,0.1292,1.0972,-1.1824,0.6668,-2.8838,0.0,0.0
1779744289834,1,12.00000018,Upper Delivery,Loading,pitch.0,701395,-0.1811,0.1459,0.3854,-1.1449,-1.0115,-2.6122,0.0,0.0
1779744289834,1,Pitching Mound.Delivery,,Loading,pitch.0,699761,-0.3926,0.2751,1.4826,-2.0853,-0.3447,-5.4857,0.0,0.0
1779744289834,1,Pitching Mound.Drive,,Loading,pitch.0,700624,5.7108,10.2539,63.5431,65.1663,39.857,-22.1891,-0.0597,0.0976
1779744289834,1,Pitching Mound.Parent,,Loading,pitch.0,699085,5.3581,10.5341,65.0968,63.1185,39.7127,-27.7018,-0.0585,0.099
1779744289835,1,11.0000004b,Drive,Loading,pitch.0,700625,5.6799,10.2479,63.585,65.0855,39.7681,-22.1259,-0.0595,0.0974
1779744289835,1,12.00000015,Lower Delivery,Loading,pitch.0,700709,-0.2261,0.1333,1.0926,-1.0819,0.7706,-2.8722,0.0,0.0
1779744289835,1,12.00000018,Upper Delivery,Loading,pitch.0,701396,-0.181,0.1615,0.4223,-0.8776,-0.7311,-2.527,0.0,0.0
1779744289835,1,Pitching Mound.Delivery,,Loading,pitch.0,699762,-0.4071,0.2948,1.5149,-1.7317,0.0395,-5.3839,0.0,0.0
1779744289835,1,Pitching Mound.Drive,,Loading,pitch.0,700625,5.6799,10.2479,63.585,65.0855,39.7681,-22.1259,-0.0595,0.0974
1779744289835,1,Pitching Mound.Parent,,Loading,pitch.0,699086,5.3037,10.5486,65.058,63.4347,39.8965,-27.573,-0.0583,0.0988
1779744289836,1,11.0000004b,Drive,Loading,pitch.0,700626,5.635,10.2594,63.5564,64.9412,39.7425,-22.0652,-0.0595,0.0972
1779744289836,1,12.00000015,Lower Delivery,Loading,pitch.0,700710,-0.2003,0.116,1.1237,-1.1183,0.8426,-2.9063,0.0,0.0
1779744289836,1,12.00000018,Upper Delivery,Loading,pitch.0,701397,-0.1933,0.1597,0.426,-0.8278,-0.6785,-2.5178,0.0,0.0
1779744289836,1,Pitching Mound.Delivery,,Loading,pitch.0,699763,-0.3936,0.2756,1.5497,-1.7088,0.1641,-5.4217,0.0,0.0
1779744289836,1,Pitching Mound.Drive,,Loading,pitch.0,700626,5.635,10.2594,63.5564,64.9412,39.7425,-22.0652,-0.0595,0.0972
1779744289836,1,Pitching Mound.Parent,,Loading,pitch.0,699087,5.2862,10.5235,65.1348,63.3767,39.9321,-27.5477,-0.0581,0.0987
1779744289837,1,11.0000004b,Drive,Loading,pitch.0,700627,5.604,10.2645,63.5405,64.8387,39.6459,-22.0257,-0.0594,0.0971
1779744289837,1,12.00000015,Lower Delivery,Loading,pitch.0,700711,-0.2207,0.1342,1.1404,-0.8554,0.7062,-2.9386,0.0,0.0
1779744289837,1,12.00000018,Upper Delivery,Loading,pitch.0,701398,-0.1885,0.1577,0.4151,-0.7328,-0.5772,-2.5167,0.0,0.0
1779744289837,1,Pitching Mound.Delivery,,Loading,pitch.0,699764,-0.4092,0.2919,1.5555,-1.3416,0.129,-5.4444,0.0,0.0
1779744289837,1,Pitching Mound.Drive,,Loading,pitch.0,700627,5.604,10.2645,63.5405,64.8387,39.6459,-22.0257,-0.0594,0.0971
1779744289837,1,Pitching Mound.Parent,,Loading,pitch.0,699088,5.2258,10.5513,65.1118,63.5996,39.8714,-27.5096,-0.0581,0.0987
1779744289838,1,11.0000004b,Drive,Loading,pitch.0,700628,5.5623,10.2689,63.5023,64.8316,39.525,-21.9986,-0.0592,0.0971
1779744289838,1,12.00000015,Lower Delivery,Loading,pitch.0,700712,-0.2206,0.156,1.141,-0.7541,0.8168,-2.9455,0.0,0.0
1779744289838,1,12.00000018,Upper Delivery,Loading,pitch.0,701399,-0.2081,0.1724,0.3703,-0.8114,-0.6631,-2.4802,0.0,0.0
1779744289838,1,Pitching Mound.Delivery,,Loading,pitch.0,699765,-0.4287,0.3284,1.5113,-1.3035,0.1537,-5.4215,0.0,0.0
1779744289838,1,Pitching Mound.Drive,,Loading,pitch.0,700628,5.5623,10.2689,63.5023,64.8316,39.525,-21.9986,-0.0592,0.0971
1779744289838,1,Pitching Mound.Parent,,Loading,pitch.0,699089,5.1753,10.5929,65.0518,63.5352,39.7995,-27.4471,-0.058,0.0988
1779744289839,1,11.0000004b,Drive,Loading,pitch.0,700629,5.5132,10.2727,63.458,64.6939,39.4229,-21.9591,-0.0591,0.097
1779744289839,1,12.00000015,Lower Delivery,Loading,pitch.0,700713,-0.2298,0.1303,1.0391,-0.9394,0.7088,-2.997,0.0,0.0
1779744289839,1,12.00000018,Upper Delivery,Loading,pitch.0,701400,-0.2108,0.1665,0.3702,-0.6458,-0.4891,-2.4327,0.0,0.0
1779744289839,1,Pitching Mound.Delivery,,Loading,pitch.0,699766,-0.4406,0.2968,1.4093,-1.3577,0.2197,-5.4232,0.0,0.0
1779744289839,1,Pitching Mound.Drive,,Loading,pitch.0,700629,5.5132,10.2727,63.458,64.6939,39.4229,-21.9591,-0.0591,0.097
1779744289839,1,Pitching Mound.Parent,,Loading,pitch.0,699090,5.1217,10.5657,64.9116,63.4739,39.7447,-27.4218,-0.0579,0.0985
1779744289840,1,11.0000004b,Drive,Loading,pitch.0,700630,5.4849,10.2758,63.4466,64.6293,39.2838,-21.9359,-0.0589,0.0969
1779744289840,1,12.00000015,Lower Delivery,Loading,pitch.0,700714,-0.208,0.1641,1.0998,-0.9941,0.6603,-2.9873,0.0,0.0
1779744289840,1,12.00000018,Upper Delivery,Loading,pitch.0,701401,-0.2302,0.147,0.3415,-0.8679,-0.724,-2.469,0.0,0.0
1779744289840,1,Pitching Mound.Delivery,,Loading,pitch.0,699767,-0.4382,0.3111,1.4413,-1.6043,-0.0638,-5.4638,0.0,0.0
1779744289840,1,Pitching Mound.Drive,,Loading,pitch.0,700630,5.4849,10.2758,63.4466,64.6293,39.2838,-21.9359,-0.0589,0.0969
1779744289840,1,Pitching Mound.Parent,,Loading,pitch.0,699091,5.075,10.5839,64.8993,63.0896,39.3591,-27.4228,-0.0578,0.0988
1779744289841,1,11.0000004b,Drive,Loading,pitch.0,700631,5.435,10.2735,63.3986,64.5914,39.2059,-21.8936,-0.0588,0.0969
1779744289841,1,12.00000015,Lower Delivery,Loading,pitch.0,700715,-0.2316,0.1356,1.1322,-1.1103,0.4792,-3.0373,0.0,0.0
1779744289841,1,12.00000018,Upper Delivery,Loading,pitch.0,701402,-0.2371,0.1307,0.3343,-0.8252,-0.6765,-2.5047,0.0,0.0
1779744289841,1,Pitching Mound.Delivery,,Loading,pitch.0,699768,-0.4687,0.2663,1.4665,-1.6642,-0.1973,-5.5439,0.0,0.0
1779744289841,1,Pitching Mound.Drive,,Loading,pitch.0,700631,5.435,10.2735,63.3986,64.5914,39.2059,-21.8936,-0.0588,0.0969
1779744289841,1,Pitching Mound.Parent,,Loading,pitch.0,699092,5.0162,10.5421,64.9131,62.9651,39.0865,-27.4797,-0.0576,0.0989
1779744289842,1,11.0000004b,Drive,Loading,pitch.0,700632,5.3829,10.2809,63.4405,64.4782,39.253,-21.8486,-0.0589,0.0967
1779744289842,1,12.00000015,Lower Delivery,Loading,pitch.0,700716,-0.2492,0.1214,1.1836,-1.1686,0.3788,-3.0531,0.0,0.0
1779744289842,1,12.00000018,Upper Delivery,Loading,pitch.0,701403,-0.2303,0.1411,0.315,-0.6322,-0.4686,-2.5407,0.0,0.0
1779744289842,1,Pitching Mound.Delivery,,Loading,pitch.0,699769,-0.4795,0.2625,1.4986,-1.5054,-0.0898,-5.5873,0.0,0.0
1779744289842,1,Pitching Mound.Drive,,Loading,pitch.0,700632,5.3829,10.2809,63.4405,64.4782,39.253,-21.8486,-0.0589,0.0967
1779744289842,1,Pitching Mound.Parent,,Loading,pitch.0,699093,4.9555,10.536,64.8971,63.086,39.1161,-27.4809,-0.0575,0.0992
1779744289843,1,11.0000004b,Drive,Loading,pitch.0,700633,5.3231,10.2867,63.2511,64.3651,39.0955,-21.8002,-0.0588,0.0968
1779744289843,1,12.00000015,Lower Delivery,Loading,pitch.0,700717,-0.2629,0.1052,1.1851,-1.0169,0.2886,-3.0169,0.0,0.0
1779744289843,1,12.00000018,Upper Delivery,Loading,pitch.0,701404,-0.2434,0.1374,0.3128,-0.3841,-0.2049,-2.5239,0.0,0.0
1779744289843,1,Pitching Mound.Delivery,,Loading,pitch.0,699770,-0.5064,0.2426,1.498,-1.1044,0.0837,-5.5342,0.0,0.0
1779744289843,1,Pitching Mound.Drive,,Loading,pitch.0,700633,5.3231,10.2867,63.2511,64.3651,39.0955,-21.8002,-0.0588,0.0968
1779744289843,1,Pitching Mound.Parent,,Loading,pitch.0,699094,4.8765,10.5235,64.9385,63.3739,39.3367,-27.3827,-0.0575,0.099
1779744289844,1,11.0000004b,Drive,Loading,pitch.0,700634,5.2628,10.2827,63.1063,64.2696,39.0778,-21.7561,-0.0589,0.0969
1779744289844,1,12.00000015,Lower Delivery,Loading,pitch.0,700718,-0.2801,0.0825,1.1908,-1.2795,-0.1285,-3.0861,0.0,0.0
1779744289844,1,12.00000018,Upper Delivery,Loading,pitch.0,701405,-0.2109,0.1187,0.3105,-0.157,0.0362,-2.505,0.0,0.0
1779744289844,1,Pitching Mound.Delivery,,Loading,pitch.0,699771,-0.4909,0.2013,1.5012,-1.1373,-0.0923,-5.5676,0.0,0.0
1779744289844,1,Pitching Mound.Drive,,Loading,pitch.0,700634,5.2628,10.2827,63.1063,64.2696,39.0778,-21.7561,-0.0589,0.0969
1779744289844,1,Pitching Mound.Parent,,Loading,pitch.0,699095,4.8322,10.4879,64.7523,63.2278,39.0032,-27.3678,-0.0574,0.0992
1779744289845,1,11.0000004b,Drive,Loading,pitch.0,700635,5.204,10.2854,62.97,64.0654,39.0476,-21.7418,-0.059,0.0968
1779744289845,1,12.00000015,Lower Delivery,Loading,pitch.0,700719,-0.2926,0.0835,1.2276,-1.4005,-0.3279,-3.0578,0.0,0.0
1779744289845,1,12.00000018,Upper Delivery,Loading,pitch.0,701406,-0.2364,0.1232,0.2941,-0.2929,-0.1076,-2.5254,0.0,0.0
1779744289845,1,Pitching Mound.Delivery,,Loading,pitch.0,699772,-0.529,0.2067,1.5217,-1.376,-0.4355,-5.5641,0.0,0.0
1779744289845,1,Pitching Mound.Drive,,Loading,pitch.0,700635,5.204,10.2854,62.97,64.0654,39.0476,-21.7418,-0.059,0.0968
1779744289845,1,Pitching Mound.Parent,,Loading,pitch.0,699096,4.7338,10.4895,64.628,62.8936,38.6422,-27.3201,-0.0575,0.0995
1779744289846,1,11.0000004b,Drive,Loading,pitch.0,700636,5.1355,10.2874,62.834,64.001,39.0017,-21.6482,-0.059,0.0969
1779744289846,1,12.00000015,Lower Delivery,Loading,pitch.0,700720,-0.3129,0.0866,1.2662,-1.3144,-0.1109,-3.0542,0.0,0.0
1779744289846,1,12.00000018,Upper Delivery,Loading,pitch.0,701407,-0.2239,0.1025,0.2693,-0.473,-0.3021,-2.4808,0.0,0.0
1779744289846,1,Pitching Mound.Delivery,,Loading,pitch.0,699773,-0.5368,0.1892,1.5354,-1.4484,-0.4131,-5.5048,0.0,0.0
1779744289846,1,Pitching Mound.Drive,,Loading,pitch.0,700636,5.1355,10.2874,62.834,64.001,39.0017,-21.6482,-0.059,0.0969
1779744289846,1,Pitching Mound.Parent,,Loading,pitch.0,699097,4.6672,10.4746,64.5055,62.617,38.6346,-27.2466,-0.0576,0.0997
1779744289847,1,11.0000004b,Drive,Loading,pitch.0,700637,5.0882,10.2794,62.8115,63.9056,38.9575,-21.5905,-0.059,0.0968
1779744289847,1,12.00000015,Lower Delivery,Loading,pitch.0,700721,-0.3032,0.0917,1.2388,-1.2302,0.1386,-3.013,0.0,0.0
1779744289847,1,12.00000018,Upper Delivery,Loading,pitch.0,701408,-0.2148,0.094,0.2968,-0.4145,-0.239,-2.493,0.0,0.0
1779744289847,1,Pitching Mound.Delivery,,Loading,pitch.0,699774,-0.5179,0.1857,1.5356,-1.3243,-0.1004,-5.476,0.0,0.0
1779744289847,1,Pitching Mound.Drive,,Loading,pitch.0,700637,5.0882,10.2794,62.8115,63.9056,38.9575,-21.5905,-0.059,0.0968
1779744289847,1,Pitching Mound.Parent,,Loading,pitch.0,699098,4.6176,10.473,64.3697,62.6766,38.9013,-27.1241,-0.0576,0.0996
1779744289848,1,11.0000004b,Drive,Loading,pitch.0,700638,5.033,10.267,62.647,63.6623,38.7954,-21.5336,-0.0589,0.0967
1779744289848,1,12.00000015,Lower Delivery,Loading,pitch.0,700722,-0.287,0.0792,1.2546,-1.0312,0.2931,-3.0317,0.0,0.0
1779744289848,1,12.00000018,Upper Delivery,Loading,pitch.0,701409,-0.2071,0.0926,0.2909,-0.7755,-0.6171,-2.6182,0.0,0.0
1779744289848,1,Pitching Mound.Delivery,,Loading,pitch.0,699775,-0.4941,0.1718,1.5455,-1.479,-0.324,-5.6227,0.0,0.0
1779744289848,1,Pitching Mound.Drive,,Loading,pitch.0,700638,5.033,10.267,62.647,63.6623,38.7954,-21.5336,-0.0589,0.0967
1779744289848,1,Pitching Mound.Parent,,Loading,pitch.0,699099,4.5941,10.4512,64.357,62.4266,38.6335,-27.2132,-0.0576,0.0996
1779744289849,1,11.0000004b,Drive,Loading,pitch.0,700639,4.9676,10.2554,62.4918,63.4571,38.7517,-21.4849,-0.059,0.0966
1779744289849,1,12.00000015,Lower Delivery,Loading,pitch.0,700723,-0.256,0.0752,1.203,-1.1577,0.4333,-2.986,0.0,0.0
1779744289849,1,12.00000018,Upper Delivery,Loading,pitch.0,701410,-0.1913,0.0867,0.2526,-0.7521,-0.5889,-2.6758,0.0,0.0
1779744289849,1,Pitching Mound.Delivery,,Loading,pitch.0,699776,-0.4473,0.1619,1.4556,-1.5866,-0.1557,-5.6399,0.0,0.0
1779744289849,1,Pitching Mound.Drive,,Loading,pitch.0,700639,4.9676,10.2554,62.4918,63.4571,38.7517,-21.4849,-0.059,0.0966
1779744289849,1,Pitching Mound.Parent,,Loading,pitch.0,699100,4.5857,10.4289,64.1026,62.0757,38.6397,-27.1735,-0.0576,0.0995
1779744289850,1,11.0000004b,Drive,Loading,pitch.0,700640,4.8987,10.2567,62.3771,63.2017,38.483,-21.422,-0.0587,0.0964
1779744289850,1,12.00000015,Lower Delivery,Loading,pitch.0,700724,-0.2407,0.0878,1.2341,-0.9088,0.423,-3.0029,0.0,0.0
1779744289850,1,12.00000018,Upper Delivery,Loading,pitch.0,701411,-0.2171,0.1183,0.3799,-1.2311,-1.0393,-2.74,0.0,0.0
1779744289850,1,Pitching Mound.Delivery,,Loading,pitch.0,699777,-0.4579,0.2061,1.614,-1.8494,-0.6163,-5.7349,0.0,0.0
1779744289850,1,Pitching Mound.Drive,,Loading,pitch.0,700640,4.8987,10.2567,62.3771,63.2017,38.483,-21.422,-0.0587,0.0964
1779744289850,1,Pitching Mound.Parent,,Loading,pitch.0,699101,4.5097,10.4615,64.1058,61.6077,38.1354,-27.2198,-0.0575,0.0987
1779744289851,1,11.0000004b,Drive,Loading,pitch.0,700641,4.8397,10.2366,62.2605,63.0541,38.2931,-21.3604,-0.0585,0.0963
1779744289851,1,12.00000015,Lower Delivery,Loading,pitch.0,700725,-0.208,0.1007,1.2304,-0.7601,0.3065,-2.9851,0.0,0.0
1779744289851,1,12.00000018,Upper Delivery,Loading,pitch.0,701412,-0.2091,0.1333,0.3978,-1.27,-0.9176,-2.7641,0.0,0.0
1779744289851,1,Pitching Mound.Delivery,,Loading,pitch.0,699778,-0.4171,0.234,1.6282,-1.747,-0.6111,-5.7496,0.0,0.0
1779744289851,1,Pitching Mound.Drive,,Loading,pitch.0,700641,4.8397,10.2366,62.2605,63.0541,38.2931,-21.3604,-0.0585,0.0963
1779744289851,1,Pitching Mound.Parent,,Loading,pitch.0,699102,4.4816,10.4907,64.0053,61.4547,37.8719,-27.1716,-0.0572,0.0984
1779744289852,1,11.0000004b,Drive,Loading,pitch.0,700642,4.7705,10.2284,62.0738,62.8667,38.0808,-21.2811,-0.0584,0.0963
1779744289852,1,12.00000015,Lower Delivery,Loading,pitch.0,700726,-0.2158,0.1113,1.12,-0.7133,0.3542,-2.9484,0.0,0.0
1779744289852,1,12.00000018,Upper Delivery,Loading,pitch.0,701413,-0.2329,0.1589,0.4691,-1.5116,-1.2217,-2.756,0.0,0.0
1779744289852,1,Pitching Mound.Delivery,,Loading,pitch.0,699779,-0.4487,0.2703,1.5891,-2.0035,-0.8674,-5.7102,0.0,0.0
1779744289852,1,Pitching Mound.Drive,,Loading,pitch.0,700642,4.7705,10.2284,62.0738,62.8667,38.0808,-21.2811,-0.0584,0.0963
1779744289852,1,Pitching Mound.Parent,,Loading,pitch.0,699103,4.391,10.5069,63.8496,61.0506,37.4256,-27.0706,-0.0571,0.0974
1779744289853,1,11.0000004b,Drive,Loading,pitch.0,700643,4.7101,10.2118,61.8964,62.6915,37.9576,-21.2229,-0.0583,0.0964
1779744289853,1,12.00000015,Lower Delivery,Loading,pitch.0,700727,-0.1879,0.1055,1.0402,-0.8811,0.3326,-2.9334,0.0,0.0
1779744289853,1,12.00000018,Upper Delivery,Loading,pitch.0,701414,-0.232,0.1575,0.4576,-1.7306,-1.4326,-2.8061,0.0,0.0
1779744289853,1,Pitching Mound.Delivery,,Loading,pitch.0,699780,-0.4199,0.263,1.4979,-2.4135,-1.1,-5.7544,0.0,0.0
1779744289853,1,Pitching Mound.Drive,,Loading,pitch.0,700643,4.7101,10.2118,61.8964,62.6915,37.9576,-21.2229,-0.0583,0.0964
1779744289853,1,Pitching Mound.Parent,,Loading,pitch.0,699104,4.3506,10.4914,63.5716,60.4532,36.9808,-27.0355,-0.057,0.0972
1779744289854,1,11.0000004b,Drive,Loading,pitch.0,700644,4.6427,10.1965,61.8142,62.4765,37.8589,-21.1677,-0.0583,0.0961
1779744289854,1,12.00000015,Lower Delivery,Loading,pitch.0,700728,-0.1913,0.1092,1.0787,-0.9804,0.4004,-2.9248,0.0,0.0
1779744289854,1,12.00000018,Upper Delivery,Loading,pitch.0,701415,-0.2387,0.1664,0.4691,-1.5208,-1.221,-2.7596,0.0,0.0
1779744289854,1,Pitching Mound.Delivery,,Loading,pitch.0,699781,-0.43,0.2757,1.5479,-2.2939,-0.8206,-5.7005,0.0,0.0
1779744289854,1,Pitching Mound.Drive,,Loading,pitch.0,700644,4.6427,10.1965,61.8142,62.4765,37.8589,-21.1677,-0.0583,0.0961
1779744289854,1,Pitching Mound.Parent,,Loading,pitch.0,699105,4.2801,10.4875,63.4443,60.3976,37.137,-26.9234,-0.0569,0.0973
1779744289855,1,11.0000004b,Drive,Loading,pitch.0,700645,4.5741,10.1839,61.6416,62.2424,37.6458,-21.0793,-0.0581,0.0961
1779744289855,1,12.00000015,Lower Delivery,Loading,pitch.0,700729,-0.1796,0.118,1.1209,-0.9801,0.4712,-2.9243,0.0,0.0
1779744289855,1,12.00000018,Upper Delivery,Loading,pitch.0,701416,-0.2241,0.1538,0.4369,-1.6169,-1.3747,-2.7702,0.0,0.0
1779744289855,1,Pitching Mound.Delivery,,Loading,pitch.0,699782,-0.4037,0.2718,1.5577,-2.3645,-0.9035,-5.7096,0.0,0.0
1779744289855,1,Pitching Mound.Drive,,Loading,pitch.0,700645,4.5741,10.1839,61.6416,62.2424,37.6458,-21.0793,-0.0581,0.0961
1779744289855,1,Pitching Mound.Parent,,Loading,pitch.0,699106,4.2391,10.4682,63.3719,60.112,36.9554,-26.8773,-0.0568,0.0975
1779744289856,1,11.0000004b,Drive,Loading,pitch.0,700646,4.5154,10.1781,61.4432,62.0956,37.4076,-21.0212,-0.0579,0.0961
1779744289856,1,12.00000015,Lower Delivery,Loading,pitch.0,700730,-0.1892,0.1022,1.1124,-0.9047,0.5721,-2.9122,0.0,0.0
1779744289856,1,12.00000018,Upper Delivery,Loading,pitch.0,701417,-0.1958,0.1479,0.3999,-1.1201,-0.9816,-2.6713,0.0,0.0
1779744289856,1,Pitching Mound.Delivery,,Loading,pitch.0,699783,-0.385,0.2501,1.5123,-1.7826,-0.4096,-5.5857,0.0,0.0
1779744289856,1,Pitching Mound.Drive,,Loading,pitch.0,700646,4.5154,10.1781,61.4432,62.0956,37.4076,-21.0212,-0.0579,0.0961
1779744289856,1,Pitching Mound.Parent,,Loading,pitch.0,699107,4.1891,10.4339,63.1539,60.4599,37.2362,-26.6651,-0.0567,0.0976
1779744289857,1,11.0000004b,Drive,Loading,pitch.0,700647,4.4303,10.1657,61.3668,61.9182,37.4515,-20.9578,-0.0581,0.096
1779744289857,1,12.00000015,Lower Delivery,Loading,pitch.0,700731,-0.1799,0.0865,1.0331,-1.0231,0.4922,-2.9328,0.0,0.0
1779744289857,1,12.00000018,Upper Delivery,Loading,pitch.0,701418,-0.2056,0.1442,0.3871,-1.1687,-1.0314,-2.7087,0.0,0.0
1779744289857,1,Pitching Mound.Delivery,,Loading,pitch.0,699784,-0.3855,0.2306,1.4202,-1.9722,-0.5392,-5.6503,0.0,0.0
1779744289857,1,Pitching Mound.Drive,,Loading,pitch.0,700647,4.4303,10.1657,61.3668,61.9182,37.4515,-20.9578,-0.0581,0.096
1779744289857,1,Pitching Mound.Parent,,Loading,pitch.0,699108,4.1298,10.4087,62.8634,60.1234,36.8684,-26.6715,-0.0566,0.0975
1779744289858,1,11.0000004b,Drive,Loading,pitch.0,700648,4.367,10.1563,61.182,61.7175,37.2357,-20.8946,-0.0579,0.096
1779744289858,1,12.00000015,Lower Delivery,Loading,pitch.0,700732,-0.2091,0.0742,1.0618,-1.0553,0.3947,-2.9686,0.0,0.0
1779744289858,1,12.00000018,Upper Delivery,Loading,pitch.0,701419,-0.182,0.1416,0.3633,-0.7849,-0.6315,-2.5403,0.0,0.0
1779744289858,1,Pitching Mound.Delivery,,Loading,pitch.0,699785,-0.3911,0.2158,1.4251,-1.6027,-0.2368,-5.4996,0.0,0.0
1779744289858,1,Pitching Mound.Drive,,Loading,pitch.0,700648,4.367,10.1563,61.182,61.7175,37.2357,-20.8946,-0.0579,0.096
1779744289858,1,Pitching Mound.Parent,,Loading,pitch.0,699109,4.0392,10.3815,62.7919,60.3154,37.2147,-26.4575,-0.0567,0.0976
1779744289859,1,11.0000004b,Drive,Loading,pitch.0,700649,4.2761,10.154,60.9289,61.5295,37.1745,-20.8223,-0.058,0.0961
1779744289859,1,12.00000015,Lower Delivery,Loading,pitch.0,700733,-0.2225,0.0924,1.0622,-1.0743,0.5039,-2.9174,0.0,0.0
1779744289859,1,12.00000018,Upper Delivery,Loading,pitch.0,701420,-0.1777,0.1425,0.3508,-0.8161,-0.6677,-2.487,0.0,0.0
1779744289859,1,Pitching Mound.Delivery,,Loading,pitch.0,699786,-0.4002,0.2349,1.413,-1.6485,-0.1638,-5.3892,0.0,0.0
1779744289859,1,Pitching Mound.Drive,,Loading,pitch.0,700649,4.2761,10.154,60.9289,61.5295,37.1745,-20.8223,-0.058,0.0961
1779744289859,1,Pitching Mound.Parent,,Loading,pitch.0,699110,3.9668,10.3912,62.595,60.069,37.0719,-26.2838,-0.0566,0.0977
1779744289860,1,11.0000004b,Drive,Loading,pitch.0,700650,4.2082,10.147,60.8972,61.4015,37.1321,-20.7466,-0.058,0.0959
1779744289860,1,12.00000015,Lower Delivery,Loading,pitch.0,700734,-0.2414,0.0915,1.118,-1.1278,0.4173,-2.9231,0.0,0.0
1779744289860,1,12.00000018,Upper Delivery,Loading,pitch.0,701421,-0.2075,0.1577,0.3487,-0.8076,-0.6581,-2.497,0.0,0.0
1779744289860,1,Pitching Mound.Delivery,,Loading,pitch.0,699787,-0.4489,0.2492,1.4667,-1.6739,-0.2408,-5.4086,0.0,0.0
1779744289860,1,Pitching Mound.Drive,,Loading,pitch.0,700650,4.2082,10.147,60.8972,61.4015,37.1321,-20.7466,-0.058,0.0959
1779744289860,1,Pitching Mound.Parent,,Loading,pitch.0,699111,3.8272,10.4032,62.3955,59.8556,36.9337,-26.2309,-0.0567,0.098
1779744289861,1,11.0000004b,Drive,Loading,pitch.0,700651,4.134,10.1189,60.7038,61.1633,36.9997,-20.6705,-0.058,0.0958
1779744289861,1,12.00000015,Lower Delivery,Loading,pitch.0,700735,-0.2596,0.0818,1.107,-1.2115,0.3699,-2.9546,0.0,0.0
1779744289861,1,12.00000018,Upper Delivery,Loading,pitch.0,701422,-0.1961,0.1334,0.2882,-0.7268,-0.5782,-2.3856,0.0,0.0
1779744289861,1,Pitching Mound.Delivery,,Loading,pitch.0,699788,-0.4558,0.2152,1.3952,-1.66,-0.2083,-5.3186,0.0,0.0
1779744289861,1,Pitching Mound.Drive,,Loading,pitch.0,700651,4.134,10.1189,60.7038,61.1633,36.9997,-20.6705,-0.058,0.0958
1779744289861,1,Pitching Mound.Parent,,Loading,pitch.0,699112,3.7524,10.3622,62.2924,59.7416,36.9237,-26.0652,-0.0567,0.0982
1779744289862,1,11.0000004b,Drive,Loading,pitch.0,700652,4.0699,10.1139,60.4851,60.8378,36.8145,-20.5712,-0.0579,0.0957
1779744289862,1,12.00000015,Lower Delivery,Loading,pitch.0,700736,-0.2366,0.0948,1.2199,-1.0311,0.6034,-2.9703,0.0,0.0
1779744289862,1,12.00000018,Upper Delivery,Loading,pitch.0,701423,-0.2331,0.1357,0.2857,-1.0702,-0.9361,-2.5335,0.0,0.0
1779744289862,1,Pitching Mound.Delivery,,Loading,pitch.0,699789,-0.4697,0.2305,1.5057,-1.7836,-0.3327,-5.5026,0.0,0.0
1779744289862,1,Pitching Mound.Drive,,Loading,pitch.0,700652,4.0699,10.1139,60.4851,60.8378,36.8145,-20.5712,-0.0579,0.0957
1779744289862,1,Pitching Mound.Parent,,Loading,pitch.0,699113,3.6643,10.3494,62.2095,59.3797,36.667,-26.1731,-0.0566,0.0986
1779744289863,1,11.0000004b,Drive,Loading,pitch.0,700653,3.9925,10.0993,60.2864,60.557,36.7785,-20.4843,-0.058,0.0956
1779744289863,1,12.00000015,Lower Delivery,Loading,pitch.0,700737,-0.238,0.079,1.1982,-0.8771,0.5249,-2.9451,0.0,0.0
1779744289863,1,12.00000018,Upper Delivery,Loading,pitch.0,701424,-0.2164,0.1318,0.2758,-1.1807,-1.0516,-2.5769,0.0,0.0
1779744289863,1,Pitching Mound.Delivery,,Loading,pitch.0,699790,-0.4545,0.2107,1.474,-1.7442,-0.5267,-5.5146,0.0,0.0
1779744289863,1,Pitching Mound.Drive,,Loading,pitch.0,700653,3.9925,10.0993,60.2864,60.557,36.7785,-20.4843,-0.058,0.0956
1779744289863,1,Pitching Mound.Parent,,Loading,pitch.0,699114,3.6155,10.3247,61.9591,59.0936,36.2879,-26.0858,-0.0565,0.0985
1779744289864,1,11.0000004b,Drive,Loading,pitch.0,700654,3.9323,10.079,60.1591,60.264,36.5883,-20.3995,-0.0579,0.0953
1779744289864,1,12.00000015,Lower Delivery,Loading,pitch.0,700738,-0.2597,0.0777,1.2488,-1.105,0.2369,-3.0133,0.0,0.0
1779744289864,1,12.00000018,Upper Delivery,Loading,pitch.0,701425,-0.2383,0.1544,0.3043,-1.0893,-0.9591,-2.4865,0.0,0.0
1779744289864,1,Pitching Mound.Delivery,,Loading,pitch.0,699791,-0.4979,0.2321,1.5531,-1.8732,-0.7222,-5.4925,0.0,0.0
1779744289864,1,Pitching Mound.Drive,,Loading,pitch.0,700654,3.9323,10.079,60.1591,60.264,36.5883,-20.3995,-0.0579,0.0953
1779744289864,1,Pitching Mound.Parent,,Loading,pitch.0,699115,3.4946,10.3314,61.8395,58.6839,36.0562,-25.9768,-0.0566,0.0983
1779744289865,1,11.0000004b,Drive,Loading,pitch.0,700655,3.868,10.0613,60.0154,60.0248,36.6176,-20.3367,-0.058,0.0951
1779744289865,1,12.00000015,Lower Delivery,Loading,pitch.0,700739,-0.2715,0.104,1.2145,-1.037,0.2422,-3.0211,0.0,0.0
1779744289865,1,12.00000018,Upper Delivery,Loading,pitch.0,701426,-0.2574,0.1765,0.2942,-1.3365,-1.2207,-2.5245,0.0,0.0
1779744289865,1,Pitching Mound.Delivery,,Loading,pitch.0,699792,-0.5289,0.2805,1.5087,-2.0606,-0.9785,-5.5409,0.0,0.0
1779744289865,1,Pitching Mound.Drive,,Loading,pitch.0,700655,3.868,10.0613,60.0154,60.0248,36.6176,-20.3367,-0.058,0.0951
1779744289865,1,Pitching Mound.Parent,,Loading,pitch.0,699116,3.4033,10.3595,61.6678,58.2034,35.6099,-25.9404,-0.0564,0.098
1779744289866,1,11.0000004b,Drive,Loading,pitch.0,700656,3.7978,10.0536,59.812,59.7728,36.5451,-20.2855,-0.0581,0.0951
1779744289866,1,12.00000015,Lower Delivery,Loading,pitch.0,700740,-0.2736,0.0878,1.1866,-0.9645,0.1424,-3.0626,0.0,0.0
1779744289866,1,12.00000018,Upper Delivery,Loading,pitch.0,701427,-0.2508,0.161,0.2801,-1.3755,-1.2648,-2.4795,0.0,0.0
1779744289866,1,Pitching Mound.Delivery,,Loading,pitch.0,699793,-0.5244,0.2488,1.4667,-2.0318,-1.1224,-5.5343,0.0,0.0
1779744289866,1,Pitching Mound.Drive,,Loading,pitch.0,700656,3.7978,10.0536,59.812,59.7728,36.5451,-20.2855,-0.0581,0.0951
1779744289866,1,Pitching Mound.Parent,,Loading,pitch.0,699117,3.3437,10.31,61.4821,57.993,35.4952,-25.871,-0.0567,0.0979
1779744289867,1,11.0000004b,Drive,Loading,pitch.0,700657,3.7368,10.0424,59.7656,59.4194,36.5422,-20.2143,-0.0582,0.0946
1779744289867,1,12.00000015,Lower Delivery,Loading,pitch.0,700742,-0.242,0.0926,1.0189,-1.1946,0.4153,-3.0492,0.0,0.0
1779744289867,1,12.00000015,Lower Delivery,Loading,pitch.0,700741,-0.2467,0.0893,1.0795,-1.227,0.2437,-3.0426,0.0,0.0
1779744289867,1,12.00000018,Upper Delivery,Loading,pitch.0,701428,-0.2871,0.2175,0.3588,-1.6716,-1.5785,-2.517,0.0,0.0
1779744289867,1,Pitching Mound.Delivery,,Loading,pitch.0,699794,-0.5338,0.3068,1.4383,-2.6535,-1.3348,-5.5733,0.0,0.0
1779744289867,1,Pitching Mound.Drive,,Loading,pitch.0,700657,3.7368,10.0424,59.7656,59.4194,36.5422,-20.2143,-0.0582,0.0946
1779744289867,1,Pitching Mound.Parent,,Loading,pitch.0,699118,3.2641,10.3604,61.2502,57.1192,35.2103,-25.8588,-0.0568,0.0968
1779744289868,1,11.0000004b,Drive,Loading,pitch.0,700658,3.6785,10.0188,59.5276,59.0994,36.3996,-20.1358,-0.0582,0.0944
1779744289868,1,12.00000015,Lower Delivery,Loading,pitch.0,700743,-0.1949,0.1003,0.9502,-1.1456,0.5148,-3.0466,0.0,0.0
1779744289868,1,12.00000018,Upper Delivery,Loading,pitch.0,701429,-0.2792,0.2074,0.3273,-1.5253,-1.4255,-2.4622,0.0,0.0
1779744289868,1,Pitching Mound.Delivery,,Loading,pitch.0,699795,-0.5212,0.3,1.3462,-2.4847,-1.0102,-5.524,0.0,0.0
1779744289868,1,Pitching Mound.Drive,,Loading,pitch.0,700658,3.6785,10.0188,59.5276,59.0994,36.3996,-20.1358,-0.0582,0.0944
1779744289868,1,Pitching Mound.Parent,,Loading,pitch.0,699119,3.2156,10.3424,61.1118,56.9347,35.532,-25.7383,-0.0569,0.0963
1779744289869,1,11.0000004b,Drive,Loading,pitch.0,700659,3.6315,10.0072,59.3413,58.8248,36.3063,-20.0443,-0.0582,0.0943
1779744289869,1,12.00000015,Lower Delivery,Loading,pitch.0,700744,-0.2038,0.0783,0.9512,-1.3008,0.1656,-3.013,0.0,0.0
1779744289869,1,12.00000018,Upper Delivery,Loading,pitch.0,701430,-0.2624,0.1853,0.306,-1.2761,-1.1628,-2.4075,0.0,0.0
1779744289869,1,Pitching Mound.Delivery,,Loading,pitch.0,699796,-0.4573,0.2856,1.2562,-2.2027,-0.648,-5.477,0.0,0.0
1779744289869,1,Pitching Mound.Drive,,Loading,pitch.0,700659,3.6315,10.0072,59.3413,58.8248,36.3063,-20.0443,-0.0582,0.0943
1779744289869,1,Pitching Mound.Parent,,Loading,pitch.0,699120,3.2212,10.3044,60.7839,56.8967,35.7516,-25.6128,-0.057,0.0961
1779744289870,1,11.0000004b,Drive,Loading,pitch.0,700660,3.5801,9.9825,59.177,58.4091,36.1689,-19.9627,-0.0581,0.0939
1779744289870,1,12.00000015,Lower Delivery,Loading,pitch.0,700745,-0.2214,0.0643,0.9267,-1.2551,-0.1332,-3.0513,0.0,0.0
1779744289870,1,12.00000018,Upper Delivery,Loading,pitch.0,701431,-0.269,0.1837,0.2886,-1.2552,-1.1375,-2.4624,0.0,0.0
1779744289870,1,Pitching Mound.Delivery,,Loading,pitch.0,699797,-0.4728,0.262,1.2398,-2.3307,-0.9719,-5.4975,0.0,0.0
1779744289870,1,Pitching Mound.Drive,,Loading,pitch.0,700660,3.5801,9.9825,59.177,58.4091,36.1689,-19.9627,-0.0581,0.0939
1779744289870,1,Pitching Mound.Parent,,Loading,pitch.0,699121,3.1587,10.2692,60.5811,56.4941,35.3344,-25.5418,-0.057,0.0961
1779744289871,1,11.0000004b,Drive,Loading,pitch.0,700661,3.5221,9.9686,58.9504,58.0083,36.0374,-19.8816,-0.0582,0.0936
1779744289871,1,12.00000018,Upper Delivery,Loading,pitch.0,701432,-0.2537,0.1665,0.3066,-1.2116,-1.0921,-2.4421,0.0,0.0
1779744289871,1,Pitching Mound.Delivery,,Loading,pitch.0,699798,-0.4751,0.2307,1.2333,-2.2558,-1.2253,-5.5043,0.0,0.0
1779744289871,1,Pitching Mound.Drive,,Loading,pitch.0,700661,3.5221,9.9686,58.9504,58.0083,36.0374,-19.8816,-0.0582,0.0936
1779744289871,1,Pitching Mound.Parent,,Loading,pitch.0,699122,3.1051,10.2133,60.4103,56.1533,34.9436,-25.4671,-0.057,0.0955
1779744289872,1,11.0000004b,Drive,Loading,pitch.0,700662,3.471,9.9644,58.8606,57.5874,36.0451,-19.7939,-0.0583,0.0931
1779744289872,1,12.00000015,Lower Delivery,Loading,pitch.0,700746,-0.2208,0.0614,0.8828,-1.2496,-0.2303,-3.0704,0.0,0.0
1779744289872,1,12.00000015,Lower Delivery,Loading,pitch.0,700747,-0.2295,0.0629,0.891,-1.5877,-0.3075,-3.0372,0.0,0.0
1779744289872,1,12.00000018,Upper Delivery,Loading,pitch.0,701433,-0.2478,0.1602,0.2874,-1.3242,-1.2069,-2.5357,0.0,0.0
1779744289872,1,Pitching Mound.Delivery,,Loading,pitch.0,699799,-0.4686,0.2216,1.1702,-2.3713,-1.4372,-5.6153,0.0,0.0
1779744289872,1,Pitching Mound.Drive,,Loading,pitch.0,700662,3.471,9.9644,58.8606,57.5874,36.0451,-19.7939,-0.0583,0.0931
1779744289872,1,Pitching Mound.Parent,,Loading,pitch.0,699123,3.0536,10.1902,60.1207,55.637,34.6002,-25.497,-0.057,0.0952
1779744289873,1,11.0000004b,Drive,Loading,pitch.0,700663,3.4157,9.9562,58.7384,57.321,36.0135,-19.7465,-0.0583,0.0928
1779744289873,1,12.00000015,Lower Delivery,Loading,pitch.0,700748,-0.2273,0.0685,0.8716,-1.7821,-0.0849,-2.986,0.0,0.0
1779744289873,1,12.00000018,Upper Delivery,Loading,pitch.0,701434,-0.2535,0.1805,0.303,-1.0725,-0.9426,-2.4622,0.0,0.0
1779744289873,1,Pitching Mound.Delivery,,Loading,pitch.0,699800,-0.4829,0.2435,1.194,-2.4603,-1.2501,-5.5076,0.0,0.0
1779744289873,1,Pitching Mound.Drive,,Loading,pitch.0,700663,3.4157,9.9562,58.7384,57.321,36.0135,-19.7465,-0.0583,0.0928
1779744289873,1,Pitching Mound.Parent,,Loading,pitch.0,699124,2.9881,10.2079,60.0546,55.1271,34.795,-25.3015,-0.0571,0.0946
1779744289874,1,11.0000004b,Drive,Loading,pitch.0,700664,3.361,9.9477,58.5138,57.0053,35.8506,-19.6693,-0.0583,0.0927
1779744289874,1,12.00000015,Lower Delivery,Loading,pitch.0,700749,-0.2268,0.065,0.7882,-1.5642,-0.0663,-2.9123,0.0,0.0
1779744289874,1,12.00000018,Upper Delivery,Loading,pitch.0,701435,-0.2481,0.1509,0.2832,-0.9889,-0.8539,-2.4535,0.0,0.0
1779744289874,1,Pitching Mound.Delivery,,Loading,pitch.0,699801,-0.4755,0.2194,1.1548,-2.5709,-0.9389,-5.4466,0.0,0.0
1779744289874,1,Pitching Mound.Drive,,Loading,pitch.0,700664,3.361,9.9477,58.5138,57.0053,35.8506,-19.6693,-0.0583,0.0927
1779744289874,1,Pitching Mound.Parent,,Loading,pitch.0,699125,2.9402,10.1756,59.8932,54.7501,35.0746,-25.1931,-0.0572,0.0944
1779744289875,1,11.0000004b,Drive,Loading,pitch.0,700665,3.3114,9.945,58.3445,56.6542,35.8096,-19.5829,-0.0584,0.0924
1779744289875,1,12.00000015,Lower Delivery,Loading,pitch.0,700750,-0.218,0.0667,0.7581,-1.3979,0.1399,-2.9182,0.0,0.0
1779744289875,1,12.00000018,Upper Delivery,Loading,pitch.0,701436,-0.2205,0.1457,0.2986,-0.7757,-0.6262,-2.4596,0.0,0.0
1779744289875,1,Pitching Mound.Delivery,,Loading,pitch.0,699802,-0.4473,0.2107,1.0868,-2.1734,-0.6926,-5.3697,0.0,0.0
1779744289875,1,Pitching Mound.Drive,,Loading,pitch.0,700665,3.3114,9.945,58.3445,56.6542,35.8096,-19.5829,-0.0584,0.0924
1779744289875,1,Pitching Mound.Parent,,Loading,pitch.0,699126,2.9137,10.1585,59.6006,54.8319,35.1581,-25.039,-0.0572,0.0938
1779744289876,1,11.0000004b,Drive,Loading,pitch.0,700666,3.2511,9.9381,58.1063,56.3496,35.7089,-19.5055,-0.0585,0.0923
1779744289876,1,12.00000015,Lower Delivery,Loading,pitch.0,700751,-0.2067,0.0785,0.8825,-1.3329,0.3626,-2.9671,0.0,0.0
1779744289876,1,12.00000018,Upper Delivery,Loading,pitch.0,701437,-0.2265,0.1763,0.316,-0.7807,-0.6314,-2.4631,0.0,0.0
1779744289876,1,Pitching Mound.Delivery,,Loading,pitch.0,699803,-0.4445,0.243,1.0741,-2.0284,-0.4915,-5.3842,0.0,0.0
1779744289876,1,Pitching Mound.Drive,,Loading,pitch.0,700666,3.2511,9.9381,58.1063,56.3496,35.7089,-19.5055,-0.0585,0.0923
1779744289876,1,Pitching Mound.Parent,,Loading,pitch.0,699127,2.8669,10.1879,59.4186,54.6258,35.3182,-24.967,-0.0573,0.0932
1779744289877,1,11.0000004b,Drive,Loading,pitch.0,700667,3.1995,9.9348,57.9361,55.9926,35.5732,-19.4132,-0.0584,0.0919
1779744289877,1,12.00000018,Upper Delivery,Loading,pitch.0,701438,-0.2261,0.1768,0.3427,-0.824,-0.6777,-2.4583,0.0,0.0
1779744289877,1,Pitching Mound.Delivery,,Loading,pitch.0,699804,-0.4328,0.2553,1.2252,-1.9733,-0.3151,-5.432,0.0,0.0
1779744289877,1,Pitching Mound.Drive,,Loading,pitch.0,700667,3.1995,9.9348,57.9361,55.9926,35.5732,-19.4132,-0.0584,0.0919
1779744289877,1,Pitching Mound.Parent,,Loading,pitch.0,699128,2.8183,10.1934,59.3315,54.3763,35.3938,-24.9375,-0.0573,0.0934
1779744289878,1,11.0000004b,Drive,Loading,pitch.0,700668,3.1355,9.9122,57.7881,55.6518,35.4479,-19.3076,-0.0584,0.0916
1779744289878,1,12.00000015,Lower Delivery,Loading,pitch.0,700753,-0.228,0.0885,0.9966,-1.1272,0.7774,-2.9049,0.0,0.0
1779744289878,1,12.00000015,Lower Delivery,Loading,pitch.0,700752,-0.2262,0.0726,0.969,-1.2948,0.4914,-2.9237,0.0,0.0
1779744289878,1,12.00000018,Upper Delivery,Loading,pitch.0,701439,-0.2179,0.17,0.3485,-0.6893,-0.5335,-2.4697,0.0,0.0
1779744289878,1,Pitching Mound.Delivery,,Loading,pitch.0,699805,-0.4441,0.2425,1.3175,-1.7731,-0.0421,-5.3905,0.0,0.0
1779744289878,1,Pitching Mound.Drive,,Loading,pitch.0,700668,3.1355,9.9122,57.7881,55.6518,35.4479,-19.3076,-0.0584,0.0916
1779744289878,1,Pitching Mound.Parent,,Loading,pitch.0,699129,2.7554,10.1773,59.2536,54.2195,35.5311,-24.8037,-0.0571,0.0935
1779744289879,1,11.0000004b,Drive,Loading,pitch.0,700669,3.0648,9.9063,57.5432,55.2631,35.5079,-19.2261,-0.0587,0.0914
1779744289879,1,12.00000015,Lower Delivery,Loading,pitch.0,700754,-0.2162,0.0919,0.9768,-1.1966,0.7302,-2.8873,0.0,0.0
1779744289879,1,12.00000018,Upper Delivery,Loading,pitch.0,701440,-0.212,0.152,0.3651,-0.6815,-0.5221,-2.5244,0.0,0.0
1779744289879,1,Pitching Mound.Delivery,,Loading,pitch.0,699806,-0.4401,0.2405,1.3617,-1.594,0.2553,-5.4238,0.0,0.0
1779744289879,1,Pitching Mound.Drive,,Loading,pitch.0,700669,3.0648,9.9063,57.5432,55.2631,35.5079,-19.2261,-0.0587,0.0914
1779744289879,1,Pitching Mound.Parent,,Loading,pitch.0,699130,2.6954,10.1527,59.1498,54.0579,35.7033,-24.7314,-0.057,0.0931
1779744289880,1,11.0000004b,Drive,Loading,pitch.0,700670,3.0104,9.8895,57.3849,54.9341,35.3897,-19.1246,-0.0587,0.0911
1779744289880,1,12.00000015,Lower Delivery,Loading,pitch.0,700755,-0.186,0.0989,0.9326,-1.1794,0.7088,-2.8956,0.0,0.0
1779744289880,1,12.00000018,Upper Delivery,Loading,pitch.0,701441,-0.2313,0.1525,0.3815,-0.6748,-0.5148,-2.5286,0.0,0.0
1779744289880,1,Pitching Mound.Delivery,,Loading,pitch.0,699807,-0.4476,0.2444,1.3583,-1.6691,0.2154,-5.421,0.0,0.0
1779744289880,1,Pitching Mound.Drive,,Loading,pitch.0,700670,3.0104,9.8895,57.3849,54.9341,35.3897,-19.1246,-0.0587,0.0911
1779744289880,1,Pitching Mound.Parent,,Loading,pitch.0,699131,2.6172,10.1507,58.9015,53.594,35.7233,-24.6471,-0.0573,0.0927
1779744289881,1,11.0000004b,Drive,Loading,pitch.0,700671,2.9378,9.8868,57.1962,54.6819,35.3119,-19.0694,-0.0587,0.0909
1779744289881,1,12.00000015,Lower Delivery,Loading,pitch.0,700756,-0.1965,0.0892,0.9027,-1.3225,0.7141,-2.8657,0.0,0.0
1779744289881,1,12.00000018,Upper Delivery,Loading,pitch.0,701442,-0.2071,0.1195,0.3581,-0.4197,-0.243,-2.5211,0.0,0.0
1779744289881,1,Pitching Mound.Delivery,,Loading,pitch.0,699808,-0.3931,0.2184,1.2907,-1.4037,0.4657,-5.4239,0.0,0.0
1779744289881,1,Pitching Mound.Drive,,Loading,pitch.0,700671,2.9378,9.8868,57.1962,54.6819,35.3119,-19.0694,-0.0587,0.0909
1779744289881,1,Pitching Mound.Parent,,Loading,pitch.0,699132,2.6173,10.1078,58.6756,53.5304,35.8555,-24.5484,-0.0574,0.0924
1779744289882,1,11.0000004b,Drive,Loading,pitch.0,700672,2.8469,9.8706,56.9633,54.4188,35.3085,-18.9245,-0.059,0.0909
1779744289882,1,12.00000015,Lower Delivery,Loading,pitch.0,700757,-0.2052,0.0965,0.9662,-1.3972,0.6862,-2.8708,0.0,0.0
1779744289882,1,12.00000018,Upper Delivery,Loading,pitch.0,701443,-0.214,0.1087,0.3318,-0.1953,-0.0098,-2.411,0.0,0.0
1779744289882,1,Pitching Mound.Delivery,,Loading,pitch.0,699809,-0.4105,0.198,1.2345,-1.3236,0.7043,-5.2826,0.0,0.0
1779744289882,1,Pitching Mound.Drive,,Loading,pitch.0,700672,2.8469,9.8706,56.9633,54.4188,35.3085,-18.9245,-0.059,0.0909
1779744289882,1,Pitching Mound.Parent,,Loading,pitch.0,699133,2.5273,10.0848,58.4307,53.3582,36.0161,-24.3521,-0.0575,0.0923
1779744289883,1,11.0000004b,Drive,Loading,pitch.0,700673,2.7632,9.8563,56.7143,54.128,35.3082,-18.8353,-0.0592,0.0908
1779744289883,1,12.00000015,Lower Delivery,Loading,pitch.0,700758,-0.1832,0.0995,0.9566,-1.3755,0.7107,-2.8992,0.0,0.0
1779744289883,1,12.00000018,Upper Delivery,Loading,pitch.0,701444,-0.2596,0.1561,0.3724,-0.3831,-0.2081,-2.4481,0.0,0.0
1779744289883,1,Pitching Mound.Delivery,,Loading,pitch.0,699810,-0.4648,0.2526,1.3386,-1.5784,0.4781,-5.3374,0.0,0.0
1779744289883,1,Pitching Mound.Drive,,Loading,pitch.0,700673,2.7632,9.8563,56.7143,54.128,35.3082,-18.8353,-0.0592,0.0908
1779744289883,1,Pitching Mound.Parent,,Loading,pitch.0,699134,2.3821,10.1232,58.3019,52.8404,35.7867,-24.2619,-0.0576,0.0923
1779744289884,1,11.0000004b,Drive,Loading,pitch.0,700674,2.6833,9.8434,56.5228,53.8289,35.2754,-18.7288,-0.0594,0.0906
1779744289884,1,12.00000018,Upper Delivery,Loading,pitch.0,701445,-0.2379,0.1361,0.3366,-0.2568,-0.074,-2.4384,0.0,0.0
1779744289884,1,Pitching Mound.Delivery,,Loading,pitch.0,699811,-0.4211,0.2356,1.2931,-1.4215,0.6367,-5.3561,0.0,0.0
1779744289884,1,Pitching Mound.Drive,,Loading,pitch.0,700674,2.6833,9.8434,56.5228,53.8289,35.2754,-18.7288,-0.0594,0.0906
1779744289884,1,Pitching Mound.Parent,,Loading,pitch.0,699135,2.3421,10.092,58.0074,52.7064,35.9449,-24.1915,-0.0579,0.0924
1779744289885,1,11.0000004b,Drive,Loading,pitch.0,700675,2.6038,9.8387,56.3605,53.6018,35.1696,-18.6553,-0.0594,0.0905
1779744289885,1,12.00000015,Lower Delivery,Loading,pitch.0,700759,-0.1805,0.0929,0.9328,-1.2499,1.0379,-2.8682,0.0,0.0
1779744289885,1,12.00000015,Lower Delivery,Loading,pitch.0,700760,-0.1761,0.0927,0.9169,-1.1824,1.1447,-2.8758,0.0,0.0
1779744289885,1,12.00000018,Upper Delivery,Loading,pitch.0,701446,-0.2771,0.1787,0.397,-0.2994,-0.1164,-2.4904,0.0,0.0
1779744289885,1,Pitching Mound.Delivery,,Loading,pitch.0,699812,-0.4576,0.2716,1.3298,-1.367,0.9215,-5.3914,0.0,0.0
1779744289885,1,Pitching Mound.Drive,,Loading,pitch.0,700675,2.6038,9.8387,56.3605,53.6018,35.1696,-18.6553,-0.0594,0.0905
1779744289885,1,Pitching Mound.Parent,,Loading,pitch.0,699136,2.2257,10.115,57.8526,52.4619,36.1969,-24.1202,-0.058,0.0917
1779744289886,1,11.0000004b,Drive,Loading,pitch.0,700676,2.4987,9.8352,56.2737,53.3736,35.2875,-18.5701,-0.0597,0.0902
1779744289886,1,12.00000015,Lower Delivery,Loading,pitch.0,700761,-0.1889,0.0874,0.9371,-1.4541,0.8196,-2.8509,0.0,0.0
1779744289886,1,12.00000018,Upper Delivery,Loading,pitch.0,701447,-0.3043,0.1911,0.4489,0.0204,0.2204,-2.4147,0.0,0.0
1779744289886,1,Pitching Mound.Delivery,,Loading,pitch.0,699813,-0.4803,0.2838,1.3658,-1.0029,1.3651,-5.334,0.0,0.0
1779744289886,1,Pitching Mound.Drive,,Loading,pitch.0,700676,2.4987,9.8352,56.2737,53.3736,35.2875,-18.5701,-0.0597,0.0902
1779744289886,1,Pitching Mound.Parent,,Loading,pitch.0,699137,2.1235,10.1225,57.7263,52.5989,36.5347,-23.9894,-0.058,0.0911
1779744289887,1,11.0000004b,Drive,Loading,pitch.0,700677,2.3748,9.8186,55.8914,52.762,35.0152,-18.3774,-0.0596,0.0898
1779744289887,1,12.00000015,Lower Delivery,Loading,pitch.0,700762,-0.1601,0.1049,0.8888,-1.4074,0.3726,-2.8771,0.0,0.0
1779744289887,1,12.00000018,Upper Delivery,Loading,pitch.0,701448,-0.3025,0.1916,0.4697,-0.0032,0.1943,-2.399,0.0,0.0
1779744289887,1,Pitching Mound.Delivery,,Loading,pitch.0,699814,-0.4914,0.2789,1.4068,-1.2984,1.0139,-5.2885,0.0,0.0
1779744289887,1,Pitching Mound.Drive,,Loading,pitch.0,700677,2.3748,9.8186,55.8914,52.762,35.0152,-18.3774,-0.0596,0.0898
1779744289887,1,Pitching Mound.Parent,,Loading,pitch.0,699138,2.0073,10.1142,57.6805,52.0752,36.3014,-23.8586,-0.0582,0.0908
1779744289888,1,11.0000004b,Drive,Loading,pitch.0,700678,2.2715,9.8067,55.7305,52.3694,35.0485,-18.2629,-0.0598,0.0894
1779744289888,1,12.00000015,Lower Delivery,Loading,pitch.0,700763,-0.1983,0.0716,0.8557,-1.3073,-0.0691,-2.8726,0.0,0.0
1779744289888,1,12.00000018,Upper Delivery,Loading,pitch.0,701449,-0.3379,0.2394,0.6785,0.1462,0.3541,-2.4059,0.0,0.0
1779744289888,1,Pitching Mound.Delivery,,Loading,pitch.0,699815,-0.498,0.3443,1.5673,-1.1896,0.7267,-5.3435,0.0,0.0
1779744289888,1,Pitching Mound.Drive,,Loading,pitch.0,700678,2.2715,9.8067,55.7305,52.3694,35.0485,-18.2629,-0.0598,0.0894
1779744289888,1,Pitching Mound.Parent,,Loading,pitch.0,699139,1.8768,10.1629,57.4588,51.5724,35.7419,-23.7209,-0.058,0.0886
1779744289889,1,11.0000004b,Drive,Loading,pitch.0,700679,2.1572,9.8031,55.5985,52.2536,35.2112,-18.175,-0.0602,0.0894
1779744289889,1,12.00000015,Lower Delivery,Loading,pitch.0,700764,-0.1651,0.0686,0.9172,-1.4609,-0.0399,-2.8983,0.0,0.0
1779744289889,1,12.00000018,Upper Delivery,Loading,pitch.0,701450,-0.3044,0.2066,0.531,0.0487,0.251,-2.4229,0.0,0.0
1779744289889,1,Pitching Mound.Delivery,,Loading,pitch.0,699816,-0.5027,0.2782,1.3867,-1.1482,0.1819,-5.3316,0.0,0.0
1779744289889,1,Pitching Mound.Drive,,Loading,pitch.0,700679,2.1572,9.8031,55.5985,52.2536,35.2112,-18.175,-0.0602,0.0894
1779744289889,1,Pitching Mound.Parent,,Loading,pitch.0,699140,1.7687,10.0849,57.1173,51.2212,35.2305,-23.5945,-0.0584,0.0892
1779744289890,1,11.0000004b,Drive,Loading,pitch.0,700680,2.0424,9.7974,55.5281,51.9633,35.3417,-18.0376,-0.0605,0.089
1779744289890,1,12.00000015,Lower Delivery,Loading,pitch.0,700765,-0.2103,0.0628,0.9333,-1.668,-0.3703,-2.9203,0.0,0.0
1779744289890,1,12.00000018,Upper Delivery,Loading,pitch.0,701451,-0.2277,0.1485,0.3538,0.2074,0.4138,-2.3072,0.0,0.0
1779744289890,1,Pitching Mound.Delivery,,Loading,pitch.0,699817,-0.3927,0.2172,1.271,-1.062,0.3738,-5.2268,0.0,0.0
1779744289890,1,Pitching Mound.Drive,,Loading,pitch.0,700680,2.0424,9.7974,55.5281,51.9633,35.3417,-18.0376,-0.0605,0.089
1779744289890,1,Pitching Mound.Parent,,Loading,pitch.0,699141,1.7645,10.0202,56.8695,51.1916,35.5851,-23.4018,-0.0589,0.0908
1779744289891,1,11.0000004b,Drive,Loading,pitch.0,700681,1.9021,9.7877,55.394,51.6697,35.3396,-17.9193,-0.0607,0.0887
1779744289891,1,12.00000015,Lower Delivery,Loading,pitch.0,700766,-0.1896,0.0596,0.8952,-1.7181,-0.4033,-2.9562,0.0,0.0
1779744289891,1,12.00000018,Upper Delivery,Loading,pitch.0,701452,-0.2106,0.1539,0.3177,0.2094,0.4169,-2.3235,0.0,0.0
1779744289891,1,Pitching Mound.Delivery,,Loading,pitch.0,699818,-0.4209,0.2166,1.251,-1.2493,0.0466,-5.2438,0.0,0.0
1779744289891,1,Pitching Mound.Drive,,Loading,pitch.0,700681,1.9021,9.7877,55.394,51.6697,35.3396,-17.9193,-0.0607,0.0887
1779744289891,1,Pitching Mound.Parent,,Loading,pitch.0,699142,1.6215,10.0141,56.7791,50.714,35.3883,-23.2814,-0.0592,0.0907
1779744289892,1,11.0000004b,Drive,Loading,pitch.0,700682,1.7979,9.7827,55.3056,51.3633,35.4534,-17.7882,-0.061,0.0883
1779744289892,1,12.00000015,Lower Delivery,Loading,pitch.0,700767,-0.2106,0.062,0.834,-1.7136,-0.4334,-2.9477,0.0,0.0
1779744289892,1,12.00000018,Upper Delivery,Loading,pitch.0,701453,-0.1875,0.1202,0.2811,0.2047,0.4098,-2.2865,0.0,0.0
1779744289892,1,Pitching Mound.Delivery,,Loading,pitch.0,699819,-0.3771,0.1798,1.1763,-1.3047,0.0064,-5.242,0.0,0.0
1779744289892,1,Pitching Mound.Drive,,Loading,pitch.0,700682,1.7979,9.7827,55.3056,51.3633,35.4534,-17.7882,-0.061,0.0883
1779744289892,1,Pitching Mound.Parent,,Loading,pitch.0,699143,1.525,9.9675,56.5703,50.365,35.3461,-23.1613,-0.0594,0.0906
1779744289893,1,11.0000004b,Drive,Loading,pitch.0,700683,1.6815,9.7717,55.2883,51.1056,35.5603,-17.7066,-0.0612,0.0879
1779744289893,1,12.00000015,Lower Delivery,Loading,pitch.0,700768,-0.2128,0.0635,0.8327,-1.6493,-0.4332,-2.9452,0.0,0.0
1779744289893,1,12.00000018,Upper Delivery,Loading,pitch.0,701454,-0.1788,0.1415,0.3122,-0.072,0.119,-2.3645,0.0,0.0
1779744289893,1,Pitching Mound.Delivery,,Loading,pitch.0,699820,-0.3894,0.2036,1.1462,-1.6082,-0.3144,-5.3013,0.0,0.0
1779744289893,1,Pitching Mound.Drive,,Loading,pitch.0,700683,1.6815,9.7717,55.2883,51.1056,35.5603,-17.7066,-0.0612,0.0879
1779744289893,1,Pitching Mound.Parent,,Loading,pitch.0,699144,1.4085,9.9863,56.4518,49.7551,35.139,-23.0895,-0.0597,0.0897
1779744289894,1,11.0000004b,Drive,Loading,pitch.0,700684,1.5688,9.7745,55.1644,50.8307,35.5985,-17.6016,-0.0614,0.0877
1779744289894,1,12.00000015,Lower Delivery,Loading,pitch.0,700769,-0.2505,0.068,0.7198,-1.7294,-0.4324,-2.9229,0.0,0.0
1779744289894,1,12.00000018,Upper Delivery,Loading,pitch.0,701455,-0.1096,0.1042,0.1556,0.2051,0.4104,-2.2896,0.0,0.0
1779744289894,1,Pitching Mound.Delivery,,Loading,pitch.0,699821,-0.3224,0.1677,0.9883,-1.214,-0.0228,-5.1998,0.0,0.0
1779744289894,1,Pitching Mound.Drive,,Loading,pitch.0,700684,1.5688,9.7745,55.1644,50.8307,35.5985,-17.6016,-0.0614,0.0877
1779744289894,1,Pitching Mound.Parent,,Loading,pitch.0,699145,1.3591,9.9393,56.2766,49.8916,35.5375,-22.9064,-0.0601,0.0905
1779744289895,1,11.0000004b,Drive,Loading,pitch.0,700685,1.4566,9.7762,55.0471,50.6867,35.5901,-17.5052,-0.0615,0.0876
1779744289895,1,12.00000015,Lower Delivery,Loading,pitch.0,700770,-0.214,0.0669,0.7548,-1.8204,-0.0579,-2.9798,0.0,0.0
1779744289895,1,12.00000018,Upper Delivery,Loading,pitch.0,701456,-0.1272,0.1046,0.1841,0.2107,0.4188,-2.3331,0.0,0.0
1779744289895,1,Pitching Mound.Delivery,,Loading,pitch.0,699822,-0.3777,0.1726,0.9039,-1.3366,-0.0137,-5.2141,0.0,0.0
1779744289895,1,Pitching Mound.Drive,,Loading,pitch.0,700685,1.4566,9.7762,55.0471,50.6867,35.5901,-17.5052,-0.0615,0.0876
1779744289895,1,Pitching Mound.Parent,,Loading,pitch.0,699146,1.1911,9.9471,56.0683,49.4941,35.5849,-22.8158,-0.0604,0.0895
1779744289896,1,11.0000004b,Drive,Loading,pitch.0,700686,1.3487,9.7714,54.9394,50.5055,35.6537,-17.3962,-0.0617,0.0875
1779744289896,1,12.00000018,Upper Delivery,Loading,pitch.0,701457,-0.1317,0.1004,0.1763,0.204,0.4087,-2.2807,0.0,0.0
1779744289896,1,Pitching Mound.Delivery,,Loading,pitch.0,699823,-0.3457,0.1673,0.931,-1.4198,0.3508,-5.2325,0.0,0.0
1779744289896,1,Pitching Mound.Drive,,Loading,pitch.0,700686,1.3487,9.7714,54.9394,50.5055,35.6537,-17.3962,-0.0617,0.0875
1779744289896,1,Pitching Mound.Parent,,Loading,pitch.0,699147,1.1109,9.9435,55.9781,49.2669,35.9409,-22.7377,-0.0605,0.0897
1779744289897,1,11.0000004b,Drive,Loading,pitch.0,700687,1.2387,9.7709,54.8215,50.2597,35.6086,-17.3094,-0.0618,0.0872
1779744289897,1,12.00000015,Lower Delivery,Loading,pitch.0,700772,-0.2196,0.0613,0.7199,-1.4082,-0.2158,-2.9557,0.0,0.0
1779744289897,1,12.00000015,Lower Delivery,Loading,pitch.0,700771,-0.223,0.0655,0.7088,-1.5168,-0.2138,-2.9402,0.0,0.0
1779744289897,1,12.00000018,Upper Delivery,Loading,pitch.0,701458,-0.183,0.1467,0.3869,0.1716,0.3792,-2.3709,0.0,0.0
1779744289897,1,Pitching Mound.Delivery,,Loading,pitch.0,699824,-0.406,0.2122,1.0957,-1.2357,0.1654,-5.2975,0.0,0.0
1779744289897,1,Pitching Mound.Drive,,Loading,pitch.0,700687,1.2387,9.7709,54.8215,50.2597,35.6086,-17.3094,-0.0618,0.0872
1779744289897,1,Pitching Mound.Parent,,Loading,pitch.0,699148,0.9427,9.9836,56.0351,49.2698,35.8191,-22.6937,-0.0605,0.0877
1779744289898,1,11.0000004b,Drive,Loading,pitch.0,700688,1.1218,9.77,54.7488,50.0389,35.6209,-17.211,-0.0619,0.0869
1779744289898,1,12.00000015,Lower Delivery,Loading,pitch.0,700773,-0.2387,0.0708,0.7697,-1.3787,-0.2089,-2.9288,0.0,0.0
1779744289898,1,12.00000018,Upper Delivery,Loading,pitch.0,701459,-0.1806,0.1329,0.3385,-0.0741,0.1201,-2.4242,0.0,0.0
1779744289898,1,Pitching Mound.Delivery,,Loading,pitch.0,699825,-0.4002,0.1942,1.0583,-1.3526,-0.0957,-5.3667,0.0,0.0
1779744289898,1,Pitching Mound.Drive,,Loading,pitch.0,700688,1.1218,9.77,54.7488,50.0389,35.6209,-17.211,-0.0619,0.0869
1779744289898,1,Pitching Mound.Parent,,Loading,pitch.0,699149,0.8386,9.9651,55.8799,48.9071,35.5129,-22.6761,-0.0606,0.0879
1779744289899,1,11.0000004b,Drive,Loading,pitch.0,700689,1.0262,9.7687,54.6234,49.7912,35.5963,-17.1144,-0.062,0.0867
1779744289899,1,12.00000015,Lower Delivery,Loading,pitch.0,700774,-0.2339,0.0743,0.8542,-1.1585,0.0846,-2.9215,0.0,0.0
1779744289899,1,12.00000018,Upper Delivery,Loading,pitch.0,701460,-0.191,0.1429,0.3886,-0.393,-0.217,-2.4784,0.0,0.0
1779744289899,1,Pitching Mound.Delivery,,Loading,pitch.0,699826,-0.4297,0.2137,1.1584,-1.6421,-0.4259,-5.391,0.0,0.0
1779744289899,1,Pitching Mound.Drive,,Loading,pitch.0,700689,1.0262,9.7687,54.6234,49.7912,35.5963,-17.1144,-0.062,0.0867
1779744289899,1,Pitching Mound.Parent,,Loading,pitch.0,699150,0.6921,9.9837,55.9072,48.3968,35.195,-22.602,-0.0606,0.0875
1779744289900,1,11.0000004b,Drive,Loading,pitch.0,700690,0.916,9.7734,54.641,49.663,35.7852,-17.0512,-0.0623,0.0865
1779744289900,1,12.00000015,Lower Delivery,Loading,pitch.0,700775,-0.2389,0.0756,0.8308,-1.0293,0.2023,-2.8959,0.0,0.0
1779744289900,1,12.00000018,Upper Delivery,Loading,pitch.0,701461,-0.2277,0.1811,0.5209,-0.6219,-0.4599,-2.4984,0.0,0.0
1779744289900,1,12.00000018,Upper Delivery,Loading,pitch.0,701462,-0.2248,0.1887,0.4442,-0.8911,-0.7439,-2.5554,0.0,0.0
1779744289900,1,Pitching Mound.Delivery,,Loading,pitch.0,699827,-0.4616,0.2554,1.3751,-1.6671,-0.3754,-5.4178,0.0,0.0
1779744289900,1,Pitching Mound.Delivery,,Loading,pitch.0,699828,-0.4637,0.2643,1.275,-1.789,-0.5417,-5.4465,0.0,0.0
1779744289900,1,Pitching Mound.Drive,,Loading,pitch.0,700690,0.916,9.7734,54.641,49.663,35.7852,-17.0512,-0.0623,0.0865
1779744289900,1,Pitching Mound.Parent,,Loading,pitch.0,699151,0.5646,10.0241,55.9984,48.1241,35.2209,-22.5322,-0.0605,0.0866
1779744289900,1,Pitching Mound.Parent,,Loading,pitch.0,699152,0.4523,10.0376,55.916,47.874,35.2435,-22.4978,-0.0609,0.0868
1779744289901,1,11.0000004b,Drive,Loading,pitch.0,700691,0.8304,9.78,54.5848,49.4849,35.7261,-16.9607,-0.0623,0.0862
1779744289901,1,12.00000015,Lower Delivery,Loading,pitch.0,700776,-0.2366,0.0878,0.8773,-0.7907,0.4614,-2.9127,0.0,0.0
1779744289901,1,12.00000018,Upper Delivery,Loading,pitch.0,701463,-0.2944,0.2307,0.578,-0.9343,-0.7853,-2.641,0.0,0.0
1779744289901,1,Pitching Mound.Delivery,,Loading,pitch.0,699829,-0.531,0.3185,1.4552,-1.6233,-0.3238,-5.5734,0.0,0.0
1779744289901,1,Pitching Mound.Drive,,Loading,pitch.0,700691,0.8304,9.78,54.5848,49.4849,35.7261,-16.9607,-0.0623,0.0862
1779744289901,1,Pitching Mound.Parent,,Loading,pitch.0,699153,0.2994,10.0985,56.0401,47.8616,35.4023,-22.5341,-0.0606,0.0858
1779744289902,1,11.0000004b,Drive,Loading,pitch.0,700692,0.7225,9.7854,54.5617,49.3868,35.7363,-16.857,-0.0623,0.0861
1779744289902,1,12.00000015,Lower Delivery,Loading,pitch.0,700777,-0.2166,0.0683,0.8508,-1.0691,0.6663,-2.9089,0.0,0.0
1779744289902,1,Pitching Mound.Drive,,Loading,pitch.0,700692,0.7225,9.7854,54.5617,49.3868,35.7363,-16.857,-0.0623,0.0861
1779744289903,1,11.0000004b,Drive,Loading,pitch.0,700693,0.6192,9.793,54.4933,49.2406,35.6937,-16.7785,-0.0623,0.086
1779744289903,1,12.00000015,Lower Delivery,Loading,pitch.0,700778,-0.2211,0.063,0.9195,-0.9512,0.7993,-2.8961,0.0,0.0
1779744289903,1,12.00000018,Upper Delivery,Loading,pitch.0,701465,-0.2568,0.1746,0.4598,-0.8326,-0.6739,-2.6928,0.0,0.0
1779744289903,1,12.00000018,Upper Delivery,Loading,pitch.0,701464,-0.2887,0.2099,0.563,-0.9131,-0.7624,-2.6442,0.0,0.0
1779744289903,1,Pitching Mound.Delivery,,Loading,pitch.0,699830,-0.5053,0.2781,1.4139,-1.8844,-0.0961,-5.5777,0.0,0.0
1779744289903,1,Pitching Mound.Delivery,,Loading,pitch.0,699831,-0.4779,0.2376,1.3793,-1.6276,0.1254,-5.6009,0.0,0.0
1779744289903,1,Pitching Mound.Drive,,Loading,pitch.0,700693,0.6192,9.793,54.4933,49.2406,35.6937,-16.7785,-0.0623,0.086
1779744289903,1,Pitching Mound.Parent,,Loading,pitch.0,699154,0.2172,10.0635,55.9756,47.5024,35.6402,-22.4346,-0.0607,0.0857
1779744289903,1,Pitching Mound.Parent,,Loading,pitch.0,699155,0.1413,10.0306,55.8726,47.613,35.8191,-22.3794,-0.0608,0.0866
1779744289904,1,11.0000004b,Drive,Loading,pitch.0,700694,0.5089,9.8044,54.4584,49.2224,35.7284,-16.7253,-0.0624,0.086
1779744289904,1,12.00000015,Lower Delivery,Loading,pitch.0,700779,-0.2263,0.0627,0.9112,-0.5871,0.8654,-2.9458,0.0,0.0
1779744289904,1,12.00000018,Upper Delivery,Loading,pitch.0,701466,-0.266,0.1694,0.52,-0.8677,-0.7088,-2.7376,0.0,0.0
1779744289904,1,Pitching Mound.Delivery,,Loading,pitch.0,699832,-0.4923,0.2321,1.4313,-1.3218,0.1566,-5.6969,0.0,0.0
1779744289904,1,Pitching Mound.Drive,,Loading,pitch.0,700694,0.5089,9.8044,54.4584,49.2224,35.7284,-16.7253,-0.0624,0.086
1779744289904,1,Pitching Mound.Parent,,Loading,pitch.0,699156,0.0166,10.0365,55.8897,47.9006,35.8851,-22.4222,-0.0608,0.0862
1779744289905,1,11.0000004b,Drive,Loading,pitch.0,700695,0.3997,9.806,54.5022,49.1367,35.7113,-16.6248,-0.0623,0.0858
1779744289905,1,12.00000015,Lower Delivery,Loading,pitch.0,700780,-0.2252,0.0622,0.941,-0.8972,0.7181,-2.9519,0.0,0.0
1779744289905,1,12.00000018,Upper Delivery,Loading,pitch.0,701467,-0.2152,0.1175,0.337,-0.9082,-0.7574,-2.6414,0.0,0.0
1779744289905,1,Pitching Mound.Delivery,,Loading,pitch.0,699833,-0.4404,0.1797,1.278,-1.6001,-0.0392,-5.5899,0.0,0.0
1779744289905,1,Pitching Mound.Drive,,Loading,pitch.0,700695,0.3997,9.806,54.5022,49.1367,35.7113,-16.6248,-0.0623,0.0858
1779744289905,1,Pitching Mound.Parent,,Loading,pitch.0,699157,-0.0407,9.9857,55.7802,47.5366,35.6721,-22.2147,-0.0609,0.0875
1779744289906,1,11.0000004b,Drive,Loading,pitch.0,700696,0.2912,9.8123,54.4557,49.1088,35.7497,-16.5574,-0.0625,0.0858
1779744289906,1,12.00000015,Lower Delivery,Loading,pitch.0,700781,-0.2546,0.0685,1.0126,-1.0545,0.5581,-2.9878,0.0,0.0
1779744289906,1,12.00000018,Upper Delivery,Loading,pitch.0,701468,-0.1781,0.1059,0.2888,-0.6731,-0.5091,-2.5968,0.0,0.0
1779744289906,1,Pitching Mound.Delivery,,Loading,pitch.0,699834,-0.4327,0.1744,1.3014,-1.4815,0.0491,-5.5586,0.0,0.0
1779744289906,1,Pitching Mound.Drive,,Loading,pitch.0,700696,0.2912,9.8123,54.4557,49.1088,35.7497,-16.5574,-0.0625,0.0858
1779744289906,1,Pitching Mound.Parent,,Loading,pitch.0,699158,-0.1414,9.9867,55.7571,47.6273,35.7988,-22.116,-0.061,0.0882
1779744289907,1,11.0000004b,Drive,Loading,pitch.0,700698,0.0713,9.8428,54.5195,49.1124,36.0001,-16.4384,-0.0628,0.0857
1779744289907,1,11.0000004b,Drive,Loading,pitch.0,700697,0.179,9.825,54.4812,49.0878,35.8184,-16.4822,-0.0625,0.0857
1779744289907,1,12.00000015,Lower Delivery,Loading,pitch.0,700782,-0.2763,0.074,1.0639,-1.2127,0.5188,-3.044,0.0,0.0
1779744289907,1,12.00000018,Upper Delivery,Loading,pitch.0,701469,-0.1515,0.0946,0.2057,-0.4968,-0.3216,-2.5874,0.0,0.0
1779744289907,1,Pitching Mound.Delivery,,Loading,pitch.0,699835,-0.4278,0.1686,1.2696,-1.4177,0.1973,-5.589,0.0,0.0
1779744289907,1,Pitching Mound.Drive,,Loading,pitch.0,700698,0.0713,9.8428,54.5195,49.1124,36.0001,-16.4384,-0.0628,0.0857
1779744289907,1,Pitching Mound.Drive,,Loading,pitch.0,700697,0.179,9.825,54.4812,49.0878,35.8184,-16.4822,-0.0625,0.0857
1779744289907,1,Pitching Mound.Parent,,Loading,pitch.0,699159,-0.2487,9.9937,55.7508,47.6701,36.0157,-22.0711,-0.0611,0.089
1779744289908,1,11.0000004b,Drive,Loading,pitch.0,700699,0.0158,9.8731,54.5113,49.0774,36.1629,-16.3764,-0.0631,0.0856
1779744289908,1,12.00000015,Lower Delivery,Loading,pitch.0,700783,-0.2847,0.0778,1.0192,-1.1713,0.3462,-2.9841,0.0,0.0
1779744289908,1,12.00000018,Upper Delivery,Loading,pitch.0,701470,-0.1544,0.0957,0.2231,-0.6731,-0.5085,-2.6084,0.0,0.0
1779744289908,1,Pitching Mound.Delivery,,Loading,pitch.0,699836,-0.439,0.1735,1.2423,-1.5738,-0.1623,-5.5481,0.0,0.0
1779744289908,1,Pitching Mound.Drive,,Loading,pitch.0,700699,0.0158,9.8731,54.5113,49.0774,36.1629,-16.3764,-0.0631,0.0856
1779744289908,1,Pitching Mound.Parent,,Loading,pitch.0,699160,-0.4232,10.0465,55.7535,47.5036,36.0006,-21.9245,-0.0617,0.0886
1779744289909,1,11.0000004b,Drive,Loading,pitch.0,700700,-0.0862,9.8944,54.5281,49.1383,36.3139,-16.3673,-0.0634,0.0857
1779744289909,1,12.00000015,Lower Delivery,Loading,pitch.0,700784,-0.3072,0.081,1.0258,-1.3843,0.2749,-2.9738,0.0,0.0
1779744289909,1,Pitching Mound.Drive,,Loading,pitch.0,700700,-0.0862,9.8944,54.5281,49.1383,36.3139,-16.3673,-0.0634,0.0857
1779744289910,1,11.0000004b,Drive,Loading,pitch.0,700701,-0.1923,9.9166,54.5321,49.0209,36.3898,-16.3209,-0.0635,0.0855
1779744289910,1,12.00000015,Lower Delivery,Loading,pitch.0,700785,-0.287,0.0796,0.9554,-1.4613,0.3466,-3.0052,0.0,0.0
1779744289910,1,12.00000018,Upper Delivery,Loading,pitch.0,701471,-0.1018,0.0826,0.0865,-0.1808,0.0106,-2.5006,0.0,0.0
1779744289910,1,12.00000018,Upper Delivery,Loading,pitch.0,701472,-0.0822,0.0873,0.0548,-0.0704,0.1238,-2.4191,0.0,0.0
1779744289910,1,Pitching Mound.Delivery,,Loading,pitch.0,699837,-0.409,0.1636,1.1123,-1.2457,0.2855,-5.4045,0.0,0.0
1779744289910,1,Pitching Mound.Delivery,,Loading,pitch.0,699838,-0.3692,0.1669,1.0102,-1.2255,0.4705,-5.3547,0.0,0.0
1779744289910,1,Pitching Mound.Drive,,Loading,pitch.0,700701,-0.1923,9.9166,54.5321,49.0209,36.3898,-16.3209,-0.0635,0.0855
1779744289910,1,Pitching Mound.Parent,,Loading,pitch.0,699161,-0.4952,10.058,55.6404,47.8927,36.5995,-21.7718,-0.0621,0.0898
1779744289910,1,Pitching Mound.Parent,,Loading,pitch.0,699162,-0.5615,10.0835,55.5423,47.7954,36.8603,-21.6755,-0.0623,0.0895
1779744289911,1,11.0000004b,Drive,Loading,pitch.0,700702,-0.2921,9.9478,54.5854,48.9419,36.4822,-16.2957,-0.0636,0.0853
1779744289911,1,12.00000015,Lower Delivery,Loading,pitch.0,700786,-0.2971,0.0784,0.8944,-1.4894,0.6468,-2.989,0.0,0.0
1779744289911,1,Pitching Mound.Drive,,Loading,pitch.0,700702,-0.2921,9.9478,54.5854,48.9419,36.4822,-16.2957,-0.0636,0.0853
1779744289912,1,11.0000004b,Drive,Loading,pitch.0,700703,-0.402,9.97,54.5872,48.8287,36.7092,-16.271,-0.064,0.0851
1779744289912,1,12.00000015,Lower Delivery,Loading,pitch.0,700787,-0.2681,0.0739,0.9648,-1.5225,0.5636,-2.9751,0.0,0.0
1779744289912,1,12.00000018,Upper Delivery,Loading,pitch.0,701474,-0.1172,0.1107,0.1894,0.0412,0.2377,-2.3284,0.0,0.0
1779744289912,1,12.00000018,Upper Delivery,Loading,pitch.0,701473,-0.1117,0.0932,0.1359,0.0795,0.2794,-2.3423,0.0,0.0
1779744289912,1,Pitching Mound.Delivery,,Loading,pitch.0,699839,-0.4087,0.1716,1.0303,-1.1521,0.9262,-5.2682,0.0,0.0
1779744289912,1,Pitching Mound.Delivery,,Loading,pitch.0,699840,-0.3853,0.1845,1.1542,-1.2177,0.8014,-5.2522,0.0,0.0
1779744289912,1,Pitching Mound.Drive,,Loading,pitch.0,700703,-0.402,9.97,54.5872,48.8287,36.7092,-16.271,-0.064,0.0851
1779744289912,1,Pitching Mound.Parent,,Loading,pitch.0,699163,-0.7008,10.1194,55.6157,47.7899,37.4084,-21.5639,-0.0624,0.0884
1779744289912,1,Pitching Mound.Parent,,Loading,pitch.0,699164,-0.7873,10.1545,55.7414,47.611,37.5106,-21.5233,-0.0626,0.0881
1779744289913,1,11.0000004b,Drive,Loading,pitch.0,700704,-0.5052,9.9944,54.604,48.7109,36.7172,-16.2451,-0.064,0.0849
1779744289913,1,12.00000015,Lower Delivery,Loading,pitch.0,700788,-0.2752,0.0794,1.0345,-1.5995,0.6917,-2.9685,0.0,0.0
1779744289913,1,Pitching Mound.Drive,,Loading,pitch.0,700704,-0.5052,9.9944,54.604,48.7109,36.7172,-16.2451,-0.064,0.0849
1779744289914,1,11.0000004b,Drive,Loading,pitch.0,700705,-0.6064,10.015,54.6587,48.6632,36.9089,-16.2191,-0.0642,0.0847
1779744289914,1,12.00000015,Lower Delivery,Loading,pitch.0,700789,-0.2613,0.0715,1.0407,-1.7805,0.808,-2.9416,0.0,0.0
1779744289914,1,12.00000018,Upper Delivery,Loading,pitch.0,701476,-0.1442,0.1561,0.3397,0.1488,0.3508,-2.2986,0.0,0.0
1779744289914,1,12.00000018,Upper Delivery,Loading,pitch.0,701475,-0.1136,0.1353,0.2437,0.2049,0.4103,-2.2914,0.0,0.0
1779744289914,1,Pitching Mound.Delivery,,Loading,pitch.0,699841,-0.3889,0.2147,1.2782,-1.1257,1.102,-5.205,0.0,0.0
1779744289914,1,Pitching Mound.Delivery,,Loading,pitch.0,699842,-0.4055,0.2276,1.3803,-1.3934,1.1588,-5.2004,0.0,0.0
1779744289914,1,Pitching Mound.Drive,,Loading,pitch.0,700705,-0.6064,10.015,54.6587,48.6632,36.9089,-16.2191,-0.0642,0.0847
1779744289914,1,Pitching Mound.Parent,,Loading,pitch.0,699165,-0.8941,10.2091,55.8822,47.5853,37.8191,-21.45,-0.0625,0.0877
1779744289914,1,Pitching Mound.Parent,,Loading,pitch.0,699166,-1.0119,10.2427,56.0391,47.2698,38.0677,-21.4195,-0.0627,0.0869
1779744289915,1,11.0000004b,Drive,Loading,pitch.0,700706,-0.6981,10.0451,54.6768,48.5207,37.0645,-16.217,-0.0645,0.0844
1779744289915,1,12.00000015,Lower Delivery,Loading,pitch.0,700790,-0.2931,0.0804,1.0679,-1.9755,1.086,-2.9259,0.0,0.0
1779744289915,1,12.00000018,Upper Delivery,Loading,pitch.0,701477,-0.1717,0.1575,0.3207,-0.1194,0.0664,-2.3271,0.0,0.0
1779744289915,1,Pitching Mound.Delivery,,Loading,pitch.0,699843,-0.4648,0.238,1.3887,-1.8408,1.1524,-5.2117,0.0,0.0
1779744289915,1,Pitching Mound.Drive,,Loading,pitch.0,700706,-0.6981,10.0451,54.6768,48.5207,37.0645,-16.217,-0.0645,0.0844
1779744289915,1,Pitching Mound.Parent,,Loading,pitch.0,699167,-1.1629,10.2831,56.0654,46.6799,38.2168,-21.4288,-0.0629,0.0869
1779744289916,1,11.0000004b,Drive,Loading,pitch.0,700707,-0.7843,10.0852,54.7824,48.5238,37.0997,-16.1864,-0.0644,0.0843
1779744289916,1,12.00000015,Lower Delivery,Loading,pitch.0,700791,-0.2558,0.0775,1.0741,-1.3065,0.6456,-2.9039,0.0,0.0
1779744289916,1,12.00000018,Upper Delivery,Loading,pitch.0,701478,-0.1846,0.1664,0.36,-0.4736,-0.3043,-2.454,0.0,0.0
1779744289916,1,Pitching Mound.Delivery,,Loading,pitch.0,699844,-0.4404,0.2439,1.4341,-1.5373,0.3413,-5.3337,0.0,0.0
1779744289916,1,Pitching Mound.Drive,,Loading,pitch.0,700707,-0.7843,10.0852,54.7824,48.5238,37.0997,-16.1864,-0.0644,0.0843
1779744289916,1,Pitching Mound.Parent,,Loading,pitch.0,699168,-1.2246,10.3291,56.2165,46.9865,37.441,-21.5201,-0.0628,0.0864
1779744289917,1,11.0000004b,Drive,Loading,pitch.0,700708,-0.8751,10.101,54.873,48.3545,37.2524,-16.1689,-0.0646,0.0838
1779744289917,1,12.00000015,Lower Delivery,Loading,pitch.0,700792,-0.2343,0.0694,1.0709,-1.7153,0.9052,-2.9051,0.0,0.0
1779744289917,1,12.00000018,Upper Delivery,Loading,pitch.0,701479,-0.2091,0.1838,0.3802,-0.5532,-0.388,-2.475,0.0,0.0
1779744289917,1,Pitching Mound.Delivery,,Loading,pitch.0,699845,-0.4434,0.2532,1.4511,-2.0336,0.5172,-5.3715,0.0,0.0
1779744289917,1,Pitching Mound.Drive,,Loading,pitch.0,700708,-0.8751,10.101,54.873,48.3545,37.2524,-16.1689,-0.0646,0.0838
1779744289917,1,Pitching Mound.Parent,,Loading,pitch.0,699169,-1.3185,10.3543,56.3241,46.3209,37.7696,-21.5404,-0.0629,0.0858
1779744289918,1,11.0000004b,Drive,Loading,pitch.0,700709,-0.9705,10.1207,54.9387,48.305,37.2571,-16.1632,-0.0645,0.0836
1779744289918,1,12.00000015,Lower Delivery,Loading,pitch.0,700793,-0.2115,0.0618,1.0025,-1.5918,1.0067,-2.8408,0.0,0.0
1779744289918,1,12.00000018,Upper Delivery,Loading,pitch.0,701480,-0.2005,0.1765,0.3839,-0.5597,-0.397,-2.4376,0.0,0.0
1779744289918,1,Pitching Mound.Delivery,,Loading,pitch.0,699846,-0.412,0.2383,1.3864,-1.9412,0.6097,-5.2746,0.0,0.0
1779744289918,1,Pitching Mound.Drive,,Loading,pitch.0,700709,-0.9705,10.1207,54.9387,48.305,37.2571,-16.1632,-0.0645,0.0836
1779744289918,1,Pitching Mound.Parent,,Loading,pitch.0,699170,-1.3825,10.359,56.325,46.3637,37.8667,-21.4378,-0.0629,0.0853
1779744289919,1,11.0000004b,Drive,Loading,pitch.0,700710,-1.0438,10.1648,54.9351,48.1483,37.132,-16.1708,-0.0643,0.0834
1779744289919,1,12.00000015,Lower Delivery,Loading,pitch.0,700794,-0.2098,0.0611,1.0193,-1.4288,0.9965,-2.8516,0.0,0.0
1779744289919,1,12.00000018,Upper Delivery,Loading,pitch.0,701481,-0.2168,0.1834,0.4357,-0.2617,-0.0839,-2.3545,0.0,0.0
1779744289919,1,Pitching Mound.Delivery,,Loading,pitch.0,699847,-0.4266,0.2446,1.455,-1.4921,0.9126,-5.2085,0.0,0.0
1779744289919,1,Pitching Mound.Drive,,Loading,pitch.0,700710,-1.0438,10.1648,54.9351,48.1483,37.132,-16.1708,-0.0643,0.0834
1779744289919,1,Pitching Mound.Parent,,Loading,pitch.0,699171,-1.4704,10.4094,56.3901,46.6561,38.0446,-21.3793,-0.0626,0.0847
1779744289920,1,11.0000004b,Drive,Loading,pitch.0,700711,-1.1196,10.1967,54.9593,47.9802,37.0948,-16.1479,-0.0642,0.083
1779744289920,1,12.00000015,Lower Delivery,Loading,pitch.0,700795,-0.2237,0.0673,1.0296,-1.3093,1.0022,-2.8305,0.0,0.0
1779744289920,1,12.00000018,Upper Delivery,Loading,pitch.0,701482,-0.2332,0.1993,0.4383,-0.4874,-0.3262,-2.3241,0.0,0.0
1779744289920,1,Pitching Mound.Delivery,,Loading,pitch.0,699848,-0.4569,0.2666,1.4679,-1.5957,0.676,-5.1578,0.0,0.0
1779744289920,1,Pitching Mound.Drive,,Loading,pitch.0,700711,-1.1196,10.1967,54.9593,47.9802,37.0948,-16.1479,-0.0642,0.083
1779744289920,1,Pitching Mound.Parent,,Loading,pitch.0,699172,-1.5765,10.4633,56.4272,46.3845,37.7708,-21.3057,-0.0625,0.0845
1779744289921,1,11.0000004b,Drive,Loading,pitch.0,700712,-1.1932,10.2325,55.2298,48.0404,37.3507,-16.1579,-0.0643,0.0827
1779744289921,1,12.00000015,Lower Delivery,Loading,pitch.0,700796,-0.2613,0.07,1.0933,-1.2001,0.8889,-2.8134,0.0,0.0
1779744289921,1,12.00000018,Upper Delivery,Loading,pitch.0,701483,-0.2345,0.1872,0.4034,-0.6168,-0.464,-2.3283,0.0,0.0
1779744289921,1,Pitching Mound.Delivery,,Loading,pitch.0,699849,-0.4958,0.2572,1.4967,-1.5823,0.4249,-5.1326,0.0,0.0
1779744289921,1,Pitching Mound.Drive,,Loading,pitch.0,700712,-1.1932,10.2325,55.2298,48.0404,37.3507,-16.1579,-0.0643,0.0827
1779744289921,1,Pitching Mound.Parent,,Loading,pitch.0,699173,-1.6891,10.4897,56.7265,46.4582,37.7756,-21.2905,-0.0626,0.0847
1779744289922,1,11.0000004b,Drive,Loading,pitch.0,700713,-1.2652,10.2741,55.2786,47.93,37.4834,-16.1693,-0.0645,0.0825
1779744289922,1,12.00000015,Lower Delivery,Loading,pitch.0,700797,-0.2566,0.0701,1.1521,-1.2113,0.7599,-2.8256,0.0,0.0
1779744289922,1,12.00000018,Upper Delivery,Loading,pitch.0,701484,-0.2273,0.1733,0.3976,-0.4543,-0.2911,-2.3203,0.0,0.0
1779744289922,1,Pitching Mound.Delivery,,Loading,pitch.0,699850,-0.4839,0.2435,1.5498,-1.409,0.4688,-5.136,0.0,0.0
1779744289922,1,Pitching Mound.Drive,,Loading,pitch.0,700713,-1.2652,10.2741,55.2786,47.93,37.4834,-16.1693,-0.0645,0.0825
1779744289922,1,Pitching Mound.Parent,,Loading,pitch.0,699174,-1.7492,10.5176,56.8283,46.521,37.9522,-21.3053,-0.0627,0.0847
1779744289923,1,11.0000004b,Drive,Loading,pitch.0,700714,-1.3298,10.3315,55.4131,47.9583,37.6666,-16.1833,-0.0647,0.0823
1779744289923,1,12.00000015,Lower Delivery,Loading,pitch.0,700798,-0.2673,0.0787,1.2246,-1.2668,0.6733,-2.841,0.0,0.0
1779744289923,1,12.00000018,Upper Delivery,Loading,pitch.0,701485,-0.2206,0.1675,0.3958,-0.1362,0.0459,-2.2809,0.0,0.0
1779744289923,1,Pitching Mound.Delivery,,Loading,pitch.0,699851,-0.4879,0.2462,1.6205,-1.1212,0.7192,-5.106,0.0,0.0
1779744289923,1,Pitching Mound.Drive,,Loading,pitch.0,700714,-1.3298,10.3315,55.4131,47.9583,37.6666,-16.1833,-0.0647,0.0823
1779744289923,1,Pitching Mound.Parent,,Loading,pitch.0,699175,-1.8177,10.5777,57.0336,46.8371,38.3859,-21.2893,-0.0628,0.0849
1779744289924,1,11.0000004b,Drive,Loading,pitch.0,700715,-1.3949,10.3807,55.4961,47.9109,37.7051,-16.224,-0.0646,0.0821
1779744289924,1,12.00000015,Lower Delivery,Loading,pitch.0,700799,-0.2837,0.0834,1.2317,-1.2738,0.3662,-2.8653,0.0,0.0
1779744289924,1,12.00000018,Upper Delivery,Loading,pitch.0,701486,-0.1969,0.1297,0.3167,-0.225,-0.0502,-2.256,0.0,0.0
1779744289924,1,Pitching Mound.Delivery,,Loading,pitch.0,699852,-0.4806,0.2131,1.5484,-1.1876,0.3161,-5.0918,0.0,0.0
1779744289924,1,Pitching Mound.Drive,,Loading,pitch.0,700715,-1.3949,10.3807,55.4961,47.9109,37.7051,-16.224,-0.0646,0.0821
1779744289924,1,Pitching Mound.Parent,,Loading,pitch.0,699176,-1.8754,10.5938,57.0445,46.7233,38.0212,-21.3158,-0.0629,0.0854
1779744289925,1,11.0000004b,Drive,Loading,pitch.0,700716,-1.467,10.4395,55.6067,47.8195,37.7833,-16.2162,-0.0646,0.0818
1779744289925,1,12.00000015,Lower Delivery,Loading,pitch.0,700800,-0.2773,0.0823,1.1608,-1.1348,0.2343,-2.8857,0.0,0.0
1779744289925,1,12.00000018,Upper Delivery,Loading,pitch.0,701487,-0.2006,0.1317,0.2901,-0.1717,0.0073,-2.2671,0.0,0.0
1779744289925,1,Pitching Mound.Delivery,,Loading,pitch.0,699853,-0.4779,0.2141,1.4509,-1.0104,0.2416,-5.1267,0.0,0.0
1779744289925,1,Pitching Mound.Drive,,Loading,pitch.0,700716,-1.467,10.4395,55.6067,47.8195,37.7833,-16.2162,-0.0646,0.0818
1779744289925,1,Pitching Mound.Parent,,Loading,pitch.0,699177,-1.945,10.6535,57.0576,46.8091,38.0249,-21.3429,-0.063,0.0849
1779744289926,1,11.0000004b,Drive,Loading,pitch.0,700717,-1.5502,10.5083,55.8072,47.8222,38.0461,-16.2403,-0.0649,0.0815
1779744289926,1,12.00000015,Lower Delivery,Loading,pitch.0,700801,-0.2822,0.0786,1.1347,-1.1193,0.234,-2.8766,0.0,0.0
1779744289926,1,12.00000018,Upper Delivery,Loading,pitch.0,701488,-0.1976,0.1064,0.2279,-0.1208,0.0581,-2.2058,0.0,0.0
1779744289926,1,Pitching Mound.Delivery,,Loading,pitch.0,699854,-0.4798,0.185,1.3626,-0.9318,0.2921,-5.0537,0.0,0.0
1779744289926,1,Pitching Mound.Drive,,Loading,pitch.0,700717,-1.5502,10.5083,55.8072,47.8222,38.0461,-16.2403,-0.0649,0.0815
1779744289926,1,Pitching Mound.Parent,,Loading,pitch.0,699178,-2.03,10.6934,57.1698,46.8904,38.3382,-21.294,-0.0633,0.085
1779744289927,1,11.0000004b,Drive,Loading,pitch.0,700718,-1.624,10.5559,55.8544,47.6244,38.3067,-16.2934,-0.0652,0.0811
1779744289927,1,12.00000015,Lower Delivery,Loading,pitch.0,700802,-0.2846,0.077,1.0795,-1.4119,-0.065,-2.8739,0.0,0.0
1779744289927,1,12.00000018,Upper Delivery,Loading,pitch.0,701489,-0.2013,0.1049,0.2417,-0.0971,0.0855,-2.2438,0.0,0.0
1779744289927,1,Pitching Mound.Delivery,,Loading,pitch.0,699855,-0.4859,0.1819,1.3212,-1.2242,0.0205,-5.0893,0.0,0.0
1779744289927,1,Pitching Mound.Drive,,Loading,pitch.0,700718,-1.624,10.5559,55.8544,47.6244,38.3067,-16.2934,-0.0652,0.0811
1779744289927,1,Pitching Mound.Parent,,Loading,pitch.0,699179,-2.1099,10.7378,57.1756,46.4002,38.3273,-21.3828,-0.0637,0.0842
1779744289928,1,11.0000004b,Drive,Loading,pitch.0,700719,-1.6931,10.6267,56.022,47.6646,38.5595,-16.3059,-0.0655,0.0809
1779744289928,1,12.00000015,Lower Delivery,Loading,pitch.0,700803,-0.3033,0.0864,1.1695,-1.4459,-0.2026,-2.9285,0.0,0.0
1779744289928,1,12.00000018,Upper Delivery,Loading,pitch.0,701490,-0.1934,0.1002,0.2467,-0.3155,-0.1441,-2.3028,0.0,0.0
1779744289928,1,Pitching Mound.Delivery,,Loading,pitch.0,699856,-0.4967,0.1866,1.4162,-1.4477,-0.3468,-5.194,0.0,0.0
1779744289928,1,Pitching Mound.Drive,,Loading,pitch.0,700719,-1.6931,10.6267,56.022,47.6646,38.5595,-16.3059,-0.0655,0.0809
1779744289928,1,Pitching Mound.Parent,,Loading,pitch.0,699180,-2.1898,10.8133,57.4382,46.2168,38.2127,-21.4999,-0.0639,0.0844
1779744289929,1,11.0000004b,Drive,Loading,pitch.0,700720,-1.773,10.6994,56.1429,47.6257,38.8713,-16.3805,-0.0659,0.0807
1779744289929,1,12.00000015,Lower Delivery,Loading,pitch.0,700804,-0.3101,0.0815,1.0419,-1.5009,-0.2933,-2.9216,0.0,0.0
1779744289929,1,12.00000018,Upper Delivery,Loading,pitch.0,701491,-0.1827,0.0868,0.2269,-0.5657,-0.4068,-2.3781,0.0,0.0
1779744289929,1,Pitching Mound.Delivery,,Loading,pitch.0,699857,-0.4928,0.1683,1.2688,-1.7895,-0.7001,-5.2564,0.0,0.0
1779744289929,1,Pitching Mound.Drive,,Loading,pitch.0,700720,-1.773,10.6994,56.1429,47.6257,38.8713,-16.3805,-0.0659,0.0807
1779744289929,1,Pitching Mound.Parent,,Loading,pitch.0,699181,-2.2658,10.8677,57.4117,45.8362,38.1711,-21.6369,-0.0644,0.0837
1779744289930,1,11.0000004b,Drive,Loading,pitch.0,700721,-1.8465,10.7692,56.2256,47.6067,39.1445,-16.438,-0.0662,0.0805
1779744289930,1,12.00000015,Lower Delivery,Loading,pitch.0,700805,-0.284,0.0759,0.8607,-1.4464,-0.4234,-2.9383,0.0,0.0
1779744289930,1,12.00000018,Upper Delivery,Loading,pitch.0,701492,-0.2064,0.0936,0.2281,-0.9107,-0.7693,-2.4758,0.0,0.0
1779744289930,1,Pitching Mound.Delivery,,Loading,pitch.0,699858,-0.4904,0.1695,1.0888,-2.1421,-1.1927,-5.3878,0.0,0.0
1779744289930,1,Pitching Mound.Drive,,Loading,pitch.0,700721,-1.8465,10.7692,56.2256,47.6067,39.1445,-16.438,-0.0662,0.0805
1779744289930,1,Pitching Mound.Parent,,Loading,pitch.0,699182,-2.3369,10.9387,57.3143,45.4646,37.9518,-21.8257,-0.065,0.0828
1779744289931,1,11.0000004b,Drive,Loading,pitch.0,700722,-1.9263,10.8398,56.3486,47.6324,39.5032,-16.501,-0.0667,0.0804
1779744289931,1,12.00000015,Lower Delivery,Loading,pitch.0,700806,-0.2648,0.071,0.7785,-0.8289,-0.0527,-2.9387,0.0,0.0
1779744289931,1,12.00000018,Upper Delivery,Loading,pitch.0,701493,-0.1872,0.0844,0.2353,-1.0649,-0.9319,-2.5088,0.0,0.0
1779744289931,1,Pitching Mound.Delivery,,Loading,pitch.0,699859,-0.4519,0.1553,1.0138,-1.7092,-0.9846,-5.4212,0.0,0.0
1779744289931,1,Pitching Mound.Drive,,Loading,pitch.0,700722,-1.9263,10.8398,56.3486,47.6324,39.5032,-16.501,-0.0667,0.0804
1779744289931,1,Pitching Mound.Parent,,Loading,pitch.0,699183,-2.3782,10.9951,57.3624,45.9232,38.5186,-21.9222,-0.0655,0.0822
1779744289932,1,11.0000004b,Drive,Loading,pitch.0,700723,-2.0003,10.9345,56.5007,47.6057,39.7367,-16.5313,-0.0669,0.0802
1779744289932,1,12.00000015,Lower Delivery,Loading,pitch.0,700807,-0.2816,0.0746,0.642,-0.8205,-0.2102,-2.9646,0.0,0.0
1779744289932,1,12.00000018,Upper Delivery,Loading,pitch.0,701494,-0.1858,0.0749,0.238,-1.1591,-1.0293,-2.5642,0.0,0.0
1779744289932,1,Pitching Mound.Delivery,,Loading,pitch.0,699860,-0.4675,0.1494,0.88,-1.8423,-1.2394,-5.4963,0.0,0.0
1779744289932,1,Pitching Mound.Drive,,Loading,pitch.0,700723,-2.0003,10.9345,56.5007,47.6057,39.7367,-16.5313,-0.0669,0.0802
1779744289932,1,Pitching Mound.Parent,,Loading,pitch.0,699184,-2.4678,11.0839,57.3807,45.7634,38.4972,-22.0275,-0.0659,0.0813
1779744289933,1,11.0000004b,Drive,Loading,pitch.0,700724,-2.0793,11.0106,56.6376,47.5685,39.9986,-16.6125,-0.0672,0.0799
1779744289933,1,12.00000015,Lower Delivery,Loading,pitch.0,700808,-0.2819,0.0749,0.503,-1.109,-0.8987,-2.934,0.0,0.0
1779744289933,1,12.00000018,Upper Delivery,Loading,pitch.0,701495,-0.1958,0.0706,0.2502,-1.478,-1.3614,-2.7058,0.0,0.0
1779744289933,1,Pitching Mound.Delivery,,Loading,pitch.0,699861,-0.4777,0.1455,0.7532,-2.501,-2.2601,-5.6105,0.0,0.0
1779744289933,1,Pitching Mound.Drive,,Loading,pitch.0,700724,-2.0793,11.0106,56.6376,47.5685,39.9986,-16.6125,-0.0672,0.0799
1779744289933,1,Pitching Mound.Parent,,Loading,pitch.0,699185,-2.5569,11.1561,57.3907,45.0674,37.7384,-22.223,-0.0663,0.0803
1779744289934,1,11.0000004b,Drive,Loading,pitch.0,700725,-2.1408,11.0857,56.8026,47.6443,40.2519,-16.6977,-0.0674,0.0798
1779744289934,1,12.00000015,Lower Delivery,Loading,pitch.0,700809,-0.2586,0.0694,0.4757,-1.1898,-1.1666,-2.9519,0.0,0.0
1779744289934,1,12.00000018,Upper Delivery,Loading,pitch.0,701496,-0.1939,0.0615,0.2111,-1.3905,-1.272,-2.6369,0.0,0.0
1779744289934,1,Pitching Mound.Delivery,,Loading,pitch.0,699862,-0.4525,0.1308,0.6868,-2.4903,-2.4386,-5.5669,0.0,0.0
1779744289934,1,Pitching Mound.Drive,,Loading,pitch.0,700725,-2.1408,11.0857,56.8026,47.6443,40.2519,-16.6977,-0.0674,0.0798
1779744289934,1,Pitching Mound.Parent,,Loading,pitch.0,699186,-2.5933,11.2165,57.4894,45.154,37.8133,-22.2647,-0.0666,0.0804
1779744289935,1,11.0000004b,Drive,Loading,pitch.0,700726,-2.1936,11.1718,57.052,47.6928,40.4715,-16.787,-0.0675,0.0795
1779744289935,1,12.00000015,Lower Delivery,Loading,pitch.0,700810,-0.266,0.0726,0.5839,-0.9221,-0.7526,-2.9321,0.0,0.0
1779744289935,1,12.00000018,Upper Delivery,Loading,pitch.0,701497,-0.2061,0.0768,0.2653,-1.1978,-1.068,-2.6094,0.0,0.0
1779744289935,1,Pitching Mound.Delivery,,Loading,pitch.0,699863,-0.4721,0.1494,0.8492,-2.0116,-1.8206,-5.5211,0.0,0.0
1779744289935,1,Pitching Mound.Drive,,Loading,pitch.0,700726,-2.1936,11.1718,57.052,47.6928,40.4715,-16.787,-0.0675,0.0795
1779744289935,1,Pitching Mound.Parent,,Loading,pitch.0,699187,-2.6657,11.3212,57.9012,45.6812,38.6509,-22.308,-0.0665,0.0802
1779744289936,1,11.0000004b,Drive,Loading,pitch.0,700727,-2.2453,11.2546,57.1738,47.742,40.6373,-16.8805,-0.0676,0.0794
1779744289936,1,12.00000015,Lower Delivery,Loading,pitch.0,700811,-0.2583,0.072,0.5858,-1.0832,-0.3648,-2.9579,0.0,0.0
1779744289936,1,12.00000018,Upper Delivery,Loading,pitch.0,701498,-0.2059,0.081,0.2724,-1.0823,-0.9458,-2.5914,0.0,0.0
1779744289936,1,Pitching Mound.Delivery,,Loading,pitch.0,699864,-0.4642,0.153,0.8582,-2.0589,-1.3106,-5.5315,0.0,0.0
1779744289936,1,Pitching Mound.Drive,,Loading,pitch.0,700727,-2.2453,11.2546,57.1738,47.742,40.6373,-16.8805,-0.0676,0.0794
1779744289936,1,Pitching Mound.Parent,,Loading,pitch.0,699188,-2.7095,11.4076,58.032,45.6831,39.3267,-22.412,-0.0666,0.0801
1779744289937,1,11.0000004b,Drive,Loading,pitch.0,700728,-2.2761,11.3463,57.3558,47.8906,40.8279,-16.9696,-0.0677,0.0794
1779744289937,1,12.00000015,Lower Delivery,Loading,pitch.0,700812,-0.2443,0.0838,0.7214,-1.3393,-0.1776,-2.9694,0.0,0.0
1779744289937,1,12.00000018,Upper Delivery,Loading,pitch.0,701499,-0.1752,0.0944,0.2462,-1.0076,-0.8654,-2.6052,0.0,0.0
1779744289937,1,Pitching Mound.Delivery,,Loading,pitch.0,699865,-0.4195,0.1783,0.9676,-2.1853,-1.043,-5.5511,0.0,0.0
1779744289937,1,Pitching Mound.Drive,,Loading,pitch.0,700728,-2.2761,11.3463,57.3558,47.8906,40.8279,-16.9696,-0.0677,0.0794
1779744289937,1,Pitching Mound.Parent,,Loading,pitch.0,699189,-2.6956,11.5246,58.3234,45.7053,39.7849,-22.5207,-0.0666,0.0809
1779744289938,1,11.0000004b,Drive,Loading,pitch.0,700729,-2.3057,11.4421,57.6464,48.0568,41.1189,-17.0695,-0.0679,0.0793
1779744289938,1,12.00000015,Lower Delivery,Loading,pitch.0,700813,-0.2816,0.0933,0.8148,-1.4998,-0.167,-2.953,0.0,0.0
1779744289938,1,12.00000018,Upper Delivery,Loading,pitch.0,701500,-0.1842,0.0787,0.2287,-0.8681,-0.7173,-2.5935,0.0,0.0
1779744289938,1,Pitching Mound.Delivery,,Loading,pitch.0,699866,-0.4658,0.172,1.0435,-2.1687,-0.8843,-5.5133,0.0,0.0
1779744289938,1,Pitching Mound.Drive,,Loading,pitch.0,700729,-2.3057,11.4421,57.6464,48.0568,41.1189,-17.0695,-0.0679,0.0793
1779744289938,1,Pitching Mound.Parent,,Loading,pitch.0,699190,-2.7714,11.6141,58.6899,45.8881,40.2346,-22.5828,-0.0666,0.0813
1779744289939,1,11.0000004b,Drive,Loading,pitch.0,700730,-2.322,11.5341,57.8963,48.0256,41.2445,-17.1175,-0.0678,0.0789
1779744289939,1,12.00000015,Lower Delivery,Loading,pitch.0,700814,-0.274,0.0944,0.9263,-1.3488,-0.0851,-2.9623,0.0,0.0
1779744289939,1,12.00000018,Upper Delivery,Loading,pitch.0,701501,-0.1997,0.0967,0.2915,-0.4067,-0.2315,-2.4805,0.0,0.0
1779744289939,1,Pitching Mound.Delivery,,Loading,pitch.0,699867,-0.4738,0.1911,1.2177,-1.5397,-0.3167,-5.4176,0.0,0.0
1779744289939,1,Pitching Mound.Drive,,Loading,pitch.0,700730,-2.322,11.5341,57.8963,48.0256,41.2445,-17.1175,-0.0678,0.0789
1779744289939,1,Pitching Mound.Parent,,Loading,pitch.0,699191,-2.7958,11.7252,59.114,46.4859,40.9279,-22.5351,-0.0664,0.0809
1779744289940,1,11.0000004b,Drive,Loading,pitch.0,700731,-2.3489,11.6279,58.2239,48.2,41.708,-17.1963,-0.0681,0.0788
1779744289940,1,12.00000015,Lower Delivery,Loading,pitch.0,700815,-0.2455,0.1315,1.1084,-1.3191,-0.1239,-2.9978,0.0,0.0
1779744289940,1,12.00000018,Upper Delivery,Loading,pitch.0,701502,-0.2138,0.1226,0.2442,-0.4114,-0.2359,-2.4919,0.0,0.0
1779744289940,1,Pitching Mound.Delivery,,Loading,pitch.0,699868,-0.4593,0.2541,1.3526,-1.4368,-0.3598,-5.4789,0.0,0.0
1779744289940,1,Pitching Mound.Drive,,Loading,pitch.0,700731,-2.3489,11.6279,58.2239,48.2,41.708,-17.1963,-0.0681,0.0788
1779744289940,1,Pitching Mound.Parent,,Loading,pitch.0,699192,-2.8082,11.882,59.5765,46.7633,41.3482,-22.6751,-0.0666,0.0819
1779744289941,1,11.0000004b,Drive,Loading,pitch.0,700732,-2.3576,11.7133,58.4381,48.2247,41.9508,-17.3042,-0.0683,0.0785
1779744289941,1,12.00000015,Lower Delivery,Loading,pitch.0,700816,-0.2499,0.1255,1.1543,-1.3412,0.2392,-2.9776,0.0,0.0
1779744289941,1,12.00000018,Upper Delivery,Loading,pitch.0,701503,-0.2269,0.1261,0.2761,-0.5689,-0.4007,-2.5472,0.0,0.0
1779744289941,1,Pitching Mound.Delivery,,Loading,pitch.0,699869,-0.4769,0.2516,1.4305,-1.6115,-0.1616,-5.517,0.0,0.0
1779744289941,1,Pitching Mound.Drive,,Loading,pitch.0,700732,-2.3576,11.7133,58.4381,48.2247,41.9508,-17.3042,-0.0683,0.0785
1779744289941,1,Pitching Mound.Parent,,Loading,pitch.0,699193,-2.8345,11.9648,59.8686,46.6132,41.7892,-22.8212,-0.0667,0.0816
1779744289942,1,11.0000004b,Drive,Loading,pitch.0,700733,-2.3748,11.8182,58.7123,48.3631,42.2658,-17.367,-0.0685,0.0784
1779744289942,1,12.00000015,Lower Delivery,Loading,pitch.0,700817,-0.2353,0.1382,1.1847,-1.3194,0.6183,-2.9391,0.0,0.0
1779744289942,1,12.00000018,Upper Delivery,Loading,pitch.0,701504,-0.2267,0.1174,0.2695,-0.5155,-0.3435,-2.554,0.0,0.0
1779744289942,1,Pitching Mound.Delivery,,Loading,pitch.0,699870,-0.462,0.2556,1.4542,-1.5237,0.2749,-5.4901,0.0,0.0
1779744289942,1,Pitching Mound.Drive,,Loading,pitch.0,700733,-2.3748,11.8182,58.7123,48.3631,42.2658,-17.367,-0.0685,0.0784
1779744289942,1,Pitching Mound.Parent,,Loading,pitch.0,699194,-2.8368,12.0739,60.1664,46.8394,42.5406,-22.8572,-0.0668,0.0816
1779744289943,1,11.0000004b,Drive,Loading,pitch.0,700734,-2.3869,11.9075,58.9709,48.4612,42.6664,-17.4587,-0.0688,0.0782
1779744289943,1,12.00000015,Lower Delivery,Loading,pitch.0,700818,-0.2353,0.1608,1.2421,-1.2952,0.6289,-2.9536,0.0,0.0
1779744289943,1,12.00000018,Upper Delivery,Loading,pitch.0,701505,-0.2468,0.1464,0.2911,-0.4325,-0.2559,-2.5354,0.0,0.0
1779744289943,1,Pitching Mound.Delivery,,Loading,pitch.0,699871,-0.4821,0.3072,1.5332,-1.4043,0.373,-5.4929,0.0,0.0
1779744289943,1,Pitching Mound.Drive,,Loading,pitch.0,700734,-2.3869,11.9075,58.9709,48.4612,42.6664,-17.4587,-0.0688,0.0782
1779744289943,1,Pitching Mound.Parent,,Loading,pitch.0,699195,-2.8691,12.2147,60.5041,47.0569,43.0394,-22.9515,-0.0671,0.0815
1779744289944,1,11.0000004b,Drive,Loading,pitch.0,700735,-2.4076,12.0089,59.295,48.505,42.9722,-17.5485,-0.0689,0.0778
1779744289944,1,12.00000015,Lower Delivery,Loading,pitch.0,700819,-0.2438,0.1425,1.2342,-1.2071,0.5208,-2.9284,0.0,0.0
1779744289944,1,12.00000018,Upper Delivery,Loading,pitch.0,701506,-0.2552,0.1849,0.3155,-0.5346,-0.365,-2.5309,0.0,0.0
1779744289944,1,Pitching Mound.Delivery,,Loading,pitch.0,699872,-0.499,0.3274,1.5497,-1.4293,0.1558,-5.4632,0.0,0.0
1779744289944,1,Pitching Mound.Drive,,Loading,pitch.0,700735,-2.4076,12.0089,59.295,48.505,42.9722,-17.5485,-0.0689,0.0778
1779744289944,1,Pitching Mound.Parent,,Loading,pitch.0,699196,-2.9066,12.3362,60.8447,47.0757,43.128,-23.0116,-0.0672,0.081
1779744289945,1,11.0000004b,Drive,Loading,pitch.0,700736,-2.412,12.1291,59.6315,48.6601,43.3481,-17.6437,-0.0692,0.0776
1779744289945,1,12.00000015,Lower Delivery,Loading,pitch.0,700820,-0.2472,0.1632,1.2172,-1.5341,0.6993,-2.9514,0.0,0.0
1779744289945,1,12.00000018,Upper Delivery,Loading,pitch.0,701507,-0.269,0.204,0.3414,-0.5055,-0.336,-2.4963,0.0,0.0
1779744289945,1,Pitching Mound.Delivery,,Loading,pitch.0,699873,-0.5162,0.3671,1.5586,-1.7418,0.3633,-5.4551,0.0,0.0
1779744289945,1,Pitching Mound.Drive,,Loading,pitch.0,700736,-2.412,12.1291,59.6315,48.6601,43.3481,-17.6437,-0.0692,0.0776
1779744289945,1,Pitching Mound.Parent,,Loading,pitch.0,699197,-2.9282,12.4962,61.19,46.9183,43.7115,-23.0988,-0.0674,0.0805
1779744289946,1,11.0000004b,Drive,Loading,pitch.0,700737,-2.4447,12.2255,59.9944,48.7458,43.7258,-17.7089,-0.0693,0.0773
1779744289946,1,12.00000015,Lower Delivery,Loading,pitch.0,700821,-0.2841,0.1521,1.181,-1.4553,0.4969,-2.901,0.0,0.0
1779744289946,1,12.00000018,Upper Delivery,Loading,pitch.0,701508,-0.3149,0.2498,0.4832,-0.5978,-0.434,-2.5031,0.0,0.0
1779744289946,1,Pitching Mound.Delivery,,Loading,pitch.0,699874,-0.599,0.4019,1.6642,-1.8159,0.0629,-5.4145,0.0,0.0
1779744289946,1,Pitching Mound.Drive,,Loading,pitch.0,700737,-2.4447,12.2255,59.9944,48.7458,43.7258,-17.7089,-0.0693,0.0773
1779744289946,1,Pitching Mound.Parent,,Loading,pitch.0,699198,-3.0437,12.6274,61.6586,46.9299,43.7887,-23.1234,-0.0675,0.0791
1779744289947,1,11.0000004b,Drive,Loading,pitch.0,700738,-2.4588,12.3158,60.2483,48.8586,43.9689,-17.7951,-0.0694,0.0771
1779744289947,1,12.00000015,Lower Delivery,Loading,pitch.0,700822,-0.3,0.1351,1.147,-1.4699,0.2116,-2.9108,0.0,0.0
1779744289947,1,12.00000018,Upper Delivery,Loading,pitch.0,701509,-0.2797,0.2213,0.4414,-0.8153,-0.6619,-2.5765,0.0,0.0
1779744289947,1,Pitching Mound.Delivery,,Loading,pitch.0,699875,-0.5797,0.3564,1.5883,-2.0454,-0.4503,-5.4804,0.0,0.0
1779744289947,1,Pitching Mound.Drive,,Loading,pitch.0,700738,-2.4588,12.3158,60.2483,48.8586,43.9689,-17.7951,-0.0694,0.0771
1779744289947,1,Pitching Mound.Parent,,Loading,pitch.0,699199,-3.0386,12.6722,61.8367,46.8132,43.5186,-23.2755,-0.0676,0.079
1779744289948,1,11.0000004b,Drive,Loading,pitch.0,700739,-2.488,12.4197,60.5335,48.9018,44.2636,-17.868,-0.0696,0.0768
1779744289948,1,12.00000015,Lower Delivery,Loading,pitch.0,700823,-0.2763,0.1391,1.1238,-1.2864,0.3835,-2.906,0.0,0.0
1779744289948,1,12.00000018,Upper Delivery,Loading,pitch.0,701510,-0.2595,0.1706,0.3382,-0.6965,-0.5388,-2.5126,0.0,0.0
1779744289948,1,Pitching Mound.Delivery,,Loading,pitch.0,699876,-0.5358,0.3097,1.4619,-1.7158,-0.1553,-5.4129,0.0,0.0
1779744289948,1,Pitching Mound.Drive,,Loading,pitch.0,700739,-2.488,12.4197,60.5335,48.9018,44.2636,-17.868,-0.0696,0.0768
1779744289948,1,Pitching Mound.Parent,,Loading,pitch.0,699200,-3.0238,12.7294,61.9954,47.186,44.1083,-23.2809,-0.0679,0.0793
1779744289949,1,11.0000004b,Drive,Loading,pitch.0,700740,-2.5296,12.5202,60.878,49.0148,44.4991,-17.9339,-0.0695,0.0766
1779744289949,1,12.00000015,Lower Delivery,Loading,pitch.0,700824,-0.2616,0.1401,1.1552,-1.4403,0.5403,-2.9193,0.0,0.0
1779744289949,1,12.00000018,Upper Delivery,Loading,pitch.0,701511,-0.2678,0.1755,0.4009,-0.9069,-0.7568,-2.625,0.0,0.0
1779744289949,1,Pitching Mound.Delivery,,Loading,pitch.0,699877,-0.5294,0.3156,1.5561,-2.0907,-0.2165,-5.5464,0.0,0.0
1779744289949,1,Pitching Mound.Drive,,Loading,pitch.0,700740,-2.5296,12.5202,60.878,49.0148,44.4991,-17.9339,-0.0695,0.0766
1779744289949,1,Pitching Mound.Parent,,Loading,pitch.0,699201,-3.059,12.8358,62.4341,46.9241,44.2826,-23.4804,-0.0678,0.0788
1779744289950,1,11.0000004b,Drive,Loading,pitch.0,700741,-2.5812,12.6126,61.1179,49.1311,44.6788,-18.0121,-0.0695,0.0765
1779744289950,1,12.00000015,Lower Delivery,Loading,pitch.0,700825,-0.2524,0.1422,1.1933,-1.6937,0.6603,-2.9169,0.0,0.0
1779744289950,1,12.00000018,Upper Delivery,Loading,pitch.0,701512,-0.2377,0.1744,0.3481,-1.0413,-0.9,-2.629,0.0,0.0
1779744289950,1,Pitching Mound.Delivery,,Loading,pitch.0,699878,-0.4901,0.3166,1.5413,-2.4476,-0.2397,-5.5409,0.0,0.0
1779744289950,1,Pitching Mound.Drive,,Loading,pitch.0,700741,-2.5812,12.6126,61.1179,49.1311,44.6788,-18.0121,-0.0695,0.0765
1779744289950,1,Pitching Mound.Parent,,Loading,pitch.0,699202,-3.0713,12.9292,62.6593,46.6835,44.4392,-23.553,-0.0678,0.0792
1779744289951,1,11.0000004b,Drive,Loading,pitch.0,700742,-2.6214,12.7037,61.4337,49.1966,44.9939,-18.0757,-0.0697,0.0762
1779744289951,1,12.00000015,Lower Delivery,Loading,pitch.0,700826,-0.2555,0.1159,1.1615,-1.6573,0.5573,-2.9461,0.0,0.0
1779744289951,1,12.00000018,Upper Delivery,Loading,pitch.0,701513,-0.2403,0.157,0.387,-0.9297,-0.7793,-2.6592,0.0,0.0
1779744289951,1,Pitching Mound.Delivery,,Loading,pitch.0,699879,-0.4958,0.2728,1.5485,-2.3236,-0.222,-5.6002,0.0,0.0
1779744289951,1,Pitching Mound.Drive,,Loading,pitch.0,700742,-2.6214,12.7037,61.4337,49.1966,44.9939,-18.0757,-0.0697,0.0762
1779744289951,1,Pitching Mound.Parent,,Loading,pitch.0,699203,-3.1172,12.9765,62.9822,46.873,44.7719,-23.6759,-0.068,0.0785
1779744289952,1,11.0000004b,Drive,Loading,pitch.0,700743,-2.6854,12.7857,61.642,49.2137,45.3038,-18.1245,-0.0699,0.0759
1779744289952,1,12.00000015,Lower Delivery,Loading,pitch.0,700827,-0.2483,0.1128,1.1006,-1.4291,0.28,-2.9431,0.0,0.0
1779744289952,1,12.00000018,Upper Delivery,Loading,pitch.0,701514,-0.2614,0.1813,0.3809,-0.9641,-0.8178,-2.6278,0.0,0.0
1779744289952,1,Pitching Mound.Delivery,,Loading,pitch.0,699880,-0.5097,0.2941,1.4815,-2.1485,-0.5378,-5.5754,0.0,0.0
1779744289952,1,Pitching Mound.Drive,,Loading,pitch.0,700743,-2.6854,12.7857,61.642,49.2137,45.3038,-18.1245,-0.0699,0.0759
1779744289952,1,Pitching Mound.Parent,,Loading,pitch.0,699204,-3.1951,13.0799,63.1235,47.0651,44.766,-23.6999,-0.0683,0.078
1779744289953,1,11.0000004b,Drive,Loading,pitch.0,700744,-2.7362,12.8678,61.8249,49.2333,45.3978,-18.2177,-0.0699,0.0758
1779744289953,1,12.00000015,Lower Delivery,Loading,pitch.0,700828,-0.2795,0.1136,1.1566,-1.3797,0.0317,-2.9605,0.0,0.0
1779744289953,1,12.00000018,Upper Delivery,Loading,pitch.0,701515,-0.2761,0.2189,0.38,-1.2495,-1.1183,-2.6959,0.0,0.0
1779744289953,1,Pitching Mound.Delivery,,Loading,pitch.0,699881,-0.5556,0.3325,1.5366,-2.3652,-1.0866,-5.6553,0.0,0.0
1779744289953,1,Pitching Mound.Drive,,Loading,pitch.0,700744,-2.7362,12.8678,61.8249,49.2333,45.3978,-18.2177,-0.0699,0.0758
1779744289953,1,Pitching Mound.Parent,,Loading,pitch.0,699205,-3.2917,13.2003,63.3614,46.8681,44.3112,-23.8731,-0.0682,0.0781
1779744289954,1,11.0000004b,Drive,Loading,pitch.0,700745,-2.7946,12.9541,62.1211,49.3526,45.6685,-18.2842,-0.0699,0.0756
1779744289954,1,12.00000015,Lower Delivery,Loading,pitch.0,700829,-0.2446,0.096,1.1009,-1.4738,-0.1378,-2.9114,0.0,0.0
1779744289954,1,12.00000018,Upper Delivery,Loading,pitch.0,701516,-0.2317,0.1917,0.3332,-0.9852,-0.8379,-2.6702,0.0,0.0
1779744289954,1,Pitching Mound.Delivery,,Loading,pitch.0,699882,-0.4763,0.2877,1.4341,-2.1981,-0.9757,-5.5772,0.0,0.0
1779744289954,1,Pitching Mound.Drive,,Loading,pitch.0,700745,-2.7946,12.9541,62.1211,49.3526,45.6685,-18.2842,-0.0699,0.0756
1779744289954,1,Pitching Mound.Parent,,Loading,pitch.0,699206,-3.2709,13.2419,63.5552,47.1545,44.6928,-23.8614,-0.0684,0.078
1779744289955,1,11.0000004b,Drive,Loading,pitch.0,700746,-2.8426,13.0357,62.236,49.379,45.7902,-18.3184,-0.07,0.0755
1779744289955,1,12.00000015,Lower Delivery,Loading,pitch.0,700830,-0.2553,0.1006,1.0872,-1.5311,-0.0403,-2.8986,0.0,0.0
1779744289955,1,12.00000018,Upper Delivery,Loading,pitch.0,701517,-0.2252,0.1759,0.3263,-0.911,-0.7623,-2.6065,0.0,0.0
1779744289955,1,Pitching Mound.Delivery,,Loading,pitch.0,699883,-0.4804,0.2765,1.4135,-2.1834,-0.8026,-5.4948,0.0,0.0
1779744289955,1,Pitching Mound.Drive,,Loading,pitch.0,700746,-2.8426,13.0357,62.236,49.379,45.7902,-18.3184,-0.07,0.0755
1779744289955,1,Pitching Mound.Parent,,Loading,pitch.0,699207,-3.3231,13.3122,63.6495,47.1956,44.9876,-23.8133,-0.0684,0.0779
1779744289956,1,11.0000004b,Drive,Loading,pitch.0,700747,-2.9226,13.1161,62.4564,49.4848,46.0051,-18.3856,-0.0701,0.0754
1779744289956,1,12.00000015,Lower Delivery,Loading,pitch.0,700831,-0.2242,0.0892,1.073,-1.5297,-0.1319,-2.9307,0.0,0.0
1779744289956,1,12.00000018,Upper Delivery,Loading,pitch.0,701518,-0.2336,0.18,0.3213,-0.9975,-0.8513,-2.6639,0.0,0.0
1779744289956,1,Pitching Mound.Delivery,,Loading,pitch.0,699884,-0.4578,0.2692,1.3943,-2.2716,-0.9832,-5.5977,0.0,0.0
1779744289956,1,Pitching Mound.Drive,,Loading,pitch.0,700747,-2.9226,13.1161,62.4564,49.4848,46.0051,-18.3856,-0.0701,0.0754
1779744289956,1,Pitching Mound.Parent,,Loading,pitch.0,699208,-3.3804,13.3852,63.8507,47.2132,45.0219,-23.9834,-0.0685,0.0777
1779744289957,1,11.0000004b,Drive,Loading,pitch.0,700748,-2.9888,13.2079,62.7044,49.648,46.3072,-18.4879,-0.0703,0.0753
1779744289957,1,12.00000015,Lower Delivery,Loading,pitch.0,700832,-0.1869,0.1129,1.1253,-1.3897,-0.0313,-2.9244,0.0,0.0
1779744289957,1,12.00000018,Upper Delivery,Loading,pitch.0,701519,-0.2297,0.1846,0.2967,-0.9843,-0.8386,-2.64,0.0,0.0
1779744289957,1,Pitching Mound.Delivery,,Loading,pitch.0,699885,-0.4166,0.2975,1.422,-2.0923,-0.8699,-5.579,0.0,0.0
1779744289957,1,Pitching Mound.Drive,,Loading,pitch.0,700748,-2.9888,13.2079,62.7044,49.648,46.3072,-18.4879,-0.0703,0.0753
1779744289957,1,Pitching Mound.Parent,,Loading,pitch.0,699209,-3.4054,13.5054,64.1265,47.5557,45.4373,-24.0669,-0.0687,0.078
1779744289958,1,11.0000004b,Drive,Loading,pitch.0,700749,-3.047,13.2952,62.9291,49.8082,46.593,-18.5482,-0.0704,0.0753
1779744289958,1,12.00000015,Lower Delivery,Loading,pitch.0,700833,-0.1748,0.1277,1.1995,-1.2129,0.2567,-2.9288,0.0,0.0
1779744289958,1,12.00000018,Upper Delivery,Loading,pitch.0,701520,-0.2593,0.1985,0.3433,-1.1289,-0.9906,-2.6781,0.0,0.0
1779744289958,1,Pitching Mound.Delivery,,Loading,pitch.0,699886,-0.4341,0.3263,1.5428,-2.0507,-0.734,-5.6356,0.0,0.0
1779744289958,1,Pitching Mound.Drive,,Loading,pitch.0,700749,-3.047,13.2952,62.9291,49.8082,46.593,-18.5482,-0.0704,0.0753
1779744289958,1,Pitching Mound.Parent,,Loading,pitch.0,699210,-3.4811,13.6215,64.4719,47.7576,45.859,-24.1838,-0.0687,0.078
1779744289959,1,11.0000004b,Drive,Loading,pitch.0,700750,-3.1025,13.3826,63.175,49.9508,46.7831,-18.6475,-0.0704,0.0752
1779744289959,1,12.00000015,Lower Delivery,Loading,pitch.0,700834,-0.154,0.1454,1.2255,-1.2766,0.2804,-2.9618,0.0,0.0
1779744289959,1,12.00000018,Upper Delivery,Loading,pitch.0,701521,-0.2078,0.172,0.3454,-1.0476,-0.9068,-2.6283,0.0,0.0
1779744289959,1,Pitching Mound.Delivery,,Loading,pitch.0,699887,-0.3618,0.3174,1.5708,-2.025,-0.6264,-5.6084,0.0,0.0
1779744289959,1,Pitching Mound.Drive,,Loading,pitch.0,700750,-3.1025,13.3826,63.175,49.9508,46.7831,-18.6475,-0.0704,0.0752
1779744289959,1,Pitching Mound.Parent,,Loading,pitch.0,699211,-3.4644,13.7,64.7458,47.9258,46.1567,-24.2558,-0.0687,0.078
1779744289960,1,11.0000004b,Drive,Loading,pitch.0,700751,-3.1421,13.473,63.3862,50.0551,47.0476,-18.7398,-0.0706,0.0751
1779744289960,1,12.00000015,Lower Delivery,Loading,pitch.0,700835,-0.1409,0.1366,1.2335,-1.56,0.2774,-3.0024,0.0,0.0
1779744289960,1,12.00000018,Upper Delivery,Loading,pitch.0,701522,-0.2129,0.1837,0.323,-0.8016,-0.6497,-2.5326,0.0,0.0
1779744289960,1,Pitching Mound.Delivery,,Loading,pitch.0,699888,-0.3538,0.3203,1.5564,-2.052,-0.3723,-5.5595,0.0,0.0
1779744289960,1,Pitching Mound.Drive,,Loading,pitch.0,700751,-3.1421,13.473,63.3862,50.0551,47.0476,-18.7398,-0.0706,0.0751
1779744289960,1,Pitching Mound.Parent,,Loading,pitch.0,699212,-3.4959,13.7933,64.9427,48.0031,46.6752,-24.2993,-0.0689,0.0781
1779744289961,1,11.0000004b,Drive,Loading,pitch.0,700752,-3.1748,13.5608,63.7255,50.2578,47.3219,-18.8348,-0.0706,0.075
1779744289961,1,12.00000015,Lower Delivery,Loading,pitch.0,700836,-0.0926,0.1406,1.1802,-1.3862,0.3296,-2.9829,0.0,0.0
1779744289961,1,12.00000018,Upper Delivery,Loading,pitch.0,701523,-0.2279,0.1624,0.31,-0.5805,-0.4193,-2.437,0.0,0.0
1779744289961,1,Pitching Mound.Delivery,,Loading,pitch.0,699889,-0.3204,0.303,1.4902,-1.6709,-0.0897,-5.4658,0.0,0.0
1779744289961,1,Pitching Mound.Drive,,Loading,pitch.0,700752,-3.1748,13.5608,63.7255,50.2578,47.3219,-18.8348,-0.0706,0.075
1779744289961,1,Pitching Mound.Parent,,Loading,pitch.0,699213,-3.4952,13.8638,65.2157,48.587,47.2322,-24.3007,-0.069,0.0778
1779744289962,1,11.0000004b,Drive,Loading,pitch.0,700753,-3.2085,13.6556,64.1586,50.4639,47.6122,-18.9201,-0.0706,0.0748
1779744289962,1,12.00000015,Lower Delivery,Loading,pitch.0,700837,-0.0905,0.1124,1.1986,-1.5387,0.3132,-3.025,0.0,0.0
1779744289962,1,12.00000018,Upper Delivery,Loading,pitch.0,701524,-0.1932,0.1218,0.3198,-0.4793,-0.3133,-2.401,0.0,0.0
1779744289962,1,Pitching Mound.Delivery,,Loading,pitch.0,699890,-0.2837,0.2342,1.5184,-1.7192,-0.0001,-5.4609,0.0,0.0
1779744289962,1,Pitching Mound.Drive,,Loading,pitch.0,700753,-3.2085,13.6556,64.1586,50.4639,47.6122,-18.9201,-0.0706,0.0748
1779744289962,1,Pitching Mound.Parent,,Loading,pitch.0,699214,-3.4922,13.8899,65.677,48.7447,47.6121,-24.381,-0.069,0.0776
1779744289963,1,11.0000004b,Drive,Loading,pitch.0,700754,-3.2328,13.7207,64.5283,50.6869,47.9952,-19.0396,-0.0708,0.0747
1779744289963,1,12.00000015,Lower Delivery,Loading,pitch.0,700838,-0.0929,0.1178,1.1779,-1.4972,0.4102,-3.0272,0.0,0.0
1779744289963,1,12.00000018,Upper Delivery,Loading,pitch.0,701525,-0.159,0.0973,0.2321,-0.6305,-0.4739,-2.4141,0.0,0.0
1779744289963,1,Pitching Mound.Delivery,,Loading,pitch.0,699891,-0.2519,0.2151,1.41,-1.8062,-0.0637,-5.4637,0.0,0.0
1779744289963,1,Pitching Mound.Drive,,Loading,pitch.0,700754,-3.2328,13.7207,64.5283,50.6869,47.9952,-19.0396,-0.0708,0.0747
1779744289963,1,Pitching Mound.Parent,,Loading,pitch.0,699215,-3.4847,13.9358,65.9383,48.8807,47.9315,-24.5033,-0.0692,0.078
1779744289964,1,11.0000004b,Drive,Loading,pitch.0,700755,-3.2637,13.8159,64.9957,50.9448,48.3484,-19.1599,-0.0708,0.0746
1779744289964,1,12.00000015,Lower Delivery,Loading,pitch.0,700839,-0.0744,0.1146,1.1961,-1.6422,0.4038,-3.0524,0.0,0.0
1779744289964,1,12.00000018,Upper Delivery,Loading,pitch.0,701526,-0.1447,0.0982,0.2073,-0.2962,-0.1238,-2.2984,0.0,0.0
1779744289964,1,Pitching Mound.Delivery,,Loading,pitch.0,699892,-0.2191,0.2129,1.4034,-1.6022,0.28,-5.3748,0.0,0.0
1779744289964,1,Pitching Mound.Drive,,Loading,pitch.0,700755,-3.2637,13.8159,64.9957,50.9448,48.3484,-19.1599,-0.0708,0.0746
1779744289964,1,Pitching Mound.Parent,,Loading,pitch.0,699216,-3.4829,14.0288,66.3991,49.3426,48.6284,-24.5347,-0.0693,0.0781
1779744289965,1,11.0000004b,Drive,Loading,pitch.0,700756,-3.2914,13.9054,65.3402,51.1587,48.6144,-19.2397,-0.0708,0.0745
1779744289965,1,12.00000015,Lower Delivery,Loading,pitch.0,700840,-0.0918,0.1335,1.1442,-1.2151,0.5426,-3.0749,0.0,0.0
1779744289965,1,12.00000018,Upper Delivery,Loading,pitch.0,701527,-0.1708,0.0876,0.2264,-0.3994,-0.2345,-2.288,0.0,0.0
1779744289965,1,Pitching Mound.Delivery,,Loading,pitch.0,699893,-0.2625,0.2211,1.3706,-1.3025,0.3081,-5.3898,0.0,0.0
1779744289965,1,Pitching Mound.Drive,,Loading,pitch.0,700756,-3.2914,13.9054,65.3402,51.1587,48.6144,-19.2397,-0.0708,0.0745
1779744289965,1,Pitching Mound.Parent,,Loading,pitch.0,699217,-3.554,14.1265,66.7108,49.8563,48.9225,-24.6295,-0.0693,0.0776
1779744289966,1,11.0000004b,Drive,Loading,pitch.0,700757,-3.3326,13.9718,65.7847,51.4458,48.9813,-19.3546,-0.0708,0.0744
1779744289966,1,12.00000015,Lower Delivery,Loading,pitch.0,700841,-0.1137,0.1205,1.0165,-1.6985,0.0785,-3.0533,0.0,0.0
1779744289966,1,12.00000018,Upper Delivery,Loading,pitch.0,701528,-0.1701,0.0842,0.208,-0.1342,0.0472,-2.266,0.0,0.0
1779744289966,1,Pitching Mound.Delivery,,Loading,pitch.0,699894,-0.2839,0.2047,1.2245,-1.5578,0.1257,-5.3384,0.0,0.0
1779744289966,1,Pitching Mound.Drive,,Loading,pitch.0,700757,-3.3326,13.9718,65.7847,51.4458,48.9813,-19.3546,-0.0708,0.0744
1779744289966,1,Pitching Mound.Parent,,Loading,pitch.0,699218,-3.6165,14.1766,67.0091,49.888,49.1069,-24.6931,-0.0695,0.0771
1779744289967,1,11.0000004b,Drive,Loading,pitch.0,700758,-3.3589,14.0485,66.048,51.5515,49.0804,-19.4374,-0.0707,0.0742
1779744289967,1,12.00000015,Lower Delivery,Loading,pitch.0,700842,-0.1444,0.1079,0.9736,-1.4529,0.1199,-3.0568,0.0,0.0
1779744289967,1,12.00000018,Upper Delivery,Loading,pitch.0,701529,-0.1619,0.0829,0.1935,-0.247,-0.0738,-2.2531,0.0,0.0
1779744289967,1,Pitching Mound.Delivery,,Loading,pitch.0,699895,-0.3063,0.1907,1.1672,-1.4346,0.0461,-5.3158,0.0,0.0
1779744289967,1,Pitching Mound.Drive,,Loading,pitch.0,700758,-3.3589,14.0485,66.048,51.5515,49.0804,-19.4374,-0.0707,0.0742
1779744289967,1,Pitching Mound.Parent,,Loading,pitch.0,699219,-3.6653,14.2392,67.2152,50.1169,49.1265,-24.7532,-0.0695,0.0769
1779744289968,1,11.0000004b,Drive,Loading,pitch.0,700759,-3.4146,14.1231,66.4326,51.7141,49.3517,-19.5033,-0.0707,0.0741
1779744289968,1,12.00000015,Lower Delivery,Loading,pitch.0,700843,-0.178,0.0869,0.9458,-1.5929,0.1558,-3.0415,0.0,0.0
1779744289968,1,12.00000018,Upper Delivery,Loading,pitch.0,701530,-0.1619,0.0712,0.1611,-0.2692,-0.0949,-2.3001,0.0,0.0
1779744289968,1,Pitching Mound.Delivery,,Loading,pitch.0,699896,-0.34,0.1581,1.107,-1.5953,0.0609,-5.3361,0.0,0.0
1779744289968,1,Pitching Mound.Drive,,Loading,pitch.0,700759,-3.4146,14.1231,66.4326,51.7141,49.3517,-19.5033,-0.0707,0.0741
1779744289968,1,Pitching Mound.Parent,,Loading,pitch.0,699220,-3.7546,14.2812,67.5396,50.1188,49.4126,-24.8394,-0.0695,0.0768
1779744289969,1,11.0000004b,Drive,Loading,pitch.0,700760,-3.471,14.2068,66.733,51.9179,49.3758,-19.5811,-0.0704,0.074
1779744289969,1,12.00000015,Lower Delivery,Loading,pitch.0,700844,-0.1959,0.0613,0.9388,-1.6945,0.1994,-3.0034,0.0,0.0
1779744289969,1,12.00000018,Upper Delivery,Loading,pitch.0,701531,-0.1269,0.0738,0.1055,-0.1106,0.0697,-2.2168,0.0,0.0
1779744289969,1,Pitching Mound.Delivery,,Loading,pitch.0,699897,-0.3228,0.1352,1.0443,-1.5218,0.269,-5.1968,0.0,0.0
1779744289969,1,Pitching Mound.Drive,,Loading,pitch.0,700760,-3.471,14.2068,66.733,51.9179,49.3758,-19.5811,-0.0704,0.074
1779744289969,1,Pitching Mound.Parent,,Loading,pitch.0,699221,-3.7938,14.342,67.7773,50.3962,49.6449,-24.778,-0.0693,0.077
1779744289970,1,11.0000004b,Drive,Loading,pitch.0,700761,-3.5328,14.2827,67.0146,52.0918,49.4797,-19.6723,-0.0702,0.0739
1779744289970,1,12.00000015,Lower Delivery,Loading,pitch.0,700845,-0.2106,0.0633,0.9664,-1.6374,0.3414,-3.0144,0.0,0.0
1779744289970,1,12.00000018,Upper Delivery,Loading,pitch.0,701532,-0.1639,0.073,0.1783,-0.2927,-0.1206,-2.2886,0.0,0.0
1779744289970,1,Pitching Mound.Delivery,,Loading,pitch.0,699898,-0.3744,0.1363,1.1447,-1.6622,0.2208,-5.2871,0.0,0.0
1779744289970,1,Pitching Mound.Drive,,Loading,pitch.0,700761,-3.5328,14.2827,67.0146,52.0918,49.4797,-19.6723,-0.0702,0.0739
1779744289970,1,Pitching Mound.Parent,,Loading,pitch.0,699222,-3.9073,14.419,68.1593,50.4296,49.7004,-24.9594,-0.0691,0.0766
1779744289971,1,11.0000004b,Drive,Loading,pitch.0,700762,-3.5974,14.3596,67.384,52.3332,49.6814,-19.746,-0.0701,0.0739
1779744289971,1,12.00000015,Lower Delivery,Loading,pitch.0,700846,-0.2108,0.0602,0.984,-1.5983,0.3085,-2.9524,0.0,0.0
1779744289971,1,12.00000018,Upper Delivery,Loading,pitch.0,701533,-0.1612,0.0974,0.2337,-0.3015,-0.1273,-2.3374,0.0,0.0
1779744289971,1,Pitching Mound.Delivery,,Loading,pitch.0,699899,-0.372,0.1576,1.2177,-1.6447,0.1813,-5.2729,0.0,0.0
1779744289971,1,Pitching Mound.Drive,,Loading,pitch.0,700762,-3.5974,14.3596,67.384,52.3332,49.6814,-19.746,-0.0701,0.0739
1779744289971,1,Pitching Mound.Parent,,Loading,pitch.0,699223,-3.9694,14.5172,68.6018,50.6885,49.8626,-25.0189,-0.0689,0.0763
1779744289972,1,11.0000004b,Drive,Loading,pitch.0,700763,-3.6786,14.4397,67.5907,52.5295,49.6072,-19.8228,-0.0698,0.0739
1779744289972,1,12.00000015,Lower Delivery,Loading,pitch.0,700847,-0.2206,0.0615,1.0602,-1.5516,0.2427,-3.0308,0.0,0.0
1779744289972,1,12.00000018,Upper Delivery,Loading,pitch.0,701534,-0.199,0.1246,0.2774,-0.2092,-0.0315,-2.2891,0.0,0.0
1779744289972,1,Pitching Mound.Delivery,,Loading,pitch.0,699900,-0.4196,0.1861,1.3376,-1.4947,0.2111,-5.3126,0.0,0.0
1779744289972,1,Pitching Mound.Drive,,Loading,pitch.0,700763,-3.6786,14.4397,67.5907,52.5295,49.6072,-19.8228,-0.0698,0.0739
1779744289972,1,Pitching Mound.Parent,,Loading,pitch.0,699224,-4.0982,14.6258,68.9284,51.0348,49.8183,-25.1353,-0.0685,0.0764
1779744289973,1,11.0000004b,Drive,Loading,pitch.0,700764,-3.7484,14.5212,67.7959,52.6919,49.4888,-19.9218,-0.0694,0.0739
1779744289973,1,12.00000015,Lower Delivery,Loading,pitch.0,700848,-0.2371,0.0646,1.0572,-1.5091,0.1461,-2.9848,0.0,0.0
1779744289973,1,12.00000018,Upper Delivery,Loading,pitch.0,701535,-0.211,0.1386,0.2769,-0.1803,-0.0026,-2.2552,0.0,0.0
1779744289973,1,Pitching Mound.Delivery,,Loading,pitch.0,699901,-0.4481,0.2032,1.3341,-1.4241,0.1435,-5.2312,0.0,0.0
1779744289973,1,Pitching Mound.Drive,,Loading,pitch.0,700764,-3.7484,14.5212,67.7959,52.6919,49.4888,-19.9218,-0.0694,0.0739
1779744289973,1,Pitching Mound.Parent,,Loading,pitch.0,699225,-4.1965,14.7244,69.13,51.2678,49.6323,-25.1529,-0.0681,0.0763
1779744289974,1,11.0000004b,Drive,Loading,pitch.0,700765,-3.8253,14.5898,68.0606,52.8505,49.5496,-19.9861,-0.0693,0.0739
1779744289974,1,12.00000015,Lower Delivery,Loading,pitch.0,700849,-0.2332,0.0633,1.0318,-1.5156,0.0774,-2.9608,0.0,0.0
1779744289974,1,12.00000018,Upper Delivery,Loading,pitch.0,701536,-0.2211,0.1595,0.2908,0.126,0.3221,-2.2193,0.0,0.0
1779744289974,1,Pitching Mound.Delivery,,Loading,pitch.0,699902,-0.4543,0.2228,1.3225,-1.1377,0.3994,-5.1761,0.0,0.0
1779744289974,1,Pitching Mound.Drive,,Loading,pitch.0,700765,-3.8253,14.5898,68.0606,52.8505,49.5496,-19.9861,-0.0693,0.0739
1779744289974,1,Pitching Mound.Parent,,Loading,pitch.0,699226,-4.2796,14.8125,69.3831,51.7128,49.949,-25.1621,-0.0679,0.0761
1779744289975,1,11.0000004b,Drive,Loading,pitch.0,700766,-3.9041,14.6776,68.3065,53.1113,49.6634,-20.0343,-0.0692,0.074
1779744289975,1,12.00000015,Lower Delivery,Loading,pitch.0,700850,-0.2039,0.0564,0.9953,-1.4972,0.0255,-2.9983,0.0,0.0
1779744289975,1,12.00000018,Upper Delivery,Loading,pitch.0,701537,-0.2027,0.1378,0.3188,0.1942,0.3939,-2.2043,0.0,0.0
1779744289975,1,Pitching Mound.Delivery,,Loading,pitch.0,699903,-0.4066,0.1942,1.3141,-1.073,0.4194,-5.2021,0.0,0.0
1779744289975,1,Pitching Mound.Drive,,Loading,pitch.0,700766,-3.9041,14.6776,68.3065,53.1113,49.6634,-20.0343,-0.0692,0.074
1779744289975,1,Pitching Mound.Parent,,Loading,pitch.0,699227,-4.3107,14.8718,69.6205,52.0383,50.0828,-25.2364,-0.0679,0.0759
1779744289976,1,11.0000004b,Drive,Loading,pitch.0,700767,-4.0021,14.7626,68.6151,53.2431,49.84,-20.1371,-0.0691,0.0738
1779744289976,1,12.00000015,Lower Delivery,Loading,pitch.0,700851,-0.2148,0.0591,0.9716,-1.5884,-0.1156,-2.9541,0.0,0.0
1779744289976,1,12.00000018,Upper Delivery,Loading,pitch.0,701538,-0.1893,0.1356,0.322,0.1114,0.3081,-2.2474,0.0,0.0
1779744289976,1,Pitching Mound.Delivery,,Loading,pitch.0,699904,-0.4041,0.1948,1.2936,-1.2561,0.1925,-5.1928,0.0,0.0
1779744289976,1,Pitching Mound.Drive,,Loading,pitch.0,700767,-4.0021,14.7626,68.6151,53.2431,49.84,-20.1371,-0.0691,0.0738
1779744289976,1,Pitching Mound.Parent,,Loading,pitch.0,699228,-4.4061,14.9574,69.9087,51.987,50.0325,-25.3299,-0.0678,0.0756
1779744289977,1,11.0000004b,Drive,Loading,pitch.0,700768,-4.0728,14.8514,68.9119,53.4308,49.7727,-20.2435,-0.0687,0.0738
1779744289977,1,12.00000015,Lower Delivery,Loading,pitch.0,700852,-0.2317,0.0627,0.9492,-1.8139,-0.0602,-2.9776,0.0,0.0
1779744289977,1,12.00000018,Upper Delivery,Loading,pitch.0,701539,-0.2015,0.1703,0.3558,0.1947,0.3947,-2.2082,0.0,0.0
1779744289977,1,Pitching Mound.Delivery,,Loading,pitch.0,699905,-0.4332,0.233,1.3051,-1.4175,0.3345,-5.1756,0.0,0.0
1779744289977,1,Pitching Mound.Drive,,Loading,pitch.0,700768,-4.0728,14.8514,68.9119,53.4308,49.7727,-20.2435,-0.0687,0.0738
1779744289977,1,Pitching Mound.Parent,,Loading,pitch.0,699229,-4.506,15.0844,70.2169,52.0133,50.1072,-25.4191,-0.0674,0.0753
1779744289978,1,11.0000004b,Drive,Loading,pitch.0,700769,-4.1464,14.9289,69.1405,53.5871,49.9424,-20.3322,-0.0687,0.0737
1779744289978,1,12.00000015,Lower Delivery,Loading,pitch.0,700853,-0.2348,0.0634,0.9328,-1.7208,-0.1943,-2.9711,0.0,0.0
1779744289978,1,12.00000018,Upper Delivery,Loading,pitch.0,701540,-0.2103,0.1822,0.3787,0.189,0.3862,-2.1643,0.0,0.0
1779744289978,1,Pitching Mound.Delivery,,Loading,pitch.0,699906,-0.445,0.2456,1.3114,-1.3434,0.192,-5.127,0.0,0.0
1779744289978,1,Pitching Mound.Drive,,Loading,pitch.0,700769,-4.1464,14.9289,69.1405,53.5871,49.9424,-20.3322,-0.0687,0.0737
1779744289978,1,Pitching Mound.Parent,,Loading,pitch.0,699230,-4.5914,15.1746,70.4519,52.2437,50.1344,-25.4592,-0.0674,0.075
1779744289979,1,11.0000004b,Drive,Loading,pitch.0,700770,-4.2318,15.0175,69.436,53.7708,50.2245,-20.4746,-0.0688,0.0737
1779744289979,1,12.00000015,Lower Delivery,Loading,pitch.0,700854,-0.2284,0.0619,0.9688,-1.6386,0.0237,-2.9755,0.0,0.0
1779744289979,1,12.00000018,Upper Delivery,Loading,pitch.0,701541,-0.2006,0.1709,0.3419,0.1373,0.3342,-2.2199,0.0,0.0
1779744289979,1,Pitching Mound.Delivery,,Loading,pitch.0,699907,-0.4291,0.2328,1.3107,-1.2881,0.3579,-5.186,0.0,0.0
1779744289979,1,Pitching Mound.Drive,,Loading,pitch.0,700770,-4.2318,15.0175,69.436,53.7708,50.2245,-20.4746,-0.0688,0.0737
1779744289979,1,Pitching Mound.Parent,,Loading,pitch.0,699231,-4.6609,15.2503,70.7467,52.4827,50.5824,-25.6606,-0.0675,0.0753
1779744289980,1,11.0000004b,Drive,Loading,pitch.0,700771,-4.289,15.1094,69.6889,53.9027,50.429,-20.5715,-0.0688,0.0736
1779744289980,1,12.00000015,Lower Delivery,Loading,pitch.0,700855,-0.2181,0.0606,1.0076,-1.6481,-0.0784,-3.0104,0.0,0.0
1779744289980,1,12.00000018,Upper Delivery,Loading,pitch.0,701542,-0.2294,0.1768,0.3091,-0.5385,-0.3815,-2.3112,0.0,0.0
1779744289980,1,Pitching Mound.Delivery,,Loading,pitch.0,699908,-0.4474,0.2373,1.3168,-1.9492,-0.46,-5.3254,0.0,0.0
1779744289980,1,Pitching Mound.Drive,,Loading,pitch.0,700771,-4.289,15.1094,69.6889,53.9027,50.429,-20.5715,-0.0688,0.0736
1779744289980,1,Pitching Mound.Parent,,Loading,pitch.0,699232,-4.7365,15.3468,71.0057,51.9535,49.969,-25.8969,-0.0676,0.0756
1779744289981,1,11.0000004b,Drive,Loading,pitch.0,700772,-4.3672,15.1884,70.0282,53.9769,50.8273,-20.6857,-0.069,0.0733
1779744289981,1,11.0000004b,Drive,Loading,pitch.0,700773,-4.4337,15.2695,70.2812,54.1482,51.084,-20.7939,-0.0691,0.0733
1779744289981,1,12.00000015,Lower Delivery,Loading,pitch.0,700856,-0.2195,0.061,1.047,-1.5574,-0.264,-3.0124,0.0,0.0
1779744289981,1,12.00000018,Upper Delivery,Loading,pitch.0,701543,-0.2599,0.1938,0.4216,-0.5021,-0.3419,-2.3253,0.0,0.0
1779744289981,1,Pitching Mound.Delivery,,Loading,pitch.0,699909,-0.4794,0.2548,1.4687,-1.8469,-0.6059,-5.3515,0.0,0.0
1779744289981,1,Pitching Mound.Drive,,Loading,pitch.0,700772,-4.3672,15.1884,70.0282,53.9769,50.8273,-20.6857,-0.069,0.0733
1779744289981,1,Pitching Mound.Drive,,Loading,pitch.0,700773,-4.4337,15.2695,70.2812,54.1482,51.084,-20.7939,-0.0691,0.0733
1779744289981,1,Pitching Mound.Parent,,Loading,pitch.0,699233,-4.8467,15.4432,71.4968,52.13,50.2214,-26.0372,-0.0676,0.0748
1779744289982,1,11.0000004b,Drive,Loading,pitch.0,700774,-4.4763,15.3469,70.6403,54.3025,51.6553,-20.9318,-0.0696,0.0731
1779744289982,1,12.00000015,Lower Delivery,Loading,pitch.0,700857,-0.2159,0.0618,1.061,-1.4795,-0.1218,-3.0048,0.0,0.0
1779744289982,1,12.00000018,Upper Delivery,Loading,pitch.0,701544,-0.2358,0.1445,0.3289,-0.8802,-0.7394,-2.4271,0.0,0.0
1779744289982,1,Pitching Mound.Delivery,,Loading,pitch.0,699910,-0.4517,0.2063,1.3899,-2.1107,-0.8612,-5.4387,0.0,0.0
1779744289982,1,Pitching Mound.Drive,,Loading,pitch.0,700774,-4.4763,15.3469,70.6403,54.3025,51.6553,-20.9318,-0.0696,0.0731
1779744289982,1,Pitching Mound.Parent,,Loading,pitch.0,699234,-4.8854,15.4758,71.6711,52.0375,50.2227,-26.2326,-0.0678,0.0753
1779744289983,1,12.00000015,Lower Delivery,Loading,pitch.0,700858,-0.1796,0.0704,1.114,-1.3791,0.1247,-2.9964,0.0,0.0
1779744289983,1,12.00000018,Upper Delivery,Loading,pitch.0,701545,-0.2374,0.139,0.3059,-1.1675,-1.0417,-2.5028,0.0,0.0
1779744289983,1,Pitching Mound.Delivery,,Loading,pitch.0,699911,-0.417,0.2094,1.4199,-2.2719,-0.9169,-5.5188,0.0,0.0
1779744289983,1,Pitching Mound.Parent,,Loading,pitch.0,699235,-4.8933,15.5563,72.0602,52.0305,50.7384,-26.4506,-0.0682,0.0755
1779744289984,1,11.0000004b,Drive,Loading,pitch.0,700775,-4.5263,15.42,70.9254,54.3919,52.1877,-21.0365,-0.07,0.073
1779744289984,1,12.00000015,Lower Delivery,Loading,pitch.0,700859,-0.1592,0.0714,1.1505,-1.0797,0.49,-3.048,0.0,0.0
1779744289984,1,12.00000018,Upper Delivery,Loading,pitch.0,701546,-0.2489,0.1333,0.2919,-1.1086,-0.9776,-2.5245,0.0,0.0
1779744289984,1,Pitching Mound.Delivery,,Loading,pitch.0,699912,-0.4081,0.2047,1.4425,-1.8965,-0.4876,-5.603,0.0,0.0
1779744289984,1,Pitching Mound.Drive,,Loading,pitch.0,700775,-4.5263,15.42,70.9254,54.3919,52.1877,-21.0365,-0.07,0.073
1779744289984,1,Pitching Mound.Parent,,Loading,pitch.0,699236,-4.9344,15.6247,72.3678,52.4954,51.7001,-26.6395,-0.0686,0.0755
1779744289985,1,11.0000004b,Drive,Loading,pitch.0,700776,-4.5747,15.494,71.157,54.5506,52.4327,-21.1477,-0.0701,0.0729
1779744289985,1,12.00000015,Lower Delivery,Loading,pitch.0,700860,-0.1511,0.0982,1.1856,-1.004,0.4649,-3.0444,0.0,0.0
1779744289985,1,12.00000018,Upper Delivery,Loading,pitch.0,701547,-0.2575,0.121,0.2626,-1.2844,-1.1641,-2.5432,0.0,0.0
1779744289985,1,Pitching Mound.Delivery,,Loading,pitch.0,699913,-0.4086,0.2192,1.4482,-1.9745,-0.6992,-5.6238,0.0,0.0
1779744289985,1,Pitching Mound.Drive,,Loading,pitch.0,700776,-4.5747,15.494,71.157,54.5506,52.4327,-21.1477,-0.0701,0.0729
1779744289985,1,Pitching Mound.Parent,,Loading,pitch.0,699237,-4.9833,15.7132,72.6052,52.5761,51.7335,-26.7715,-0.0687,0.0758
1779744289986,1,11.0000004b,Drive,Loading,pitch.0,700778,-4.5928,15.6087,71.5435,54.6911,53.0003,-21.3863,-0.0705,0.0727
1779744289986,1,11.0000004b,Drive,Loading,pitch.0,700777,-4.5808,15.5477,71.3581,54.6272,52.7073,-21.2825,-0.0703,0.0728
1779744289986,1,12.00000015,Lower Delivery,Loading,pitch.0,700861,-0.1649,0.0853,1.1892,-0.9395,0.4049,-3.0277,0.0,0.0
1779744289986,1,12.00000018,Upper Delivery,Loading,pitch.0,701548,-0.281,0.1368,0.3041,-1.0201,-0.8829,-2.5299,0.0,0.0
1779744289986,1,Pitching Mound.Delivery,,Loading,pitch.0,699914,-0.4459,0.2221,1.4934,-1.6586,-0.4781,-5.5971,0.0,0.0
1779744289986,1,Pitching Mound.Drive,,Loading,pitch.0,700778,-4.5928,15.6087,71.5435,54.6911,53.0003,-21.3863,-0.0705,0.0727
1779744289986,1,Pitching Mound.Drive,,Loading,pitch.0,700777,-4.5808,15.5477,71.3581,54.6272,52.7073,-21.2825,-0.0703,0.0728
1779744289986,1,Pitching Mound.Parent,,Loading,pitch.0,699238,-5.0267,15.7698,72.8514,52.9685,52.2293,-26.8796,-0.0688,0.0755
1779744289987,1,12.00000015,Lower Delivery,Loading,pitch.0,700862,-0.158,0.0883,1.1746,-0.7803,0.2985,-2.9988,0.0,0.0
1779744289987,1,12.00000018,Upper Delivery,Loading,pitch.0,701549,-0.2539,0.1332,0.2796,-0.8531,-0.7077,-2.4792,0.0,0.0
1779744289987,1,Pitching Mound.Delivery,,Loading,pitch.0,699915,-0.4119,0.2215,1.4543,-1.3291,-0.4091,-5.5107,0.0,0.0
1779744289987,1,Pitching Mound.Parent,,Loading,pitch.0,699239,-5.0047,15.8302,72.9978,53.362,52.5912,-26.897,-0.0691,0.0754
1779744289988,1,11.0000004b,Drive,Loading,pitch.0,700779,-4.584,15.6653,71.8333,54.8083,53.3473,-21.5107,-0.0706,0.0726
1779744289988,1,11.0000004b,Drive,Loading,pitch.0,700780,-4.5816,15.7237,72.0768,54.9747,53.5956,-21.649,-0.0707,0.0726
1779744289988,1,12.00000015,Lower Delivery,Loading,pitch.0,700863,-0.127,0.1291,1.1695,-0.5795,0.4755,-2.9633,0.0,0.0
1779744289988,1,12.00000018,Upper Delivery,Loading,pitch.0,701550,-0.2502,0.1119,0.2639,-0.7229,-0.5691,-2.4744,0.0,0.0
1779744289988,1,Pitching Mound.Delivery,,Loading,pitch.0,699916,-0.3773,0.241,1.4334,-0.9945,-0.0936,-5.4795,0.0,0.0
1779744289988,1,Pitching Mound.Drive,,Loading,pitch.0,700779,-4.584,15.6653,71.8333,54.8083,53.3473,-21.5107,-0.0706,0.0726
1779744289988,1,Pitching Mound.Drive,,Loading,pitch.0,700780,-4.5816,15.7237,72.0768,54.9747,53.5956,-21.649,-0.0707,0.0726
1779744289988,1,Pitching Mound.Parent,,Loading,pitch.0,699240,-4.9612,15.9063,73.2667,53.8138,53.2538,-26.9902,-0.0693,0.0754
1779744289989,1,11.0000004b,Drive,Loading,pitch.0,700781,-4.56,15.7732,72.1299,54.9322,53.7759,-21.8003,-0.0709,0.0724
1779744289989,1,12.00000015,Lower Delivery,Loading,pitch.0,700864,-0.1554,0.1475,1.2463,-0.789,0.5652,-3.0001,0.0,0.0
1779744289989,1,12.00000018,Upper Delivery,Loading,pitch.0,701551,-0.247,0.1226,0.2547,-0.4063,-0.2296,-2.5071,0.0,0.0
1779744289989,1,Pitching Mound.Delivery,,Loading,pitch.0,699917,-0.4024,0.2701,1.501,-0.8582,0.3356,-5.5383,0.0,0.0
1779744289989,1,Pitching Mound.Drive,,Loading,pitch.0,700781,-4.56,15.7732,72.1299,54.9322,53.7759,-21.8003,-0.0709,0.0724
1779744289989,1,Pitching Mound.Parent,,Loading,pitch.0,699241,-4.984,15.9938,73.5778,54.1165,53.9312,-27.1873,-0.0693,0.0757
1779744289990,1,12.00000015,Lower Delivery,Loading,pitch.0,700865,-0.1653,0.1448,1.2045,-1.1809,0.5836,-3.0014,0.0,0.0
1779744289990,1,12.00000018,Upper Delivery,Loading,pitch.0,701552,-0.2472,0.1278,0.2916,-0.4592,-0.2843,-2.5376,0.0,0.0
1779744289990,1,Pitching Mound.Delivery,,Loading,pitch.0,699918,-0.4125,0.2727,1.4961,-1.3297,0.2993,-5.5669,0.0,0.0
1779744289990,1,Pitching Mound.Parent,,Loading,pitch.0,699242,-4.9726,16.0459,73.626,53.6024,54.0753,-27.3672,-0.0695,0.0752
1779744289991,1,11.0000004b,Drive,Loading,pitch.0,700782,-4.5241,15.8187,72.2824,55.0386,54.0622,-21.9588,-0.0711,0.0724
1779744289991,1,12.00000015,Lower Delivery,Loading,pitch.0,700866,-0.2275,0.1348,1.1895,-1.463,0.3389,-2.9986,0.0,0.0
1779744289991,1,12.00000018,Upper Delivery,Loading,pitch.0,701553,-0.2794,0.1653,0.3284,-0.6717,-0.5089,-2.5749,0.0,0.0
1779744289991,1,Pitching Mound.Delivery,,Loading,pitch.0,699919,-0.5069,0.3001,1.5179,-1.8419,-0.1699,-5.5912,0.0,0.0
1779744289991,1,Pitching Mound.Drive,,Loading,pitch.0,700782,-4.5241,15.8187,72.2824,55.0386,54.0622,-21.9588,-0.0711,0.0724
1779744289991,1,Pitching Mound.Parent,,Loading,pitch.0,699243,-5.031,16.1188,73.8002,53.1967,53.8922,-27.55,-0.0697,0.0749
1779744289992,1,11.0000004b,Drive,Loading,pitch.0,700783,-4.4763,15.8899,72.4397,55.2021,54.3952,-22.1014,-0.0714,0.0725
1779744289992,1,12.00000015,Lower Delivery,Loading,pitch.0,700867,-0.209,0.1348,1.2275,-1.4133,0.2614,-3.0329,0.0,0.0
1779744289992,1,12.00000018,Upper Delivery,Loading,pitch.0,701554,-0.2598,0.1675,0.307,-0.4413,-0.2716,-2.4213,0.0,0.0
1779744289992,1,Pitching Mound.Delivery,,Loading,pitch.0,699920,-0.4688,0.3023,1.5345,-1.5416,-0.0102,-5.4715,0.0,0.0
1779744289992,1,Pitching Mound.Drive,,Loading,pitch.0,700783,-4.4763,15.8899,72.4397,55.2021,54.3952,-22.1014,-0.0714,0.0725
1779744289992,1,Pitching Mound.Parent,,Loading,pitch.0,699244,-4.9451,16.1922,73.9742,53.6605,54.385,-27.5729,-0.07,0.0752
1779744289993,1,11.0000004b,Drive,Loading,pitch.0,700785,-4.4053,15.9907,72.8868,55.4553,55.0308,-22.4609,-0.0718,0.0724
1779744289993,1,11.0000004b,Drive,Loading,pitch.0,700784,-4.4477,15.9388,72.6954,55.3682,54.8705,-22.2877,-0.0718,0.0725
1779744289993,1,12.00000015,Lower Delivery,Loading,pitch.0,700868,-0.2347,0.1403,1.3024,-1.3181,0.3063,-3.0226,0.0,0.0
1779744289993,1,12.00000018,Upper Delivery,Loading,pitch.0,701555,-0.2876,0.1852,0.3507,-0.3461,-0.1673,-2.471,0.0,0.0
1779744289993,1,Pitching Mound.Delivery,,Loading,pitch.0,699921,-0.5223,0.3255,1.6531,-1.3405,0.139,-5.5116,0.0,0.0
1779744289993,1,Pitching Mound.Drive,,Loading,pitch.0,700785,-4.4053,15.9907,72.8868,55.4553,55.0308,-22.4609,-0.0718,0.0724
1779744289993,1,Pitching Mound.Drive,,Loading,pitch.0,700784,-4.4477,15.9388,72.6954,55.3682,54.8705,-22.2877,-0.0718,0.0725
1779744289993,1,Pitching Mound.Parent,,Loading,pitch.0,699245,-4.97,16.2642,74.3485,54.0277,55.0095,-27.7993,-0.0702,0.0752
1779744289994,1,11.0000004b,Drive,Loading,pitch.0,700786,-4.3472,16.0418,73.0352,55.6337,55.2908,-22.6636,-0.072,0.0725
1779744289994,1,12.00000015,Lower Delivery,Loading,pitch.0,700870,-0.2571,0.1226,1.1243,-1.4541,0.1033,-3.0235,0.0,0.0
1779744289994,1,12.00000015,Lower Delivery,Loading,pitch.0,700869,-0.2498,0.1247,1.2177,-1.2989,0.0231,-3.019,0.0,0.0
1779744289994,1,12.00000018,Upper Delivery,Loading,pitch.0,701556,-0.3034,0.2225,0.4344,-0.0479,0.1459,-2.3862,0.0,0.0
1779744289994,1,Pitching Mound.Delivery,,Loading,pitch.0,699922,-0.5532,0.3473,1.6521,-1.0805,0.169,-5.4234,0.0,0.0
1779744289994,1,Pitching Mound.Drive,,Loading,pitch.0,700786,-4.3472,16.0418,73.0352,55.6337,55.2908,-22.6636,-0.072,0.0725
1779744289994,1,Pitching Mound.Parent,,Loading,pitch.0,699246,-4.9585,16.338,74.5389,54.3749,55.1998,-27.8843,-0.0702,0.0743
1779744289995,1,11.0000004b,Drive,Loading,pitch.0,700787,-4.3023,16.1002,73.2865,55.8398,55.7092,-22.8586,-0.0723,0.0725
1779744289995,1,12.00000018,Upper Delivery,Loading,pitch.0,701557,-0.2495,0.1877,0.3343,-0.2504,-0.0679,-2.4248,0.0,0.0
1779744289995,1,Pitching Mound.Delivery,,Loading,pitch.0,699923,-0.5066,0.3102,1.4586,-1.4359,0.0354,-5.4457,0.0,0.0
1779744289995,1,Pitching Mound.Drive,,Loading,pitch.0,700787,-4.3023,16.1002,73.2865,55.8398,55.7092,-22.8586,-0.0723,0.0725
1779744289995,1,Pitching Mound.Parent,,Loading,pitch.0,699247,-4.8537,16.352,74.4938,54.1978,55.3262,-28.1093,-0.0706,0.0747
1779744289996,1,11.0000004b,Drive,Loading,pitch.0,700788,-4.2613,16.1448,73.5365,56.0066,55.9626,-23.0696,-0.0724,0.0725
1779744289996,1,12.00000015,Lower Delivery,Loading,pitch.0,700871,-0.2401,0.097,1.1444,-1.3682,-0.0928,-3.0147,0.0,0.0
1779744289996,1,12.00000018,Upper Delivery,Loading,pitch.0,701558,-0.2519,0.192,0.3302,-0.1984,-0.013,-2.4126,0.0,0.0
1779744289996,1,Pitching Mound.Delivery,,Loading,pitch.0,699924,-0.492,0.289,1.4746,-1.2897,-0.1058,-5.4313,0.0,0.0
1779744289996,1,Pitching Mound.Drive,,Loading,pitch.0,700788,-4.2613,16.1448,73.5365,56.0066,55.9626,-23.0696,-0.0724,0.0725
1779744289996,1,Pitching Mound.Parent,,Loading,pitch.0,699248,-4.7942,16.3892,74.7611,54.5501,55.6033,-28.2899,-0.0709,0.0748
1779744289997,1,11.0000004b,Drive,Loading,pitch.0,700789,-4.2141,16.1887,73.6935,56.2031,56.2985,-23.221,-0.0727,0.0726
1779744289997,1,12.00000015,Lower Delivery,Loading,pitch.0,700872,-0.2354,0.1078,1.1472,-1.3322,-0.0072,-3.0279,0.0,0.0
1779744289997,1,12.00000018,Upper Delivery,Loading,pitch.0,701559,-0.24,0.1784,0.3196,-0.3279,-0.1484,-2.4637,0.0,0.0
1779744289997,1,Pitching Mound.Delivery,,Loading,pitch.0,699925,-0.4753,0.2862,1.4668,-1.3787,-0.1555,-5.4931,0.0,0.0
1779744289997,1,Pitching Mound.Drive,,Loading,pitch.0,700789,-4.2141,16.1887,73.6935,56.2031,56.2985,-23.221,-0.0727,0.0726
1779744289997,1,Pitching Mound.Parent,,Loading,pitch.0,699249,-4.7367,16.431,75.0032,54.6279,55.807,-28.5627,-0.071,0.0748
1779744289998,1,12.00000015,Lower Delivery,Loading,pitch.0,700873,-0.2452,0.0929,1.114,-1.0235,-0.2585,-3.0186,0.0,0.0
1779744289998,1,12.00000018,Upper Delivery,Loading,pitch.0,701560,-0.2447,0.1785,0.308,-0.5872,-0.4243,-2.4746,0.0,0.0
1779744289998,1,Pitching Mound.Delivery,,Loading,pitch.0,699926,-0.4899,0.2714,1.422,-1.3366,-0.6828,-5.493,0.0,0.0
1779744289998,1,Pitching Mound.Parent,,Loading,pitch.0,699250,-4.704,16.4601,75.1155,54.8665,55.6158,-28.714,-0.0713,0.0748
1779744289999,1,11.0000004b,Drive,Loading,pitch.0,700790,-4.1865,16.2302,73.8812,56.3499,56.6781,-23.4351,-0.073,0.0726
1779744289999,1,11.0000004b,Drive,Loading,pitch.0,700791,-4.1524,16.2836,74.0303,56.5349,57.0184,-23.615,-0.0733,0.0726
1779744289999,1,12.00000015,Lower Delivery,Loading,pitch.0,700874,-0.2544,0.0751,1.0273,-0.8968,-0.3999,-3.0159,0.0,0.0
1779744289999,1,12.00000015,Lower Delivery,Loading,pitch.0,700875,-0.2271,0.07,0.9811,-0.7981,-0.1835,-2.9906,0.0,0.0
1779744289999,1,12.00000018,Upper Delivery,Loading,pitch.0,701561,-0.2381,0.1665,0.3088,-0.5665,-0.407,-2.3886,0.0,0.0
1779744289999,1,Pitching Mound.Delivery,,Loading,pitch.0,699927,-0.4924,0.2416,1.3361,-1.219,-0.8069,-5.3989,0.0,0.0
1779744289999,1,Pitching Mound.Drive,,Loading,pitch.0,700790,-4.1865,16.2302,73.8812,56.3499,56.6781,-23.4351,-0.073,0.0726
1779744289999,1,Pitching Mound.Drive,,Loading,pitch.0,700791,-4.1524,16.2836,74.0303,56.5349,57.0184,-23.615,-0.0733,0.0726
1779744289999,1,Pitching Mound.Parent,,Loading,pitch.0,699251,-4.6789,16.4718,75.2173,55.1309,55.8712,-28.834,-0.0717,0.0745
1779744290000,1,12.00000018,Upper Delivery,Loading,pitch.0,701562,-0.2042,0.1524,0.3162,-0.7591,-0.6115,-2.4061,0.0,0.0
1779744290000,1,Pitching Mound.Delivery,,Loading,pitch.0,699928,-0.4313,0.2224,1.2973,-1.3311,-0.795,-5.3889,0.0,0.0
1779744290000,1,Pitching Mound.Parent,,Loading,pitch.0,699252,-4.5836,16.506,75.3277,55.2037,56.2233,-29.0039,-0.072,0.0744
1779744290001,1,11.0000004b,Drive,Loading,pitch.0,700792,-4.1278,16.3417,74.2996,56.724,57.398,-23.7692,-0.0735,0.0726
1779744290001,1,12.00000015,Lower Delivery,Loading,pitch.0,700876,-0.2252,0.0624,1.0245,-0.6718,-0.2232,-2.9682,0.0,0.0
1779744290001,1,12.00000018,Upper Delivery,Loading,pitch.0,701563,-0.1969,0.1389,0.297,-0.7951,-0.6502,-2.4012,0.0,0.0
1779744290001,1,Pitching Mound.Delivery,,Loading,pitch.0,699929,-0.4221,0.2013,1.3215,-1.2196,-0.8734,-5.3597,0.0,0.0
1779744290001,1,Pitching Mound.Drive,,Loading,pitch.0,700792,-4.1278,16.3417,74.2996,56.724,57.398,-23.7692,-0.0735,0.0726
1779744290001,1,Pitching Mound.Parent,,Loading,pitch.0,699253,-4.5499,16.543,75.6211,55.5044,56.5247,-29.1289,-0.0722,0.0746
1779744290002,1,11.0000004b,Drive,Loading,pitch.0,700793,-4.1052,16.3913,74.5249,56.9412,57.8144,-23.9509,-0.0738,0.0727
1779744290002,1,11.0000004b,Drive,Loading,pitch.0,700794,-4.0718,16.4585,74.7388,57.2321,58.0632,-24.1159,-0.0739,0.0728
1779744290002,1,12.00000015,Lower Delivery,Loading,pitch.0,700877,-0.1926,0.0584,1.0935,-1.2432,-0.1426,-2.9652,0.0,0.0
1779744290002,1,12.00000018,Upper Delivery,Loading,pitch.0,701564,-0.1901,0.1352,0.2991,-0.5533,-0.3963,-2.3299,0.0,0.0
1779744290002,1,Pitching Mound.Delivery,,Loading,pitch.0,699930,-0.3828,0.1936,1.3925,-1.5264,-0.5389,-5.2943,0.0,0.0
1779744290002,1,Pitching Mound.Drive,,Loading,pitch.0,700793,-4.1052,16.3913,74.5249,56.9412,57.8144,-23.9509,-0.0738,0.0727
1779744290002,1,Pitching Mound.Drive,,Loading,pitch.0,700794,-4.0718,16.4585,74.7388,57.2321,58.0632,-24.1159,-0.0739,0.0728
1779744290002,1,Pitching Mound.Parent,,Loading,pitch.0,699254,-4.488,16.5849,75.9174,55.4148,57.2755,-29.2452,-0.0724,0.0749
1779744290003,1,12.00000015,Lower Delivery,Loading,pitch.0,700878,-0.1859,0.0628,1.104,-1.2855,-0.0543,-2.9163,0.0,0.0
1779744290003,1,12.00000018,Upper Delivery,Loading,pitch.0,701565,-0.2101,0.1617,0.3742,-0.5712,-0.4108,-2.4109,0.0,0.0
1779744290003,1,Pitching Mound.Delivery,,Loading,pitch.0,699931,-0.3961,0.2245,1.4782,-1.6086,-0.465,-5.3355,0.0,0.0
1779744290003,1,Pitching Mound.Parent,,Loading,pitch.0,699255,-4.4678,16.683,76.217,55.6235,57.5982,-29.4514,-0.0725,0.0747
1779744290004,1,11.0000004b,Drive,Loading,pitch.0,700795,-4.0386,16.5116,74.9777,57.3238,58.4624,-24.2795,-0.0742,0.0727
1779744290004,1,12.00000015,Lower Delivery,Loading,pitch.0,700879,-0.2027,0.0613,1.1085,-1.7337,-0.3283,-2.9183,0.0,0.0
1779744290004,1,12.00000018,Upper Delivery,Loading,pitch.0,701566,-0.193,0.1549,0.3543,-0.6227,-0.4666,-2.3957,0.0,0.0
1779744290004,1,Pitching Mound.Delivery,,Loading,pitch.0,699932,-0.3957,0.2162,1.4629,-2.0999,-0.7949,-5.3108,0.0,0.0
1779744290004,1,Pitching Mound.Drive,,Loading,pitch.0,700795,-4.0386,16.5116,74.9777,57.3238,58.4624,-24.2795,-0.0742,0.0727
1779744290004,1,Pitching Mound.Parent,,Loading,pitch.0,699256,-4.4343,16.7278,76.4406,55.2238,57.6675,-29.5902,-0.0728,0.0747
1779744290005,1,11.0000004b,Drive,Loading,pitch.0,700796,-4.0155,16.5584,75.1307,57.4349,58.5554,-24.4785,-0.0741,0.0727
1779744290005,1,11.0000004b,Drive,Loading,pitch.0,700797,-3.9972,16.6182,75.425,57.5656,58.9675,-24.6548,-0.0744,0.0726
1779744290005,1,12.00000015,Lower Delivery,Loading,pitch.0,700880,-0.1697,0.0944,1.1653,-1.551,0.2863,-2.9162,0.0,0.0
1779744290005,1,12.00000018,Upper Delivery,Loading,pitch.0,701567,-0.1921,0.1414,0.3403,-0.7048,-0.5529,-2.4183,0.0,0.0
1779744290005,1,Pitching Mound.Delivery,,Loading,pitch.0,699933,-0.3619,0.2358,1.5057,-1.9753,-0.2666,-5.3421,0.0,0.0
1779744290005,1,Pitching Mound.Drive,,Loading,pitch.0,700796,-4.0155,16.5584,75.1307,57.4349,58.5554,-24.4785,-0.0741,0.0727
1779744290005,1,Pitching Mound.Drive,,Loading,pitch.0,700797,-3.9972,16.6182,75.425,57.5656,58.9675,-24.6548,-0.0744,0.0726
1779744290005,1,Pitching Mound.Parent,,Loading,pitch.0,699257,-4.3774,16.7942,76.6364,55.4596,58.2888,-29.8205,-0.0727,0.075
1779744290006,1,11.0000004b,Drive,Loading,pitch.0,700798,-3.9796,16.6745,75.6044,57.6724,59.3643,-24.8493,-0.0747,0.0726
1779744290006,1,12.00000015,Lower Delivery,Loading,pitch.0,700881,-0.181,0.081,1.1862,-1.3718,0.3669,-2.889,0.0,0.0
1779744290006,1,12.00000018,Upper Delivery,Loading,pitch.0,701568,-0.2038,0.1341,0.2918,-0.4859,-0.3204,-2.4013,0.0,0.0
1779744290006,1,Pitching Mound.Delivery,,Loading,pitch.0,699934,-0.3848,0.215,1.478,-1.5536,0.0465,-5.2981,0.0,0.0
1779744290006,1,Pitching Mound.Drive,,Loading,pitch.0,700798,-3.9796,16.6745,75.6044,57.6724,59.3643,-24.8493,-0.0747,0.0726
1779744290006,1,Pitching Mound.Parent,,Loading,pitch.0,699258,-4.382,16.8332,76.903,56.012,59.014,-29.9529,-0.0729,0.0752
1779744290007,1,11.0000004b,Drive,Loading,pitch.0,700799,-3.9508,16.7318,75.794,57.7612,59.7964,-25.0056,-0.0751,0.0725
1779744290007,1,12.00000015,Lower Delivery,Loading,pitch.0,700882,-0.2299,0.077,1.1348,-1.2557,0.3665,-2.885,0.0,0.0
1779744290007,1,12.00000018,Upper Delivery,Loading,pitch.0,701569,-0.1828,0.1173,0.2778,-0.5547,-0.396,-2.3606,0.0,0.0
1779744290007,1,Pitching Mound.Delivery,,Loading,pitch.0,699935,-0.4127,0.1942,1.4126,-1.5189,-0.0294,-5.2296,0.0,0.0
1779744290007,1,Pitching Mound.Drive,,Loading,pitch.0,700799,-3.9508,16.7318,75.794,57.7612,59.7964,-25.0056,-0.0751,0.0725
1779744290007,1,Pitching Mound.Parent,,Loading,pitch.0,699259,-4.3923,16.8688,77.017,56.1535,59.3348,-30.0789,-0.0733,0.075
1779744290008,1,11.0000004b,Drive,Loading,pitch.0,700800,-3.9262,16.7776,76.0745,57.8995,60.1481,-25.1769,-0.0752,0.0724
1779744290008,1,12.00000015,Lower Delivery,Loading,pitch.0,700883,-0.2071,0.0718,1.061,-1.1735,0.2067,-2.8851,0.0,0.0
1779744290008,1,12.00000018,Upper Delivery,Loading,pitch.0,701570,-0.2372,0.1652,0.3053,-0.8224,-0.6799,-2.3902,0.0,0.0
1779744290008,1,Pitching Mound.Delivery,,Loading,pitch.0,699936,-0.4443,0.237,1.3664,-1.739,-0.4732,-5.2855,0.0,0.0
1779744290008,1,Pitching Mound.Drive,,Loading,pitch.0,700800,-3.9262,16.7776,76.0745,57.8995,60.1481,-25.1769,-0.0752,0.0724
1779744290008,1,Pitching Mound.Parent,,Loading,pitch.0,699260,-4.3951,16.9688,77.1604,56.0223,59.3232,-30.2911,-0.0737,0.0745
1779744290009,1,11.0000004b,Drive,Loading,pitch.0,700801,-3.8975,16.8342,76.3208,58.0092,60.4498,-25.3449,-0.0753,0.0723
1779744290009,1,12.00000015,Lower Delivery,Loading,pitch.0,700884,-0.2284,0.0885,1.0911,-1.3365,0.2037,-2.8621,0.0,0.0
1779744290009,1,12.00000018,Upper Delivery,Loading,pitch.0,701571,-0.2523,0.1719,0.3123,-0.9208,-0.785,-2.3875,0.0,0.0
1779744290009,1,Pitching Mound.Delivery,,Loading,pitch.0,699937,-0.4807,0.2604,1.4034,-1.9925,-0.5813,-5.2578,0.0,0.0
1779744290009,1,Pitching Mound.Drive,,Loading,pitch.0,700801,-3.8975,16.8342,76.3208,58.0092,60.4498,-25.3449,-0.0753,0.0723
1779744290009,1,Pitching Mound.Parent,,Loading,pitch.0,699261,-4.4069,17.038,77.4779,55.907,59.5668,-30.4347,-0.0739,0.0745
1779744290010,1,11.0000004b,Drive,Loading,pitch.0,700802,-3.893,16.8798,76.5186,58.0953,60.8584,-25.5092,-0.0757,0.0722
1779744290010,1,12.00000015,Lower Delivery,Loading,pitch.0,700885,-0.2508,0.0949,1.1057,-1.3749,0.1789,-2.8652,0.0,0.0
1779744290010,1,12.00000018,Upper Delivery,Loading,pitch.0,701572,-0.2502,0.1719,0.2907,-0.7364,-0.5853,-2.4417,0.0,0.0
1779744290010,1,Pitching Mound.Delivery,,Loading,pitch.0,699938,-0.5011,0.2668,1.3964,-1.8342,-0.4064,-5.3067,0.0,0.0
1779744290010,1,Pitching Mound.Drive,,Loading,pitch.0,700802,-3.893,16.8798,76.5186,58.0953,60.8584,-25.5092,-0.0757,0.0722
1779744290010,1,Pitching Mound.Parent,,Loading,pitch.0,699262,-4.3986,17.101,77.7172,56.175,60.0434,-30.6517,-0.074,0.0746
1779744290011,1,11.0000004b,Drive,Loading,pitch.0,700803,-3.8911,16.9284,76.7533,58.2274,61.3128,-25.6374,-0.076,0.0722
1779744290011,1,12.00000015,Lower Delivery,Loading,pitch.0,700886,-0.2824,0.0823,1.0146,-1.4747,-0.0914,-2.8268,0.0,0.0
1779744290011,1,12.00000018,Upper Delivery,Loading,pitch.0,701573,-0.2619,0.1601,0.2785,-0.9476,-0.8061,-2.521,0.0,0.0
1779744290011,1,Pitching Mound.Delivery,,Loading,pitch.0,699939,-0.5443,0.2424,1.2931,-2.172,-0.8975,-5.3408,0.0,0.0
1779744290011,1,Pitching Mound.Drive,,Loading,pitch.0,700803,-3.8911,16.9284,76.7533,58.2274,61.3128,-25.6374,-0.076,0.0722
1779744290011,1,Pitching Mound.Parent,,Loading,pitch.0,699263,-4.4373,17.1222,77.8117,55.9233,59.9609,-30.85,-0.0744,0.0742
1779744290012,1,11.0000004b,Drive,Loading,pitch.0,700804,-3.897,16.976,76.9004,58.3195,61.463,-25.7637,-0.076,0.0721
1779744290012,1,12.00000015,Lower Delivery,Loading,pitch.0,700887,-0.2456,0.1036,1.0475,-1.5101,-0.1062,-2.8354,0.0,0.0
1779744290012,1,12.00000018,Upper Delivery,Loading,pitch.0,701574,-0.2756,0.1811,0.3269,-1.4465,-1.3311,-2.6483,0.0,0.0
1779744290012,1,Pitching Mound.Delivery,,Loading,pitch.0,699940,-0.5213,0.2847,1.3744,-2.7116,-1.4373,-5.4939,0.0,0.0
1779744290012,1,Pitching Mound.Drive,,Loading,pitch.0,700804,-3.897,16.976,76.9004,58.3195,61.463,-25.7637,-0.076,0.0721
1779744290012,1,Pitching Mound.Parent,,Loading,pitch.0,699264,-4.4124,17.2131,78.1277,55.5158,59.8755,-31.1313,-0.0747,0.074
1779744290013,1,11.0000004b,Drive,Loading,pitch.0,700805,-3.9074,17.0232,77.1646,58.4316,62.0079,-25.875,-0.0764,0.072
1779744290013,1,12.00000015,Lower Delivery,Loading,pitch.0,700888,-0.2385,0.1094,1.0396,-1.7891,-0.2064,-2.8432,0.0,0.0
1779744290013,1,12.00000018,Upper Delivery,Loading,pitch.0,701575,-0.2595,0.1646,0.3294,-1.6301,-1.5245,-2.6913,0.0,0.0
1779744290013,1,Pitching Mound.Delivery,,Loading,pitch.0,699941,-0.498,0.274,1.3689,-3.1777,-1.7309,-5.5417,0.0,0.0
1779744290013,1,Pitching Mound.Drive,,Loading,pitch.0,700805,-3.9074,17.0232,77.1646,58.4316,62.0079,-25.875,-0.0764,0.072
1779744290013,1,Pitching Mound.Parent,,Loading,pitch.0,699265,-4.3949,17.25,78.2693,55.1418,59.7321,-31.3055,-0.0747,0.074
1779744290014,1,11.0000004b,Drive,Loading,pitch.0,700806,-3.9252,17.0687,77.2365,58.5002,62.2877,-25.9869,-0.0767,0.0721
1779744290014,1,12.00000015,Lower Delivery,Loading,pitch.0,700890,-0.2226,0.1236,1.0588,-1.9319,-0.0862,-2.9419,0.0,0.0
1779744290014,1,12.00000015,Lower Delivery,Loading,pitch.0,700889,-0.2092,0.1175,1.1001,-2.1038,-0.123,-2.9352,0.0,0.0
1779744290014,1,12.00000018,Upper Delivery,Loading,pitch.0,701576,-0.2406,0.1521,0.3092,-1.6803,-1.561,-2.7172,0.0,0.0
1779744290014,1,Pitching Mound.Delivery,,Loading,pitch.0,699942,-0.4498,0.2696,1.4094,-3.5152,-1.684,-5.6631,0.0,0.0
1779744290014,1,Pitching Mound.Drive,,Loading,pitch.0,700806,-3.9252,17.0687,77.2365,58.5002,62.2877,-25.9869,-0.0767,0.0721
1779744290014,1,Pitching Mound.Parent,,Loading,pitch.0,699266,-4.3572,17.2927,78.574,54.9164,60.3239,-31.538,-0.0751,0.0742
1779744290015,1,11.0000004b,Drive,Loading,pitch.0,700807,-3.9498,17.1123,77.4241,58.5998,62.6793,-26.1208,-0.077,0.072
1779744290015,1,12.00000018,Upper Delivery,Loading,pitch.0,701577,-0.2408,0.1509,0.3552,-1.7839,-1.6432,-2.7619,0.0,0.0
1779744290015,1,Pitching Mound.Delivery,,Loading,pitch.0,699943,-0.4634,0.2746,1.414,-3.4766,-1.7294,-5.71,0.0,0.0
1779744290015,1,Pitching Mound.Drive,,Loading,pitch.0,700807,-3.9498,17.1123,77.4241,58.5998,62.6793,-26.1208,-0.077,0.072
1779744290015,1,Pitching Mound.Parent,,Loading,pitch.0,699267,-4.3886,17.3432,78.6505,55.0236,60.5583,-31.6968,-0.0753,0.0738
1779744290016,1,11.0000004b,Drive,Loading,pitch.0,700808,-3.993,17.1694,77.5039,58.7462,63.0228,-26.1565,-0.0774,0.0721
1779744290016,1,12.00000015,Lower Delivery,Loading,pitch.0,700891,-0.19,0.1093,1.0084,-1.7855,0.2678,-2.9446,0.0,0.0
1779744290016,1,12.00000015,Lower Delivery,Loading,pitch.0,700892,-0.1891,0.0998,1.0039,-1.5732,0.407,-2.9668,0.0,0.0
1779744290016,1,12.00000018,Upper Delivery,Loading,pitch.0,701578,-0.2462,0.1548,0.3672,-1.6456,-1.4906,-2.7349,0.0,0.0
1779744290016,1,Pitching Mound.Delivery,,Loading,pitch.0,699944,-0.4362,0.2641,1.3756,-3.2131,-1.2227,-5.6986,0.0,0.0
1779744290016,1,Pitching Mound.Drive,,Loading,pitch.0,700808,-3.993,17.1694,77.5039,58.7462,63.0228,-26.1565,-0.0774,0.0721
1779744290016,1,Pitching Mound.Parent,,Loading,pitch.0,699268,-4.3859,17.3763,78.7997,55.3867,61.4566,-31.8193,-0.0757,0.0735
1779744290017,1,11.0000004b,Drive,Loading,pitch.0,700809,-4.022,17.2225,77.6827,58.8451,63.3734,-26.2771,-0.0776,0.0721
1779744290017,1,12.00000018,Upper Delivery,Loading,pitch.0,701579,-0.2209,0.1476,0.3643,-1.7028,-1.5242,-2.7798,0.0,0.0
1779744290017,1,Pitching Mound.Delivery,,Loading,pitch.0,699945,-0.4101,0.2474,1.3682,-3.0585,-1.1172,-5.7573,0.0,0.0
1779744290017,1,Pitching Mound.Drive,,Loading,pitch.0,700809,-4.022,17.2225,77.6827,58.8451,63.3734,-26.2771,-0.0776,0.0721
1779744290017,1,Pitching Mound.Parent,,Loading,pitch.0,699269,-4.4031,17.4168,78.8721,55.6877,61.9056,-31.9138,-0.076,0.0736
1779744290018,1,11.0000004b,Drive,Loading,pitch.0,700810,-4.0425,17.2668,77.8572,58.8733,63.6889,-26.3922,-0.0778,0.0719
1779744290018,1,12.00000015,Lower Delivery,Loading,pitch.0,700893,-0.1722,0.1011,0.9579,-1.271,0.6653,-3.0077,0.0,0.0
1779744290018,1,12.00000018,Upper Delivery,Loading,pitch.0,701580,-0.2124,0.1334,0.3225,-1.6387,-1.5304,-2.7499,0.0,0.0
1779744290018,1,Pitching Mound.Delivery,,Loading,pitch.0,699946,-0.3845,0.2345,1.2803,-2.6936,-0.8651,-5.7713,0.0,0.0
1779744290018,1,Pitching Mound.Drive,,Loading,pitch.0,700810,-4.0425,17.2668,77.8572,58.8733,63.6889,-26.3922,-0.0778,0.0719
1779744290018,1,Pitching Mound.Parent,,Loading,pitch.0,699270,-4.4065,17.457,78.9631,56.1514,62.5083,-32.0484,-0.0763,0.0736
1779744290019,1,11.0000004b,Drive,Loading,pitch.0,700811,-4.0836,17.3156,77.94,58.839,63.9727,-26.5053,-0.0781,0.0718
1779744290019,1,12.00000015,Lower Delivery,Loading,pitch.0,700894,-0.1607,0.1058,1.0249,-1.0242,0.4307,-2.9998,0.0,0.0
1779744290019,1,12.00000015,Lower Delivery,Loading,pitch.0,700895,-0.1525,0.104,0.9516,-1.6319,0.345,-2.966,0.0,0.0
1779744290019,1,12.00000018,Upper Delivery,Loading,pitch.0,701581,-0.2062,0.1646,0.342,-1.3547,-1.2302,-2.7019,0.0,0.0
1779744290019,1,Pitching Mound.Delivery,,Loading,pitch.0,699947,-0.3669,0.2704,1.3668,-2.1467,-0.7995,-5.7172,0.0,0.0
1779744290019,1,Pitching Mound.Drive,,Loading,pitch.0,700811,-4.0836,17.3156,77.94,58.839,63.9727,-26.5053,-0.0781,0.0718
1779744290019,1,Pitching Mound.Parent,,Loading,pitch.0,699271,-4.4094,17.5372,79.224,56.7265,62.8895,-32.1094,-0.0765,0.0736
1779744290020,1,11.0000004b,Drive,Loading,pitch.0,700812,-4.1026,17.3557,77.9782,58.8239,64.1707,-26.5761,-0.0783,0.0718
1779744290020,1,12.00000015,Lower Delivery,Loading,pitch.0,700896,-0.1528,0.1268,1.0088,-1.3262,0.4385,-2.993,0.0,0.0
1779744290020,1,12.00000018,Upper Delivery,Loading,pitch.0,701582,-0.1776,0.1249,0.2616,-1.1704,-1.0351,-2.6769,0.0,0.0
1779744290020,1,Pitching Mound.Delivery,,Loading,pitch.0,699948,-0.3302,0.2289,1.2132,-2.5677,-0.6901,-5.6514,0.0,0.0
1779744290020,1,Pitching Mound.Drive,,Loading,pitch.0,700812,-4.1026,17.3557,77.9782,58.8239,64.1707,-26.5761,-0.0783,0.0718
1779744290020,1,Pitching Mound.Parent,,Loading,pitch.0,699272,-4.4138,17.5444,79.1532,56.2712,63.2826,-32.1567,-0.0769,0.0737
1779744290021,1,11.0000004b,Drive,Loading,pitch.0,700813,-4.1212,17.4085,78.0031,58.8039,64.4865,-26.6487,-0.0786,0.0717
1779744290021,1,12.00000015,Lower Delivery,Loading,pitch.0,700897,-0.1583,0.1047,0.9517,-1.4003,0.2057,-3.0093,0.0,0.0
1779744290021,1,12.00000018,Upper Delivery,Loading,pitch.0,701583,-0.2002,0.1625,0.3527,-1.0517,-0.9098,-2.6523,0.0,0.0
1779744290021,1,Pitching Mound.Delivery,,Loading,pitch.0,699949,-0.353,0.2893,1.3615,-2.1548,-0.4713,-5.6614,0.0,0.0
1779744290021,1,Pitching Mound.Drive,,Loading,pitch.0,700813,-4.1212,17.4085,78.0031,58.8039,64.4865,-26.6487,-0.0786,0.0717
1779744290021,1,Pitching Mound.Parent,,Loading,pitch.0,699273,-4.4556,17.6451,79.3397,56.6691,63.6993,-32.2375,-0.0769,0.0733
1779744290022,1,11.0000004b,Drive,Loading,pitch.0,700814,-4.1291,17.4578,78.0387,58.7684,64.8554,-26.7794,-0.0791,0.0716
1779744290022,1,12.00000015,Lower Delivery,Loading,pitch.0,700898,-0.1976,0.0903,0.9198,-1.5427,0.1641,-3.0091,0.0,0.0
1779744290022,1,12.00000018,Upper Delivery,Loading,pitch.0,701584,-0.2338,0.1762,0.3829,-0.9491,-0.8017,-2.629,0.0,0.0
1779744290022,1,Pitching Mound.Delivery,,Loading,pitch.0,699950,-0.3922,0.2809,1.3346,-2.156,-0.596,-5.6639,0.0,0.0
1779744290022,1,Pitching Mound.Drive,,Loading,pitch.0,700814,-4.1291,17.4578,78.0387,58.7684,64.8554,-26.7794,-0.0791,0.0716
1779744290022,1,Pitching Mound.Parent,,Loading,pitch.0,699274,-4.5134,17.6893,79.3377,56.6479,63.8905,-32.3126,-0.0773,0.0729
1779744290023,1,11.0000004b,Drive,Loading,pitch.0,700815,-4.1216,17.512,77.9915,58.5968,65.203,-26.8628,-0.0795,0.0715
1779744290023,1,12.00000015,Lower Delivery,Loading,pitch.0,700899,-0.238,0.071,0.8694,-1.6585,0.0575,-2.9834,0.0,0.0
1779744290023,1,12.00000018,Upper Delivery,Loading,pitch.0,701585,-0.2139,0.1614,0.3364,-0.7498,-0.592,-2.5769,0.0,0.0
1779744290023,1,Pitching Mound.Delivery,,Loading,pitch.0,699951,-0.4115,0.2517,1.2561,-2.0941,-0.4279,-5.5915,0.0,0.0
1779744290023,1,Pitching Mound.Drive,,Loading,pitch.0,700815,-4.1216,17.512,77.9915,58.5968,65.203,-26.8628,-0.0795,0.0715
1779744290023,1,Pitching Mound.Parent,,Loading,pitch.0,699275,-4.5405,17.7095,79.2948,56.6743,64.4275,-32.3709,-0.0778,0.073
1779744290024,1,11.0000004b,Drive,Loading,pitch.0,700816,-4.1033,17.5618,77.9795,58.5489,65.4798,-27.0081,-0.0799,0.0714
1779744290024,1,12.00000015,Lower Delivery,Loading,pitch.0,700900,-0.2273,0.0735,0.8536,-1.9928,0.0521,-2.9095,0.0,0.0
1779744290024,1,12.00000018,Upper Delivery,Loading,pitch.0,701586,-0.1879,0.135,0.2663,-0.6434,-0.4829,-2.4986,0.0,0.0
1779744290024,1,Pitching Mound.Delivery,,Loading,pitch.0,699952,-0.4258,0.206,1.1356,-2.0969,-0.4255,-5.465,0.0,0.0
1779744290024,1,Pitching Mound.Drive,,Loading,pitch.0,700816,-4.1033,17.5618,77.9795,58.5489,65.4798,-27.0081,-0.0799,0.0714
1779744290024,1,Pitching Mound.Parent,,Loading,pitch.0,699276,-4.5475,17.7181,79.1271,56.4999,64.7776,-32.3278,-0.0784,0.073
1779744290025,1,11.0000004b,Drive,Loading,pitch.0,700817,-4.077,17.6319,78.0202,58.4963,65.7762,-27.094,-0.0802,0.0713
1779744290025,1,12.00000015,Lower Delivery,Loading,pitch.0,700901,-0.2181,0.0726,0.7968,-2.0042,0.0773,-2.9071,0.0,0.0
1779744290025,1,12.00000018,Upper Delivery,Loading,pitch.0,701587,-0.1832,0.1427,0.269,-0.5852,-0.4222,-2.4743,0.0,0.0
1779744290025,1,Pitching Mound.Delivery,,Loading,pitch.0,699953,-0.4105,0.2162,1.1226,-2.3793,-0.3702,-5.3688,0.0,0.0
1779744290025,1,Pitching Mound.Drive,,Loading,pitch.0,700817,-4.077,17.6319,78.0202,58.4963,65.7762,-27.094,-0.0802,0.0713
1779744290025,1,Pitching Mound.Parent,,Loading,pitch.0,699277,-4.5139,17.778,79.102,56.1697,65.1096,-32.3769,-0.0787,0.0729
1779744290026,1,11.0000004b,Drive,Loading,pitch.0,700818,-4.0506,17.6833,78.101,58.4725,66.2411,-27.2146,-0.0807,0.0712
1779744290026,1,12.00000015,Lower Delivery,Loading,pitch.0,700902,-0.2324,0.066,0.9092,-2.33,0.0555,-2.9505,0.0,0.0
1779744290026,1,12.00000018,Upper Delivery,Loading,pitch.0,701588,-0.1823,0.1424,0.2508,-0.5351,-0.3712,-2.432,0.0,0.0
1779744290026,1,Pitching Mound.Delivery,,Loading,pitch.0,699954,-0.4004,0.215,1.0475,-2.3537,-0.2938,-5.3269,0.0,0.0
1779744290026,1,Pitching Mound.Drive,,Loading,pitch.0,700818,-4.0506,17.6833,78.101,58.4725,66.2411,-27.2146,-0.0807,0.0712
1779744290026,1,Pitching Mound.Parent,,Loading,pitch.0,699278,-4.4774,17.8469,79.0677,56.1427,65.4824,-32.4209,-0.0791,0.0727
1779744290027,1,11.0000004b,Drive,Loading,pitch.0,700819,-4.0055,17.7346,78.1323,58.4851,66.6555,-27.3515,-0.0812,0.0712
1779744290027,1,12.00000015,Lower Delivery,Loading,pitch.0,700903,-0.2521,0.0851,0.9825,-2.3173,-0.0491,-2.9427,0.0,0.0
1779744290027,1,12.00000018,Upper Delivery,Loading,pitch.0,701589,-0.1968,0.1442,0.2351,-0.5743,-0.414,-2.4127,0.0,0.0
1779744290027,1,Pitching Mound.Delivery,,Loading,pitch.0,699955,-0.4292,0.2102,1.1443,-2.6752,-0.3585,-5.351,0.0,0.0
1779744290027,1,Pitching Mound.Drive,,Loading,pitch.0,700819,-4.0055,17.7346,78.1323,58.4851,66.6555,-27.3515,-0.0812,0.0712
1779744290027,1,Pitching Mound.Parent,,Loading,pitch.0,699279,-4.4798,17.8935,79.2454,55.7973,65.8825,-32.5656,-0.0795,0.0731
1779744290028,1,11.0000004b,Drive,Loading,pitch.0,700820,-3.9642,17.7832,78.2364,58.4641,67.0942,-27.4767,-0.0816,0.0711
1779744290028,1,12.00000015,Lower Delivery,Loading,pitch.0,700904,-0.2486,0.0749,0.9587,-2.3011,-0.2163,-2.9469,0.0,0.0
1779744290028,1,12.00000018,Upper Delivery,Loading,pitch.0,701590,-0.1776,0.1409,0.2389,-0.6136,-0.4589,-2.3581,0.0,0.0
1779744290028,1,Pitching Mound.Delivery,,Loading,pitch.0,699956,-0.4298,0.226,1.2214,-2.6781,-0.508,-5.2754,0.0,0.0
1779744290028,1,Pitching Mound.Drive,,Loading,pitch.0,700820,-3.9642,17.7832,78.2364,58.4641,67.0942,-27.4767,-0.0816,0.0711
1779744290028,1,Pitching Mound.Parent,,Loading,pitch.0,699280,-4.4353,17.9606,79.3537,55.8071,66.1475,-32.6268,-0.0799,0.0733
1779744290029,1,11.0000004b,Drive,Loading,pitch.0,700821,-3.9249,17.8413,78.3001,58.5208,67.5588,-27.5543,-0.0821,0.0711
1779744290029,1,12.00000015,Lower Delivery,Loading,pitch.0,700905,-0.2485,0.0721,0.9995,-2.0822,-0.164,-2.972,0.0,0.0
1779744290029,1,12.00000018,Upper Delivery,Loading,pitch.0,701591,-0.1897,0.1492,0.2627,-0.7605,-0.6138,-2.3917,0.0,0.0
1779744290029,1,Pitching Mound.Delivery,,Loading,pitch.0,699957,-0.4383,0.224,1.2213,-2.8249,-0.8301,-5.3185,0.0,0.0
1779744290029,1,Pitching Mound.Drive,,Loading,pitch.0,700821,-3.9249,17.8413,78.3001,58.5208,67.5588,-27.5543,-0.0821,0.0711
1779744290029,1,Pitching Mound.Parent,,Loading,pitch.0,699281,-4.4025,18.0073,79.4577,55.6392,66.2641,-32.7952,-0.0803,0.073
1779744290030,1,11.0000004b,Drive,Loading,pitch.0,700822,-3.8608,17.8998,78.4289,58.5788,68.2028,-27.6853,-0.0827,0.0711
1779744290030,1,12.00000015,Lower Delivery,Loading,pitch.0,700906,-0.2533,0.0705,0.9662,-1.8316,-0.2314,-2.9695,0.0,0.0
1779744290030,1,12.00000018,Upper Delivery,Loading,pitch.0,701593,-0.2099,0.1341,0.2514,-0.7415,-0.59,-2.4535,0.0,0.0
1779744290030,1,12.00000018,Upper Delivery,Loading,pitch.0,701592,-0.1983,0.1216,0.2268,-0.7625,-0.6153,-2.4032,0.0,0.0
1779744290030,1,Pitching Mound.Delivery,,Loading,pitch.0,699958,-0.4467,0.1937,1.2263,-2.582,-0.7793,-5.3581,0.0,0.0
1779744290030,1,Pitching Mound.Delivery,,Loading,pitch.0,699959,-0.4632,0.2046,1.2176,-2.33,-0.8214,-5.4083,0.0,0.0
1779744290030,1,Pitching Mound.Drive,,Loading,pitch.0,700822,-3.8608,17.8998,78.4289,58.5788,68.2028,-27.6853,-0.0827,0.0711
1779744290030,1,Pitching Mound.Parent,,Loading,pitch.0,699282,-4.3716,18.035,79.5264,55.9387,66.7795,-32.9124,-0.0808,0.0733
1779744290030,1,Pitching Mound.Parent,,Loading,pitch.0,699283,-4.324,18.1044,79.6465,56.2487,67.3813,-33.0936,-0.0815,0.073
1779744290031,1,11.0000004b,Drive,Loading,pitch.0,700823,-3.823,17.935,78.5635,58.5816,68.7348,-27.8355,-0.0832,0.0709
1779744290031,1,12.00000015,Lower Delivery,Loading,pitch.0,700907,-0.2675,0.0728,0.936,-2.0551,-0.2133,-2.924,0.0,0.0
1779744290031,1,12.00000018,Upper Delivery,Loading,pitch.0,701594,-0.2193,0.131,0.2483,-0.96,-0.8211,-2.4895,0.0,0.0
1779744290031,1,Pitching Mound.Delivery,,Loading,pitch.0,699960,-0.4868,0.2038,1.1843,-2.7813,-1.0344,-5.3971,0.0,0.0
1779744290031,1,Pitching Mound.Drive,,Loading,pitch.0,700823,-3.823,17.935,78.5635,58.5816,68.7348,-27.8355,-0.0832,0.0709
1779744290031,1,Pitching Mound.Parent,,Loading,pitch.0,699284,-4.3098,18.1388,79.7478,55.8003,67.7004,-33.2326,-0.082,0.0728
1779744290032,1,11.0000004b,Drive,Loading,pitch.0,700824,-3.7687,17.968,78.6651,58.591,69.1291,-27.9807,-0.0836,0.0709
1779744290032,1,12.00000015,Lower Delivery,Loading,pitch.0,700908,-0.304,0.0796,0.8516,-1.9511,-0.5389,-2.8538,0.0,0.0
1779744290032,1,Pitching Mound.Drive,,Loading,pitch.0,700824,-3.7687,17.968,78.6651,58.591,69.1291,-27.9807,-0.0836,0.0709
1779744290033,1,11.0000004b,Drive,Loading,pitch.0,700825,-3.7242,17.9914,78.626,58.528,69.4071,-28.1046,-0.084,0.0708
1779744290033,1,12.00000018,Upper Delivery,Loading,pitch.0,701595,-0.2089,0.12,0.2552,-0.8882,-0.7443,-2.4931,0.0,0.0
1779744290033,1,Pitching Mound.Delivery,,Loading,pitch.0,699961,-0.5129,0.1996,1.1068,-2.6366,-1.2832,-5.3145,0.0,0.0
1779744290033,1,Pitching Mound.Drive,,Loading,pitch.0,700825,-3.7242,17.9914,78.626,58.528,69.4071,-28.1046,-0.084,0.0708
1779744290033,1,Pitching Mound.Parent,,Loading,pitch.0,699285,-4.2816,18.1677,79.7719,55.9544,67.8459,-33.2952,-0.0824,0.0724
1779744290034,1,11.0000004b,Drive,Loading,pitch.0,700826,-3.6901,18.0222,78.748,58.6166,69.9551,-28.2555,-0.0845,0.0708
1779744290034,1,12.00000015,Lower Delivery,Loading,pitch.0,700909,-0.3038,0.0798,0.8928,-2.1349,-0.5914,-2.8723,0.0,0.0
1779744290034,1,12.00000018,Upper Delivery,Loading,pitch.0,701596,-0.1983,0.1054,0.2397,-0.8337,-0.6844,-2.5249,0.0,0.0
1779744290034,1,12.00000018,Upper Delivery,Loading,pitch.0,701597,-0.2107,0.1021,0.2702,-0.9399,-0.7933,-2.6017,0.0,0.0
1779744290034,1,Pitching Mound.Delivery,,Loading,pitch.0,699962,-0.5021,0.1852,1.1325,-2.7465,-1.2758,-5.3613,0.0,0.0
1779744290034,1,Pitching Mound.Drive,,Loading,pitch.0,700826,-3.6901,18.0222,78.748,58.6166,69.9551,-28.2555,-0.0845,0.0708
1779744290034,1,Pitching Mound.Parent,,Loading,pitch.0,699286,-4.2262,18.1766,79.7585,55.7815,68.1313,-33.4659,-0.0828,0.0726
1779744290035,1,11.0000004b,Drive,Loading,pitch.0,700827,-3.6487,18.045,78.7677,58.56,70.2408,-28.3681,-0.0848,0.0707
1779744290035,1,12.00000015,Lower Delivery,Loading,pitch.0,700910,-0.2843,0.0745,0.8029,-2.5481,-0.0838,-2.9187,0.0,0.0
1779744290035,1,Pitching Mound.Delivery,,Loading,pitch.0,699963,-0.495,0.1766,1.0731,-3.3068,-0.8772,-5.4954,0.0,0.0
1779744290035,1,Pitching Mound.Drive,,Loading,pitch.0,700827,-3.6487,18.045,78.7677,58.56,70.2408,-28.3681,-0.0848,0.0707
1779744290035,1,Pitching Mound.Parent,,Loading,pitch.0,699287,-4.1852,18.1988,79.8211,55.3098,69.0779,-33.7508,-0.0834,0.0721
1779744290036,1,11.0000004b,Drive,Loading,pitch.0,700828,-3.6221,18.0833,78.8491,58.587,70.6234,-28.5287,-0.0852,0.0707
1779744290036,1,12.00000015,Lower Delivery,Loading,pitch.0,700911,-0.3066,0.0795,0.7088,-2.4642,-0.2567,-2.9382,0.0,0.0
1779744290036,1,12.00000018,Upper Delivery,Loading,pitch.0,701598,-0.2126,0.1075,0.2786,-1.064,-0.9256,-2.604,0.0,0.0
1779744290036,1,Pitching Mound.Delivery,,Loading,pitch.0,699964,-0.5192,0.187,0.9874,-3.382,-1.1824,-5.5102,0.0,0.0
1779744290036,1,Pitching Mound.Drive,,Loading,pitch.0,700828,-3.6221,18.0833,78.8491,58.587,70.6234,-28.5287,-0.0852,0.0707
1779744290036,1,Pitching Mound.Parent,,Loading,pitch.0,699288,-4.1679,18.2319,79.7551,55.178,69.0584,-33.8783,-0.0838,0.0717
1779744290037,1,11.0000004b,Drive,Loading,pitch.0,700829,-3.5859,18.1009,78.8107,58.5236,70.8517,-28.6623,-0.0855,0.0706
1779744290037,1,12.00000015,Lower Delivery,Loading,pitch.0,700912,-0.3106,0.0802,0.7143,-2.5246,-0.333,-2.9151,0.0,0.0
1779744290037,1,12.00000018,Upper Delivery,Loading,pitch.0,701599,-0.2345,0.1043,0.2832,-1.3589,-1.2339,-2.7162,0.0,0.0
1779744290037,1,Pitching Mound.Delivery,,Loading,pitch.0,699965,-0.5451,0.1845,0.9975,-3.737,-1.5669,-5.6054,0.0,0.0
1779744290037,1,Pitching Mound.Drive,,Loading,pitch.0,700829,-3.5859,18.1009,78.8107,58.5236,70.8517,-28.6623,-0.0855,0.0706
1779744290037,1,Pitching Mound.Parent,,Loading,pitch.0,699289,-4.1672,18.2678,79.8466,54.8501,69.0565,-34.1341,-0.0841,0.0716
1779744290038,1,11.0000004b,Drive,Loading,pitch.0,700830,-3.5575,18.1177,78.8679,58.5649,71.1058,-28.8231,-0.0858,0.0706
1779744290038,1,12.00000015,Lower Delivery,Loading,pitch.0,700913,-0.2999,0.0774,0.6252,-2.5652,-0.2846,-2.9057,0.0,0.0
1779744290038,1,12.00000018,Upper Delivery,Loading,pitch.0,701600,-0.2192,0.1146,0.2888,-1.1948,-1.0614,-2.6705,0.0,0.0
1779744290038,1,Pitching Mound.Delivery,,Loading,pitch.0,699966,-0.5191,0.192,0.914,-3.6456,-1.3459,-5.5487,0.0,0.0
1779744290038,1,Pitching Mound.Drive,,Loading,pitch.0,700830,-3.5575,18.1177,78.8679,58.5649,71.1058,-28.8231,-0.0858,0.0706
1779744290038,1,Pitching Mound.Parent,,Loading,pitch.0,699290,-4.105,18.2929,79.7247,54.878,69.5057,-34.211,-0.0845,0.0713
1779744290039,1,11.0000004b,Drive,Loading,pitch.0,700831,-3.5173,18.1407,78.9047,58.5915,71.3754,-28.9785,-0.0861,0.0706
1779744290039,1,12.00000015,Lower Delivery,Loading,pitch.0,700914,-0.3032,0.0782,0.638,-2.8111,-0.4524,-2.8239,0.0,0.0
1779744290039,1,12.00000018,Upper Delivery,Loading,pitch.0,701601,-0.2255,0.106,0.2851,-1.2685,-1.1373,-2.7189,0.0,0.0
1779744290039,1,Pitching Mound.Delivery,,Loading,pitch.0,699967,-0.5287,0.1842,0.9231,-3.9597,-1.5897,-5.5163,0.0,0.0
1779744290039,1,Pitching Mound.Drive,,Loading,pitch.0,700831,-3.5173,18.1407,78.9047,58.5915,71.3754,-28.9785,-0.0861,0.0706
1779744290039,1,Pitching Mound.Parent,,Loading,pitch.0,699291,-4.0861,18.3019,79.791,54.6052,69.5161,-34.3395,-0.0848,0.0713
1779744290040,1,11.0000004b,Drive,Loading,pitch.0,700832,-3.4909,18.1634,78.9294,58.6319,71.7425,-29.161,-0.0865,0.0707
1779744290040,1,12.00000015,Lower Delivery,Loading,pitch.0,700915,-0.3074,0.0802,0.7356,-2.4652,-0.3556,-2.876,0.0,0.0
1779744290040,1,12.00000015,Lower Delivery,Loading,pitch.0,700916,-0.3114,0.0806,0.671,-2.8495,-0.3808,-2.8736,0.0,0.0
1779744290040,1,12.00000018,Upper Delivery,Loading,pitch.0,701603,-0.2049,0.1311,0.3051,-1.4485,-1.3253,-2.7899,0.0,0.0
1779744290040,1,12.00000018,Upper Delivery,Loading,pitch.0,701602,-0.273,0.172,0.4602,-1.4057,-1.2786,-2.8091,0.0,0.0
1779744290040,1,Pitching Mound.Delivery,,Loading,pitch.0,699968,-0.5804,0.2522,1.1959,-3.7772,-1.6341,-5.6734,0.0,0.0
1779744290040,1,Pitching Mound.Delivery,,Loading,pitch.0,699969,-0.5164,0.2117,0.976,-4.1735,-1.7061,-5.6273,0.0,0.0
1779744290040,1,Pitching Mound.Drive,,Loading,pitch.0,700832,-3.4909,18.1634,78.9294,58.6319,71.7425,-29.161,-0.0865,0.0707
1779744290040,1,Pitching Mound.Parent,,Loading,pitch.0,699292,-4.0978,18.3929,80.1005,54.8143,69.7413,-34.6519,-0.0848,0.0708
1779744290040,1,Pitching Mound.Parent,,Loading,pitch.0,699293,-4.0073,18.375,79.9054,54.4584,70.0364,-34.7883,-0.0854,0.0714
1779744290041,1,11.0000004b,Drive,Loading,pitch.0,700833,-3.4515,18.1769,79.0118,58.6992,71.994,-29.3405,-0.0867,0.0707
1779744290041,1,Pitching Mound.Drive,,Loading,pitch.0,700833,-3.4515,18.1769,79.0118,58.6992,71.994,-29.3405,-0.0867,0.0707
1779744290042,1,11.0000004b,Drive,Loading,pitch.0,700834,-3.4056,18.1878,79.0531,58.7617,72.2501,-29.508,-0.0869,0.0707
1779744290042,1,12.00000015,Lower Delivery,Loading,pitch.0,700917,-0.3004,0.0794,0.7424,-2.9194,-0.1888,-2.9167,0.0,0.0
1779744290042,1,12.00000018,Upper Delivery,Loading,pitch.0,701604,-0.1913,0.133,0.3059,-1.2576,-1.1281,-2.6758,0.0,0.0
1779744290042,1,12.00000018,Upper Delivery,Loading,pitch.0,701605,-0.2039,0.1354,0.3158,-1.0748,-0.9396,-2.5594,0.0,0.0
1779744290042,1,Pitching Mound.Delivery,,Loading,pitch.0,699970,-0.4917,0.2124,1.0483,-4.0285,-1.3169,-5.5554,0.0,0.0
1779744290042,1,Pitching Mound.Drive,,Loading,pitch.0,700834,-3.4056,18.1878,79.0531,58.7617,72.2501,-29.508,-0.0869,0.0707
1779744290042,1,Pitching Mound.Parent,,Loading,pitch.0,699294,-3.9432,18.3893,80.0601,54.6707,70.6771,-34.8959,-0.0855,0.0716
1779744290043,1,11.0000004b,Drive,Loading,pitch.0,700835,-3.3595,18.2107,79.1638,58.8542,72.6414,-29.669,-0.0873,0.0707
1779744290043,1,12.00000015,Lower Delivery,Loading,pitch.0,700918,-0.2916,0.0765,0.6769,-2.8551,-0.2152,-2.9355,0.0,0.0
1779744290043,1,12.00000018,Upper Delivery,Loading,pitch.0,701606,-0.2068,0.1328,0.3202,-0.8703,-0.7277,-2.4486,0.0,0.0
1779744290043,1,Pitching Mound.Delivery,,Loading,pitch.0,699971,-0.4955,0.2118,0.9927,-3.8071,-1.1548,-5.465,0.0,0.0
1779744290043,1,Pitching Mound.Drive,,Loading,pitch.0,700835,-3.3595,18.2107,79.1638,58.8542,72.6414,-29.669,-0.0873,0.0707
1779744290043,1,Pitching Mound.Parent,,Loading,pitch.0,699295,-3.9011,18.3996,80.0457,54.9546,71.0953,-34.973,-0.0859,0.0714
1779744290044,1,11.0000004b,Drive,Loading,pitch.0,700836,-3.3021,18.2218,79.3415,58.9872,72.9354,-29.81,-0.0874,0.0707
1779744290044,1,12.00000015,Lower Delivery,Loading,pitch.0,700919,-0.2659,0.0792,0.8201,-2.5607,-0.0977,-2.9971,0.0,0.0
1779744290044,1,Pitching Mound.Delivery,,Loading,pitch.0,699972,-0.4727,0.212,1.1403,-3.261,-0.8254,-5.4256,0.0,0.0
1779744290044,1,Pitching Mound.Drive,,Loading,pitch.0,700836,-3.3021,18.2218,79.3415,58.9872,72.9354,-29.81,-0.0874,0.0707
1779744290044,1,Pitching Mound.Parent,,Loading,pitch.0,699296,-3.8322,18.4227,80.3041,55.5932,71.816,-35.0946,-0.0861,0.0718
1779744290045,1,11.0000004b,Drive,Loading,pitch.0,700837,-3.2541,18.2361,79.3301,59.0827,73.1721,-29.9587,-0.0877,0.0708
1779744290045,1,12.00000015,Lower Delivery,Loading,pitch.0,700920,-0.2881,0.0759,0.7738,-2.5306,-0.2842,-2.9381,0.0,0.0
1779744290045,1,12.00000015,Lower Delivery,Loading,pitch.0,700921,-0.2773,0.0772,0.8245,-2.6703,-0.2736,-2.9379,0.0,0.0
1779744290045,1,12.00000018,Upper Delivery,Loading,pitch.0,701607,-0.2009,0.1359,0.362,-0.8106,-0.6617,-2.49,0.0,0.0
1779744290045,1,Pitching Mound.Delivery,,Loading,pitch.0,699973,-0.4889,0.2118,1.1359,-3.2011,-0.9459,-5.3985,0.0,0.0
1779744290045,1,Pitching Mound.Drive,,Loading,pitch.0,700837,-3.2541,18.2361,79.3301,59.0827,73.1721,-29.9587,-0.0877,0.0708
1779744290045,1,Pitching Mound.Parent,,Loading,pitch.0,699297,-3.7911,18.4336,80.4773,55.7861,71.9895,-35.2085,-0.0862,0.0715
1779744290046,1,11.0000004b,Drive,Loading,pitch.0,700838,-3.1774,18.2426,79.3965,59.0807,73.5533,-30.1314,-0.0881,0.0708
1779744290046,1,12.00000018,Upper Delivery,Loading,pitch.0,701608,-0.199,0.1216,0.3462,-0.9307,-0.7891,-2.5022,0.0,0.0
1779744290046,1,Pitching Mound.Delivery,,Loading,pitch.0,699974,-0.4763,0.1989,1.1707,-3.4383,-1.0627,-5.4135,0.0,0.0
1779744290046,1,Pitching Mound.Drive,,Loading,pitch.0,700838,-3.1774,18.2426,79.3965,59.0807,73.5533,-30.1314,-0.0881,0.0708
1779744290046,1,Pitching Mound.Parent,,Loading,pitch.0,699298,-3.7304,18.4349,80.5009,55.6444,72.1094,-35.3721,-0.0865,0.0718
1779744290047,1,11.0000004b,Drive,Loading,pitch.0,700839,-3.1225,18.2311,79.4714,59.1741,73.9374,-30.2852,-0.0885,0.0708
1779744290047,1,12.00000015,Lower Delivery,Loading,pitch.0,700922,-0.287,0.0751,0.8554,-2.8125,-0.2231,-2.9153,0.0,0.0
1779744290047,1,12.00000018,Upper Delivery,Loading,pitch.0,701609,-0.2282,0.1351,0.4048,-0.8477,-0.7028,-2.4629,0.0,0.0
1779744290047,1,Pitching Mound.Delivery,,Loading,pitch.0,699975,-0.5151,0.2103,1.2603,-3.5071,-0.926,-5.3582,0.0,0.0
1779744290047,1,Pitching Mound.Drive,,Loading,pitch.0,700839,-3.1225,18.2311,79.4714,59.1741,73.9374,-30.2852,-0.0885,0.0708
1779744290047,1,Pitching Mound.Parent,,Loading,pitch.0,699299,-3.6926,18.4529,80.6567,55.5737,72.6273,-35.4895,-0.0868,0.0716
1779744290048,1,11.0000004b,Drive,Loading,pitch.0,700840,-3.0659,18.2422,79.464,59.145,74.2357,-30.4078,-0.0889,0.0708
1779744290048,1,12.00000015,Lower Delivery,Loading,pitch.0,700923,-0.2571,0.0711,0.9627,-2.7949,-0.1009,-2.9216,0.0,0.0
1779744290048,1,12.00000018,Upper Delivery,Loading,pitch.0,701611,-0.2372,0.1117,0.4006,-0.4654,-0.2957,-2.4504,0.0,0.0
1779744290048,1,12.00000018,Upper Delivery,Loading,pitch.0,701610,-0.1946,0.1031,0.3012,-0.5266,-0.3645,-2.3879,0.0,0.0
1779744290048,1,Pitching Mound.Delivery,,Loading,pitch.0,699976,-0.4517,0.1742,1.2639,-3.0966,-0.4654,-5.2883,0.0,0.0
1779744290048,1,Pitching Mound.Drive,,Loading,pitch.0,700840,-3.0659,18.2422,79.464,59.145,74.2357,-30.4078,-0.0889,0.0708
1779744290048,1,Pitching Mound.Parent,,Loading,pitch.0,699300,-3.5742,18.4053,80.7353,56.0775,73.4721,-35.5734,-0.0871,0.0725
1779744290049,1,11.0000004b,Drive,Loading,pitch.0,700841,-3.0183,18.2454,79.4949,59.1663,74.6458,-30.5419,-0.0893,0.0708
1779744290049,1,12.00000015,Lower Delivery,Loading,pitch.0,700924,-0.2618,0.0745,1.0502,-2.3921,0.0252,-2.9247,0.0,0.0
1779744290049,1,Pitching Mound.Delivery,,Loading,pitch.0,699977,-0.499,0.1862,1.4508,-2.6366,-0.2705,-5.3668,0.0,0.0
1779744290049,1,Pitching Mound.Drive,,Loading,pitch.0,700841,-3.0183,18.2454,79.4949,59.1663,74.6458,-30.5419,-0.0893,0.0708
1779744290049,1,Pitching Mound.Parent,,Loading,pitch.0,699301,-3.5649,18.4284,80.9148,56.5084,73.9652,-35.7745,-0.0873,0.0723
1779744290050,1,11.0000004b,Drive,Loading,pitch.0,700842,-2.9663,18.2319,79.6026,59.2939,74.9377,-30.6722,-0.0896,0.0709
1779744290050,1,12.00000015,Lower Delivery,Loading,pitch.0,700925,-0.2651,0.0827,1.0689,-2.1942,-0.0379,-2.9305,0.0,0.0
1779744290050,1,12.00000018,Upper Delivery,Loading,pitch.0,701613,-0.2445,0.1164,0.4049,-0.3418,-0.1668,-2.3998,0.0,0.0
1779744290050,1,12.00000018,Upper Delivery,Loading,pitch.0,701612,-0.2297,0.1014,0.3638,-0.4981,-0.3304,-2.4541,0.0,0.0
1779744290050,1,Pitching Mound.Delivery,,Loading,pitch.0,699978,-0.4947,0.1841,1.4327,-2.4525,-0.3682,-5.3726,0.0,0.0
1779744290050,1,Pitching Mound.Drive,,Loading,pitch.0,700842,-2.9663,18.2319,79.6026,59.2939,74.9377,-30.6722,-0.0896,0.0709
1779744290050,1,Pitching Mound.Parent,,Loading,pitch.0,699302,-3.5131,18.4295,80.9276,56.7138,74.2775,-35.9144,-0.0877,0.0725
1779744290051,1,11.0000004b,Drive,Loading,pitch.0,700843,-2.9231,18.2315,79.681,59.318,75.3845,-30.8024,-0.09,0.0708
1779744290051,1,12.00000015,Lower Delivery,Loading,pitch.0,700926,-0.2568,0.0757,1.0548,-1.9687,0.0353,-2.9009,0.0,0.0
1779744290051,1,Pitching Mound.Delivery,,Loading,pitch.0,699979,-0.5014,0.1921,1.4597,-2.0896,-0.1315,-5.2966,0.0,0.0
1779744290051,1,Pitching Mound.Drive,,Loading,pitch.0,700843,-2.9231,18.2315,79.681,59.318,75.3845,-30.8024,-0.09,0.0708
1779744290051,1,Pitching Mound.Parent,,Loading,pitch.0,699303,-3.4676,18.424,81.0623,57.2043,74.8062,-35.9687,-0.0879,0.0723
1779744290052,1,11.0000004b,Drive,Loading,pitch.0,700844,-2.9061,18.2394,79.614,59.2605,75.56,-30.9177,-0.0903,0.0708
1779744290052,1,12.00000015,Lower Delivery,Loading,pitch.0,700927,-0.2586,0.0925,1.0021,-1.6816,0.3223,-2.8377,0.0,0.0
1779744290052,1,12.00000015,Lower Delivery,Loading,pitch.0,700928,-0.2767,0.081,0.9783,-1.6666,0.2493,-2.8396,0.0,0.0
1779744290052,1,12.00000018,Upper Delivery,Loading,pitch.0,701614,-0.2492,0.1063,0.4069,-0.7838,-0.6306,-2.5359,0.0,0.0
1779744290052,1,12.00000018,Upper Delivery,Loading,pitch.0,701615,-0.2235,0.1084,0.3574,-1.141,-1.0075,-2.6067,0.0,0.0
1779744290052,1,Pitching Mound.Delivery,,Loading,pitch.0,699980,-0.5078,0.1988,1.409,-2.263,-0.3083,-5.3705,0.0,0.0
1779744290052,1,Pitching Mound.Delivery,,Loading,pitch.0,699981,-0.5002,0.1894,1.3358,-2.5965,-0.7582,-5.4282,0.0,0.0
1779744290052,1,Pitching Mound.Drive,,Loading,pitch.0,700844,-2.9061,18.2394,79.614,59.2605,75.56,-30.9177,-0.0903,0.0708
1779744290052,1,Pitching Mound.Parent,,Loading,pitch.0,699304,-3.4309,18.4303,81.09,57.055,75.0762,-36.1729,-0.0884,0.0721
1779744290052,1,Pitching Mound.Parent,,Loading,pitch.0,699305,-3.4063,18.4288,80.9498,56.664,74.8018,-36.3459,-0.0888,0.0722
1779744290053,1,11.0000004b,Drive,Loading,pitch.0,700845,-2.8739,18.235,79.7595,59.3364,75.8106,-31.0481,-0.0904,0.0708
1779744290053,1,12.00000015,Lower Delivery,Loading,pitch.0,700929,-0.2723,0.0802,1.0067,-1.7301,0.2289,-2.8845,0.0,0.0
1779744290053,1,12.00000018,Upper Delivery,Loading,pitch.0,701616,-0.2377,0.115,0.3668,-1.3154,-1.1885,-2.6979,0.0,0.0
1779744290053,1,Pitching Mound.Delivery,,Loading,pitch.0,699982,-0.51,0.1952,1.3736,-2.828,-0.9596,-5.5706,0.0,0.0
1779744290053,1,Pitching Mound.Drive,,Loading,pitch.0,700845,-2.8739,18.235,79.7595,59.3364,75.8106,-31.0481,-0.0904,0.0708
1779744290053,1,Pitching Mound.Parent,,Loading,pitch.0,699306,-3.3839,18.4302,81.133,56.5085,74.851,-36.6188,-0.0889,0.0723
1779744290054,1,11.0000004b,Drive,Loading,pitch.0,700846,-2.8641,18.2259,79.8458,59.4048,76.2082,-31.1829,-0.0908,0.0708
1779744290054,1,12.00000015,Lower Delivery,Loading,pitch.0,700930,-0.2952,0.0909,1.0577,-1.671,0.4987,-2.8858,0.0,0.0
1779744290054,1,12.00000018,Upper Delivery,Loading,pitch.0,701617,-0.2324,0.117,0.3341,-1.6366,-1.532,-2.6813,0.0,0.0
1779744290054,1,Pitching Mound.Delivery,,Loading,pitch.0,699983,-0.5276,0.208,1.3918,-3.0616,-1.0334,-5.5458,0.0,0.0
1779744290054,1,Pitching Mound.Drive,,Loading,pitch.0,700846,-2.8641,18.2259,79.8458,59.4048,76.2082,-31.1829,-0.0908,0.0708
1779744290054,1,Pitching Mound.Parent,,Loading,pitch.0,699307,-3.3917,18.4339,81.2376,56.3433,75.1748,-36.7287,-0.0892,0.0726
1779744290055,1,11.0000004b,Drive,Loading,pitch.0,700847,-2.8562,18.2208,79.834,59.4553,76.3042,-31.2881,-0.0909,0.0708
1779744290055,1,12.00000018,Upper Delivery,Loading,pitch.0,701618,-0.2532,0.1145,0.3176,-1.2923,-1.1712,-2.5665,0.0,0.0
1779744290055,1,Pitching Mound.Drive,,Loading,pitch.0,700847,-2.8562,18.2208,79.834,59.4553,76.3042,-31.2881,-0.0909,0.0708
1779744290056,1,11.0000004b,Drive,Loading,pitch.0,700848,-2.8413,18.2129,79.8707,59.4825,76.5747,-31.3629,-0.0912,0.0708
1779744290056,1,12.00000015,Lower Delivery,Loading,pitch.0,700931,-0.2814,0.098,1.0746,-1.5503,0.5022,-2.8935,0.0,0.0
1779744290056,1,12.00000015,Lower Delivery,Loading,pitch.0,700932,-0.311,0.0984,0.973,-1.5642,0.4048,-2.886,0.0,0.0
1779744290056,1,12.00000018,Upper Delivery,Loading,pitch.0,701619,-0.2466,0.1276,0.3315,-1.1544,-1.0267,-2.5193,0.0,0.0
1779744290056,1,Pitching Mound.Delivery,,Loading,pitch.0,699984,-0.5347,0.2125,1.3922,-2.5852,-0.669,-5.4504,0.0,0.0
1779744290056,1,Pitching Mound.Delivery,,Loading,pitch.0,699985,-0.5576,0.2261,1.3045,-2.5004,-0.6219,-5.3835,0.0,0.0
1779744290056,1,Pitching Mound.Drive,,Loading,pitch.0,700848,-2.8413,18.2129,79.8707,59.4825,76.5747,-31.3629,-0.0912,0.0708
1779744290056,1,Pitching Mound.Parent,,Loading,pitch.0,699308,-3.3909,18.4333,81.2262,56.8702,75.6352,-36.7384,-0.0894,0.0728
1779744290056,1,Pitching Mound.Parent,,Loading,pitch.0,699309,-3.3989,18.4389,81.1752,56.9821,75.9528,-36.7464,-0.0897,0.0724
1779744290057,1,11.0000004b,Drive,Loading,pitch.0,700849,-2.8414,18.2168,79.9712,59.5843,76.6526,-31.4677,-0.0912,0.0709
1779744290057,1,12.00000015,Lower Delivery,Loading,pitch.0,700933,-0.3138,0.0998,0.9588,-1.5727,0.2581,-2.9148,0.0,0.0
1779744290057,1,12.00000018,Upper Delivery,Loading,pitch.0,701620,-0.2216,0.1385,0.3316,-0.712,-0.5594,-2.4394,0.0,0.0
1779744290057,1,Pitching Mound.Delivery,,Loading,pitch.0,699986,-0.5355,0.2383,1.2904,-2.0715,-0.3013,-5.3229,0.0,0.0
1779744290057,1,Pitching Mound.Drive,,Loading,pitch.0,700849,-2.8414,18.2168,79.9712,59.5843,76.6526,-31.4677,-0.0912,0.0709
1779744290057,1,Pitching Mound.Parent,,Loading,pitch.0,699310,-3.3768,18.4551,81.2616,57.5128,76.3513,-36.7905,-0.0897,0.0724
1779744290058,1,11.0000004b,Drive,Loading,pitch.0,700850,-2.8393,18.2193,80.0176,59.6112,76.8483,-31.5945,-0.0914,0.0709
1779744290058,1,12.00000015,Lower Delivery,Loading,pitch.0,700934,-0.3298,0.0938,0.891,-1.524,0.0201,-2.9395,0.0,0.0
1779744290058,1,12.00000018,Upper Delivery,Loading,pitch.0,701621,-0.2091,0.1443,0.3326,-0.6855,-0.5314,-2.4345,0.0,0.0
1779744290058,1,Pitching Mound.Delivery,,Loading,pitch.0,699987,-0.5388,0.238,1.2236,-2.0197,-0.5113,-5.333,0.0,0.0
1779744290058,1,Pitching Mound.Drive,,Loading,pitch.0,700850,-2.8393,18.2193,80.0176,59.6112,76.8483,-31.5945,-0.0914,0.0709
1779744290058,1,Pitching Mound.Parent,,Loading,pitch.0,699311,-3.3781,18.4574,81.2411,57.5915,76.3369,-36.9275,-0.09,0.0721
1779744290059,1,11.0000004b,Drive,Loading,pitch.0,700851,-2.8236,18.2409,80.1774,59.7878,77.1281,-31.6915,-0.0915,0.0709
1779744290059,1,12.00000015,Lower Delivery,Loading,pitch.0,700935,-0.3258,0.0899,0.9289,-1.5729,0.0069,-2.9443,0.0,0.0
1779744290059,1,12.00000018,Upper Delivery,Loading,pitch.0,701622,-0.1887,0.1142,0.2997,-0.3259,-0.1525,-2.3527,0.0,0.0
1779744290059,1,Pitching Mound.Delivery,,Loading,pitch.0,699988,-0.5145,0.2041,1.2286,-1.6849,-0.1456,-5.2504,0.0,0.0
1779744290059,1,Pitching Mound.Drive,,Loading,pitch.0,700851,-2.8236,18.2409,80.1774,59.7878,77.1281,-31.6915,-0.0915,0.0709
1779744290059,1,Pitching Mound.Parent,,Loading,pitch.0,699312,-3.338,18.445,81.406,58.1029,76.9826,-36.942,-0.0901,0.0725
1779744290060,1,11.0000004b,Drive,Loading,pitch.0,700852,-2.8061,18.2566,80.2815,59.9641,77.3595,-31.831,-0.0917,0.0711
1779744290060,1,12.00000015,Lower Delivery,Loading,pitch.0,700936,-0.3088,0.095,0.9797,-1.4077,-0.1177,-2.9925,0.0,0.0
1779744290060,1,12.00000018,Upper Delivery,Loading,pitch.0,701623,-0.1865,0.1052,0.2726,-0.4282,-0.2637,-2.314,0.0,0.0
1779744290060,1,Pitching Mound.Delivery,,Loading,pitch.0,699989,-0.4953,0.2002,1.2523,-1.5954,-0.3813,-5.2649,0.0,0.0
1779744290060,1,Pitching Mound.Drive,,Loading,pitch.0,700852,-2.8061,18.2566,80.2815,59.9641,77.3595,-31.831,-0.0917,0.0711
1779744290060,1,Pitching Mound.Parent,,Loading,pitch.0,699313,-3.3015,18.4568,81.5338,58.3686,76.9782,-37.0959,-0.0903,0.0729
1779744290061,1,11.0000004b,Drive,Loading,pitch.0,700853,-2.7662,18.2792,80.387,60.0507,77.5193,-31.9765,-0.0917,0.0711
1779744290061,1,12.00000015,Lower Delivery,Loading,pitch.0,700937,-0.2829,0.0812,1.018,-1.3846,-0.2544,-3.0389,0.0,0.0
1779744290061,1,12.00000018,Upper Delivery,Loading,pitch.0,701624,-0.1709,0.1224,0.2751,0.1866,0.3826,-2.1453,0.0,0.0
1779744290061,1,Pitching Mound.Delivery,,Loading,pitch.0,699990,-0.4538,0.2037,1.2931,-0.9454,0.1282,-5.146,0.0,0.0
1779744290061,1,Pitching Mound.Drive,,Loading,pitch.0,700853,-2.7662,18.2792,80.387,60.0507,77.5193,-31.9765,-0.0917,0.0711
1779744290061,1,Pitching Mound.Parent,,Loading,pitch.0,699314,-3.22,18.4829,81.6801,59.1053,77.6475,-37.1225,-0.0903,0.073
1779744290062,1,11.0000004b,Drive,Loading,pitch.0,700854,-2.7287,18.2947,80.4613,60.0991,77.6956,-32.1174,-0.0919,0.0711
1779744290062,1,12.00000015,Lower Delivery,Loading,pitch.0,700938,-0.2743,0.073,1.0024,-1.1589,-0.3515,-3.0096,0.0,0.0
1779744290062,1,12.00000018,Upper Delivery,Loading,pitch.0,701625,-0.1633,0.1162,0.2352,0.187,0.3832,-2.1483,0.0,0.0
1779744290062,1,Pitching Mound.Delivery,,Loading,pitch.0,699991,-0.4376,0.1892,1.2376,-0.7111,0.0316,-5.1201,0.0,0.0
1779744290062,1,Pitching Mound.Drive,,Loading,pitch.0,700854,-2.7287,18.2947,80.4613,60.0991,77.6956,-32.1174,-0.0919,0.0711
1779744290062,1,Pitching Mound.Parent,,Loading,pitch.0,699315,-3.1663,18.4839,81.6989,59.388,77.7273,-37.2375,-0.0905,0.0732
1779744290063,1,11.0000004b,Drive,Loading,pitch.0,700855,-2.6893,18.3272,80.6089,60.2402,77.9966,-32.3007,-0.092,0.0711
1779744290063,1,12.00000015,Lower Delivery,Loading,pitch.0,700939,-0.2636,0.0778,0.9512,-0.9384,-0.2563,-3.0086,0.0,0.0
1779744290063,1,12.00000018,Upper Delivery,Loading,pitch.0,701626,-0.1494,0.0935,0.1948,0.1722,0.361,-2.0331,0.0,0.0
1779744290063,1,Pitching Mound.Delivery,,Loading,pitch.0,699992,-0.413,0.1713,1.1461,-0.509,0.1047,-5.0029,0.0,0.0
1779744290063,1,Pitching Mound.Drive,,Loading,pitch.0,700855,-2.6893,18.3272,80.6089,60.2402,77.9966,-32.3007,-0.092,0.0711
1779744290063,1,Pitching Mound.Parent,,Loading,pitch.0,699316,-3.1023,18.4985,81.7549,59.7311,78.1013,-37.3035,-0.0908,0.0732
1779744290064,1,11.0000004b,Drive,Loading,pitch.0,700856,-2.6383,18.3779,80.667,60.3194,78.1282,-32.4414,-0.0921,0.0711
1779744290064,1,12.00000015,Lower Delivery,Loading,pitch.0,700940,-0.2662,0.0726,0.9757,-0.9059,-0.4845,-2.9811,0.0,0.0
1779744290064,1,12.00000018,Upper Delivery,Loading,pitch.0,701627,-0.1364,0.1074,0.228,0.1683,0.3551,-2.0027,0.0,0.0
1779744290064,1,Pitching Mound.Delivery,,Loading,pitch.0,699993,-0.4027,0.18,1.2037,-0.4833,-0.1294,-4.9397,0.0,0.0
1779744290064,1,Pitching Mound.Drive,,Loading,pitch.0,700856,-2.6383,18.3779,80.667,60.3194,78.1282,-32.4414,-0.0921,0.0711
1779744290064,1,Pitching Mound.Parent,,Loading,pitch.0,699317,-3.0409,18.5579,81.8707,59.8361,77.9989,-37.3811,-0.0908,0.0732
1779744290065,1,11.0000004b,Drive,Loading,pitch.0,700857,-2.5719,18.4189,80.7891,60.4378,78.5007,-32.6244,-0.0924,0.0712
1779744290065,1,12.00000015,Lower Delivery,Loading,pitch.0,700941,-0.2587,0.0742,0.8927,-1.0737,-0.2822,-3.0049,0.0,0.0
1779744290065,1,12.00000018,Upper Delivery,Loading,pitch.0,701628,-0.1652,0.1165,0.222,0.1769,0.368,-2.0694,0.0,0.0
1779744290065,1,Pitching Mound.Delivery,,Loading,pitch.0,699994,-0.4238,0.1907,1.1147,-0.6688,0.0857,-5.0425,0.0,0.0
1779744290065,1,Pitching Mound.Drive,,Loading,pitch.0,700857,-2.5719,18.4189,80.7891,60.4378,78.5007,-32.6244,-0.0924,0.0712
1779744290065,1,Pitching Mound.Parent,,Loading,pitch.0,699318,-2.9957,18.6096,81.9038,59.769,78.5865,-37.6669,-0.0912,0.073
1779744290066,1,11.0000004b,Drive,Loading,pitch.0,700858,-2.5044,18.4801,80.8815,60.5022,78.8242,-32.7814,-0.0927,0.0712
1779744290066,1,12.00000015,Lower Delivery,Loading,pitch.0,700942,-0.252,0.0702,1.0038,-0.926,-0.4502,-3.022,0.0,0.0
1779744290066,1,12.00000018,Upper Delivery,Loading,pitch.0,701629,-0.1433,0.1214,0.2077,0.1892,0.3865,-2.1655,0.0,0.0
1779744290066,1,Pitching Mound.Delivery,,Loading,pitch.0,699995,-0.3954,0.1916,1.2115,-0.4662,-0.0637,-5.1505,0.0,0.0
1779744290066,1,Pitching Mound.Drive,,Loading,pitch.0,700858,-2.5044,18.4801,80.8815,60.5022,78.8242,-32.7814,-0.0927,0.0712
1779744290066,1,Pitching Mound.Parent,,Loading,pitch.0,699319,-2.8997,18.6717,82.093,60.036,78.7604,-37.932,-0.0913,0.0734
1779744290067,1,11.0000004b,Drive,Loading,pitch.0,700859,-2.4235,18.5547,80.9829,60.6013,79.2008,-32.9557,-0.093,0.0712
1779744290067,1,12.00000015,Lower Delivery,Loading,pitch.0,700943,-0.2306,0.0638,1.1043,-1.6229,-0.5396,-3.0321,0.0,0.0
1779744290067,1,12.00000018,Upper Delivery,Loading,pitch.0,701630,-0.1465,0.106,0.1872,0.1751,0.3654,-2.0561,0.0,0.0
1779744290067,1,Pitching Mound.Delivery,,Loading,pitch.0,699996,-0.3772,0.1698,1.2915,-1.136,-0.1742,-5.0595,0.0,0.0
1779744290067,1,Pitching Mound.Drive,,Loading,pitch.0,700859,-2.4235,18.5547,80.9829,60.6013,79.2008,-32.9557,-0.093,0.0712
1779744290067,1,Pitching Mound.Parent,,Loading,pitch.0,699320,-2.8007,18.7245,82.2743,59.4653,79.0266,-38.0152,-0.0916,0.0739
1779744290068,1,11.0000004b,Drive,Loading,pitch.0,700860,-2.3002,18.6339,81.2111,60.8679,79.8912,-33.2022,-0.0936,0.0713
1779744290068,1,12.00000015,Lower Delivery,Loading,pitch.0,700944,-0.2195,0.0779,1.1441,-1.3295,-0.3041,-3.0081,0.0,0.0
1779744290068,1,12.00000018,Upper Delivery,Loading,pitch.0,701631,-0.1539,0.1305,0.2039,0.1823,0.3762,-2.1121,0.0,0.0
1779744290068,1,Pitching Mound.Delivery,,Loading,pitch.0,699997,-0.3734,0.2084,1.348,-0.8275,0.0721,-5.0979,0.0,0.0
1779744290068,1,Pitching Mound.Drive,,Loading,pitch.0,700860,-2.3002,18.6339,81.2111,60.8679,79.8912,-33.2022,-0.0936,0.0713
1779744290068,1,Pitching Mound.Parent,,Loading,pitch.0,699321,-2.6736,18.8422,82.5591,60.0404,79.9633,-38.3001,-0.0921,0.074
1779744290069,1,11.0000004b,Drive,Loading,pitch.0,700861,-2.1972,18.7178,81.3604,61.096,80.3233,-33.435,-0.0939,0.0714
1779744290069,1,12.00000015,Lower Delivery,Loading,pitch.0,700945,-0.2163,0.0867,1.1723,-1.3847,-0.3064,-2.9807,0.0,0.0
1779744290069,1,12.00000018,Upper Delivery,Loading,pitch.0,701632,-0.1471,0.1142,0.1732,0.1773,0.3686,-2.0725,0.0,0.0
1779744290069,1,Pitching Mound.Delivery,,Loading,pitch.0,699998,-0.3634,0.2009,1.3454,-0.8677,0.0621,-5.0296,0.0,0.0
1779744290069,1,Pitching Mound.Drive,,Loading,pitch.0,700861,-2.1972,18.7178,81.3604,61.096,80.3233,-33.435,-0.0939,0.0714
1779744290069,1,Pitching Mound.Parent,,Loading,pitch.0,699322,-2.5606,18.9187,82.7059,60.2282,80.3855,-38.4647,-0.0924,0.0744
1779744290070,1,11.0000004b,Drive,Loading,pitch.0,700863,-1.9915,18.8822,81.6048,61.4215,81.1358,-33.9022,-0.0946,0.0716
1779744290070,1,11.0000004b,Drive,Loading,pitch.0,700862,-2.0928,18.8034,81.5625,61.4071,80.9113,-33.7138,-0.0944,0.0716
1779744290070,1,12.00000015,Lower Delivery,Loading,pitch.0,700946,-0.2273,0.0962,1.2171,-1.4342,-0.2787,-2.9004,0.0,0.0
1779744290070,1,12.00000018,Upper Delivery,Loading,pitch.0,701633,-0.1615,0.1363,0.1877,0.1393,0.3304,-2.1139,0.0,0.0
1779744290070,1,Pitching Mound.Delivery,,Loading,pitch.0,699999,-0.3888,0.2324,1.4049,-0.9449,0.0517,-4.992,0.0,0.0
1779744290070,1,Pitching Mound.Drive,,Loading,pitch.0,700863,-1.9915,18.8822,81.6048,61.4215,81.1358,-33.9022,-0.0946,0.0716
1779744290070,1,Pitching Mound.Drive,,Loading,pitch.0,700862,-2.0928,18.8034,81.5625,61.4071,80.9113,-33.7138,-0.0944,0.0716
1779744290070,1,Pitching Mound.Parent,,Loading,pitch.0,699323,-2.4817,19.0359,82.9673,60.4622,80.963,-38.7058,-0.0928,0.0746
1779744290071,1,12.00000015,Lower Delivery,Loading,pitch.0,700947,-0.229,0.1234,1.2172,-1.4584,-0.0233,-2.8782,0.0,0.0
1779744290071,1,12.00000018,Upper Delivery,Loading,pitch.0,701634,-0.1399,0.1319,0.2077,0.1816,0.3751,-2.1065,0.0,0.0
1779744290071,1,Pitching Mound.Delivery,,Loading,pitch.0,700000,-0.3689,0.2553,1.4249,-0.9336,0.3518,-4.9544,0.0,0.0
1779744290071,1,Pitching Mound.Parent,,Loading,pitch.0,699324,-2.3604,19.1376,83.0297,60.488,81.4876,-38.8566,-0.093,0.0745
1779744290072,1,11.0000004b,Drive,Loading,pitch.0,700864,-1.8866,18.9987,81.8244,61.7863,81.7469,-34.1766,-0.095,0.0718
1779744290072,1,12.00000015,Lower Delivery,Loading,pitch.0,700948,-0.2375,0.1335,1.2375,-1.3514,0.3766,-2.9378,0.0,0.0
1779744290072,1,12.00000018,Upper Delivery,Loading,pitch.0,701635,-0.1355,0.1171,0.1874,-0.1299,0.0514,-2.2607,0.0,0.0
1779744290072,1,Pitching Mound.Delivery,,Loading,pitch.0,700001,-0.373,0.2507,1.4249,-1.1243,0.428,-5.1639,0.0,0.0
1779744290072,1,Pitching Mound.Drive,,Loading,pitch.0,700864,-1.8866,18.9987,81.8244,61.7863,81.7469,-34.1766,-0.095,0.0718
1779744290072,1,Pitching Mound.Parent,,Loading,pitch.0,699325,-2.2596,19.2494,83.2493,60.6621,82.1749,-39.3405,-0.0934,0.0749
1779744290073,1,11.0000004b,Drive,Loading,pitch.0,700865,-1.7801,19.0998,81.9138,61.8351,81.9935,-34.359,-0.0952,0.0718
1779744290073,1,12.00000015,Lower Delivery,Loading,pitch.0,700949,-0.2166,0.1296,1.2278,-1.4031,0.317,-2.9531,0.0,0.0
1779744290073,1,12.00000018,Upper Delivery,Loading,pitch.0,701636,-0.1565,0.1391,0.2332,-0.0556,0.1303,-2.2537,0.0,0.0
1779744290073,1,Pitching Mound.Delivery,,Loading,pitch.0,700002,-0.3731,0.2687,1.461,-1.1205,0.4473,-5.1864,0.0,0.0
1779744290073,1,Pitching Mound.Drive,,Loading,pitch.0,700865,-1.7801,19.0998,81.9138,61.8351,81.9935,-34.359,-0.0952,0.0718
1779744290073,1,Pitching Mound.Parent,,Loading,pitch.0,699326,-2.1532,19.3684,83.3749,60.7146,82.4408,-39.5453,-0.0936,0.0746
1779744290074,1,11.0000004b,Drive,Loading,pitch.0,700866,-1.68,19.2019,82.1219,62.0655,82.345,-34.6184,-0.0954,0.0719
1779744290074,1,11.0000004b,Drive,Loading,pitch.0,700867,-1.609,19.3196,82.2716,62.0932,82.3603,-34.831,-0.0952,0.0718
1779744290074,1,12.00000015,Lower Delivery,Loading,pitch.0,700950,-0.2231,0.1267,1.207,-1.4477,0.2462,-2.9548,0.0,0.0
1779744290074,1,12.00000018,Upper Delivery,Loading,pitch.0,701637,-0.1473,0.1378,0.2398,-0.4962,-0.332,-2.3893,0.0,0.0
1779744290074,1,Pitching Mound.Delivery,,Loading,pitch.0,700003,-0.3704,0.2646,1.4468,-1.615,-0.0857,-5.3183,0.0,0.0
1779744290074,1,Pitching Mound.Drive,,Loading,pitch.0,700866,-1.68,19.2019,82.1219,62.0655,82.345,-34.6184,-0.0954,0.0719
1779744290074,1,Pitching Mound.Drive,,Loading,pitch.0,700867,-1.609,19.3196,82.2716,62.0932,82.3603,-34.831,-0.0952,0.0718
1779744290074,1,Pitching Mound.Parent,,Loading,pitch.0,699327,-2.0504,19.4665,83.5687,60.4505,82.2593,-39.9367,-0.0937,0.0746
1779744290075,1,12.00000015,Lower Delivery,Loading,pitch.0,700951,-0.2173,0.1185,1.2539,-1.5245,0.4362,-2.92,0.0,0.0
1779744290075,1,12.00000018,Upper Delivery,Loading,pitch.0,701638,-0.1639,0.1484,0.2706,-0.4612,-0.2954,-2.3767,0.0,0.0
1779744290075,1,Pitching Mound.Delivery,,Loading,pitch.0,700004,-0.3812,0.2669,1.5245,-1.6514,0.1408,-5.2786,0.0,0.0
1779744290075,1,Pitching Mound.Parent,,Loading,pitch.0,699328,-1.9902,19.5864,83.7961,60.4417,82.5011,-40.1096,-0.0935,0.0745
1779744290076,1,11.0000004b,Drive,Loading,pitch.0,700868,-1.5062,19.4696,82.7539,62.6044,83.1146,-35.1735,-0.0955,0.072
1779744290076,1,11.0000004b,Drive,Loading,pitch.0,700869,-1.4129,19.6146,83.1888,62.832,83.3305,-35.3894,-0.0953,0.0719
1779744290076,1,12.00000015,Lower Delivery,Loading,pitch.0,700952,-0.2085,0.0977,1.1389,-1.5853,0.192,-2.9415,0.0,0.0
1779744290076,1,12.00000018,Upper Delivery,Loading,pitch.0,701639,-0.1748,0.1591,0.2814,-0.4775,-0.31,-2.4273,0.0,0.0
1779744290076,1,Pitching Mound.Delivery,,Loading,pitch.0,700005,-0.3833,0.2568,1.4203,-1.7713,-0.118,-5.3574,0.0,0.0
1779744290076,1,Pitching Mound.Drive,,Loading,pitch.0,700868,-1.5062,19.4696,82.7539,62.6044,83.1146,-35.1735,-0.0955,0.072
1779744290076,1,Pitching Mound.Drive,,Loading,pitch.0,700869,-1.4129,19.6146,83.1888,62.832,83.3305,-35.3894,-0.0953,0.0719
1779744290076,1,Pitching Mound.Parent,,Loading,pitch.0,699329,-1.8895,19.7264,84.1742,60.8331,82.9966,-40.5309,-0.0939,0.0742
1779744290077,1,11.0000004b,Drive,Loading,pitch.0,700870,-1.3465,19.7566,83.51,63.0241,83.5217,-35.6415,-0.0951,0.0718
1779744290077,1,12.00000015,Lower Delivery,Loading,pitch.0,700953,-0.2029,0.0935,1.0735,-1.4858,0.2181,-2.9634,0.0,0.0
1779744290077,1,12.00000018,Upper Delivery,Loading,pitch.0,701640,-0.1903,0.1532,0.2938,-0.7111,-0.5546,-2.5065,0.0,0.0
1779744290077,1,Pitching Mound.Delivery,,Loading,pitch.0,700006,-0.3932,0.2466,1.3673,-1.9318,-0.3365,-5.4656,0.0,0.0
1779744290077,1,Pitching Mound.Drive,,Loading,pitch.0,700870,-1.3465,19.7566,83.51,63.0241,83.5217,-35.6415,-0.0951,0.0718
1779744290077,1,Pitching Mound.Parent,,Loading,pitch.0,699330,-1.8061,19.8613,84.5561,60.9002,82.9939,-40.855,-0.0938,0.0738
1779744290078,1,12.00000015,Lower Delivery,Loading,pitch.0,700954,-0.1817,0.0785,0.8991,-1.0837,0.2334,-2.9985,0.0,0.0
1779744290078,1,12.00000018,Upper Delivery,Loading,pitch.0,701641,-0.2088,0.1762,0.3305,-1.036,-0.8948,-2.6209,0.0,0.0
1779744290078,1,Pitching Mound.Delivery,,Loading,pitch.0,700007,-0.3906,0.2547,1.2297,-1.9263,-0.6614,-5.6286,0.0,0.0
1779744290078,1,Pitching Mound.Parent,,Loading,pitch.0,699331,-1.737,20.0114,84.7397,61.0978,82.8602,-41.2702,-0.0938,0.073
1779744290079,1,11.0000004b,Drive,Loading,pitch.0,700872,-1.2316,20.0646,84.1614,63.1325,83.4283,-36.0242,-0.0943,0.0714
1779744290079,1,11.0000004b,Drive,Loading,pitch.0,700871,-1.3012,19.9048,83.7914,63.0194,83.5665,-35.8557,-0.0949,0.0715
1779744290079,1,12.00000015,Lower Delivery,Loading,pitch.0,700955,-0.1802,0.0548,0.8155,-0.7944,0.3259,-3.0271,0.0,0.0
1779744290079,1,12.00000018,Upper Delivery,Loading,pitch.0,701642,-0.2031,0.172,0.3293,-1.0372,-0.8935,-2.6663,0.0,0.0
1779744290079,1,Pitching Mound.Delivery,,Loading,pitch.0,700008,-0.3833,0.2268,1.1448,-1.6662,-0.5677,-5.7013,0.0,0.0
1779744290079,1,Pitching Mound.Drive,,Loading,pitch.0,700872,-1.2316,20.0646,84.1614,63.1325,83.4283,-36.0242,-0.0943,0.0714
1779744290079,1,Pitching Mound.Drive,,Loading,pitch.0,700871,-1.3012,19.9048,83.7914,63.0194,83.5665,-35.8557,-0.0949,0.0715
1779744290079,1,Pitching Mound.Parent,,Loading,pitch.0,699332,-1.6845,20.1316,84.9363,61.3532,82.9989,-41.557,-0.0936,0.0725
1779744290080,1,11.0000004b,Drive,Loading,pitch.0,700873,-1.1866,20.2264,84.5268,63.2317,83.4521,-36.2712,-0.0939,0.0712
1779744290080,1,12.00000015,Lower Delivery,Loading,pitch.0,700956,-0.1753,0.0529,0.8069,-0.6995,0.5409,-2.9946,0.0,0.0
1779744290080,1,12.00000018,Upper Delivery,Loading,pitch.0,701643,-0.1969,0.1794,0.3756,-0.8929,-0.74,-2.6598,0.0,0.0
1779744290080,1,Pitching Mound.Delivery,,Loading,pitch.0,700009,-0.3722,0.2323,1.1825,-1.4458,-0.199,-5.6618,0.0,0.0
1779744290080,1,Pitching Mound.Drive,,Loading,pitch.0,700873,-1.1866,20.2264,84.5268,63.2317,83.4521,-36.2712,-0.0939,0.0712
1779744290080,1,Pitching Mound.Parent,,Loading,pitch.0,699333,-1.6038,20.2969,85.3439,61.6868,83.2293,-41.686,-0.093,0.0721
1779744290081,1,11.0000004b,Drive,Loading,pitch.0,700874,-1.1483,20.3914,84.9443,63.4336,83.6738,-36.4599,-0.0937,0.071
1779744290081,1,12.00000015,Lower Delivery,Loading,pitch.0,700957,-0.1651,0.0472,0.789,-0.8214,0.8728,-3.0169,0.0,0.0
1779744290081,1,12.00000018,Upper Delivery,Loading,pitch.0,701644,-0.2141,0.178,0.3369,-1.2243,-1.0884,-2.7515,0.0,0.0
1779744290081,1,Pitching Mound.Delivery,,Loading,pitch.0,700010,-0.3792,0.2252,1.1259,-1.892,-0.2156,-5.785,0.0,0.0
1779744290081,1,Pitching Mound.Drive,,Loading,pitch.0,700874,-1.1483,20.3914,84.9443,63.4336,83.6738,-36.4599,-0.0937,0.071
1779744290081,1,Pitching Mound.Parent,,Loading,pitch.0,699334,-1.5658,20.4516,85.6527,61.3397,83.2365,-42.0562,-0.0927,0.072
1779744290082,1,11.0000004b,Drive,Loading,pitch.0,700875,-1.1036,20.5435,85.3479,63.722,83.706,-36.6323,-0.0933,0.071
1779744290082,1,12.00000015,Lower Delivery,Loading,pitch.0,700958,-0.145,0.0431,0.8091,-0.3004,0.5503,-3.0336,0.0,0.0
1779744290082,1,12.00000018,Upper Delivery,Loading,pitch.0,701645,-0.2367,0.188,0.3502,-1.3964,-1.2701,-2.7838,0.0,0.0
1779744290082,1,Pitching Mound.Delivery,,Loading,pitch.0,700011,-0.3817,0.2311,1.1593,-1.5408,-0.7198,-5.8486,0.0,0.0
1779744290082,1,Pitching Mound.Drive,,Loading,pitch.0,700875,-1.1036,20.5435,85.3479,63.722,83.706,-36.6323,-0.0933,0.071
1779744290082,1,Pitching Mound.Parent,,Loading,pitch.0,699335,-1.53,20.6226,86.1036,61.8929,82.954,-42.3085,-0.0924,0.0719
1779744290083,1,11.0000004b,Drive,Loading,pitch.0,700876,-1.0823,20.6935,85.7183,63.8918,83.8419,-36.7812,-0.093,0.0709
1779744290083,1,12.00000015,Lower Delivery,Loading,pitch.0,700959,-0.1486,0.0421,0.8443,-0.3075,0.4965,-3.046,0.0,0.0
1779744290083,1,12.00000018,Upper Delivery,Loading,pitch.0,701646,-0.2338,0.1648,0.307,-1.1932,-1.055,-2.7542,0.0,0.0
1779744290083,1,Pitching Mound.Delivery,,Loading,pitch.0,700012,-0.3823,0.207,1.1513,-1.318,-0.5585,-5.8292,0.0,0.0
1779744290083,1,Pitching Mound.Drive,,Loading,pitch.0,700876,-1.0823,20.6935,85.7183,63.8918,83.8419,-36.7812,-0.093,0.0709
1779744290083,1,Pitching Mound.Parent,,Loading,pitch.0,699336,-1.486,20.7505,86.4991,62.404,83.1475,-42.4614,-0.0921,0.0722
1779744290084,1,11.0000004b,Drive,Loading,pitch.0,700877,-1.0567,20.8568,86.0887,63.9839,83.7682,-36.9358,-0.0926,0.0707
1779744290084,1,12.00000015,Lower Delivery,Loading,pitch.0,700960,-0.1679,0.0469,0.9533,-0.8744,0.505,-3.062,0.0,0.0
1779744290084,1,12.00000018,Upper Delivery,Loading,pitch.0,701647,-0.2333,0.1529,0.3298,-1.022,-0.8733,-2.7381,0.0,0.0
1779744290084,1,Pitching Mound.Delivery,,Loading,pitch.0,700013,-0.4012,0.1998,1.2831,-1.6844,-0.3683,-5.8222,0.0,0.0
1779744290084,1,Pitching Mound.Drive,,Loading,pitch.0,700877,-1.0567,20.8568,86.0887,63.9839,83.7682,-36.9358,-0.0926,0.0707
1779744290084,1,Pitching Mound.Parent,,Loading,pitch.0,699337,-1.4835,20.8932,87.0014,62.2075,83.4736,-42.6035,-0.0917,0.0723
1779744290085,1,11.0000004b,Drive,Loading,pitch.0,700878,-1.0115,21.0326,86.5972,64.4518,84.1993,-37.0959,-0.0925,0.0708
1779744290085,1,12.00000015,Lower Delivery,Loading,pitch.0,700961,-0.1417,0.0431,1.0888,-0.872,0.4663,-3.0517,0.0,0.0
1779744290085,1,12.00000018,Upper Delivery,Loading,pitch.0,701648,-0.2988,0.1904,0.4421,-0.9195,-0.7625,-2.7637,0.0,0.0
1779744290085,1,Pitching Mound.Delivery,,Loading,pitch.0,700014,-0.4405,0.2335,1.531,-1.5716,-0.2963,-5.8688,0.0,0.0
1779744290085,1,Pitching Mound.Drive,,Loading,pitch.0,700878,-1.0115,21.0326,86.5972,64.4518,84.1993,-37.0959,-0.0925,0.0708
1779744290085,1,Pitching Mound.Parent,,Loading,pitch.0,699338,-1.4972,21.0903,87.6197,62.4123,83.472,-42.8046,-0.0909,0.072
1779744290086,1,11.0000004b,Drive,Loading,pitch.0,700879,-0.9919,21.2013,87.0313,64.6838,84.3372,-37.2975,-0.0922,0.0707
1779744290086,1,12.00000015,Lower Delivery,Loading,pitch.0,700962,-0.1578,0.0449,1.0323,-0.3961,0.529,-3.0786,0.0,0.0
1779744290086,1,12.00000018,Upper Delivery,Loading,pitch.0,701649,-0.3232,0.216,0.5352,-0.9957,-0.8458,-2.7291,0.0,0.0
1779744290086,1,Pitching Mound.Delivery,,Loading,pitch.0,700015,-0.4809,0.2608,1.5675,-1.2229,-0.3168,-5.8639,0.0,0.0
1779744290086,1,Pitching Mound.Drive,,Loading,pitch.0,700879,-0.9919,21.2013,87.0313,64.6838,84.3372,-37.2975,-0.0922,0.0707
1779744290086,1,Pitching Mound.Parent,,Loading,pitch.0,699339,-1.4925,21.2934,88.1647,63.2289,83.8825,-42.9598,-0.0909,0.0715
1779744290087,1,11.0000004b,Drive,Loading,pitch.0,700880,-0.9922,21.3778,87.4419,64.8987,84.4441,-37.4518,-0.0919,0.0706
1779744290087,1,12.00000015,Lower Delivery,Loading,pitch.0,700963,-0.1807,0.052,1.083,-0.2852,0.402,-3.0669,0.0,0.0
1779744290087,1,12.00000018,Upper Delivery,Loading,pitch.0,701650,-0.3238,0.2042,0.5335,-1.0485,-0.9014,-2.7419,0.0,0.0
1779744290087,1,Pitching Mound.Delivery,,Loading,pitch.0,700016,-0.5045,0.2562,1.6165,-1.1469,-0.4994,-5.8575,0.0,0.0
1779744290087,1,Pitching Mound.Drive,,Loading,pitch.0,700880,-0.9922,21.3778,87.4419,64.8987,84.4441,-37.4518,-0.0919,0.0706
1779744290087,1,Pitching Mound.Parent,,Loading,pitch.0,699340,-1.4964,21.4575,88.6479,63.5369,83.8378,-43.155,-0.0905,0.0715
1779744290088,1,12.00000015,Lower Delivery,Loading,pitch.0,700964,-0.1806,0.0514,1.026,-0.2785,0.1169,-3.0467,0.0,0.0
1779744290088,1,12.00000018,Upper Delivery,Loading,pitch.0,701651,-0.3605,0.2428,0.6505,-1.0605,-0.911,-2.7986,0.0,0.0
1779744290088,1,Pitching Mound.Delivery,,Loading,pitch.0,700017,-0.5411,0.2942,1.6765,-1.2113,-0.7942,-5.9066,0.0,0.0
1779744290088,1,Pitching Mound.Parent,,Loading,pitch.0,699341,-1.5333,21.672,89.1184,63.6874,83.65,-43.3584,-0.0901,0.0707
1779744290089,1,11.0000004b,Drive,Loading,pitch.0,700881,-0.9698,21.5627,87.921,65.1239,84.6062,-37.6297,-0.0915,0.0705
1779744290089,1,12.00000015,Lower Delivery,Loading,pitch.0,700965,-0.2056,0.0583,1.0187,-0.5203,-0.0611,-3.0193,0.0,0.0
1779744290089,1,12.00000018,Upper Delivery,Loading,pitch.0,701652,-0.3704,0.2376,0.6216,-1.2889,-1.1554,-2.7839,0.0,0.0
1779744290089,1,Pitching Mound.Delivery,,Loading,pitch.0,700018,-0.576,0.2959,1.6402,-1.6741,-1.2165,-5.8592,0.0,0.0
1779744290089,1,Pitching Mound.Drive,,Loading,pitch.0,700881,-0.9698,21.5627,87.921,65.1239,84.6062,-37.6297,-0.0915,0.0705
1779744290089,1,Pitching Mound.Parent,,Loading,pitch.0,699342,-1.5457,21.8586,89.5613,63.4498,83.3897,-43.4889,-0.0899,0.0707
1779744290090,1,11.0000004b,Drive,Loading,pitch.0,700882,-0.9627,21.7597,88.4565,65.5121,84.724,-37.7676,-0.0911,0.0705
1779744290090,1,12.00000015,Lower Delivery,Loading,pitch.0,700966,-0.2195,0.0622,1.0022,-0.4564,0.0116,-2.9931,0.0,0.0
1779744290090,1,12.00000018,Upper Delivery,Loading,pitch.0,701653,-0.3733,0.2416,0.6707,-1.2027,-1.0646,-2.7631,0.0,0.0
1779744290090,1,Pitching Mound.Delivery,,Loading,pitch.0,700019,-0.5928,0.3038,1.6729,-1.5463,-1.0531,-5.8084,0.0,0.0
1779744290090,1,Pitching Mound.Drive,,Loading,pitch.0,700882,-0.9627,21.7597,88.4565,65.5121,84.724,-37.7676,-0.0911,0.0705
1779744290090,1,Pitching Mound.Parent,,Loading,pitch.0,699343,-1.5555,22.0635,90.1295,63.9657,83.6709,-43.576,-0.0894,0.0704
1779744290091,1,11.0000004b,Drive,Loading,pitch.0,700883,-0.959,21.9809,88.9641,65.8976,85.0768,-38.0281,-0.091,0.0705
1779744290091,1,12.00000015,Lower Delivery,Loading,pitch.0,700967,-0.2158,0.0643,0.9746,-1.0096,0.0166,-3.0183,0.0,0.0
1779744290091,1,12.00000018,Upper Delivery,Loading,pitch.0,701654,-0.3823,0.2606,0.6975,-1.2409,-1.107,-2.7346,0.0,0.0
1779744290091,1,Pitching Mound.Delivery,,Loading,pitch.0,700020,-0.5981,0.3249,1.6721,-2.1563,-1.0904,-5.8095,0.0,0.0
1779744290091,1,Pitching Mound.Drive,,Loading,pitch.0,700883,-0.959,21.9809,88.9641,65.8976,85.0768,-38.0281,-0.091,0.0705
1779744290091,1,Pitching Mound.Parent,,Loading,pitch.0,699344,-1.5571,22.3058,90.6363,63.7413,83.9864,-43.8376,-0.0893,0.0702
1779744290092,1,11.0000004b,Drive,Loading,pitch.0,700884,-0.9294,22.216,89.5697,66.4575,85.0939,-38.2189,-0.0904,0.0706
1779744290092,1,12.00000015,Lower Delivery,Loading,pitch.0,700968,-0.2336,0.0681,0.9688,-0.6854,-0.0296,-2.9619,0.0,0.0
1779744290092,1,12.00000018,Upper Delivery,Loading,pitch.0,701655,-0.3877,0.2572,0.6773,-1.2681,-1.1384,-2.6908,0.0,0.0
1779744290092,1,Pitching Mound.Delivery,,Loading,pitch.0,700021,-0.6214,0.3252,1.6462,-1.8544,-1.168,-5.7051,0.0,0.0
1779744290092,1,Pitching Mound.Drive,,Loading,pitch.0,700884,-0.9294,22.216,89.5697,66.4575,85.0939,-38.2189,-0.0904,0.0706
1779744290092,1,Pitching Mound.Parent,,Loading,pitch.0,699345,-1.5508,22.5413,91.2159,64.6032,83.9259,-43.924,-0.0887,0.0704
1779744290093,1,11.0000004b,Drive,Loading,pitch.0,700885,-0.9522,22.4176,89.857,66.2721,84.6793,-38.3661,-0.0896,0.0702
1779744290093,1,12.00000015,Lower Delivery,Loading,pitch.0,700969,-0.2487,0.0702,0.9231,-0.9843,0.1791,-2.911,0.0,0.0
1779744290093,1,12.00000018,Upper Delivery,Loading,pitch.0,701656,-0.3698,0.2412,0.5441,-1.3749,-1.2564,-2.6195,0.0,0.0
1779744290093,1,Pitching Mound.Delivery,,Loading,pitch.0,700022,-0.6185,0.3114,1.4672,-2.2303,-1.0772,-5.5716,0.0,0.0
1779744290093,1,Pitching Mound.Drive,,Loading,pitch.0,700885,-0.9522,22.4176,89.857,66.2721,84.6793,-38.3661,-0.0896,0.0702
1779744290093,1,Pitching Mound.Parent,,Loading,pitch.0,699346,-1.5707,22.729,91.3241,64.0418,83.6021,-43.9377,-0.0882,0.0704
1779744290094,1,11.0000004b,Drive,Loading,pitch.0,700886,-0.9131,22.6365,90.4083,66.7346,84.6583,-38.5354,-0.0891,0.0702
1779744290094,1,11.0000004b,Drive,Loading,pitch.0,700887,-0.8861,22.8466,90.9776,67.1546,84.7433,-38.7181,-0.0886,0.0702
1779744290094,1,12.00000015,Lower Delivery,Loading,pitch.0,700970,-0.2765,0.0785,0.9975,-1.4001,0.1436,-2.8886,0.0,0.0
1779744290094,1,12.00000018,Upper Delivery,Loading,pitch.0,701657,-0.2989,0.184,0.3323,-1.4032,-1.1551,-2.5994,0.0,0.0
1779744290094,1,Pitching Mound.Delivery,,Loading,pitch.0,700023,-0.5754,0.2625,1.3297,-2.5771,-1.0115,-5.4956,0.0,0.0
1779744290094,1,Pitching Mound.Drive,,Loading,pitch.0,700886,-0.9131,22.6365,90.4083,66.7346,84.6583,-38.5354,-0.0891,0.0702
1779744290094,1,Pitching Mound.Drive,,Loading,pitch.0,700887,-0.8861,22.8466,90.9776,67.1546,84.7433,-38.7181,-0.0886,0.0702
1779744290094,1,Pitching Mound.Parent,,Loading,pitch.0,699347,-1.4885,22.899,91.738,64.1576,83.6468,-44.031,-0.0878,0.0717
1779744290095,1,11.0000004b,Drive,Loading,pitch.0,700888,-0.8778,23.0512,91.438,67.243,84.3913,-38.8056,-0.0878,0.07
1779744290095,1,12.00000015,Lower Delivery,Loading,pitch.0,700971,-0.2863,0.0811,1.0675,-1.4537,0.0122,-2.9105,0.0,0.0
1779744290095,1,12.00000018,Upper Delivery,Loading,pitch.0,701658,-0.2742,0.186,0.3366,-1.4247,-1.1651,-2.5932,0.0,0.0
1779744290095,1,Pitching Mound.Delivery,,Loading,pitch.0,700024,-0.5605,0.2672,1.4041,-2.6299,-1.1529,-5.4996,0.0,0.0
1779744290095,1,Pitching Mound.Drive,,Loading,pitch.0,700888,-0.8778,23.0512,91.438,67.243,84.3913,-38.8056,-0.0878,0.07
1779744290095,1,Pitching Mound.Parent,,Loading,pitch.0,699348,-1.4466,23.1138,92.3817,64.5247,83.5904,-44.2177,-0.0873,0.0718
1779744290096,1,12.00000015,Lower Delivery,Loading,pitch.0,700972,-0.3004,0.0909,1.0947,-1.7092,0.0177,-2.9076,0.0,0.0
1779744290096,1,12.00000018,Upper Delivery,Loading,pitch.0,701659,-0.2573,0.205,0.3635,-1.4235,-1.1889,-2.6253,0.0,0.0
1779744290096,1,Pitching Mound.Delivery,,Loading,pitch.0,700025,-0.5577,0.2959,1.4582,-2.8841,-1.1711,-5.5182,0.0,0.0
1779744290096,1,Pitching Mound.Parent,,Loading,pitch.0,699349,-1.4355,23.3471,92.8962,64.359,83.2201,-44.3238,-0.0864,0.0715
1779744290097,1,11.0000004b,Drive,Loading,pitch.0,700889,-0.8548,23.2635,92.0243,67.6917,84.6194,-39.0416,-0.0875,0.07
1779744290097,1,11.0000004b,Drive,Loading,pitch.0,700890,-0.799,23.4312,92.5805,67.9784,84.5197,-39.0877,-0.0868,0.0698
1779744290097,1,12.00000015,Lower Delivery,Loading,pitch.0,700973,-0.3133,0.0867,1.094,-1.9479,-0.1061,-2.8561,0.0,0.0
1779744290097,1,12.00000018,Upper Delivery,Loading,pitch.0,701660,-0.2321,0.1832,0.3618,-0.9613,-0.8206,-2.5239,0.0,0.0
1779744290097,1,Pitching Mound.Delivery,,Loading,pitch.0,700026,-0.5454,0.2699,1.4558,-2.6604,-0.9267,-5.3524,0.0,0.0
1779744290097,1,Pitching Mound.Drive,,Loading,pitch.0,700889,-0.8548,23.2635,92.0243,67.6917,84.6194,-39.0416,-0.0875,0.07
1779744290097,1,Pitching Mound.Drive,,Loading,pitch.0,700890,-0.799,23.4312,92.5805,67.9784,84.5197,-39.0877,-0.0868,0.0698
1779744290097,1,Pitching Mound.Parent,,Loading,pitch.0,699350,-1.4002,23.5333,93.4802,65.0313,83.6927,-44.3939,-0.0861,0.0715
1779744290098,1,11.0000004b,Drive,Loading,pitch.0,700891,-0.7846,23.6854,93.1222,68.4084,84.5564,-39.372,-0.0864,0.0699
1779744290098,1,12.00000015,Lower Delivery,Loading,pitch.0,700974,-0.3008,0.084,1.0586,-1.6655,0.0583,-2.8493,0.0,0.0
1779744290098,1,12.00000018,Upper Delivery,Loading,pitch.0,701661,-0.2289,0.1946,0.3538,-0.7933,-0.6457,-2.4478,0.0,0.0
1779744290098,1,Pitching Mound.Delivery,,Loading,pitch.0,700027,-0.5297,0.2786,1.4123,-2.2192,-0.5874,-5.2726,0.0,0.0
1779744290098,1,Pitching Mound.Drive,,Loading,pitch.0,700891,-0.7846,23.6854,93.1222,68.4084,84.5564,-39.372,-0.0864,0.0699
1779744290098,1,Pitching Mound.Parent,,Loading,pitch.0,699351,-1.3288,23.7099,93.9929,65.7592,83.9322,-44.3602,-0.0855,0.0713
1779744290099,1,11.0000004b,Drive,Loading,pitch.0,700892,-0.737,23.8981,93.8413,69.0162,84.6465,-39.6253,-0.0858,0.07
1779744290099,1,12.00000015,Lower Delivery,Loading,pitch.0,700975,-0.3125,0.0874,1.0515,-1.4639,0.2946,-2.8842,0.0,0.0
1779744290099,1,12.00000018,Upper Delivery,Loading,pitch.0,701662,-0.2141,0.1752,0.3365,-1.248,-0.8857,-2.4367,0.0,0.0
1779744290099,1,Pitching Mound.Delivery,,Loading,pitch.0,700028,-0.5266,0.2626,1.3879,-2.4688,-0.5911,-5.2874,0.0,0.0
1779744290099,1,Pitching Mound.Drive,,Loading,pitch.0,700892,-0.737,23.8981,93.8413,69.0162,84.6465,-39.6253,-0.0858,0.07
1779744290099,1,Pitching Mound.Parent,,Loading,pitch.0,699352,-1.3112,23.948,94.5101,65.9396,83.9653,-44.6594,-0.0851,0.0714
1779744290100,1,11.0000004b,Drive,Loading,pitch.0,700893,-0.7358,24.1171,94.2462,68.9626,84.3874,-39.8468,-0.0852,0.0696
1779744290100,1,12.00000015,Lower Delivery,Loading,pitch.0,700976,-0.3042,0.0868,1.0842,-1.4665,0.2327,-2.8809,0.0,0.0
1779744290100,1,12.00000018,Upper Delivery,Loading,pitch.0,701663,-0.2302,0.1912,0.3445,-0.977,-0.8429,-2.4233,0.0,0.0
1779744290100,1,Pitching Mound.Delivery,,Loading,pitch.0,700029,-0.5344,0.2779,1.4286,-2.192,-0.6102,-5.2791,0.0,0.0
1779744290100,1,Pitching Mound.Drive,,Loading,pitch.0,700893,-0.7358,24.1171,94.2462,68.9626,84.3874,-39.8468,-0.0852,0.0696
1779744290100,1,Pitching Mound.Parent,,Loading,pitch.0,699353,-1.2714,24.176,95.2699,66.8243,84.0363,-44.9044,-0.0845,0.0716
1779744290101,1,11.0000004b,Drive,Loading,pitch.0,700894,-0.7228,24.3475,94.8153,69.2097,84.3964,-40.1004,-0.0847,0.0694
1779744290101,1,12.00000015,Lower Delivery,Loading,pitch.0,700977,-0.289,0.0871,1.0935,-1.3617,0.3535,-2.9186,0.0,0.0
1779744290101,1,12.00000018,Upper Delivery,Loading,pitch.0,701664,-0.2391,0.1815,0.3387,-1.1147,-0.8303,-2.4389,0.0,0.0
1779744290101,1,Pitching Mound.Delivery,,Loading,pitch.0,700030,-0.5281,0.2686,1.4322,-2.2197,-0.4768,-5.3405,0.0,0.0
1779744290101,1,Pitching Mound.Drive,,Loading,pitch.0,700894,-0.7228,24.3475,94.8153,69.2097,84.3964,-40.1004,-0.0847,0.0694
1779744290101,1,Pitching Mound.Parent,,Loading,pitch.0,699354,-1.264,24.3856,95.6785,66.7429,83.9106,-45.1873,-0.0839,0.0712
1779744290102,1,11.0000004b,Drive,Loading,pitch.0,700895,-0.6943,24.5907,95.4281,69.6555,84.9474,-40.4299,-0.0847,0.0694
1779744290102,1,12.00000015,Lower Delivery,Loading,pitch.0,700978,-0.2855,0.0833,1.0659,-1.4589,0.2042,-2.8798,0.0,0.0
1779744290102,1,12.00000018,Upper Delivery,Loading,pitch.0,701665,-0.2441,0.142,0.2879,-1.5036,-0.8939,-2.4979,0.0,0.0
1779744290102,1,Pitching Mound.Delivery,,Loading,pitch.0,700031,-0.5296,0.2254,1.3538,-2.698,-0.6897,-5.3635,0.0,0.0
1779744290102,1,Pitching Mound.Drive,,Loading,pitch.0,700895,-0.6943,24.5907,95.4281,69.6555,84.9474,-40.4299,-0.0847,0.0694
1779744290102,1,Pitching Mound.Parent,,Loading,pitch.0,699355,-1.2524,24.5729,96.1691,66.5117,83.7068,-45.4639,-0.0835,0.0712
1779744290103,1,11.0000004b,Drive,Loading,pitch.0,700896,-0.6738,24.7204,95.8995,69.7536,84.7799,-40.4412,-0.0841,0.0692
1779744290103,1,12.00000015,Lower Delivery,Loading,pitch.0,700979,-0.2769,0.0804,1.0629,-1.5959,0.1448,-2.866,0.0,0.0
1779744290103,1,12.00000018,Upper Delivery,Loading,pitch.0,701666,-0.23,0.1315,0.2847,-1.1111,-0.7184,-2.4716,0.0,0.0
1779744290103,1,Pitching Mound.Delivery,,Loading,pitch.0,700032,-0.507,0.2119,1.3476,-2.4424,-0.5736,-5.3216,0.0,0.0
1779744290103,1,Pitching Mound.Drive,,Loading,pitch.0,700896,-0.6738,24.7204,95.8995,69.7536,84.7799,-40.4412,-0.0841,0.0692
1779744290103,1,Pitching Mound.Parent,,Loading,pitch.0,699356,-1.2013,24.8026,96.7757,67.2131,84.3738,-45.7515,-0.0835,0.0712
1779744290104,1,11.0000004b,Drive,Loading,pitch.0,700897,-0.6342,24.9235,96.5026,70.1472,85.3238,-40.7374,-0.0841,0.0691
1779744290104,1,12.00000015,Lower Delivery,Loading,pitch.0,700980,-0.2731,0.0826,1.0964,-1.2468,0.4326,-2.8724,0.0,0.0
1779744290104,1,12.00000018,Upper Delivery,Loading,pitch.0,701667,-0.2479,0.1362,0.3171,-0.9935,-0.6638,-2.5383,0.0,0.0
1779744290104,1,Pitching Mound.Delivery,,Loading,pitch.0,700033,-0.521,0.2188,1.4135,-1.9754,-0.2311,-5.4021,0.0,0.0
1779744290104,1,Pitching Mound.Drive,,Loading,pitch.0,700897,-0.6342,24.9235,96.5026,70.1472,85.3238,-40.7374,-0.0841,0.0691
1779744290104,1,Pitching Mound.Parent,,Loading,pitch.0,699357,-1.1948,24.9392,97.313,67.7782,84.5488,-45.8433,-0.0829,0.0709
1779744290105,1,11.0000004b,Drive,Loading,pitch.0,700898,-0.607,25.1279,97.1021,70.567,86.2441,-41.0747,-0.0845,0.0691
1779744290105,1,12.00000015,Lower Delivery,Loading,pitch.0,700981,-0.2325,0.0829,1.084,-1.2798,0.3536,-2.8654,0.0,0.0
1779744290105,1,12.00000018,Upper Delivery,Loading,pitch.0,701668,-0.2706,0.1556,0.3198,-1.3523,-0.9213,-2.6225,0.0,0.0
1779744290105,1,Pitching Mound.Delivery,,Loading,pitch.0,700034,-0.5031,0.2385,1.4038,-2.3722,-0.5677,-5.5008,0.0,0.0
1779744290105,1,Pitching Mound.Drive,,Loading,pitch.0,700898,-0.607,25.1279,97.1021,70.567,86.2441,-41.0747,-0.0845,0.0691
1779744290105,1,Pitching Mound.Parent,,Loading,pitch.0,699358,-1.1373,25.162,97.9064,67.775,84.7561,-46.2382,-0.0829,0.0708
1779744290106,1,11.0000004b,Drive,Loading,pitch.0,700899,-0.5734,25.3342,97.674,70.9542,86.5879,-41.3017,-0.0843,0.0691
1779744290106,1,12.00000015,Lower Delivery,Loading,pitch.0,700982,-0.1988,0.088,1.0646,-1.3565,0.2209,-2.8418,0.0,0.0
1779744290106,1,12.00000018,Upper Delivery,Loading,pitch.0,701669,-0.2921,0.1537,0.3298,-1.3444,-1.1034,-2.6394,0.0,0.0
1779744290106,1,Pitching Mound.Delivery,,Loading,pitch.0,700035,-0.4909,0.2417,1.3944,-2.4511,-0.8824,-5.513,0.0,0.0
1779744290106,1,Pitching Mound.Drive,,Loading,pitch.0,700899,-0.5734,25.3342,97.674,70.9542,86.5879,-41.3017,-0.0843,0.0691
1779744290106,1,Pitching Mound.Parent,,Loading,pitch.0,699359,-1.0979,25.3696,98.4966,68.1159,85.3616,-46.5877,-0.0833,0.0707
1779744290107,1,11.0000004b,Drive,Loading,pitch.0,700900,-0.5668,25.4953,98.0344,71.04,86.7376,-41.4861,-0.0842,0.0689
1779744290107,1,12.00000015,Lower Delivery,Loading,pitch.0,700983,-0.2024,0.0912,1.0621,-1.3807,0.1983,-2.8472,0.0,0.0
1779744290107,1,12.00000018,Upper Delivery,Loading,pitch.0,701670,-0.3104,0.1657,0.3613,-1.0904,-0.8431,-2.541,0.0,0.0
1779744290107,1,Pitching Mound.Delivery,,Loading,pitch.0,700036,-0.5128,0.2569,1.4234,-2.2328,-0.6448,-5.4249,0.0,0.0
1779744290107,1,Pitching Mound.Drive,,Loading,pitch.0,700900,-0.5668,25.4953,98.0344,71.04,86.7376,-41.4861,-0.0842,0.0689
1779744290107,1,Pitching Mound.Parent,,Loading,pitch.0,699360,-1.0861,25.5911,99.0974,68.7214,85.9431,-46.7266,-0.0831,0.0705
1779744290108,1,11.0000004b,Drive,Loading,pitch.0,700901,-0.5977,25.6545,98.2829,70.8637,86.7672,-41.6298,-0.084,0.0686
1779744290108,1,12.00000015,Lower Delivery,Loading,pitch.0,700984,-0.2186,0.0756,1.0345,-1.4494,0.0977,-2.8791,0.0,0.0
1779744290108,1,12.00000018,Upper Delivery,Loading,pitch.0,701671,-0.337,0.2083,0.4141,-0.818,-0.668,-2.5183,0.0,0.0
1779744290108,1,Pitching Mound.Delivery,,Loading,pitch.0,700037,-0.5556,0.2839,1.4487,-2.0564,-0.5703,-5.4376,0.0,0.0
1779744290108,1,Pitching Mound.Drive,,Loading,pitch.0,700901,-0.5977,25.6545,98.2829,70.8637,86.7672,-41.6298,-0.084,0.0686
1779744290108,1,Pitching Mound.Parent,,Loading,pitch.0,699361,-1.1224,25.7792,99.4831,68.9835,86.1672,-46.9237,-0.0829,0.0701
1779744290109,1,11.0000004b,Drive,Loading,pitch.0,700902,-0.5766,25.8303,98.867,71.3094,86.8714,-41.8193,-0.0836,0.0686
1779744290109,1,12.00000015,Lower Delivery,Loading,pitch.0,700985,-0.2159,0.0848,1.056,-1.5296,0.0258,-2.905,0.0,0.0
1779744290109,1,12.00000018,Upper Delivery,Loading,pitch.0,701672,-0.2987,0.1724,0.4043,-0.8942,-0.7498,-2.5091,0.0,0.0
1779744290109,1,Pitching Mound.Delivery,,Loading,pitch.0,700038,-0.5146,0.2572,1.4603,-2.2023,-0.724,-5.4423,0.0,0.0
1779744290109,1,Pitching Mound.Drive,,Loading,pitch.0,700902,-0.5766,25.8303,98.867,71.3094,86.8714,-41.8193,-0.0836,0.0686
1779744290109,1,Pitching Mound.Parent,,Loading,pitch.0,699362,-1.1123,25.9117,99.7432,68.6614,86.0432,-47.0721,-0.0828,0.0698
1779744290110,1,11.0000004b,Drive,Loading,pitch.0,700903,-0.5714,25.972,99.3283,71.5365,86.8401,-41.9674,-0.0832,0.0685
1779744290110,1,12.00000015,Lower Delivery,Loading,pitch.0,700986,-0.2193,0.079,1.0292,-1.6677,-0.2232,-2.8799,0.0,0.0
1779744290110,1,12.00000018,Upper Delivery,Loading,pitch.0,701673,-0.3121,0.1973,0.4366,-0.4819,-0.3136,-2.4465,0.0,0.0
1779744290110,1,Pitching Mound.Delivery,,Loading,pitch.0,700039,-0.5315,0.2763,1.4659,-1.9482,-0.5369,-5.358,0.0,0.0
1779744290110,1,Pitching Mound.Drive,,Loading,pitch.0,700903,-0.5714,25.972,99.3283,71.5365,86.8401,-41.9674,-0.0832,0.0685
1779744290110,1,Pitching Mound.Parent,,Loading,pitch.0,699363,-1.1081,26.1066,100.3329,69.3612,86.3346,-47.1773,-0.0824,0.0696
1779744290111,1,11.0000004b,Drive,Loading,pitch.0,700904,-0.5761,26.1174,99.7953,71.7464,86.7289,-42.1433,-0.0827,0.0684
1779744290111,1,12.00000015,Lower Delivery,Loading,pitch.0,700987,-0.2091,0.0885,0.9751,-1.5361,-0.2659,-2.8997,0.0,0.0
1779744290111,1,12.00000018,Upper Delivery,Loading,pitch.0,701674,-0.2823,0.1883,0.45,-0.4386,-0.2695,-2.4081,0.0,0.0
1779744290111,1,Pitching Mound.Delivery,,Loading,pitch.0,700040,-0.4914,0.2768,1.4251,-1.7962,-0.5354,-5.3327,0.0,0.0
1779744290111,1,Pitching Mound.Drive,,Loading,pitch.0,700904,-0.5761,26.1174,99.7953,71.7464,86.7289,-42.1433,-0.0827,0.0684
1779744290111,1,Pitching Mound.Parent,,Loading,pitch.0,699364,-1.0628,26.2488,100.7535,69.7403,86.3046,-47.3001,-0.082,0.0693
1779744290112,1,11.0000004b,Drive,Loading,pitch.0,700905,-0.5841,26.2363,100.183,72.0396,86.7017,-42.2945,-0.0823,0.0684
1779744290112,1,12.00000015,Lower Delivery,Loading,pitch.0,700988,-0.2112,0.0888,0.9322,-1.8902,-0.4047,-2.8351,0.0,0.0
1779744290112,1,12.00000018,Upper Delivery,Loading,pitch.0,701675,-0.2877,0.1789,0.4525,-0.6002,-0.4407,-2.429,0.0,0.0
1779744290112,1,Pitching Mound.Delivery,,Loading,pitch.0,700041,-0.4989,0.2677,1.3847,-2.3272,-0.8454,-5.2902,0.0,0.0
1779744290112,1,Pitching Mound.Drive,,Loading,pitch.0,700905,-0.5841,26.2363,100.183,72.0396,86.7017,-42.2945,-0.0823,0.0684
1779744290112,1,Pitching Mound.Parent,,Loading,pitch.0,699365,-1.075,26.3851,101.18,69.4192,85.8836,-47.4334,-0.0815,0.0691
1779744290113,1,11.0000004b,Drive,Loading,pitch.0,700906,-0.5844,26.3639,100.6179,72.3098,86.5908,-42.4824,-0.0819,0.0684
1779744290113,1,12.00000015,Lower Delivery,Loading,pitch.0,700989,-0.2318,0.0734,0.8886,-1.9098,-0.4115,-2.8654,0.0,0.0
1779744290113,1,12.00000018,Upper Delivery,Loading,pitch.0,701676,-0.2772,0.1774,0.4044,-0.8754,-0.7296,-2.5127,0.0,0.0
1779744290113,1,Pitching Mound.Delivery,,Loading,pitch.0,700042,-0.509,0.2507,1.293,-2.6207,-1.1411,-5.3935,0.0,0.0
1779744290113,1,Pitching Mound.Drive,,Loading,pitch.0,700906,-0.5844,26.3639,100.6179,72.3098,86.5908,-42.4824,-0.0819,0.0684
1779744290113,1,Pitching Mound.Parent,,Loading,pitch.0,699366,-1.0931,26.4871,101.476,69.4189,85.5605,-47.688,-0.0813,0.0692
1779744290114,1,11.0000004b,Drive,Loading,pitch.0,700907,-0.6113,26.4891,101.06,72.6198,86.6035,-42.6231,-0.0815,0.0684
1779744290114,1,12.00000015,Lower Delivery,Loading,pitch.0,700990,-0.2188,0.0803,1.0131,-1.8197,-0.4355,-2.91,0.0,0.0
1779744290114,1,12.00000018,Upper Delivery,Loading,pitch.0,701677,-0.2688,0.1525,0.3302,-0.8769,-0.7349,-2.4462,0.0,0.0
1779744290114,1,Pitching Mound.Delivery,,Loading,pitch.0,700043,-0.4876,0.2328,1.3434,-2.4644,-1.1704,-5.3732,0.0,0.0
1779744290114,1,Pitching Mound.Drive,,Loading,pitch.0,700907,-0.6113,26.4891,101.06,72.6198,86.6035,-42.6231,-0.0815,0.0684
1779744290114,1,Pitching Mound.Parent,,Loading,pitch.0,699367,-1.072,26.5967,101.9612,69.8453,85.4204,-47.8557,-0.0808,0.0697
1779744290115,1,11.0000004b,Drive,Loading,pitch.0,700908,-0.6352,26.6108,101.4406,72.7824,86.423,-42.7427,-0.081,0.0683
1779744290115,1,12.00000015,Lower Delivery,Loading,pitch.0,700991,-0.2219,0.0733,0.958,-1.796,-0.5205,-2.9208,0.0,0.0
1779744290115,1,12.00000018,Upper Delivery,Loading,pitch.0,701678,-0.2634,0.1466,0.313,-0.7465,-0.5969,-2.4257,0.0,0.0
1779744290115,1,Pitching Mound.Delivery,,Loading,pitch.0,700044,-0.4852,0.2199,1.271,-2.3232,-1.1175,-5.3606,0.0,0.0
1779744290115,1,Pitching Mound.Drive,,Loading,pitch.0,700908,-0.6352,26.6108,101.4406,72.7824,86.423,-42.7427,-0.081,0.0683
1779744290115,1,Pitching Mound.Parent,,Loading,pitch.0,699368,-1.0966,26.709,102.3309,70.2966,85.486,-47.9837,-0.0805,0.0697
1779744290116,1,11.0000004b,Drive,Loading,pitch.0,700909,-0.658,26.7117,101.8189,73.0469,86.3842,-42.8334,-0.0807,0.0682
1779744290116,1,12.00000015,Lower Delivery,Loading,pitch.0,700992,-0.2119,0.0754,0.9521,-2.0337,-0.4043,-2.9438,0.0,0.0
1779744290116,1,12.00000018,Upper Delivery,Loading,pitch.0,701679,-0.2687,0.1368,0.2865,-0.346,-0.1746,-2.3396,0.0,0.0
1779744290116,1,Pitching Mound.Delivery,,Loading,pitch.0,700045,-0.4806,0.2122,1.2386,-2.1533,-0.5788,-5.3027,0.0,0.0
1779744290116,1,Pitching Mound.Drive,,Loading,pitch.0,700909,-0.658,26.7117,101.8189,73.0469,86.3842,-42.8334,-0.0807,0.0682
1779744290116,1,Pitching Mound.Parent,,Loading,pitch.0,699369,-1.1157,26.823,102.6792,70.6291,85.8442,-48.0454,-0.0801,0.0696
1779744290117,1,11.0000004b,Drive,Loading,pitch.0,700910,-0.7107,26.8004,102.1764,73.32,86.3118,-42.9284,-0.0804,0.0683
1779744290117,1,12.00000015,Lower Delivery,Loading,pitch.0,700993,-0.1875,0.0771,0.8894,-1.5021,-0.0507,-2.937,0.0,0.0
1779744290117,1,12.00000018,Upper Delivery,Loading,pitch.0,701680,-0.2607,0.1295,0.2734,-0.533,-0.3707,-2.4003,0.0,0.0
1779744290117,1,Pitching Mound.Delivery,,Loading,pitch.0,700046,-0.4482,0.2066,1.1629,-1.8257,-0.4214,-5.3622,0.0,0.0
1779744290117,1,Pitching Mound.Drive,,Loading,pitch.0,700910,-0.7107,26.8004,102.1764,73.32,86.3118,-42.9284,-0.0804,0.0683
1779744290117,1,Pitching Mound.Parent,,Loading,pitch.0,699370,-1.1062,26.9182,102.9818,71.2212,85.9628,-48.1957,-0.0798,0.0695
1779744290118,1,11.0000004b,Drive,Loading,pitch.0,700911,-0.7559,26.8873,102.523,73.5435,86.1466,-42.9727,-0.0799,0.0682
1779744290118,1,12.00000015,Lower Delivery,Loading,pitch.0,700994,-0.175,0.0528,0.8479,-1.5331,-0.1384,-2.9704,0.0,0.0
1779744290118,1,12.00000018,Upper Delivery,Loading,pitch.0,701681,-0.2937,0.1488,0.3197,-0.6629,-0.5075,-2.4315,0.0,0.0
1779744290118,1,Pitching Mound.Delivery,,Loading,pitch.0,700047,-0.4688,0.2017,1.1676,-2.0165,-0.6459,-5.4423,0.0,0.0
1779744290118,1,Pitching Mound.Drive,,Loading,pitch.0,700911,-0.7559,26.8873,102.523,73.5435,86.1466,-42.9727,-0.0799,0.0682
1779744290118,1,Pitching Mound.Parent,,Loading,pitch.0,699371,-1.1795,27.002,103.344,71.3036,85.666,-48.3707,-0.0795,0.0692
1779744290119,1,11.0000004b,Drive,Loading,pitch.0,700912,-0.8263,26.962,102.888,73.7555,85.6482,-42.9901,-0.0792,0.0682
1779744290119,1,12.00000015,Lower Delivery,Loading,pitch.0,700995,-0.1645,0.0757,0.9572,-1.7746,-0.0377,-2.9392,0.0,0.0
1779744290119,1,12.00000018,Upper Delivery,Loading,pitch.0,701682,-0.337,0.1896,0.4672,-0.646,-0.4861,-2.4899,0.0,0.0
1779744290119,1,Pitching Mound.Delivery,,Loading,pitch.0,700048,-0.5014,0.2653,1.4244,-2.254,-0.5239,-5.4878,0.0,0.0
1779744290119,1,Pitching Mound.Drive,,Loading,pitch.0,700912,-0.8263,26.962,102.888,73.7555,85.6482,-42.9901,-0.0792,0.0682
1779744290119,1,Pitching Mound.Parent,,Loading,pitch.0,699372,-1.2574,27.1526,103.9474,71.2895,85.6227,-48.4605,-0.0788,0.0689
1779744290120,1,11.0000004b,Drive,Loading,pitch.0,700913,-0.9089,27.0263,103.1694,73.9574,85.2199,-42.9755,-0.0786,0.0682
1779744290120,1,12.00000015,Lower Delivery,Loading,pitch.0,700996,-0.1596,0.077,0.9192,-1.5861,0.0668,-2.9484,0.0,0.0
1779744290120,1,12.00000018,Upper Delivery,Loading,pitch.0,701683,-0.3914,0.2488,0.6208,-0.7657,-0.61,-2.5577,0.0,0.0
1779744290120,1,Pitching Mound.Delivery,,Loading,pitch.0,700049,-0.551,0.3258,1.54,-2.2503,-0.5432,-5.5849,0.0,0.0
1779744290120,1,Pitching Mound.Drive,,Loading,pitch.0,700913,-0.9089,27.0263,103.1694,73.9574,85.2199,-42.9755,-0.0786,0.0682
1779744290120,1,Pitching Mound.Parent,,Loading,pitch.0,699373,-1.3773,27.2878,104.428,71.5052,85.105,-48.575,-0.078,0.0682
1779744290121,1,11.0000004b,Drive,Loading,pitch.0,700914,-0.991,27.104,103.5463,74.1359,84.7029,-42.9445,-0.0778,0.0681
1779744290121,1,12.00000015,Lower Delivery,Loading,pitch.0,700997,-0.1455,0.0795,0.959,-1.4582,-0.1145,-2.962,0.0,0.0
1779744290121,1,12.00000018,Upper Delivery,Loading,pitch.0,701684,-0.4043,0.2714,0.6718,-1.0177,-0.8756,-2.6161,0.0,0.0
1779744290121,1,Pitching Mound.Delivery,,Loading,pitch.0,700050,-0.5498,0.3509,1.6308,-2.3783,-0.9901,-5.6661,0.0,0.0
1779744290121,1,Pitching Mound.Drive,,Loading,pitch.0,700914,-0.991,27.104,103.5463,74.1359,84.7029,-42.9445,-0.0778,0.0681
1779744290121,1,Pitching Mound.Parent,,Loading,pitch.0,699374,-1.4587,27.3773,104.8002,71.5792,84.2298,-48.6416,-0.0774,0.0681
1779744290122,1,11.0000004b,Drive,Loading,pitch.0,700915,-1.0937,27.1832,103.9036,74.3283,84.1186,-42.8978,-0.077,0.0681
1779744290122,1,12.00000015,Lower Delivery,Loading,pitch.0,700998,-0.1294,0.0714,1.0139,-1.4325,0.0368,-2.9938,0.0,0.0
1779744290122,1,12.00000018,Upper Delivery,Loading,pitch.0,701685,-0.4689,0.335,0.901,-1.1363,-0.9973,-2.7022,0.0,0.0
1779744290122,1,Pitching Mound.Delivery,,Loading,pitch.0,700051,-0.5983,0.4064,1.9149,-2.5304,-0.9605,-5.8114,0.0,0.0
1779744290122,1,Pitching Mound.Drive,,Loading,pitch.0,700915,-1.0937,27.1832,103.9036,74.3283,84.1186,-42.8978,-0.077,0.0681
1779744290122,1,Pitching Mound.Parent,,Loading,pitch.0,699375,-1.5893,27.5104,105.4612,71.6055,83.7424,-48.756,-0.0764,0.0672
1779744290123,1,11.0000004b,Drive,Loading,pitch.0,700916,-1.2054,27.2864,104.2333,74.4922,83.4544,-42.8926,-0.0762,0.068
1779744290123,1,12.00000015,Lower Delivery,Loading,pitch.0,700999,-0.1526,0.0747,1.048,-1.1544,0.2883,-2.9726,0.0,0.0
1779744290123,1,12.00000018,Upper Delivery,Loading,pitch.0,701686,-0.4157,0.3173,0.7876,-0.704,-0.5394,-2.6445,0.0,0.0
1779744290123,1,Pitching Mound.Delivery,,Loading,pitch.0,700052,-0.5683,0.392,1.8356,-1.7699,-0.2511,-5.7065,0.0,0.0
1779744290123,1,Pitching Mound.Drive,,Loading,pitch.0,700916,-1.2054,27.2864,104.2333,74.4922,83.4544,-42.8926,-0.0762,0.068
1779744290123,1,Pitching Mound.Parent,,Loading,pitch.0,699376,-1.6619,27.5752,105.7392,72.5584,83.8675,-48.6043,-0.0757,0.0677
1779744290124,1,11.0000004b,Drive,Loading,pitch.0,700917,-1.2871,27.4083,104.5865,74.6862,83.2141,-42.9186,-0.0757,0.0679
1779744290124,1,12.00000015,Lower Delivery,Loading,pitch.0,701000,-0.1559,0.0558,0.9684,-1.4228,0.1911,-2.9789,0.0,0.0
1779744290124,1,12.00000018,Upper Delivery,Loading,pitch.0,701687,-0.3179,0.2259,0.5207,-0.4913,-0.3172,-2.5606,0.0,0.0
1779744290124,1,Pitching Mound.Delivery,,Loading,pitch.0,700053,-0.4738,0.2817,1.4891,-1.7619,-0.1262,-5.5946,0.0,0.0
1779744290124,1,Pitching Mound.Drive,,Loading,pitch.0,700917,-1.2871,27.4083,104.5865,74.6862,83.2141,-42.9186,-0.0757,0.0679
1779744290124,1,Pitching Mound.Parent,,Loading,pitch.0,699377,-1.6792,27.5681,105.7223,72.7303,83.3282,-48.4872,-0.0751,0.0685
1779744290125,1,11.0000004b,Drive,Loading,pitch.0,700918,-1.3373,27.5142,104.8825,74.7263,82.7399,-42.943,-0.075,0.0678
1779744290125,1,12.00000015,Lower Delivery,Loading,pitch.0,701001,-0.1752,0.0515,0.9273,-1.6893,0.6885,-2.921,0.0,0.0
1779744290125,1,12.00000018,Upper Delivery,Loading,pitch.0,701688,-0.2622,0.1873,0.3603,-0.7951,-0.6388,-2.6044,0.0,0.0
1779744290125,1,Pitching Mound.Delivery,,Loading,pitch.0,700054,-0.4374,0.2387,1.2876,-2.2917,0.0497,-5.555,0.0,0.0
1779744290125,1,Pitching Mound.Drive,,Loading,pitch.0,700918,-1.3373,27.5142,104.8825,74.7263,82.7399,-42.943,-0.075,0.0678
1779744290125,1,Pitching Mound.Parent,,Loading,pitch.0,699378,-1.7245,27.647,105.874,72.3946,83.2638,-48.4736,-0.0748,0.0689
1779744290126,1,11.0000004b,Drive,Loading,pitch.0,700919,-1.3977,27.6331,105.0035,74.7903,82.5061,-43.0348,-0.0747,0.0678
1779744290126,1,12.00000015,Lower Delivery,Loading,pitch.0,701002,-0.1766,0.0504,0.8394,-1.6394,0.8611,-2.9108,0.0,0.0
1779744290126,1,12.00000018,Upper Delivery,Loading,pitch.0,701689,-0.2259,0.1853,0.3386,-0.7663,-0.6087,-2.5925,0.0,0.0
1779744290126,1,Pitching Mound.Delivery,,Loading,pitch.0,700055,-0.4025,0.2358,1.178,-2.2353,0.2525,-5.5201,0.0,0.0
1779744290126,1,Pitching Mound.Drive,,Loading,pitch.0,700919,-1.3977,27.6331,105.0035,74.7903,82.5061,-43.0348,-0.0747,0.0678
1779744290126,1,Pitching Mound.Parent,,Loading,pitch.0,699379,-1.7398,27.75,106.0604,72.491,82.9923,-48.4631,-0.0742,0.0686
1779744290127,1,11.0000004b,Drive,Loading,pitch.0,700920,-1.4268,27.8465,105.2967,74.7633,82.852,-43.2857,-0.0749,0.0675
1779744290127,1,12.00000015,Lower Delivery,Loading,pitch.0,701003,-0.1906,0.0527,0.8006,-1.6341,0.9117,-2.9287,0.0,0.0
1779744290127,1,12.00000018,Upper Delivery,Loading,pitch.0,701690,-0.2229,0.1896,0.3621,-0.6858,-0.5275,-2.5105,0.0,0.0
1779744290127,1,Pitching Mound.Delivery,,Loading,pitch.0,700056,-0.4135,0.2423,1.1627,-2.1709,0.3842,-5.4502,0.0,0.0
1779744290127,1,Pitching Mound.Drive,,Loading,pitch.0,700920,-1.4268,27.8465,105.2967,74.7633,82.852,-43.2857,-0.0749,0.0675
1779744290127,1,Pitching Mound.Parent,,Loading,pitch.0,699380,-1.8113,27.8753,106.1662,72.6195,82.8903,-48.485,-0.0739,0.0684
1779744290128,1,11.0000004b,Drive,Loading,pitch.0,700921,-1.3825,28.1482,105.7492,74.5415,83.4852,-43.6881,-0.0751,0.0671
1779744290128,1,12.00000015,Lower Delivery,Loading,pitch.0,701004,-0.2374,0.0638,0.8073,-2.0414,0.6236,-2.9151,0.0,0.0
1779744290128,1,12.00000018,Upper Delivery,Loading,pitch.0,701691,-0.2428,0.2007,0.4132,-0.4901,-0.3232,-2.4307,0.0,0.0
1779744290128,1,Pitching Mound.Delivery,,Loading,pitch.0,700057,-0.4802,0.2645,1.2204,-2.3975,0.3004,-5.3476,0.0,0.0
1779744290128,1,Pitching Mound.Drive,,Loading,pitch.0,700921,-1.3825,28.1482,105.7492,74.5415,83.4852,-43.6881,-0.0751,0.0671
1779744290128,1,Pitching Mound.Parent,,Loading,pitch.0,699381,-1.907,28.111,106.5172,72.3658,83.1523,-48.6333,-0.074,0.068
1779744290129,1,11.0000004b,Drive,Loading,pitch.0,700922,-1.3038,28.4884,106.3682,74.2772,84.1997,-44.1842,-0.0753,0.0664
1779744290129,1,12.00000015,Lower Delivery,Loading,pitch.0,701005,-0.2634,0.0696,0.8078,-2.2121,0.504,-2.8838,0.0,0.0
1779744290129,1,12.00000018,Upper Delivery,Loading,pitch.0,701692,-0.2206,0.1782,0.4061,-0.5179,-0.3546,-2.3991,0.0,0.0
1779744290129,1,Pitching Mound.Delivery,,Loading,pitch.0,700058,-0.484,0.2477,1.2139,-2.5933,0.1494,-5.2684,0.0,0.0
1779744290129,1,Pitching Mound.Drive,,Loading,pitch.0,700922,-1.3038,28.4884,106.3682,74.2772,84.1997,-44.1842,-0.0753,0.0664
1779744290129,1,Pitching Mound.Parent,,Loading,pitch.0,699382,-1.8665,28.3959,106.9631,71.9481,83.6347,-48.9565,-0.0742,0.0676
1779744290130,1,11.0000004b,Drive,Loading,pitch.0,700923,-1.1655,28.7124,106.9608,74.3037,84.8187,-44.491,-0.0754,0.0661
1779744290130,1,12.00000015,Lower Delivery,Loading,pitch.0,701006,-0.2469,0.0657,0.7152,-2.306,0.76,-2.9047,0.0,0.0
1779744290130,1,12.00000018,Upper Delivery,Loading,pitch.0,701693,-0.2282,0.1677,0.3768,-0.628,-0.4684,-2.4638,0.0,0.0
1779744290130,1,Pitching Mound.Delivery,,Loading,pitch.0,700059,-0.4751,0.2334,1.092,-2.8189,0.2916,-5.3621,0.0,0.0
1779744290130,1,Pitching Mound.Drive,,Loading,pitch.0,700923,-1.1655,28.7124,106.9608,74.3037,84.8187,-44.491,-0.0754,0.0661
1779744290130,1,Pitching Mound.Parent,,Loading,pitch.0,699383,-1.779,28.7218,107.4602,71.4583,84.4913,-49.5464,-0.0745,0.0668
1779744290131,1,11.0000004b,Drive,Loading,pitch.0,700924,-0.9726,28.9639,107.88,74.1443,85.3935,-44.7788,-0.0753,0.0654
1779744290131,1,12.00000015,Lower Delivery,Loading,pitch.0,701007,-0.2862,0.075,0.7716,-2.0167,0.4183,-2.8739,0.0,0.0
1779744290131,1,12.00000018,Upper Delivery,Loading,pitch.0,701694,-0.2357,0.1575,0.366,-0.5136,-0.3464,-2.4645,0.0,0.0
1779744290131,1,Pitching Mound.Delivery,,Loading,pitch.0,700060,-0.5219,0.2325,1.1376,-2.3924,0.072,-5.3212,0.0,0.0
1779744290131,1,Pitching Mound.Drive,,Loading,pitch.0,700924,-0.9726,28.9639,107.88,74.1443,85.3935,-44.7788,-0.0753,0.0654
1779744290131,1,Pitching Mound.Parent,,Loading,pitch.0,699384,-1.4945,29.1963,109.0176,71.7519,85.4655,-50.1001,-0.0745,0.066
1779744290132,1,11.0000004b,Drive,Loading,pitch.0,700925,-0.8363,29.0031,107.987,74.2517,85.4665,-44.7645,-0.0753,0.0654
1779744290132,1,12.00000015,Lower Delivery,Loading,pitch.0,701008,-0.302,0.0786,0.8339,-1.7736,0.385,-2.87,0.0,0.0
1779744290132,1,12.00000018,Upper Delivery,Loading,pitch.0,701695,-0.2249,0.1437,0.3792,-0.5168,-0.3506,-2.4499,0.0,0.0
1779744290132,1,Pitching Mound.Delivery,,Loading,pitch.0,700061,-0.5269,0.2223,1.2131,-2.1358,0.0345,-5.2937,0.0,0.0
1779744290132,1,Pitching Mound.Drive,,Loading,pitch.0,700925,-0.8363,29.0031,107.987,74.2517,85.4665,-44.7645,-0.0753,0.0654
1779744290132,1,Pitching Mound.Parent,,Loading,pitch.0,699385,-1.3632,29.2254,109.2001,72.1159,85.5009,-50.0582,-0.0745,0.0661
1779744290133,1,11.0000004b,Drive,Loading,pitch.0,700926,-0.6927,29.0173,107.8683,74.2027,85.7483,-44.7564,-0.0756,0.0654
1779744290133,1,12.00000015,Lower Delivery,Loading,pitch.0,701009,-0.3354,0.0869,0.8786,-1.8454,0.3506,-2.9264,0.0,0.0
1779744290133,1,12.00000018,Upper Delivery,Loading,pitch.0,701696,-0.2599,0.1773,0.3815,-0.5771,-0.4121,-2.5006,0.0,0.0
1779744290133,1,Pitching Mound.Delivery,,Loading,pitch.0,700062,-0.5954,0.2642,1.2601,-2.2535,-0.0615,-5.4014,0.0,0.0
1779744290133,1,Pitching Mound.Drive,,Loading,pitch.0,700926,-0.6927,29.0173,107.8683,74.2027,85.7483,-44.7564,-0.0756,0.0654
1779744290133,1,Pitching Mound.Parent,,Loading,pitch.0,699386,-1.288,29.2815,109.1283,71.9491,85.6867,-50.1577,-0.0747,0.0662
1779744290134,1,11.0000004b,Drive,Loading,pitch.0,700927,-0.5729,29.0356,107.885,73.9802,85.7956,-44.7224,-0.0757,0.0652
1779744290134,1,12.00000015,Lower Delivery,Loading,pitch.0,701010,-0.3356,0.0869,0.8935,-1.7831,0.1943,-2.9482,0.0,0.0
1779744290134,1,12.00000018,Upper Delivery,Loading,pitch.0,701697,-0.2843,0.1926,0.4179,-0.4699,-0.3001,-2.4583,0.0,0.0
1779744290134,1,Pitching Mound.Delivery,,Loading,pitch.0,700063,-0.6199,0.2795,1.3114,-2.0913,-0.1058,-5.389,0.0,0.0
1779744290134,1,Pitching Mound.Drive,,Loading,pitch.0,700927,-0.5729,29.0356,107.885,73.9802,85.7956,-44.7224,-0.0757,0.0652
1779744290134,1,Pitching Mound.Parent,,Loading,pitch.0,699387,-1.1928,29.3151,109.1964,71.8889,85.6898,-50.1114,-0.0747,0.0659
1779744290135,1,11.0000004b,Drive,Loading,pitch.0,700928,-0.5047,29.0161,107.7163,73.8457,85.59,-44.7195,-0.0756,0.0652
1779744290135,1,12.00000015,Lower Delivery,Loading,pitch.0,701011,-0.349,0.0899,0.9428,-1.7775,0.5409,-2.8803,0.0,0.0
1779744290135,1,12.00000018,Upper Delivery,Loading,pitch.0,701698,-0.2899,0.1695,0.357,-1.104,-0.9691,-2.5891,0.0,0.0
1779744290135,1,Pitching Mound.Delivery,,Loading,pitch.0,700064,-0.6389,0.2595,1.2998,-2.6823,-0.4282,-5.4494,0.0,0.0
1779744290135,1,Pitching Mound.Drive,,Loading,pitch.0,700928,-0.5047,29.0161,107.7163,73.8457,85.59,-44.7195,-0.0756,0.0652
1779744290135,1,Pitching Mound.Parent,,Loading,pitch.0,699388,-1.1436,29.2756,109.0161,71.1634,85.1618,-50.1689,-0.0747,0.0663
1779744290136,1,11.0000004b,Drive,Loading,pitch.0,700929,-0.4396,28.9894,107.5701,73.811,85.6423,-44.6998,-0.0757,0.0653
1779744290136,1,12.00000015,Lower Delivery,Loading,pitch.0,701012,-0.3307,0.0859,0.9181,-1.8989,0.4376,-2.9334,0.0,0.0
1779744290136,1,12.00000018,Upper Delivery,Loading,pitch.0,701699,-0.2701,0.1438,0.3413,-1.7373,-1.263,-2.7151,0.0,0.0
1779744290136,1,Pitching Mound.Delivery,,Loading,pitch.0,700065,-0.6008,0.2297,1.2594,-3.44,-0.8254,-5.6279,0.0,0.0
1779744290136,1,Pitching Mound.Drive,,Loading,pitch.0,700929,-0.4396,28.9894,107.5701,73.811,85.6423,-44.6998,-0.0757,0.0653
1779744290136,1,Pitching Mound.Parent,,Loading,pitch.0,699389,-1.0404,29.2191,108.8295,70.371,84.8169,-50.3277,-0.0749,0.0663
1779744290137,1,11.0000004b,Drive,Loading,pitch.0,700930,-0.4241,28.9546,107.4745,73.7048,85.4694,-44.7201,-0.0757,0.0652
1779744290137,1,12.00000015,Lower Delivery,Loading,pitch.0,701013,-0.3684,0.0951,1.0508,-2.0012,0.2229,-2.8981,0.0,0.0
1779744290137,1,12.00000018,Upper Delivery,Loading,pitch.0,701700,-0.2531,0.1139,0.331,-1.3488,-1.127,-2.7071,0.0,0.0
1779744290137,1,Pitching Mound.Delivery,,Loading,pitch.0,700066,-0.6215,0.2089,1.3818,-3.1052,-0.9041,-5.566,0.0,0.0
1779744290137,1,Pitching Mound.Drive,,Loading,pitch.0,700930,-0.4241,28.9546,107.4745,73.7048,85.4694,-44.7201,-0.0757,0.0652
1779744290137,1,Pitching Mound.Parent,,Loading,pitch.0,699390,-1.0457,29.1635,108.8564,70.5996,84.5653,-50.286,-0.0747,0.0667
1779744290138,1,11.0000004b,Drive,Loading,pitch.0,700931,-0.4417,28.9362,107.5399,73.7052,85.3863,-44.7562,-0.0755,0.0652
1779744290138,1,12.00000015,Lower Delivery,Loading,pitch.0,701014,-0.3932,0.0998,1.0455,-1.8856,0.1329,-2.9108,0.0,0.0
1779744290138,1,12.00000018,Upper Delivery,Loading,pitch.0,701701,-0.2188,0.1008,0.3002,-1.5468,-1.2215,-2.7203,0.0,0.0
1779744290138,1,Pitching Mound.Delivery,,Loading,pitch.0,700067,-0.6121,0.2006,1.3457,-3.179,-1.0886,-5.5718,0.0,0.0
1779744290138,1,Pitching Mound.Drive,,Loading,pitch.0,700931,-0.4417,28.9362,107.5399,73.7052,85.3863,-44.7562,-0.0755,0.0652
1779744290138,1,Pitching Mound.Parent,,Loading,pitch.0,699391,-1.0538,29.1368,108.8856,70.5261,84.2977,-50.328,-0.0746,0.0667
1779744290139,1,11.0000004b,Drive,Loading,pitch.0,700932,-0.5028,28.9444,107.6606,73.7989,85.2019,-44.7841,-0.0753,0.0652
1779744290139,1,12.00000015,Lower Delivery,Loading,pitch.0,701015,-0.3869,0.0982,0.9966,-1.9008,-0.1161,-2.8737,0.0,0.0
1779744290139,1,12.00000018,Upper Delivery,Loading,pitch.0,701702,-0.1766,0.0978,0.2595,-1.5577,-1.4048,-2.7026,0.0,0.0
1779744290139,1,Pitching Mound.Delivery,,Loading,pitch.0,700068,-0.5635,0.196,1.2561,-3.2078,-1.5208,-5.5047,0.0,0.0
1779744290139,1,Pitching Mound.Drive,,Loading,pitch.0,700932,-0.5028,28.9444,107.6606,73.7989,85.2019,-44.7841,-0.0753,0.0652
1779744290139,1,Pitching Mound.Parent,,Loading,pitch.0,699392,-1.0662,29.1405,108.9167,70.591,83.681,-50.2888,-0.0744,0.0668
1779744290140,1,11.0000004b,Drive,Loading,pitch.0,700933,-0.5852,28.9845,107.9357,73.9402,85.1028,-44.868,-0.075,0.0652
1779744290140,1,12.00000015,Lower Delivery,Loading,pitch.0,701016,-0.361,0.0918,1.0361,-1.7452,-0.1609,-2.9473,0.0,0.0
1779744290140,1,12.00000018,Upper Delivery,Loading,pitch.0,701703,-0.1906,0.1315,0.2891,-1.4684,-1.3537,-2.6611,0.0,0.0
1779744290140,1,Pitching Mound.Delivery,,Loading,pitch.0,700069,-0.5516,0.2233,1.3252,-2.9596,-1.5146,-5.5505,0.0,0.0
1779744290140,1,Pitching Mound.Drive,,Loading,pitch.0,700933,-0.5852,28.9845,107.9357,73.9402,85.1028,-44.868,-0.075,0.0652
1779744290140,1,Pitching Mound.Parent,,Loading,pitch.0,699393,-1.1368,29.2079,109.2609,70.9806,83.5882,-50.4184,-0.0741,0.0667
1779744290141,1,11.0000004b,Drive,Loading,pitch.0,700934,-0.6748,29.0578,108.4365,74.0408,84.7464,-44.9425,-0.0743,0.065
1779744290141,1,12.00000015,Lower Delivery,Loading,pitch.0,701017,-0.3475,0.0882,1.0412,-1.6507,-0.256,-2.9053,0.0,0.0
1779744290141,1,12.00000018,Upper Delivery,Loading,pitch.0,701704,-0.1783,0.1232,0.2842,-1.4748,-1.3634,-2.6109,0.0,0.0
1779744290141,1,Pitching Mound.Delivery,,Loading,pitch.0,700070,-0.5258,0.2113,1.3254,-2.8682,-1.6194,-5.4587,0.0,0.0
1779744290141,1,Pitching Mound.Drive,,Loading,pitch.0,700934,-0.6748,29.0578,108.4365,74.0408,84.7464,-44.9425,-0.0743,0.065
1779744290141,1,Pitching Mound.Parent,,Loading,pitch.0,699394,-1.2005,29.2691,109.7619,71.1725,83.127,-50.4012,-0.0734,0.0665
1779744290142,1,11.0000004b,Drive,Loading,pitch.0,700935,-0.7666,29.1845,109.0204,74.2432,84.7277,-45.0562,-0.0739,0.0648
1779744290142,1,12.00000015,Lower Delivery,Loading,pitch.0,701018,-0.3468,0.0887,1.0295,-1.6299,-0.141,-2.9065,0.0,0.0
1779744290142,1,12.00000018,Upper Delivery,Loading,pitch.0,701705,-0.1604,0.1182,0.2553,-1.3583,-1.2423,-2.5551,0.0,0.0
1779744290142,1,Pitching Mound.Delivery,,Loading,pitch.0,700071,-0.5072,0.2069,1.2848,-2.7251,-1.3832,-5.3983,0.0,0.0
1779744290142,1,Pitching Mound.Drive,,Loading,pitch.0,700935,-0.7666,29.1845,109.0204,74.2432,84.7277,-45.0562,-0.0739,0.0648
1779744290142,1,Pitching Mound.Parent,,Loading,pitch.0,699395,-1.2738,29.3914,110.3052,71.5181,83.3445,-50.4545,-0.0731,0.0664
1779744290143,1,11.0000004b,Drive,Loading,pitch.0,700936,-0.8406,29.4153,109.846,74.3205,85.4644,-45.3141,-0.074,0.0644
1779744290143,1,12.00000015,Lower Delivery,Loading,pitch.0,701019,-0.3075,0.0795,0.945,-1.6303,-0.1072,-2.9469,0.0,0.0
1779744290143,1,12.00000018,Upper Delivery,Loading,pitch.0,701706,-0.1872,0.1229,0.2348,-1.2863,-1.1605,-2.6441,0.0,0.0
1779744290143,1,Pitching Mound.Delivery,,Loading,pitch.0,700072,-0.4947,0.2023,1.1798,-2.6751,-1.2677,-5.55,0.0,0.0
1779744290143,1,Pitching Mound.Drive,,Loading,pitch.0,700936,-0.8406,29.4153,109.846,74.3205,85.4644,-45.3141,-0.074,0.0644
1779744290143,1,Pitching Mound.Parent,,Loading,pitch.0,699396,-1.3353,29.6176,111.0258,71.6454,84.1968,-50.8641,-0.0732,0.0659
1779744290144,1,11.0000004b,Drive,Loading,pitch.0,700937,-0.8896,29.717,111.2775,74.4141,84.5959,-45.5116,-0.0723,0.0636
1779744290144,1,12.00000015,Lower Delivery,Loading,pitch.0,701020,-0.2579,0.0751,0.9731,-1.6307,0.0094,-2.9214,0.0,0.0
1779744290144,1,12.00000018,Upper Delivery,Loading,pitch.0,701707,-0.1664,0.1164,0.2304,-1.3638,-1.2429,-2.6473,0.0,0.0
1779744290144,1,Pitching Mound.Delivery,,Loading,pitch.0,700073,-0.4243,0.1915,1.2035,-2.742,-1.2336,-5.5377,0.0,0.0
1779744290144,1,Pitching Mound.Drive,,Loading,pitch.0,700937,-0.8896,29.717,111.2775,74.4141,84.5959,-45.5116,-0.0723,0.0636
1779744290144,1,Pitching Mound.Parent,,Loading,pitch.0,699397,-1.3139,29.9084,112.4809,71.6722,83.3623,-51.0493,-0.0715,0.0652
1779744290145,1,11.0000004b,Drive,Loading,pitch.0,700938,-0.9342,29.9875,112.1819,74.5481,84.5768,-45.6844,-0.0717,0.0632
1779744290145,1,12.00000015,Lower Delivery,Loading,pitch.0,701021,-0.2404,0.0837,1.0101,-1.571,-0.0421,-2.9246,0.0,0.0
1779744290145,1,12.00000018,Upper Delivery,Loading,pitch.0,701708,-0.2044,0.1312,0.2565,-1.2466,-1.1183,-2.6398,0.0,0.0
1779744290145,1,Pitching Mound.Delivery,,Loading,pitch.0,700074,-0.4448,0.2149,1.2666,-2.5614,-1.1604,-5.5522,0.0,0.0
1779744290145,1,Pitching Mound.Drive,,Loading,pitch.0,700938,-0.9342,29.9875,112.1819,74.5481,84.5768,-45.6844,-0.0717,0.0632
1779744290145,1,Pitching Mound.Parent,,Loading,pitch.0,699398,-1.379,30.2025,113.4485,71.9867,83.4164,-51.2366,-0.0709,0.0648
1779744290146,1,11.0000004b,Drive,Loading,pitch.0,700939,-0.9226,30.313,113.0347,74.4883,84.5819,-45.9507,-0.0712,0.0627
1779744290146,1,12.00000015,Lower Delivery,Loading,pitch.0,701022,-0.26,0.0795,0.9453,-1.6906,0.0007,-2.91,0.0,0.0
1779744290146,1,12.00000018,Upper Delivery,Loading,pitch.0,701709,-0.2067,0.1251,0.2594,-1.1127,-0.9763,-2.6258,0.0,0.0
1779744290146,1,Pitching Mound.Delivery,,Loading,pitch.0,700075,-0.4667,0.2046,1.2047,-2.57,-0.9757,-5.5176,0.0,0.0
1779744290146,1,Pitching Mound.Drive,,Loading,pitch.0,700939,-0.9226,30.313,113.0347,74.4883,84.5819,-45.9507,-0.0712,0.0627
1779744290146,1,Pitching Mound.Parent,,Loading,pitch.0,699399,-1.3892,30.5175,114.2394,71.9182,83.6062,-51.4683,-0.0704,0.0641
1779744290147,1,11.0000004b,Drive,Loading,pitch.0,700940,-0.8671,30.5874,114.0785,74.5913,83.8208,-46.0746,-0.0699,0.0622
1779744290147,1,12.00000015,Lower Delivery,Loading,pitch.0,701023,-0.2292,0.0852,0.9362,-1.684,0.0573,-2.91,0.0,0.0
1779744290147,1,12.00000018,Upper Delivery,Loading,pitch.0,701710,-0.223,0.128,0.2577,-0.9749,-0.8335,-2.5516,0.0,0.0
1779744290147,1,Pitching Mound.Delivery,,Loading,pitch.0,700076,-0.4522,0.2132,1.1938,-2.4282,-0.7762,-5.4595,0.0,0.0
1779744290147,1,Pitching Mound.Drive,,Loading,pitch.0,700940,-0.8671,30.5874,114.0785,74.5913,83.8208,-46.0746,-0.0699,0.0622
1779744290147,1,Pitching Mound.Parent,,Loading,pitch.0,699400,-1.3194,30.8006,115.2723,72.1631,83.0446,-51.5341,-0.0692,0.0636
1779744290148,1,11.0000004b,Drive,Loading,pitch.0,700941,-0.7709,30.8154,114.7063,74.9159,84.0906,-46.2536,-0.0697,0.0621
1779744290148,1,12.00000015,Lower Delivery,Loading,pitch.0,701024,-0.246,0.0946,0.9266,-1.5878,-0.0105,-2.9301,0.0,0.0
1779744290148,1,12.00000018,Upper Delivery,Loading,pitch.0,701711,-0.2519,0.1406,0.2842,-1.2917,-1.1694,-2.5873,0.0,0.0
1779744290148,1,Pitching Mound.Delivery,,Loading,pitch.0,700077,-0.4978,0.2352,1.2108,-2.6612,-1.1799,-5.5195,0.0,0.0
1779744290148,1,Pitching Mound.Drive,,Loading,pitch.0,700941,-0.7709,30.8154,114.7063,74.9159,84.0906,-46.2536,-0.0697,0.0621
1779744290148,1,Pitching Mound.Parent,,Loading,pitch.0,699401,-1.2688,31.0506,115.9171,72.2548,82.9107,-51.7731,-0.069,0.0634
1779744290149,1,11.0000004b,Drive,Loading,pitch.0,700942,-0.6496,31.0106,115.3629,75.3183,84.5003,-46.4092,-0.0697,0.0621
1779744290149,1,12.00000015,Lower Delivery,Loading,pitch.0,701025,-0.2546,0.1016,0.8938,-1.5141,0.2722,-2.8715,0.0,0.0
1779744290149,1,12.00000018,Upper Delivery,Loading,pitch.0,701712,-0.2624,0.1304,0.2765,-0.977,-0.8397,-2.4799,0.0,0.0
1779744290149,1,Pitching Mound.Delivery,,Loading,pitch.0,700078,-0.517,0.2319,1.1703,-2.2812,-0.5675,-5.354,0.0,0.0
1779744290149,1,Pitching Mound.Drive,,Loading,pitch.0,700942,-0.6496,31.0106,115.3629,75.3183,84.5003,-46.4092,-0.0697,0.0621
1779744290149,1,Pitching Mound.Parent,,Loading,pitch.0,699402,-1.1666,31.2425,116.5333,73.0371,83.9328,-51.7632,-0.069,0.0633
1779744290150,1,11.0000004b,Drive,Loading,pitch.0,700943,-0.5381,31.1732,115.7939,75.1954,84.2552,-46.4861,-0.0692,0.0618
1779744290150,1,12.00000015,Lower Delivery,Loading,pitch.0,701026,-0.2525,0.1014,0.7833,-1.4599,0.4212,-2.8437,0.0,0.0
1779744290150,1,12.00000018,Upper Delivery,Loading,pitch.0,701713,-0.301,0.1352,0.3123,-1.1034,-0.9704,-2.5547,0.0,0.0
1779744290150,1,Pitching Mound.Delivery,,Loading,pitch.0,700079,-0.5535,0.2366,1.0956,-2.4032,-0.5492,-5.4149,0.0,0.0
1779744290150,1,Pitching Mound.Drive,,Loading,pitch.0,700943,-0.5381,31.1732,115.7939,75.1954,84.2552,-46.4861,-0.0692,0.0618
1779744290150,1,Pitching Mound.Parent,,Loading,pitch.0,699403,-1.0915,31.4097,116.8895,72.7923,83.706,-51.901,-0.0686,0.0626
1779744290151,1,11.0000004b,Drive,Loading,pitch.0,700944,-0.3804,31.34,116.399,75.599,84.4582,-46.6797,-0.069,0.0618
1779744290151,1,12.00000015,Lower Delivery,Loading,pitch.0,701027,-0.2863,0.0981,0.7551,-1.8815,-0.0332,-2.8425,0.0,0.0
1779744290151,1,12.00000018,Upper Delivery,Loading,pitch.0,701714,-0.292,0.1304,0.3371,-1.0814,-0.946,-2.5712,0.0,0.0
1779744290151,1,Pitching Mound.Delivery,,Loading,pitch.0,700080,-0.5783,0.2285,1.0922,-2.8208,-0.9792,-5.4156,0.0,0.0
1779744290151,1,Pitching Mound.Drive,,Loading,pitch.0,700944,-0.3804,31.34,116.399,75.599,84.4582,-46.6797,-0.069,0.0618
1779744290151,1,Pitching Mound.Parent,,Loading,pitch.0,699404,-0.9587,31.5685,117.4913,72.7782,83.479,-52.0953,-0.0684,0.0624
1779744290152,1,11.0000004b,Drive,Loading,pitch.0,700945,-0.2283,31.4843,116.8075,75.6914,84.4692,-46.821,-0.0688,0.0616
1779744290152,1,12.00000015,Lower Delivery,Loading,pitch.0,701028,-0.3045,0.0873,0.7061,-1.889,-0.2013,-2.8193,0.0,0.0
1779744290152,1,12.00000018,Upper Delivery,Loading,pitch.0,701715,-0.2961,0.1349,0.351,-1.3208,-1.1976,-2.6387,0.0,0.0
1779744290152,1,Pitching Mound.Delivery,,Loading,pitch.0,700081,-0.6007,0.2222,1.057,-3.0891,-1.3989,-5.4551,0.0,0.0
1779744290152,1,Pitching Mound.Drive,,Loading,pitch.0,700945,-0.2283,31.4843,116.8075,75.6914,84.4692,-46.821,-0.0688,0.0616
1779744290152,1,Pitching Mound.Parent,,Loading,pitch.0,699405,-0.8289,31.7065,117.8645,72.6023,83.0703,-52.2761,-0.0682,0.0621
1779744290153,1,11.0000004b,Drive,Loading,pitch.0,700946,-0.0958,31.6131,117.2023,75.7295,84.4491,-46.9879,-0.0685,0.0615
1779744290153,1,12.00000015,Lower Delivery,Loading,pitch.0,701029,-0.3179,0.0922,0.6297,-1.9763,-0.4674,-2.8645,0.0,0.0
1779744290153,1,12.00000018,Upper Delivery,Loading,pitch.0,701716,-0.2954,0.1402,0.3434,-0.9481,-0.8029,-2.5883,0.0,0.0
1779744290153,1,Pitching Mound.Delivery,,Loading,pitch.0,700082,-0.6133,0.2324,0.9731,-2.827,-1.2703,-5.4452,0.0,0.0
1779744290153,1,Pitching Mound.Drive,,Loading,pitch.0,700946,-0.0958,31.6131,117.2023,75.7295,84.4491,-46.9879,-0.0685,0.0615
1779744290153,1,Pitching Mound.Parent,,Loading,pitch.0,699406,-0.7091,31.8455,118.1754,72.9025,83.1788,-52.433,-0.068,0.0618
1779744290154,1,11.0000004b,Drive,Loading,pitch.0,700947,0.0364,31.764,117.7527,76.116,84.3359,-47.2127,-0.0681,0.0615
1779744290154,1,12.00000015,Lower Delivery,Loading,pitch.0,701030,-0.3258,0.1077,0.7546,-1.6534,0.1188,-2.8517,0.0,0.0
1779744290154,1,12.00000018,Upper Delivery,Loading,pitch.0,701717,-0.2828,0.1281,0.3143,-0.8637,-0.7191,-2.4765,0.0,0.0
1779744290154,1,Pitching Mound.Delivery,,Loading,pitch.0,700083,-0.6086,0.2358,1.0689,-2.3673,-0.6003,-5.3135,0.0,0.0
1779744290154,1,Pitching Mound.Drive,,Loading,pitch.0,700947,0.0364,31.764,117.7527,76.116,84.3359,-47.2127,-0.0681,0.0615
1779744290154,1,Pitching Mound.Parent,,Loading,pitch.0,699407,-0.5722,31.9999,118.8216,73.7487,83.7357,-52.5263,-0.0675,0.0622
1779744290155,1,11.0000004b,Drive,Loading,pitch.0,700948,0.155,31.912,118.3656,76.3123,84.3619,-47.3917,-0.0678,0.0613
1779744290155,1,12.00000015,Lower Delivery,Loading,pitch.0,701031,-0.3403,0.1124,0.894,-1.5382,0.2087,-2.8982,0.0,0.0
1779744290155,1,12.00000018,Upper Delivery,Loading,pitch.0,701718,-0.2746,0.1203,0.2924,-0.9514,-0.8099,-2.5248,0.0,0.0
1779744290155,1,Pitching Mound.Delivery,,Loading,pitch.0,700084,-0.6149,0.2327,1.1863,-2.2851,-0.6012,-5.4006,0.0,0.0
1779744290155,1,Pitching Mound.Drive,,Loading,pitch.0,700948,0.155,31.912,118.3656,76.3123,84.3619,-47.3917,-0.0678,0.0613
1779744290155,1,Pitching Mound.Parent,,Loading,pitch.0,699408,-0.4599,32.1447,119.5519,74.0272,83.7607,-52.7923,-0.0671,0.0624
1779744290156,1,11.0000004b,Drive,Loading,pitch.0,700949,0.2641,32.0961,119.1755,76.8731,84.6203,-47.6158,-0.0675,0.0614
1779744290156,1,12.00000015,Lower Delivery,Loading,pitch.0,701032,-0.3087,0.1269,0.9857,-1.4916,0.3049,-2.9306,0.0,0.0
1779744290156,1,12.00000018,Upper Delivery,Loading,pitch.0,701719,-0.2464,0.1143,0.2774,-0.687,-0.5304,-2.4805,0.0,0.0
1779744290156,1,Pitching Mound.Delivery,,Loading,pitch.0,700085,-0.5551,0.2412,1.263,-1.9378,-0.2255,-5.39,0.0,0.0
1779744290156,1,Pitching Mound.Drive,,Loading,pitch.0,700949,0.2641,32.0961,119.1755,76.8731,84.6203,-47.6158,-0.0675,0.0614
1779744290156,1,Pitching Mound.Parent,,Loading,pitch.0,699409,-0.291,32.3373,120.4386,74.9353,84.3948,-53.0058,-0.0668,0.0627
1779744290157,1,11.0000004b,Drive,Loading,pitch.0,700950,0.3087,32.2678,119.6951,76.9172,84.7478,-47.8125,-0.0674,0.0611
1779744290157,1,12.00000015,Lower Delivery,Loading,pitch.0,701033,-0.312,0.1196,1.1034,-1.3373,0.2748,-2.9686,0.0,0.0
1779744290157,1,12.00000018,Upper Delivery,Loading,pitch.0,701720,-0.2168,0.0923,0.262,-0.6351,-0.4755,-2.4718,0.0,0.0
1779744290157,1,Pitching Mound.Delivery,,Loading,pitch.0,700086,-0.5288,0.2119,1.3654,-1.6863,-0.2007,-5.408,0.0,0.0
1779744290157,1,Pitching Mound.Drive,,Loading,pitch.0,700950,0.3087,32.2678,119.6951,76.9172,84.7478,-47.8125,-0.0674,0.0611
1779744290157,1,Pitching Mound.Parent,,Loading,pitch.0,699410,-0.2201,32.4797,121.0605,75.2309,84.5471,-53.2205,-0.0666,0.0628
1779744290158,1,11.0000004b,Drive,Loading,pitch.0,700951,0.3405,32.4691,120.6926,77.0769,84.2421,-47.8598,-0.0664,0.0608
1779744290158,1,12.00000015,Lower Delivery,Loading,pitch.0,701034,-0.3481,0.1106,1.2106,-1.3569,0.2942,-2.9719,0.0,0.0
1779744290158,1,12.00000018,Upper Delivery,Loading,pitch.0,701721,-0.1902,0.0944,0.2571,-0.6033,-0.4376,-2.5454,0.0,0.0
1779744290158,1,Pitching Mound.Delivery,,Loading,pitch.0,700087,-0.5382,0.205,1.4677,-1.6361,-0.1434,-5.4636,0.0,0.0
1779744290158,1,Pitching Mound.Drive,,Loading,pitch.0,700951,0.3405,32.4691,120.6926,77.0769,84.2421,-47.8598,-0.0664,0.0608
1779744290158,1,Pitching Mound.Parent,,Loading,pitch.0,699411,-0.1977,32.6741,122.1603,75.4408,84.0987,-53.3235,-0.0656,0.0627
1779744290159,1,11.0000004b,Drive,Loading,pitch.0,700952,0.3593,32.7259,121.4504,77.5165,84.8257,-48.195,-0.0664,0.0607
1779744290159,1,12.00000015,Lower Delivery,Loading,pitch.0,701035,-0.3558,0.1105,1.2777,-1.3738,0.1125,-2.9989,0.0,0.0
1779744290159,1,12.00000018,Upper Delivery,Loading,pitch.0,701722,-0.1702,0.0933,0.2343,-0.5258,-0.3578,-2.4916,0.0,0.0
1779744290159,1,Pitching Mound.Delivery,,Loading,pitch.0,700088,-0.526,0.2038,1.512,-1.5448,-0.2453,-5.4273,0.0,0.0
1779744290159,1,Pitching Mound.Drive,,Loading,pitch.0,700952,0.3593,32.7259,121.4504,77.5165,84.8257,-48.195,-0.0664,0.0607
1779744290159,1,Pitching Mound.Parent,,Loading,pitch.0,699412,-0.1668,32.9297,122.9624,75.9718,84.5803,-53.6223,-0.0656,0.0629
1779744290160,1,11.0000004b,Drive,Loading,pitch.0,700953,0.3352,32.9766,122.3919,77.5974,84.4855,-48.343,-0.0657,0.0603
1779744290160,1,12.00000015,Lower Delivery,Loading,pitch.0,701036,-0.3319,0.0911,1.2925,-1.3437,0.3076,-3.02,0.0,0.0
1779744290160,1,12.00000018,Upper Delivery,Loading,pitch.0,701723,-0.1415,0.1005,0.1949,-0.5709,-0.4047,-2.5142,0.0,0.0
1779744290160,1,Pitching Mound.Delivery,,Loading,pitch.0,700089,-0.4735,0.1916,1.4873,-1.5414,-0.0971,-5.4694,0.0,0.0
1779744290160,1,Pitching Mound.Drive,,Loading,pitch.0,700953,0.3352,32.9766,122.3919,77.5974,84.4855,-48.343,-0.0657,0.0603
1779744290160,1,Pitching Mound.Parent,,Loading,pitch.0,699413,-0.1382,33.1682,123.8792,76.056,84.3884,-53.8124,-0.0649,0.0626
1779744290161,1,11.0000004b,Drive,Loading,pitch.0,700954,0.3075,33.3054,123.7998,78.3546,84.2972,-48.6036,-0.0648,0.0602
1779744290161,1,12.00000015,Lower Delivery,Loading,pitch.0,701038,-0.305,0.0807,1.2182,-1.5208,0.1466,-2.9983,0.0,0.0
1779744290161,1,12.00000015,Lower Delivery,Loading,pitch.0,701037,-0.3273,0.089,1.3169,-1.6291,0.1587,-3.0523,0.0,0.0
1779744290161,1,12.00000018,Upper Delivery,Loading,pitch.0,701724,-0.1151,0.0803,0.1003,-0.6202,-0.4605,-2.4573,0.0,0.0
1779744290161,1,Pitching Mound.Delivery,,Loading,pitch.0,700090,-0.4424,0.1692,1.4172,-1.8357,-0.3018,-5.4375,0.0,0.0
1779744290161,1,Pitching Mound.Drive,,Loading,pitch.0,700954,0.3075,33.3054,123.7998,78.3546,84.2972,-48.6036,-0.0648,0.0602
1779744290161,1,Pitching Mound.Parent,,Loading,pitch.0,699414,-0.1349,33.4747,125.2169,76.5189,83.9954,-54.0411,-0.064,0.0628
1779744290162,1,11.0000004b,Drive,Loading,pitch.0,700955,0.2628,33.6056,124.9179,78.9626,84.3315,-48.8671,-0.0642,0.0601
1779744290162,1,12.00000015,Lower Delivery,Loading,pitch.0,701039,-0.3037,0.0812,1.1311,-1.5283,0.2765,-2.9985,0.0,0.0
1779744290162,1,12.00000018,Upper Delivery,Loading,pitch.0,701725,-0.1409,0.0794,0.1496,-0.491,-0.3264,-2.3898,0.0,0.0
1779744290162,1,Pitching Mound.Delivery,,Loading,pitch.0,700091,-0.4459,0.1601,1.3678,-1.6484,-0.1797,-5.3323,0.0,0.0
1779744290162,1,Pitching Mound.Drive,,Loading,pitch.0,700955,0.2628,33.6056,124.9179,78.9626,84.3315,-48.8671,-0.0642,0.0601
1779744290162,1,Pitching Mound.Parent,,Loading,pitch.0,699415,-0.183,33.7657,126.2858,77.3142,84.1518,-54.1994,-0.0635,0.0624
1779744290163,1,11.0000004b,Drive,Loading,pitch.0,700956,0.1973,33.903,126.0206,79.373,84.0285,-48.988,-0.0634,0.0599
1779744290163,1,12.00000015,Lower Delivery,Loading,pitch.0,701040,-0.3,0.0789,1.0355,-1.3559,-0.0505,-2.9611,0.0,0.0
1779744290163,1,12.00000018,Upper Delivery,Loading,pitch.0,701726,-0.1411,0.0669,0.124,-0.3796,-0.2106,-2.3372,0.0,0.0
1779744290163,1,Pitching Mound.Delivery,,Loading,pitch.0,700092,-0.4448,0.1482,1.2551,-1.5655,0.0659,-5.2804,0.0,0.0
1779744290163,1,Pitching Mound.Drive,,Loading,pitch.0,700956,0.1973,33.903,126.0206,79.373,84.0285,-48.988,-0.0634,0.0599
1779744290163,1,Pitching Mound.Parent,,Loading,pitch.0,699416,-0.2474,34.0512,127.2757,77.8076,84.0944,-54.2683,-0.0628,0.062
1779744290164,1,11.0000004b,Drive,Loading,pitch.0,700957,0.1537,34.1637,126.7908,79.4364,84.2041,-49.1044,-0.0632,0.0596
1779744290164,1,12.00000015,Lower Delivery,Loading,pitch.0,701041,-0.274,0.0732,0.8564,-1.3615,-0.0759,-2.8915,0.0,0.0
1779744290164,1,12.00000018,Upper Delivery,Loading,pitch.0,701727,-0.1398,0.0683,0.1411,-0.5323,-0.3665,-2.4597,0.0,0.0
1779744290164,1,Pitching Mound.Delivery,,Loading,pitch.0,700093,-0.4399,0.1472,1.1766,-1.5841,-0.417,-5.3664,0.0,0.0
1779744290164,1,Pitching Mound.Drive,,Loading,pitch.0,700957,0.1537,34.1637,126.7908,79.4364,84.2041,-49.1044,-0.0632,0.0596
1779744290164,1,Pitching Mound.Parent,,Loading,pitch.0,699417,-0.2862,34.3109,127.9674,77.8523,83.7872,-54.4708,-0.0626,0.0614
1779744290165,1,11.0000004b,Drive,Loading,pitch.0,700958,0.1269,34.3805,127.994,80.3053,84.1987,-49.1355,-0.0626,0.0597
1779744290165,1,12.00000018,Upper Delivery,Loading,pitch.0,701728,-0.1646,0.0897,0.2176,-0.5517,-0.3884,-2.4407,0.0,0.0
1779744290165,1,Pitching Mound.Delivery,,Loading,pitch.0,700094,-0.4386,0.1629,1.0739,-1.696,-0.4642,-5.295,0.0,0.0
1779744290165,1,Pitching Mound.Drive,,Loading,pitch.0,700958,0.1269,34.3805,127.994,80.3053,84.1987,-49.1355,-0.0626,0.0597
1779744290165,1,Pitching Mound.Parent,,Loading,pitch.0,699418,-0.3117,34.5434,129.068,78.6093,83.7345,-54.4305,-0.0621,0.0609
1779744290166,1,11.0000004b,Drive,Loading,pitch.0,700959,0.0497,34.6664,128.3999,80.222,84.2421,-49.3459,-0.0624,0.0594
1779744290166,1,12.00000015,Lower Delivery,Loading,pitch.0,701042,-0.254,0.0681,0.7515,-1.3025,-0.2906,-2.9142,0.0,0.0
1779744290166,1,12.00000015,Lower Delivery,Loading,pitch.0,701043,-0.2342,0.0637,0.7309,-1.3624,-0.3286,-2.9169,0.0,0.0
1779744290166,1,12.00000018,Upper Delivery,Loading,pitch.0,701729,-0.1887,0.0855,0.228,-0.408,-0.2366,-2.4137,0.0,0.0
1779744290166,1,Pitching Mound.Delivery,,Loading,pitch.0,700095,-0.4427,0.1535,0.9795,-1.5324,-0.5272,-5.3057,0.0,0.0
1779744290166,1,Pitching Mound.Drive,,Loading,pitch.0,700959,0.0497,34.6664,128.3999,80.222,84.2421,-49.3459,-0.0624,0.0594
1779744290166,1,Pitching Mound.Parent,,Loading,pitch.0,699419,-0.393,34.82,129.3794,78.6895,83.7149,-54.6516,-0.0619,0.0604
1779744290167,1,11.0000004b,Drive,Loading,pitch.0,700960,-0.0212,34.9466,129.3028,80.8963,83.7996,-49.465,-0.0617,0.0595
1779744290167,1,12.00000015,Lower Delivery,Loading,pitch.0,701044,-0.2535,0.0682,0.7819,-1.5621,-0.6221,-2.9055,0.0,0.0
1779744290167,1,12.00000018,Upper Delivery,Loading,pitch.0,701730,-0.2241,0.1111,0.2742,-0.7537,-0.6009,-2.493,0.0,0.0
1779744290167,1,Pitching Mound.Delivery,,Loading,pitch.0,700096,-0.4584,0.1748,1.0051,-1.9608,-0.9294,-5.4065,0.0,0.0
1779744290167,1,Pitching Mound.Drive,,Loading,pitch.0,700960,-0.0212,34.9466,129.3028,80.8963,83.7996,-49.465,-0.0617,0.0595
1779744290167,1,Pitching Mound.Parent,,Loading,pitch.0,699420,-0.4796,35.1214,130.3079,78.9355,82.8702,-54.8716,-0.0612,0.0602
1779744290168,1,11.0000004b,Drive,Loading,pitch.0,700961,-0.0671,35.1883,129.9707,81.1145,83.9863,-49.6081,-0.0615,0.0594
1779744290168,1,12.00000018,Upper Delivery,Loading,pitch.0,701731,-0.2547,0.1136,0.3077,-0.7719,-0.6194,-2.5083,0.0,0.0
1779744290168,1,Pitching Mound.Delivery,,Loading,pitch.0,700097,-0.5082,0.1818,1.0896,-2.1728,-1.2416,-5.4142,0.0,0.0
1779744290168,1,Pitching Mound.Drive,,Loading,pitch.0,700961,-0.0671,35.1883,129.9707,81.1145,83.9863,-49.6081,-0.0615,0.0594
1779744290168,1,Pitching Mound.Parent,,Loading,pitch.0,699421,-0.5753,35.3701,131.0603,78.9417,82.7447,-55.0223,-0.061,0.0601
1779744290169,1,11.0000004b,Drive,Loading,pitch.0,700962,-0.0485,35.3998,130.8852,81.6495,83.3734,-49.7008,-0.0606,0.0593
1779744290169,1,12.00000015,Lower Delivery,Loading,pitch.0,701045,-0.2191,0.0593,0.7169,-1.4763,-0.6107,-2.9328,0.0,0.0
1779744290169,1,12.00000015,Lower Delivery,Loading,pitch.0,701046,-0.2375,0.0642,0.8489,-1.5473,-0.3854,-2.9312,0.0,0.0
1779744290169,1,12.00000018,Upper Delivery,Loading,pitch.0,701732,-0.2578,0.1188,0.3422,-0.521,-0.3589,-2.3803,0.0,0.0
1779744290169,1,Pitching Mound.Delivery,,Loading,pitch.0,700098,-0.4769,0.1781,1.0591,-1.8698,-0.9696,-5.3262,0.0,0.0
1779744290169,1,Pitching Mound.Drive,,Loading,pitch.0,700962,-0.0485,35.3998,130.8852,81.6495,83.3734,-49.7008,-0.0606,0.0593
1779744290169,1,Pitching Mound.Parent,,Loading,pitch.0,699422,-0.5254,35.5779,131.9443,79.7796,82.4038,-55.027,-0.0601,0.0598
1779744290170,1,11.0000004b,Drive,Loading,pitch.0,700963,-0.041,35.5961,131.5317,81.832,82.4493,-49.7018,-0.0596,0.0592
1779744290170,1,12.00000015,Lower Delivery,Loading,pitch.0,701047,-0.2388,0.0648,0.8532,-1.6973,-0.4943,-2.9242,0.0,0.0
1779744290170,1,12.00000018,Upper Delivery,Loading,pitch.0,701733,-0.2389,0.0924,0.3433,-0.523,-0.3586,-2.4246,0.0,0.0
1779744290170,1,Pitching Mound.Delivery,,Loading,pitch.0,700099,-0.4764,0.1566,1.1921,-1.8984,-0.744,-5.3562,0.0,0.0
1779744290170,1,Pitching Mound.Drive,,Loading,pitch.0,700963,-0.041,35.5961,131.5317,81.832,82.4493,-49.7018,-0.0596,0.0592
1779744290170,1,Pitching Mound.Parent,,Loading,pitch.0,699423,-0.5174,35.7527,132.7238,79.9336,81.7053,-55.058,-0.0591,0.0599
1779744290171,1,11.0000004b,Drive,Loading,pitch.0,700964,-0.0032,35.8239,132.4163,82.5576,82.8611,-49.9734,-0.0595,0.0593
1779744290171,1,12.00000015,Lower Delivery,Loading,pitch.0,701048,-0.2491,0.0671,0.9138,-1.6649,-0.2352,-2.8892,0.0,0.0
1779744290171,1,12.00000018,Upper Delivery,Loading,pitch.0,701734,-0.2505,0.1216,0.411,0.0071,0.1991,-2.2867,0.0,0.0
1779744290171,1,Pitching Mound.Delivery,,Loading,pitch.0,700100,-0.4893,0.1864,1.2642,-1.5399,-0.2952,-5.2149,0.0,0.0
1779744290171,1,Pitching Mound.Drive,,Loading,pitch.0,700964,-0.0032,35.8239,132.4163,82.5576,82.8611,-49.9734,-0.0595,0.0593
1779744290171,1,Pitching Mound.Parent,,Loading,pitch.0,699424,-0.4925,36.0103,133.6805,81.0177,82.5659,-55.1883,-0.059,0.0599
1779744290172,1,11.0000004b,Drive,Loading,pitch.0,700965,0.0089,36.0057,132.8941,82.6055,82.9221,-50.0933,-0.0594,0.0591
1779744290172,1,12.00000015,Lower Delivery,Loading,pitch.0,701049,-0.2705,0.0726,0.9558,-1.5612,-0.1017,-2.9019,0.0,0.0
1779744290172,1,12.00000018,Upper Delivery,Loading,pitch.0,701735,-0.27,0.126,0.4314,-0.2606,-0.0846,-2.3189,0.0,0.0
1779744290172,1,Pitching Mound.Delivery,,Loading,pitch.0,700101,-0.5192,0.1931,1.3452,-1.7615,-0.3198,-5.2152,0.0,0.0
1779744290172,1,Pitching Mound.Drive,,Loading,pitch.0,700965,0.0089,36.0057,132.8941,82.6055,82.9221,-50.0933,-0.0594,0.0591
1779744290172,1,Pitching Mound.Parent,,Loading,pitch.0,699425,-0.5103,36.1988,134.2393,80.844,82.6023,-55.3084,-0.0588,0.0598
1779744290173,1,11.0000004b,Drive,Loading,pitch.0,700966,0.0664,36.2302,133.7146,83.321,82.389,-50.2279,-0.0586,0.0593
1779744290173,1,12.00000015,Lower Delivery,Loading,pitch.0,701050,-0.249,0.0694,0.9954,-1.5642,0.1158,-2.8424,0.0,0.0
1779744290173,1,12.00000018,Upper Delivery,Loading,pitch.0,701736,-0.2484,0.1043,0.389,0.0525,0.2469,-2.2762,0.0,0.0
1779744290173,1,Pitching Mound.Delivery,,Loading,pitch.0,700102,-0.5189,0.1769,1.3449,-1.316,0.1452,-5.1706,0.0,0.0
1779744290173,1,Pitching Mound.Drive,,Loading,pitch.0,700966,0.0664,36.2302,133.7146,83.321,82.389,-50.2279,-0.0586,0.0593
1779744290173,1,Pitching Mound.Parent,,Loading,pitch.0,699426,-0.4525,36.4071,135.0594,82.005,82.5343,-55.3986,-0.058,0.0601
1779744290174,1,11.0000004b,Drive,Loading,pitch.0,700967,0.0672,36.4305,134.2019,83.315,82.6262,-50.3545,-0.0586,0.0591
1779744290174,1,12.00000015,Lower Delivery,Loading,pitch.0,701051,-0.3027,0.0813,0.9979,-1.5489,0.1816,-2.8474,0.0,0.0
1779744290174,1,12.00000018,Upper Delivery,Loading,pitch.0,701737,-0.2174,0.081,0.2708,-0.1292,0.0527,-2.2705,0.0,0.0
1779744290174,1,Pitching Mound.Delivery,,Loading,pitch.0,700103,-0.4665,0.1505,1.2661,-1.447,0.1685,-5.1022,0.0,0.0
1779744290174,1,Pitching Mound.Drive,,Loading,pitch.0,700967,0.0672,36.4305,134.2019,83.315,82.6262,-50.3545,-0.0586,0.0591
1779744290174,1,Pitching Mound.Parent,,Loading,pitch.0,699427,-0.3993,36.5809,135.4681,81.8679,82.7947,-55.4567,-0.058,0.0603
1779744290175,1,11.0000004b,Drive,Loading,pitch.0,700968,0.1106,36.6537,134.8949,83.7698,81.6195,-50.4593,-0.0576,0.0591
1779744290175,1,12.00000015,Lower Delivery,Loading,pitch.0,701052,-0.3514,0.0911,1.0111,-1.5776,0.226,-2.8434,0.0,0.0
1779744290175,1,12.00000018,Upper Delivery,Loading,pitch.0,701738,-0.2374,0.0778,0.2881,-0.092,0.0928,-2.2764,0.0,0.0
1779744290175,1,Pitching Mound.Delivery,,Loading,pitch.0,700104,-0.5401,0.1591,1.286,-1.3996,0.2744,-5.1015,0.0,0.0
1779744290175,1,Pitching Mound.Drive,,Loading,pitch.0,700968,0.1106,36.6537,134.8949,83.7698,81.6195,-50.4593,-0.0576,0.0591
1779744290175,1,Pitching Mound.Parent,,Loading,pitch.0,699428,-0.4295,36.8128,136.1809,82.3702,81.8939,-55.5608,-0.057,0.0603
1779744290176,1,11.0000004b,Drive,Loading,pitch.0,700969,0.121,36.8748,135.3746,83.8314,81.9841,-50.6367,-0.0576,0.0589
1779744290176,1,12.00000015,Lower Delivery,Loading,pitch.0,701053,-0.358,0.0929,1.0505,-1.5467,0.1429,-2.8121,0.0,0.0
1779744290176,1,12.00000018,Upper Delivery,Loading,pitch.0,701739,-0.2259,0.0692,0.2551,-0.1645,0.0158,-2.283,0.0,0.0
1779744290176,1,Pitching Mound.Delivery,,Loading,pitch.0,700105,-0.5773,0.1603,1.2662,-1.4851,0.2418,-5.0837,0.0,0.0
1779744290176,1,Pitching Mound.Drive,,Loading,pitch.0,700969,0.121,36.8748,135.3746,83.8314,81.9841,-50.6367,-0.0576,0.0589
1779744290176,1,Pitching Mound.Parent,,Loading,pitch.0,699429,-0.4564,37.0351,136.6408,82.3464,82.226,-55.7205,-0.0571,0.0602
1779744290177,1,11.0000004b,Drive,Loading,pitch.0,700970,0.1558,37.0982,135.9808,84.2253,81.7361,-50.8522,-0.0572,0.0589
1779744290177,1,12.00000015,Lower Delivery,Loading,pitch.0,701054,-0.3674,0.095,1.0322,-1.5791,0.2583,-2.7833,0.0,0.0
1779744290177,1,12.00000018,Upper Delivery,Loading,pitch.0,701740,-0.2303,0.0708,0.2486,-0.2343,-0.0554,-2.3393,0.0,0.0
1779744290177,1,Pitching Mound.Delivery,,Loading,pitch.0,700106,-0.5883,0.1637,1.2991,-1.5083,0.0874,-5.108,0.0,0.0
1779744290177,1,Pitching Mound.Drive,,Loading,pitch.0,700970,0.1558,37.0982,135.9808,84.2253,81.7361,-50.8522,-0.0572,0.0589
1779744290177,1,Pitching Mound.Parent,,Loading,pitch.0,699430,-0.4324,37.2618,137.2798,82.717,81.8235,-55.9602,-0.0566,0.0604
1779744290178,1,11.0000004b,Drive,Loading,pitch.0,700971,0.1651,37.3301,136.5701,84.4624,81.4101,-51.0145,-0.0567,0.0588
1779744290178,1,12.00000015,Lower Delivery,Loading,pitch.0,701055,-0.3861,0.0997,1.081,-1.6393,0.1265,-2.7953,0.0,0.0
1779744290178,1,12.00000018,Upper Delivery,Loading,pitch.0,701741,-0.2059,0.0715,0.242,-0.3184,-0.1452,-2.3391,0.0,0.0
1779744290178,1,Pitching Mound.Delivery,,Loading,pitch.0,700107,-0.5734,0.1665,1.2743,-1.6288,0.1131,-5.0675,0.0,0.0
1779744290178,1,Pitching Mound.Drive,,Loading,pitch.0,700971,0.1651,37.3301,136.5701,84.4624,81.4101,-51.0145,-0.0567,0.0588
1779744290178,1,Pitching Mound.Parent,,Loading,pitch.0,699431,-0.4082,37.4966,137.8444,82.8336,81.5232,-56.082,-0.0562,0.0602
1779744290179,1,11.0000004b,Drive,Loading,pitch.0,700972,0.1781,37.5738,137.1781,84.7899,81.3507,-51.1667,-0.0564,0.0588
1779744290179,1,12.00000015,Lower Delivery,Loading,pitch.0,701056,-0.3632,0.1144,1.1372,-1.6656,0.0967,-2.8311,0.0,0.0
1779744290179,1,12.00000018,Upper Delivery,Loading,pitch.0,701742,-0.192,0.07,0.1926,-0.3404,-0.1642,-2.4182,0.0,0.0
1779744290179,1,Pitching Mound.Delivery,,Loading,pitch.0,700108,-0.5782,0.1697,1.2737,-1.6776,-0.0377,-5.1476,0.0,0.0
1779744290179,1,Pitching Mound.Drive,,Loading,pitch.0,700972,0.1781,37.5738,137.1781,84.7899,81.3507,-51.1667,-0.0564,0.0588
1779744290179,1,Pitching Mound.Parent,,Loading,pitch.0,699432,-0.4001,37.7435,138.4518,83.1122,81.313,-56.3143,-0.0559,0.0604
1779744290180,1,11.0000004b,Drive,Loading,pitch.0,700973,0.175,37.7929,137.7125,85.1499,80.6974,-51.3325,-0.0557,0.0588
1779744290180,1,12.00000015,Lower Delivery,Loading,pitch.0,701057,-0.3447,0.0994,1.0788,-1.9276,0.1131,-2.8186,0.0,0.0
1779744290180,1,12.00000018,Upper Delivery,Loading,pitch.0,701743,-0.25,0.1232,0.3632,-0.6861,-0.5232,-2.5918,0.0,0.0
1779744290180,1,Pitching Mound.Delivery,,Loading,pitch.0,700109,-0.6132,0.2376,1.5004,-2.0886,-0.4265,-5.3844,0.0,0.0
1779744290180,1,Pitching Mound.Drive,,Loading,pitch.0,700973,0.175,37.7929,137.7125,85.1499,80.6974,-51.3325,-0.0557,0.0588
1779744290180,1,Pitching Mound.Parent,,Loading,pitch.0,699433,-0.4382,38.0306,139.2129,83.0613,80.2708,-56.7169,-0.0551,0.0601
1779744290181,1,11.0000004b,Drive,Loading,pitch.0,700974,0.1828,38.0156,138.2676,85.4886,80.5265,-51.5335,-0.0554,0.0588
1779744290181,1,12.00000015,Lower Delivery,Loading,pitch.0,701058,-0.3087,0.1023,1.1156,-1.7111,0.0954,-2.8398,0.0,0.0
1779744290181,1,12.00000018,Upper Delivery,Loading,pitch.0,701744,-0.2289,0.0944,0.2857,-0.7881,-0.6344,-2.5496,0.0,0.0
1779744290181,1,Pitching Mound.Delivery,,Loading,pitch.0,700110,-0.5737,0.1938,1.3645,-2.446,-0.5213,-5.3288,0.0,0.0
1779744290181,1,Pitching Mound.Drive,,Loading,pitch.0,700974,0.1828,38.0156,138.2676,85.4886,80.5265,-51.5335,-0.0554,0.0588
1779744290181,1,Pitching Mound.Parent,,Loading,pitch.0,699434,-0.3909,38.2094,139.6321,83.0426,80.0052,-56.8623,-0.0549,0.0602
1779744290182,1,11.0000004b,Drive,Loading,pitch.0,700975,0.1961,38.2262,138.8155,85.7738,80.3497,-51.6814,-0.0551,0.0588
1779744290182,1,12.00000015,Lower Delivery,Loading,pitch.0,701059,-0.2481,0.1219,1.1034,-1.5695,0.1953,-2.896,0.0,0.0
1779744290182,1,12.00000018,Upper Delivery,Loading,pitch.0,701745,-0.262,0.1211,0.3611,-1.1118,-0.9726,-2.6759,0.0,0.0
1779744290182,1,Pitching Mound.Delivery,,Loading,pitch.0,700111,-0.5707,0.2234,1.4767,-2.5663,-0.8771,-5.4999,0.0,0.0
1779744290182,1,Pitching Mound.Drive,,Loading,pitch.0,700975,0.1961,38.2262,138.8155,85.7738,80.3497,-51.6814,-0.0551,0.0588
1779744290182,1,Pitching Mound.Parent,,Loading,pitch.0,699435,-0.3745,38.4495,140.2922,83.2075,79.4726,-57.1812,-0.0545,0.06
1779744290183,1,11.0000004b,Drive,Loading,pitch.0,700976,0.1968,38.4264,139.3408,86.0433,80.0029,-51.8234,-0.0546,0.0587
1779744290183,1,12.00000015,Lower Delivery,Loading,pitch.0,701060,-0.2203,0.1205,1.0977,-1.4125,0.387,-2.9162,0.0,0.0
1779744290183,1,12.00000018,Upper Delivery,Loading,pitch.0,701746,-0.2488,0.1001,0.2934,-1.0623,-0.9202,-2.6679,0.0,0.0
1779744290183,1,Pitching Mound.Delivery,,Loading,pitch.0,700112,-0.4969,0.2221,1.3968,-2.3564,-0.725,-5.5642,0.0,0.0
1779744290183,1,Pitching Mound.Drive,,Loading,pitch.0,700976,0.1968,38.4264,139.3408,86.0433,80.0029,-51.8234,-0.0546,0.0587
1779744290183,1,Pitching Mound.Parent,,Loading,pitch.0,699436,-0.3001,38.6484,140.7375,83.6869,79.2779,-57.3876,-0.0541,0.0601
1779744290184,1,11.0000004b,Drive,Loading,pitch.0,700977,0.2058,38.6182,139.8314,86.361,79.6026,-51.9625,-0.0542,0.0588
1779744290184,1,12.00000015,Lower Delivery,Loading,pitch.0,701061,-0.208,0.144,1.1348,-1.1572,0.7019,-2.921,0.0,0.0
1779744290184,1,12.00000018,Upper Delivery,Loading,pitch.0,701747,-0.2395,0.1157,0.2902,-1.2177,-1.0844,-2.6967,0.0,0.0
1779744290184,1,Pitching Mound.Delivery,,Loading,pitch.0,700113,-0.4598,0.2362,1.3879,-2.3556,-0.6973,-5.6194,0.0,0.0
1779744290184,1,Pitching Mound.Drive,,Loading,pitch.0,700977,0.2058,38.6182,139.8314,86.361,79.6026,-51.9625,-0.0542,0.0588
1779744290184,1,Pitching Mound.Parent,,Loading,pitch.0,699437,-0.254,38.8544,141.2193,84.0054,78.9052,-57.5819,-0.0536,0.0601
1779744290185,1,11.0000004b,Drive,Loading,pitch.0,700978,0.2104,38.7947,140.4248,86.6129,79.1063,-52.1153,-0.0536,0.0587
1779744290185,1,12.00000015,Lower Delivery,Loading,pitch.0,701062,-0.183,0.144,1.0944,-1.1874,0.6826,-2.9175,0.0,0.0
1779744290185,1,12.00000018,Upper Delivery,Loading,pitch.0,701748,-0.2419,0.1267,0.2853,-1.0605,-0.9165,-2.7002,0.0,0.0
1779744290185,1,Pitching Mound.Delivery,,Loading,pitch.0,700114,-0.4498,0.2707,1.4202,-1.9288,-0.2146,-5.6328,0.0,0.0
1779744290185,1,Pitching Mound.Drive,,Loading,pitch.0,700978,0.2104,38.7947,140.4248,86.6129,79.1063,-52.1153,-0.0536,0.0587
1779744290185,1,Pitching Mound.Parent,,Loading,pitch.0,699438,-0.2395,39.0654,141.845,84.684,78.8917,-57.7481,-0.0531,0.0601
1779744290186,1,11.0000004b,Drive,Loading,pitch.0,700979,0.2222,38.9794,141.1,86.9802,78.5856,-52.2979,-0.053,0.0586
1779744290186,1,12.00000015,Lower Delivery,Loading,pitch.0,701063,-0.1384,0.1259,1.0849,-0.9899,0.7096,-2.9212,0.0,0.0
1779744290186,1,12.00000018,Upper Delivery,Loading,pitch.0,701749,-0.2365,0.1365,0.3014,-0.9933,-0.8421,-2.7491,0.0,0.0
1779744290186,1,Pitching Mound.Delivery,,Loading,pitch.0,700115,-0.4195,0.2805,1.3958,-1.911,-0.1595,-5.6848,0.0,0.0
1779744290186,1,Pitching Mound.Drive,,Loading,pitch.0,700979,0.2222,38.9794,141.1,86.9802,78.5856,-52.2979,-0.053,0.0586
1779744290186,1,Pitching Mound.Parent,,Loading,pitch.0,699439,-0.1973,39.26,142.4958,85.0691,78.4261,-57.9826,-0.0525,0.06
1779744290187,1,11.0000004b,Drive,Loading,pitch.0,700981,0.2848,39.3498,142.3288,87.7739,77.8886,-52.6462,-0.0521,0.0587
1779744290187,1,11.0000004b,Drive,Loading,pitch.0,700980,0.2498,39.1698,141.7519,87.3403,78.0465,-52.4753,-0.0524,0.0586
1779744290187,1,12.00000015,Lower Delivery,Loading,pitch.0,701064,-0.1492,0.1513,1.0357,-1.2772,0.7311,-2.9158,0.0,0.0
1779744290187,1,12.00000018,Upper Delivery,Loading,pitch.0,701750,-0.2409,0.1563,0.3379,-1.2147,-1.0757,-2.7937,0.0,0.0
1779744290187,1,Pitching Mound.Delivery,,Loading,pitch.0,700116,-0.3793,0.2822,1.4229,-1.9506,-0.3662,-5.7498,0.0,0.0
1779744290187,1,Pitching Mound.Drive,,Loading,pitch.0,700981,0.2848,39.3498,142.3288,87.7739,77.8886,-52.6462,-0.0521,0.0587
1779744290187,1,Pitching Mound.Drive,,Loading,pitch.0,700980,0.2498,39.1698,141.7519,87.3403,78.0465,-52.4753,-0.0524,0.0586
1779744290187,1,Pitching Mound.Parent,,Loading,pitch.0,699440,-0.1295,39.452,143.1748,85.3898,77.6804,-58.2251,-0.0519,0.0598
1779744290188,1,12.00000015,Lower Delivery,Loading,pitch.0,701065,-0.1332,0.1309,1.0662,-1.133,0.7345,-2.8815,0.0,0.0
1779744290188,1,12.00000018,Upper Delivery,Loading,pitch.0,701751,-0.2489,0.1589,0.356,-1.6253,-1.3304,-2.8367,0.0,0.0
1779744290188,1,Pitching Mound.Delivery,,Loading,pitch.0,700117,-0.398,0.3102,1.3917,-2.6714,-0.5993,-5.7864,0.0,0.0
1779744290188,1,Pitching Mound.Parent,,Loading,pitch.0,699441,-0.1132,39.66,143.7205,85.1025,77.2893,-58.4325,-0.0516,0.0597
1779744290189,1,11.0000004b,Drive,Loading,pitch.0,700982,0.3223,39.5074,142.8709,87.8827,77.634,-52.8544,-0.0517,0.0585
1779744290189,1,12.00000015,Lower Delivery,Loading,pitch.0,701066,-0.1191,0.1329,1.001,-1.1495,0.4434,-2.9125,0.0,0.0
1779744290189,1,12.00000018,Upper Delivery,Loading,pitch.0,701752,-0.3083,0.2014,0.4473,-1.4489,-1.2427,-2.7889,0.0,0.0
1779744290189,1,Pitching Mound.Delivery,,Loading,pitch.0,700118,-0.4415,0.3322,1.5135,-2.3715,-0.5082,-5.7299,0.0,0.0
1779744290189,1,Pitching Mound.Drive,,Loading,pitch.0,700982,0.3223,39.5074,142.8709,87.8827,77.634,-52.8544,-0.0517,0.0585
1779744290189,1,Pitching Mound.Parent,,Loading,pitch.0,699442,-0.1192,39.8397,144.3844,85.5112,77.1258,-58.5843,-0.0511,0.0594
1779744290190,1,11.0000004b,Drive,Loading,pitch.0,700984,0.4228,39.8521,144.0679,88.622,77.4651,-53.2617,-0.0512,0.0585
1779744290190,1,11.0000004b,Drive,Loading,pitch.0,700983,0.3756,39.6838,143.5442,88.4683,77.4605,-53.0915,-0.0513,0.0586
1779744290190,1,12.00000015,Lower Delivery,Loading,pitch.0,701067,-0.1439,0.0939,0.9825,-1.4803,0.2732,-2.9278,0.0,0.0
1779744290190,1,12.00000018,Upper Delivery,Loading,pitch.0,701753,-0.2793,0.1817,0.3811,-1.8745,-1.0161,-2.7294,0.0,0.0
1779744290190,1,Pitching Mound.Delivery,,Loading,pitch.0,700119,-0.3984,0.3146,1.3821,-2.8133,-0.5727,-5.6964,0.0,0.0
1779744290190,1,Pitching Mound.Drive,,Loading,pitch.0,700984,0.4228,39.8521,144.0679,88.622,77.4651,-53.2617,-0.0512,0.0585
1779744290190,1,Pitching Mound.Drive,,Loading,pitch.0,700983,0.3756,39.6838,143.5442,88.4683,77.4605,-53.0915,-0.0513,0.0586
1779744290190,1,Pitching Mound.Parent,,Loading,pitch.0,699443,-0.0228,39.9984,144.9263,85.655,76.8878,-58.7879,-0.0508,0.0595
1779744290191,1,12.00000015,Lower Delivery,Loading,pitch.0,701068,-0.1703,0.1024,0.9395,-1.5801,-0.2175,-2.9052,0.0,0.0
1779744290191,1,12.00000018,Upper Delivery,Loading,pitch.0,701754,-0.2509,0.1594,0.3888,-1.6703,-1.0299,-2.7068,0.0,0.0
1779744290191,1,Pitching Mound.Delivery,,Loading,pitch.0,700120,-0.3948,0.2534,1.3714,-2.9488,-0.7567,-5.6709,0.0,0.0
1779744290191,1,Pitching Mound.Parent,,Loading,pitch.0,699444,0.028,40.1055,145.4392,85.6732,76.7085,-58.9326,-0.0507,0.0594
1779744290192,1,11.0000004b,Drive,Loading,pitch.0,700985,0.4977,40.0149,144.6719,88.8899,77.0617,-53.4293,-0.0507,0.0584
1779744290192,1,11.0000004b,Drive,Loading,pitch.0,700986,0.5826,40.2012,145.5916,89.6613,76.8322,-53.7071,-0.0502,0.0586
1779744290192,1,12.00000015,Lower Delivery,Loading,pitch.0,701069,-0.2006,0.0746,0.8105,-1.6729,-0.382,-2.8882,0.0,0.0
1779744290192,1,12.00000018,Upper Delivery,Loading,pitch.0,701755,-0.2657,0.1591,0.3623,-1.5887,-1.1562,-2.6641,0.0,0.0
1779744290192,1,Pitching Mound.Delivery,,Loading,pitch.0,700121,-0.436,0.2615,1.3018,-2.9725,-1.3737,-5.6017,0.0,0.0
1779744290192,1,Pitching Mound.Drive,,Loading,pitch.0,700985,0.4977,40.0149,144.6719,88.8899,77.0617,-53.4293,-0.0507,0.0584
1779744290192,1,Pitching Mound.Drive,,Loading,pitch.0,700986,0.5826,40.2012,145.5916,89.6613,76.8322,-53.7071,-0.0502,0.0586
1779744290192,1,Pitching Mound.Parent,,Loading,pitch.0,699445,0.0617,40.2763,145.9737,85.9174,75.688,-59.031,-0.0502,0.0593
1779744290193,1,11.0000004b,Drive,Loading,pitch.0,700987,0.5932,40.3775,146.2806,89.9524,76.5402,-53.8786,-0.0498,0.0585
1779744290193,1,12.00000015,Lower Delivery,Loading,pitch.0,701070,-0.2263,0.0755,0.7796,-1.6985,-0.5173,-2.8534,0.0,0.0
1779744290193,1,12.00000018,Upper Delivery,Loading,pitch.0,701756,-0.2747,0.1746,0.4089,-1.3881,-1.2696,-2.6334,0.0,0.0
1779744290193,1,Pitching Mound.Delivery,,Loading,pitch.0,700122,-0.4753,0.2492,1.2194,-2.9244,-1.6516,-5.5467,0.0,0.0
1779744290193,1,Pitching Mound.Drive,,Loading,pitch.0,700987,0.5932,40.3775,146.2806,89.9524,76.5402,-53.8786,-0.0498,0.0585
1779744290193,1,Pitching Mound.Parent,,Loading,pitch.0,699446,0.1073,40.4504,146.811,86.7369,75.1807,-59.2538,-0.0498,0.059
1779744290194,1,12.00000015,Lower Delivery,Loading,pitch.0,701071,-0.2292,0.0955,0.8014,-1.7007,-0.6489,-2.8793,0.0,0.0
1779744290194,1,12.00000018,Upper Delivery,Loading,pitch.0,701757,-0.2918,0.1775,0.414,-1.3164,-1.1957,-2.588,0.0,0.0
1779744290194,1,Pitching Mound.Delivery,,Loading,pitch.0,700123,-0.518,0.253,1.1936,-2.8906,-1.713,-5.4636,0.0,0.0
1779744290194,1,Pitching Mound.Parent,,Loading,pitch.0,699447,0.0752,40.6305,147.4742,87.0619,74.8272,-59.3422,-0.0494,0.0589
1779744290195,1,11.0000004b,Drive,Loading,pitch.0,700989,0.7076,40.7762,148.2259,91.2634,75.7391,-54.3503,-0.0486,0.0586
1779744290195,1,11.0000004b,Drive,Loading,pitch.0,700988,0.6502,40.6046,147.5735,91.0959,76.1767,-54.2219,-0.0491,0.0587
1779744290195,1,12.00000018,Upper Delivery,Loading,pitch.0,701758,-0.2608,0.1515,0.3987,-1.2163,-1.0972,-2.4389,0.0,0.0
1779744290195,1,12.00000018,Upper Delivery,Loading,pitch.0,701759,-0.2866,0.1542,0.4003,-0.9884,-0.8581,-2.3682,0.0,0.0
1779744290195,1,Pitching Mound.Delivery,,Loading,pitch.0,700124,-0.49,0.247,1.2001,-2.7801,-1.7462,-5.3289,0.0,0.0
1779744290195,1,Pitching Mound.Drive,,Loading,pitch.0,700989,0.7076,40.7762,148.2259,91.2634,75.7391,-54.3503,-0.0486,0.0586
1779744290195,1,Pitching Mound.Drive,,Loading,pitch.0,700988,0.6502,40.6046,147.5735,91.0959,76.1767,-54.2219,-0.0491,0.0587
1779744290195,1,Pitching Mound.Parent,,Loading,pitch.0,699448,0.1602,40.8516,148.7736,88.3158,74.4305,-59.5508,-0.0487,0.0592
1779744290196,1,11.0000004b,Drive,Loading,pitch.0,700990,0.8231,40.9632,149.097,92.0326,75.31,-54.5392,-0.0481,0.0587
1779744290196,1,12.00000015,Lower Delivery,Loading,pitch.0,701072,-0.2625,0.0744,0.7518,-1.7301,-0.5441,-2.8789,0.0,0.0
1779744290196,1,12.00000015,Lower Delivery,Loading,pitch.0,701073,-0.2752,0.0799,0.8527,-1.3661,-0.7947,-2.8863,0.0,0.0
1779744290196,1,12.00000018,Upper Delivery,Loading,pitch.0,701760,-0.2921,0.1415,0.3741,-0.8863,-0.7534,-2.2934,0.0,0.0
1779744290196,1,Pitching Mound.Delivery,,Loading,pitch.0,700125,-0.5492,0.2287,1.1521,-2.599,-1.4023,-5.2553,0.0,0.0
1779744290196,1,Pitching Mound.Delivery,,Loading,pitch.0,700126,-0.5673,0.2214,1.2268,-2.0897,-1.5481,-5.1855,0.0,0.0
1779744290196,1,Pitching Mound.Drive,,Loading,pitch.0,700990,0.8231,40.9632,149.097,92.0326,75.31,-54.5392,-0.0481,0.0587
1779744290196,1,Pitching Mound.Parent,,Loading,pitch.0,699449,0.1584,41.0049,149.378,88.6645,74.3368,-59.6056,-0.0482,0.0589
1779744290196,1,Pitching Mound.Parent,,Loading,pitch.0,699450,0.2558,41.1846,150.3238,89.9429,73.7619,-59.7246,-0.0477,0.0593
1779744290197,1,11.0000004b,Drive,Loading,pitch.0,700991,1.0832,41.3118,150.8191,93.828,75.7726,-55.1654,-0.0478,0.0592
1779744290197,1,Pitching Mound.Drive,,Loading,pitch.0,700991,1.0832,41.3118,150.8191,93.828,75.7726,-55.1654,-0.0478,0.0592
1779744290198,1,11.0000004b,Drive,Loading,pitch.0,700992,1.1795,41.4728,152.4991,95.345,74.725,-55.4936,-0.0466,0.0595
1779744290198,1,12.00000015,Lower Delivery,Loading,pitch.0,701074,-0.2799,0.0776,0.89,-1.6088,-0.6294,-2.9178,0.0,0.0
1779744290198,1,12.00000018,Upper Delivery,Loading,pitch.0,701761,-0.3074,0.1106,0.3243,-0.6839,-0.5378,-2.2899,0.0,0.0
1779744290198,1,Pitching Mound.Delivery,,Loading,pitch.0,700127,-0.5873,0.1883,1.2143,-2.1004,-1.1672,-5.217,0.0,0.0
1779744290198,1,Pitching Mound.Drive,,Loading,pitch.0,700992,1.1795,41.4728,152.4991,95.345,74.725,-55.4936,-0.0466,0.0595
1779744290198,1,Pitching Mound.Parent,,Loading,pitch.0,699451,0.4959,41.5001,152.0334,91.7275,74.6054,-60.3824,-0.0474,0.06
1779744290199,1,11.0000004b,Drive,Loading,pitch.0,700993,1.2751,41.8992,153.9331,96.3329,74.1466,-56.2,-0.0458,0.0595
1779744290199,1,12.00000015,Lower Delivery,Loading,pitch.0,701076,-0.2967,0.0808,0.9391,-1.8029,-0.6888,-2.8815,0.0,0.0
1779744290199,1,12.00000015,Lower Delivery,Loading,pitch.0,701075,-0.268,0.0734,0.9401,-1.7008,-0.5772,-2.919,0.0,0.0
1779744290199,1,12.00000018,Upper Delivery,Loading,pitch.0,701762,-0.3291,0.1085,0.3285,-0.6221,-0.4679,-2.3606,0.0,0.0
1779744290199,1,Pitching Mound.Delivery,,Loading,pitch.0,700128,-0.5971,0.1818,1.2686,-2.115,-1.0451,-5.3004,0.0,0.0
1779744290199,1,Pitching Mound.Drive,,Loading,pitch.0,700993,1.2751,41.8992,153.9331,96.3329,74.1466,-56.2,-0.0458,0.0595
1779744290199,1,Pitching Mound.Parent,,Loading,pitch.0,699452,0.5824,41.6547,153.7676,93.2299,73.6799,-60.794,-0.0462,0.0603
1779744290200,1,11.0000004b,Drive,Loading,pitch.0,700994,1.6214,42.2269,155.7974,96.889,73.4844,-56.3915,-0.0449,0.0592
1779744290200,1,12.00000015,Lower Delivery,Loading,pitch.0,701077,-0.3128,0.0843,0.9338,-1.6069,-0.6494,-2.8816,0.0,0.0
1779744290200,1,12.00000018,Upper Delivery,Loading,pitch.0,701763,-0.3508,0.107,0.327,-0.5283,-0.3692,-2.336,0.0,0.0
1779744290200,1,12.00000018,Upper Delivery,Loading,pitch.0,701764,-0.3379,0.1157,0.3365,-0.54,-0.3807,-2.3533,0.0,0.0
1779744290200,1,Pitching Mound.Delivery,,Loading,pitch.0,700129,-0.6476,0.1878,1.2662,-2.123,-1.058,-5.2359,0.0,0.0
1779744290200,1,Pitching Mound.Delivery,,Loading,pitch.0,700130,-0.6506,0.2,1.2703,-1.9437,-1.0301,-5.2434,0.0,0.0
1779744290200,1,Pitching Mound.Drive,,Loading,pitch.0,700994,1.6214,42.2269,155.7974,96.889,73.4844,-56.3915,-0.0449,0.0592
1779744290200,1,Pitching Mound.Parent,,Loading,pitch.0,699453,0.6275,42.087,155.1993,94.2098,73.0886,-61.4359,-0.0454,0.0604
1779744290200,1,Pitching Mound.Parent,,Loading,pitch.0,699454,0.9708,42.427,157.0677,94.9453,72.4543,-61.6349,-0.0445,0.06
1779744290201,1,11.0000004b,Drive,Loading,pitch.0,700995,1.755,42.4637,156.9762,98.7988,72.8168,-56.3877,-0.0441,0.0599
1779744290201,1,12.00000015,Lower Delivery,Loading,pitch.0,701078,-0.3214,0.0876,0.9644,-1.6476,-0.393,-2.8809,0.0,0.0
1779744290201,1,12.00000018,Upper Delivery,Loading,pitch.0,701765,-0.3506,0.1186,0.3467,-0.2867,-0.1125,-2.3198,0.0,0.0
1779744290201,1,Pitching Mound.Delivery,,Loading,pitch.0,700131,-0.672,0.2062,1.3112,-1.7243,-0.5055,-5.2106,0.0,0.0
1779744290201,1,Pitching Mound.Drive,,Loading,pitch.0,700995,1.755,42.4637,156.9762,98.7988,72.8168,-56.3877,-0.0441,0.0599
1779744290201,1,Pitching Mound.Parent,,Loading,pitch.0,699455,1.083,42.6698,158.2874,97.0745,72.3113,-61.5983,-0.0438,0.0607
1779744290202,1,11.0000004b,Drive,Loading,pitch.0,700996,1.9387,42.7708,158.8171,100.5617,72.9954,-56.6504,-0.0437,0.0602
1779744290202,1,12.00000015,Lower Delivery,Loading,pitch.0,701079,-0.318,0.0853,0.9912,-1.5666,-0.545,-2.8989,0.0,0.0
1779744290202,1,Pitching Mound.Drive,,Loading,pitch.0,700996,1.9387,42.7708,158.8171,100.5617,72.9954,-56.6504,-0.0437,0.0602
1779744290203,1,11.0000004b,Drive,Loading,pitch.0,700997,1.8409,43.1985,160.32,100.4179,72.79,-56.8318,-0.0432,0.0596
1779744290203,1,12.00000015,Lower Delivery,Loading,pitch.0,701080,-0.2744,0.0787,0.9461,-1.3808,-0.24,-2.9516,0.0,0.0
1779744290203,1,12.00000018,Upper Delivery,Loading,pitch.0,701766,-0.3128,0.0855,0.2821,-0.3802,-0.2111,-2.3395,0.0,0.0
1779744290203,1,Pitching Mound.Delivery,,Loading,pitch.0,700132,-0.6308,0.1708,1.2733,-1.7057,-0.756,-5.2366,0.0,0.0
1779744290203,1,Pitching Mound.Drive,,Loading,pitch.0,700997,1.8409,43.1985,160.32,100.4179,72.79,-56.8318,-0.0432,0.0596
1779744290203,1,Pitching Mound.Parent,,Loading,pitch.0,699456,1.308,42.9416,160.0904,98.856,72.2393,-61.887,-0.0434,0.0613
1779744290204,1,11.0000004b,Drive,Loading,pitch.0,700998,1.8317,43.4073,160.9165,100.4224,72.4129,-56.3733,-0.0428,0.0594
1779744290204,1,12.00000015,Lower Delivery,Loading,pitch.0,701081,-0.2757,0.0756,0.8171,-1.4977,-0.2602,-2.8969,0.0,0.0
1779744290204,1,12.00000018,Upper Delivery,Loading,pitch.0,701767,-0.3341,0.0951,0.2992,-0.7613,-0.6095,-2.4824,0.0,0.0
1779744290204,1,Pitching Mound.Delivery,,Loading,pitch.0,700133,-0.6084,0.1738,1.2453,-1.9221,-0.8495,-5.4544,0.0,0.0
1779744290204,1,Pitching Mound.Drive,,Loading,pitch.0,700998,1.8317,43.4073,160.9165,100.4224,72.4129,-56.3733,-0.0428,0.0594
1779744290204,1,Pitching Mound.Parent,,Loading,pitch.0,699457,1.2324,43.3723,161.5653,98.4957,71.9405,-62.2862,-0.0429,0.0605
1779744290205,1,11.0000004b,Drive,Loading,pitch.0,700999,1.6015,43.5499,161.5846,100.8941,71.8453,-55.9788,-0.0423,0.0594
1779744290205,1,12.00000015,Lower Delivery,Loading,pitch.0,701082,-0.2505,0.0678,0.8112,-1.0348,-0.2748,-2.919,0.0,0.0
1779744290205,1,12.00000018,Upper Delivery,Loading,pitch.0,701769,-0.3182,0.116,0.4047,-0.4657,-0.2953,-2.465,0.0,0.0
1779744290205,1,12.00000018,Upper Delivery,Loading,pitch.0,701768,-0.3221,0.0876,0.3237,-0.6494,-0.4884,-2.5151,0.0,0.0
1779744290205,1,Pitching Mound.Delivery,,Loading,pitch.0,700135,-0.5687,0.1838,1.216,-1.3623,-0.57,-5.407,0.0,0.0
1779744290205,1,Pitching Mound.Delivery,,Loading,pitch.0,700134,-0.5977,0.1631,1.1408,-1.9794,-0.7486,-5.4277,0.0,0.0
1779744290205,1,Pitching Mound.Drive,,Loading,pitch.0,700999,1.6015,43.5499,161.5846,100.8941,71.8453,-55.9788,-0.0423,0.0594
1779744290205,1,Pitching Mound.Parent,,Loading,pitch.0,699459,1.0329,43.7337,162.8006,99.5317,71.2752,-61.3858,-0.042,0.0598
1779744290205,1,Pitching Mound.Parent,,Loading,pitch.0,699458,1.234,43.5705,162.0573,98.443,71.6643,-61.8011,-0.0425,0.06
1779744290206,1,11.0000004b,Drive,Loading,pitch.0,701000,1.2207,43.5827,162.6653,101.6361,71.6366,-55.8645,-0.0419,0.0594
1779744290206,1,12.00000015,Lower Delivery,Loading,pitch.0,701083,-0.2593,0.0704,0.7685,-0.7834,-0.3469,-2.8979,0.0,0.0
1779744290206,1,Pitching Mound.Drive,,Loading,pitch.0,701000,1.2207,43.5827,162.6653,101.6361,71.6366,-55.8645,-0.0419,0.0594
1779744290207,1,11.0000004b,Drive,Loading,pitch.0,701001,0.9999,43.6026,162.9919,101.8313,70.8611,-55.4949,-0.0414,0.0594
1779744290207,1,12.00000015,Lower Delivery,Loading,pitch.0,701084,-0.2167,0.0671,0.6921,-1.055,-0.134,-2.8871,0.0,0.0
1779744290207,1,12.00000018,Upper Delivery,Loading,pitch.0,701770,-0.2579,0.0899,0.2533,-0.1783,0.008,-2.4068,0.0,0.0
1779744290207,1,Pitching Mound.Delivery,,Loading,pitch.0,700136,-0.5172,0.1603,1.0219,-0.7865,-0.3389,-5.3042,0.0,0.0
1779744290207,1,Pitching Mound.Drive,,Loading,pitch.0,701001,0.9999,43.6026,162.9919,101.8313,70.8611,-55.4949,-0.0414,0.0594
1779744290207,1,Pitching Mound.Parent,,Loading,pitch.0,699460,0.7034,43.743,163.6872,100.8496,71.2977,-61.1687,-0.0416,0.0601
1779744290208,1,11.0000004b,Drive,Loading,pitch.0,701002,0.6085,43.482,163.6864,101.001,69.6414,-55.334,-0.0405,0.0587
1779744290208,1,12.00000015,Lower Delivery,Loading,pitch.0,701085,-0.187,0.0639,0.7059,-0.6879,0.1365,-2.9243,0.0,0.0
1779744290208,1,12.00000018,Upper Delivery,Loading,pitch.0,701771,-0.1989,0.0681,0.2339,0.0156,0.2117,-2.3498,0.0,0.0
1779744290208,1,Pitching Mound.Delivery,,Loading,pitch.0,700137,-0.4156,0.1352,0.926,-0.8836,0.0776,-5.2308,0.0,0.0
1779744290208,1,Pitching Mound.Drive,,Loading,pitch.0,701002,0.6085,43.482,163.6864,101.001,69.6414,-55.334,-0.0405,0.0587
1779744290208,1,Pitching Mound.Parent,,Loading,pitch.0,699461,0.5843,43.7378,163.9179,100.9477,70.9387,-60.7258,-0.0411,0.06
1779744290209,1,11.0000004b,Drive,Loading,pitch.0,701003,0.2927,43.579,164.5617,102.3931,69.104,-55.4151,-0.0399,0.0592
1779744290209,1,12.00000015,Lower Delivery,Loading,pitch.0,701086,-0.1824,0.0988,0.728,-0.6944,0.0189,-2.9051,0.0,0.0
1779744290209,1,12.00000018,Upper Delivery,Loading,pitch.0,701772,-0.1777,0.1055,0.2834,0.1174,0.3186,-2.3212,0.0,0.0
1779744290209,1,12.00000018,Upper Delivery,Loading,pitch.0,701773,-0.171,0.1301,0.3275,0.1121,0.3131,-2.3251,0.0,0.0
1779744290209,1,Pitching Mound.Delivery,,Loading,pitch.0,700139,-0.3534,0.2288,1.0555,-0.4462,0.332,-5.2264,0.0,0.0
1779744290209,1,Pitching Mound.Delivery,,Loading,pitch.0,700138,-0.3647,0.1694,0.9893,-0.4268,0.4551,-5.2424,0.0,0.0
1779744290209,1,Pitching Mound.Drive,,Loading,pitch.0,701003,0.2927,43.579,164.5617,102.3931,69.104,-55.4151,-0.0399,0.0592
1779744290209,1,Pitching Mound.Parent,,Loading,pitch.0,699463,-0.0607,43.8078,165.6172,101.9469,69.4361,-60.6414,-0.0397,0.0596
1779744290209,1,Pitching Mound.Parent,,Loading,pitch.0,699462,0.2437,43.6513,164.6758,100.5742,70.0966,-60.5763,-0.0402,0.0592
1779744290210,1,11.0000004b,Drive,Loading,pitch.0,701004,0.0052,43.5275,163.7434,102.3683,68.5876,-55.2639,-0.0398,0.0595
1779744290210,1,12.00000015,Lower Delivery,Loading,pitch.0,701087,-0.1393,0.0921,0.6585,-0.3968,0.1487,-2.8767,0.0,0.0
1779744290210,1,Pitching Mound.Drive,,Loading,pitch.0,701004,0.0052,43.5275,163.7434,102.3683,68.5876,-55.2639,-0.0398,0.0595
1779744290211,1,11.0000004b,Drive,Loading,pitch.0,701005,-0.2882,43.5082,163.737,102.5585,67.8793,-55.3258,-0.0394,0.0596
1779744290211,1,12.00000015,Lower Delivery,Loading,pitch.0,701088,-0.1723,0.0918,0.7122,-0.5835,-0.1384,-2.8874,0.0,0.0
1779744290211,1,12.00000018,Upper Delivery,Loading,pitch.0,701774,-0.1609,0.1519,0.3562,-0.1072,0.0815,-2.3644,0.0,0.0
1779744290211,1,Pitching Mound.Delivery,,Loading,pitch.0,700140,-0.3002,0.244,1.0147,-0.4013,0.2301,-5.2485,0.0,0.0
1779744290211,1,Pitching Mound.Drive,,Loading,pitch.0,701005,-0.2882,43.5082,163.737,102.5585,67.8793,-55.3258,-0.0394,0.0596
1779744290211,1,Pitching Mound.Parent,,Loading,pitch.0,699464,-0.295,43.7715,164.7581,101.967,68.8178,-60.5123,-0.0396,0.0597
1779744290212,1,11.0000004b,Drive,Loading,pitch.0,701006,-0.7118,43.3705,163.6671,102.1043,67.0762,-55.3555,-0.039,0.0593
1779744290212,1,12.00000015,Lower Delivery,Loading,pitch.0,701089,-0.1689,0.1006,0.7749,-0.026,0.2245,-2.8851,0.0,0.0
1779744290212,1,12.00000018,Upper Delivery,Loading,pitch.0,701775,-0.1766,0.169,0.3513,-0.1862,-0.0047,-2.3291,0.0,0.0
1779744290212,1,12.00000018,Upper Delivery,Loading,pitch.0,701776,-0.2013,0.2014,0.4137,-0.2348,-0.0562,-2.3362,0.0,0.0
1779744290212,1,Pitching Mound.Delivery,,Loading,pitch.0,700141,-0.3489,0.2608,1.0635,-0.647,-0.1431,-5.218,0.0,0.0
1779744290212,1,Pitching Mound.Delivery,,Loading,pitch.0,700142,-0.3701,0.302,1.1886,-0.138,0.1684,-5.2324,0.0,0.0
1779744290212,1,Pitching Mound.Drive,,Loading,pitch.0,701006,-0.7118,43.3705,163.6671,102.1043,67.0762,-55.3555,-0.039,0.0593
1779744290212,1,Pitching Mound.Parent,,Loading,pitch.0,699465,-0.6372,43.769,164.8004,101.9114,67.7362,-60.5438,-0.0392,0.0599
1779744290212,1,Pitching Mound.Parent,,Loading,pitch.0,699466,-1.082,43.6725,164.8557,101.9664,67.2446,-60.5879,-0.0387,0.0597
1779744290213,1,11.0000004b,Drive,Loading,pitch.0,701007,-0.9621,43.3409,163.874,102.7615,66.7126,-55.6322,-0.0387,0.0597
1779744290213,1,12.00000015,Lower Delivery,Loading,pitch.0,701090,-0.2091,0.1222,0.8123,0.0402,-0.1002,-2.8521,0.0,0.0
1779744290213,1,12.00000018,Upper Delivery,Loading,pitch.0,701777,-0.2465,0.2308,0.4466,-0.718,-0.5639,-2.4734,0.0,0.0
1779744290213,1,Pitching Mound.Delivery,,Loading,pitch.0,700143,-0.4556,0.353,1.2589,-0.5535,-0.6641,-5.3382,0.0,0.0
1779744290213,1,Pitching Mound.Drive,,Loading,pitch.0,701007,-0.9621,43.3409,163.874,102.7615,66.7126,-55.6322,-0.0387,0.0597
1779744290213,1,Pitching Mound.Parent,,Loading,pitch.0,699467,-1.4178,43.6938,165.1329,102.2081,66.0485,-60.9704,-0.0384,0.06
1779744290214,1,11.0000004b,Drive,Loading,pitch.0,701008,-1.0844,43.2345,163.8481,102.5215,67.0358,-55.7967,-0.0389,0.0595
1779744290214,1,12.00000015,Lower Delivery,Loading,pitch.0,701091,-0.2276,0.1416,0.8246,-0.1169,-0.2946,-2.8246,0.0,0.0
1779744290214,1,12.00000018,Upper Delivery,Loading,pitch.0,701778,-0.2823,0.2327,0.4788,-0.8129,-0.6676,-2.4277,0.0,0.0
1779744290214,1,Pitching Mound.Delivery,,Loading,pitch.0,700144,-0.5099,0.3743,1.3033,-0.8122,-0.9622,-5.2709,0.0,0.0
1779744290214,1,Pitching Mound.Drive,,Loading,pitch.0,701008,-1.0844,43.2345,163.8481,102.5215,67.0358,-55.7967,-0.0389,0.0595
1779744290214,1,Pitching Mound.Parent,,Loading,pitch.0,699468,-1.5943,43.6088,165.1514,101.7093,66.0737,-61.0676,-0.0386,0.0598
1779744290215,1,11.0000004b,Drive,Loading,pitch.0,701009,-1.0154,43.2585,163.7004,101.861,67.6903,-56.0716,-0.0393,0.0592
1779744290215,1,12.00000015,Lower Delivery,Loading,pitch.0,701092,-0.2528,0.1333,0.8665,-0.1912,-0.4184,-2.9062,0.0,0.0
1779744290215,1,12.00000018,Upper Delivery,Loading,pitch.0,701779,-0.3511,0.2648,0.5502,-0.9625,-0.8244,-2.4781,0.0,0.0
1779744290215,1,Pitching Mound.Delivery,,Loading,pitch.0,700145,-0.604,0.3982,1.4167,-1.0461,-1.2428,-5.4177,0.0,0.0
1779744290215,1,Pitching Mound.Drive,,Loading,pitch.0,701009,-1.0154,43.2585,163.7004,101.861,67.6903,-56.0716,-0.0393,0.0592
1779744290215,1,Pitching Mound.Parent,,Loading,pitch.0,699469,-1.6194,43.6567,165.1171,100.8149,66.4476,-61.4893,-0.039,0.0593
1779744290216,1,11.0000004b,Drive,Loading,pitch.0,701010,-0.8433,43.2706,163.2369,101.6156,68.6247,-56.0939,-0.04,0.0592
1779744290216,1,12.00000015,Lower Delivery,Loading,pitch.0,701093,-0.2584,0.1649,0.8761,-0.4574,-0.1844,-2.8214,0.0,0.0
1779744290216,1,12.00000018,Upper Delivery,Loading,pitch.0,701780,-0.3911,0.2367,0.5497,-1.1266,-0.9989,-2.4862,0.0,0.0
1779744290216,1,Pitching Mound.Delivery,,Loading,pitch.0,700146,-0.6495,0.4016,1.4258,-1.473,-1.1833,-5.3527,0.0,0.0
1779744290216,1,Pitching Mound.Drive,,Loading,pitch.0,701010,-0.8433,43.2706,163.2369,101.6156,68.6247,-56.0939,-0.04,0.0592
1779744290216,1,Pitching Mound.Parent,,Loading,pitch.0,699470,-1.4928,43.6723,164.6627,100.1426,67.4414,-61.4466,-0.0396,0.0594
1779744290217,1,11.0000004b,Drive,Loading,pitch.0,701011,-0.5196,43.2923,162.5658,100.9562,68.9352,-56.3681,-0.0403,0.0591
1779744290217,1,12.00000015,Lower Delivery,Loading,pitch.0,701094,-0.2614,0.1735,0.9588,-0.6953,-0.0873,-2.8467,0.0,0.0
1779744290217,1,12.00000018,Upper Delivery,Loading,pitch.0,701781,-0.4198,0.2301,0.5761,-1.2392,-1.1158,-2.546,0.0,0.0
1779744290217,1,Pitching Mound.Delivery,,Loading,pitch.0,700147,-0.6812,0.4036,1.5349,-1.8044,-1.2031,-5.4465,0.0,0.0
1779744290217,1,Pitching Mound.Drive,,Loading,pitch.0,701011,-0.5196,43.2923,162.5658,100.9562,68.9352,-56.3681,-0.0403,0.0591
1779744290217,1,Pitching Mound.Parent,,Loading,pitch.0,699471,-1.2008,43.6959,164.1006,99.1517,67.7321,-61.8146,-0.04,0.0593
1779744290218,1,11.0000004b,Drive,Loading,pitch.0,701012,-0.2265,43.467,162.4658,100.0933,68.9274,-56.5782,-0.0404,0.0586
1779744290218,1,12.00000015,Lower Delivery,Loading,pitch.0,701095,-0.3176,0.1615,1.004,-0.8484,-0.1864,-2.8229,0.0,0.0
1779744290218,1,12.00000018,Upper Delivery,Loading,pitch.0,701782,-0.4245,0.2019,0.5391,-0.988,-0.852,-2.4692,0.0,0.0
1779744290218,1,Pitching Mound.Delivery,,Loading,pitch.0,700148,-0.7421,0.3634,1.5431,-1.6783,-1.0384,-5.3285,0.0,0.0
1779744290218,1,Pitching Mound.Drive,,Loading,pitch.0,701012,-0.2265,43.467,162.4658,100.0933,68.9274,-56.5782,-0.0404,0.0586
1779744290218,1,Pitching Mound.Parent,,Loading,pitch.0,699472,-0.9686,43.8304,164.0088,98.4151,67.889,-61.9067,-0.04,0.059
1779744290219,1,11.0000004b,Drive,Loading,pitch.0,701013,0.1748,43.3286,160.4853,99.4249,70.5105,-56.8874,-0.0418,0.0589
1779744290219,1,12.00000015,Lower Delivery,Loading,pitch.0,701096,-0.3201,0.1703,1.1965,-1.1303,0.0,-2.8333,0.0,0.0
1779744290219,1,12.00000018,Upper Delivery,Loading,pitch.0,701783,-0.4331,0.1735,0.5058,-0.6077,-0.4542,-2.3314,0.0,0.0
1779744290219,1,Pitching Mound.Delivery,,Loading,pitch.0,700149,-0.7533,0.3437,1.7023,-1.5031,-0.4541,-5.2031,0.0,0.0
1779744290219,1,Pitching Mound.Drive,,Loading,pitch.0,701013,0.1748,43.3286,160.4853,99.4249,70.5105,-56.8874,-0.0418,0.0589
1779744290219,1,Pitching Mound.Parent,,Loading,pitch.0,699473,-0.5785,43.6723,162.1876,97.9218,70.0563,-62.0905,-0.0414,0.0598
1779744290220,1,11.0000004b,Drive,Loading,pitch.0,701014,0.5042,43.3524,159.9558,98.6721,70.9308,-56.9858,-0.0422,0.0587
1779744290220,1,12.00000015,Lower Delivery,Loading,pitch.0,701097,-0.308,0.1812,1.3517,-1.1533,0.3365,-2.8668,0.0,0.0
1779744290220,1,12.00000018,Upper Delivery,Loading,pitch.0,701784,-0.4371,0.133,0.4506,-0.517,-0.3566,-2.3464,0.0,0.0
1779744290220,1,Pitching Mound.Delivery,,Loading,pitch.0,700150,-0.7451,0.3142,1.8022,-1.364,-0.02,-5.2571,0.0,0.0
1779744290220,1,Pitching Mound.Drive,,Loading,pitch.0,701014,0.5042,43.3524,159.9558,98.6721,70.9308,-56.9858,-0.0422,0.0587
1779744290220,1,Pitching Mound.Parent,,Loading,pitch.0,699474,-0.2409,43.6666,161.758,97.3082,70.9108,-62.2429,-0.0417,0.0599
1779744290221,1,11.0000004b,Drive,Loading,pitch.0,701015,1.1238,43.4172,159.6445,97.143,71.8213,-57.2249,-0.0428,0.0579
1779744290221,1,12.00000015,Lower Delivery,Loading,pitch.0,701098,-0.3383,0.2131,1.4508,-1.0517,0.6699,-2.8758,0.0,0.0
1779744290221,1,12.00000018,Upper Delivery,Loading,pitch.0,701785,-0.414,0.1015,0.4045,-0.3254,-0.1513,-2.3634,0.0,0.0
1779744290221,1,Pitching Mound.Delivery,,Loading,pitch.0,700151,-0.7522,0.3146,1.8553,-1.0214,0.5186,-5.2649,0.0,0.0
1779744290221,1,Pitching Mound.Drive,,Loading,pitch.0,701015,1.1238,43.4172,159.6445,97.143,71.8213,-57.2249,-0.0428,0.0579
1779744290221,1,Pitching Mound.Parent,,Loading,pitch.0,699475,0.3716,43.7318,161.4998,96.1216,72.3399,-62.4898,-0.0423,0.0594
1779744290222,1,11.0000004b,Drive,Loading,pitch.0,701016,1.5109,43.4305,158.8119,96.3552,72.5137,-57.3221,-0.0434,0.0577
1779744290222,1,12.00000015,Lower Delivery,Loading,pitch.0,701099,-0.3173,0.2065,1.4115,-1.1242,0.6111,-2.8986,0.0,0.0
1779744290222,1,12.00000018,Upper Delivery,Loading,pitch.0,701786,-0.403,0.0832,0.3738,-0.5557,-0.392,-2.452,0.0,0.0
1779744290222,1,Pitching Mound.Delivery,,Loading,pitch.0,700152,-0.7203,0.2897,1.7853,-1.3271,0.2191,-5.3798,0.0,0.0
1779744290222,1,Pitching Mound.Drive,,Loading,pitch.0,701016,1.5109,43.4305,158.8119,96.3552,72.5137,-57.3221,-0.0434,0.0577
1779744290222,1,Pitching Mound.Parent,,Loading,pitch.0,699476,0.7906,43.7203,160.5972,95.0281,72.7328,-62.7019,-0.043,0.0593
1779744290223,1,11.0000004b,Drive,Loading,pitch.0,701017,2.014,43.7285,159.9616,95.6512,71.0884,-57.706,-0.0423,0.0569
1779744290223,1,12.00000015,Lower Delivery,Loading,pitch.0,701100,-0.3419,0.1811,1.3839,-1.2644,0.6342,-2.9406,0.0,0.0
1779744290223,1,12.00000018,Upper Delivery,Loading,pitch.0,701787,-0.3615,0.0729,0.2926,-0.3625,-0.1857,-2.4563,0.0,0.0
1779744290223,1,Pitching Mound.Delivery,,Loading,pitch.0,700153,-0.7035,0.2539,1.6765,-1.2559,0.4485,-5.4035,0.0,0.0
1779744290223,1,Pitching Mound.Drive,,Loading,pitch.0,701017,2.014,43.7285,159.9616,95.6512,71.0884,-57.706,-0.0423,0.0569
1779744290223,1,Pitching Mound.Parent,,Loading,pitch.0,699477,1.3106,43.9824,161.6381,94.3953,71.537,-63.1095,-0.0418,0.0586
1779744290224,1,11.0000004b,Drive,Loading,pitch.0,701018,2.288,43.8878,159.9368,94.9254,71.6216,-57.9718,-0.0426,0.0565
1779744290224,1,12.00000015,Lower Delivery,Loading,pitch.0,701101,-0.3003,0.1761,1.3378,-1.2163,0.7128,-2.9709,0.0,0.0
1779744290224,1,12.00000018,Upper Delivery,Loading,pitch.0,701788,-0.306,0.0438,0.193,-0.4554,-0.2808,-2.5276,0.0,0.0
1779744290224,1,Pitching Mound.Delivery,,Loading,pitch.0,700154,-0.6064,0.2199,1.5308,-1.2825,0.432,-5.5005,0.0,0.0
1779744290224,1,Pitching Mound.Drive,,Loading,pitch.0,701018,2.288,43.8878,159.9368,94.9254,71.6216,-57.9718,-0.0426,0.0565
1779744290224,1,Pitching Mound.Parent,,Loading,pitch.0,699478,1.6817,44.1078,161.4676,93.6429,72.0536,-63.4723,-0.0422,0.0583
1779744290225,1,11.0000004b,Drive,Loading,pitch.0,701019,2.6695,43.7583,158.0361,94.0425,74.4003,-58.3668,-0.0448,0.0566
1779744290225,1,12.00000015,Lower Delivery,Loading,pitch.0,701102,-0.3356,0.1741,1.3308,-1.4549,0.3776,-2.983,0.0,0.0
1779744290225,1,12.00000018,Upper Delivery,Loading,pitch.0,701789,-0.2697,0.0386,0.1256,-0.66,-0.4974,-2.556,0.0,0.0
1779744290225,1,Pitching Mound.Delivery,,Loading,pitch.0,700155,-0.6053,0.2127,1.4564,-1.7051,-0.1198,-5.5166,0.0,0.0
1779744290225,1,Pitching Mound.Drive,,Loading,pitch.0,701019,2.6695,43.7583,158.0361,94.0425,74.4003,-58.3668,-0.0448,0.0566
1779744290225,1,Pitching Mound.Parent,,Loading,pitch.0,699479,2.0641,43.9709,159.4925,92.3374,74.2805,-63.8834,-0.0444,0.0587
1779744290226,1,11.0000004b,Drive,Loading,pitch.0,701020,2.9653,43.8423,158.5145,93.165,73.5991,-58.8294,-0.0442,0.0559
1779744290226,1,12.00000015,Lower Delivery,Loading,pitch.0,701103,-0.2931,0.1629,1.3613,-1.3433,0.4835,-3.0279,0.0,0.0
1779744290226,1,12.00000018,Upper Delivery,Loading,pitch.0,701790,-0.2198,0.0422,0.099,-0.8814,-0.7263,-2.6841,0.0,0.0
1779744290226,1,Pitching Mound.Delivery,,Loading,pitch.0,700156,-0.5129,0.2051,1.4603,-1.7955,-0.2428,-5.6871,0.0,0.0
1779744290226,1,Pitching Mound.Drive,,Loading,pitch.0,701020,2.9653,43.8423,158.5145,93.165,73.5991,-58.8294,-0.0442,0.0559
1779744290226,1,Pitching Mound.Parent,,Loading,pitch.0,699480,2.4524,44.0474,159.9748,91.3695,73.3563,-64.5165,-0.0438,0.0581
1779744290227,1,11.0000004b,Drive,Loading,pitch.0,701021,3.1312,43.8622,158.3243,92.7185,74.6832,-59.0787,-0.0449,0.0557
1779744290227,1,12.00000015,Lower Delivery,Loading,pitch.0,701104,-0.3029,0.1534,1.3695,-1.4356,0.4329,-3.0681,0.0,0.0
1779744290227,1,12.00000018,Upper Delivery,Loading,pitch.0,701791,-0.1661,0.0524,0.0708,-1.2596,-1.1246,-2.7763,0.0,0.0
1779744290227,1,Pitching Mound.Delivery,,Loading,pitch.0,700157,-0.469,0.2059,1.4403,-2.2536,-0.6917,-5.7979,0.0,0.0
1779744290227,1,Pitching Mound.Drive,,Loading,pitch.0,701021,3.1312,43.8622,158.3243,92.7185,74.6832,-59.0787,-0.0449,0.0557
1779744290227,1,Pitching Mound.Parent,,Loading,pitch.0,699481,2.6622,44.0681,159.7646,90.4649,73.9916,-64.8766,-0.0445,0.058
1779744290228,1,11.0000004b,Drive,Loading,pitch.0,701022,3.1908,43.8924,158.4983,92.6632,74.8649,-59.2433,-0.0449,0.0556
1779744290228,1,12.00000015,Lower Delivery,Loading,pitch.0,701105,-0.2498,0.1608,1.3091,-1.5507,0.4399,-3.0312,0.0,0.0
1779744290228,1,12.00000018,Upper Delivery,Loading,pitch.0,701792,-0.1311,0.0559,0.0388,-1.1138,-0.9709,-2.7444,0.0,0.0
1779744290228,1,Pitching Mound.Delivery,,Loading,pitch.0,700158,-0.3809,0.2167,1.348,-2.2325,-0.5309,-5.7353,0.0,0.0
1779744290228,1,Pitching Mound.Drive,,Loading,pitch.0,701022,3.1908,43.8924,158.4983,92.6632,74.8649,-59.2433,-0.0449,0.0556
1779744290228,1,Pitching Mound.Parent,,Loading,pitch.0,699482,2.8099,44.1091,159.8463,90.4306,74.334,-64.9785,-0.0446,0.0578
1779744290229,1,11.0000004b,Drive,Loading,pitch.0,701023,3.2514,43.907,158.6483,92.7347,74.8102,-59.3583,-0.0449,0.0556
1779744290229,1,12.00000015,Lower Delivery,Loading,pitch.0,701106,-0.2011,0.1318,1.1601,-1.3863,0.6439,-2.9908,0.0,0.0
1779744290229,1,12.00000018,Upper Delivery,Loading,pitch.0,701793,-0.1065,0.0775,0.0333,-1.169,-1.0289,-2.7594,0.0,0.0
1779744290229,1,Pitching Mound.Delivery,,Loading,pitch.0,700159,-0.3076,0.2093,1.1934,-2.1721,-0.385,-5.7181,0.0,0.0
1779744290229,1,Pitching Mound.Drive,,Loading,pitch.0,701023,3.2514,43.907,158.6483,92.7347,74.8102,-59.3583,-0.0449,0.0556
1779744290229,1,Pitching Mound.Parent,,Loading,pitch.0,699483,2.9438,44.1163,159.8418,90.5626,74.4252,-65.0764,-0.0445,0.0576
1779744290230,1,11.0000004b,Drive,Loading,pitch.0,701024,3.2706,43.9483,158.9558,93.1595,74.102,-59.441,-0.0443,0.0558
1779744290230,1,12.00000015,Lower Delivery,Loading,pitch.0,701107,-0.1489,0.1457,1.1489,-1.0507,0.7558,-2.9822,0.0,0.0
1779744290230,1,12.00000018,Upper Delivery,Loading,pitch.0,701794,-0.1132,0.1142,0.054,-1.2677,-1.1346,-2.7516,0.0,0.0
1779744290230,1,Pitching Mound.Delivery,,Loading,pitch.0,700160,-0.2621,0.26,1.2029,-1.9461,-0.3788,-5.7217,0.0,0.0
1779744290230,1,Pitching Mound.Drive,,Loading,pitch.0,701024,3.2706,43.9483,158.9558,93.1595,74.102,-59.441,-0.0443,0.0558
1779744290230,1,Pitching Mound.Parent,,Loading,pitch.0,699484,3.0085,44.2083,160.1587,91.2135,73.7232,-65.1627,-0.044,0.0577
1779744290231,1,11.0000004b,Drive,Loading,pitch.0,701025,3.2823,44.0224,159.2983,93.2346,73.9372,-59.5387,-0.0442,0.0557
1779744290231,1,12.00000015,Lower Delivery,Loading,pitch.0,701108,-0.1054,0.1284,1.0868,-1.4608,0.6724,-2.9461,0.0,0.0
1779744290231,1,12.00000018,Upper Delivery,Loading,pitch.0,701795,-0.0952,0.1156,0.0648,-1.1687,-1.0328,-2.6838,0.0,0.0
1779744290231,1,Pitching Mound.Delivery,,Loading,pitch.0,700161,-0.2006,0.244,1.1515,-2.282,-0.3604,-5.6264,0.0,0.0
1779744290231,1,Pitching Mound.Drive,,Loading,pitch.0,701025,3.2823,44.0224,159.2983,93.2346,73.9372,-59.5387,-0.0442,0.0557
1779744290231,1,Pitching Mound.Parent,,Loading,pitch.0,699485,3.0817,44.2664,160.4498,90.9526,73.5768,-65.1651,-0.0438,0.0574
1779744290232,1,11.0000004b,Drive,Loading,pitch.0,701026,3.2794,44.1014,159.6997,93.3172,73.8135,-59.6535,-0.044,0.0556
1779744290232,1,12.00000015,Lower Delivery,Loading,pitch.0,701109,-0.0956,0.1072,1.0164,-1.5522,0.542,-2.883,0.0,0.0
1779744290232,1,12.00000018,Upper Delivery,Loading,pitch.0,701796,-0.0899,0.1135,0.0769,-1.0351,-0.8912,-2.6677,0.0,0.0
1779744290232,1,Pitching Mound.Delivery,,Loading,pitch.0,700162,-0.1855,0.2207,1.0934,-2.2678,-0.3492,-5.5487,0.0,0.0
1779744290232,1,Pitching Mound.Drive,,Loading,pitch.0,701026,3.2794,44.1014,159.6997,93.3172,73.8135,-59.6535,-0.044,0.0556
1779744290232,1,Pitching Mound.Parent,,Loading,pitch.0,699486,3.0939,44.3221,160.793,91.0493,73.4642,-65.2022,-0.0437,0.0572
1779744290233,1,11.0000004b,Drive,Loading,pitch.0,701027,3.2419,44.187,160.126,93.4456,73.2423,-59.6986,-0.0435,0.0555
1779744290233,1,12.00000015,Lower Delivery,Loading,pitch.0,701110,-0.0623,0.1257,1.0384,-1.413,0.4996,-2.881,0.0,0.0
1779744290233,1,12.00000018,Upper Delivery,Loading,pitch.0,701797,-0.1053,0.1434,0.1902,-0.929,-0.7812,-2.6123,0.0,0.0
1779744290233,1,Pitching Mound.Delivery,,Loading,pitch.0,700163,-0.1676,0.2691,1.2286,-2.0537,-0.2816,-5.508,0.0,0.0
1779744290233,1,Pitching Mound.Drive,,Loading,pitch.0,701027,3.2419,44.187,160.126,93.4456,73.2423,-59.6986,-0.0435,0.0555
1779744290233,1,Pitching Mound.Parent,,Loading,pitch.0,699487,3.0743,44.4562,161.3545,91.392,72.9607,-65.2066,-0.0432,0.0569
1779744290234,1,11.0000004b,Drive,Loading,pitch.0,701028,3.195,44.2762,160.6267,93.8717,72.4926,-59.7281,-0.0429,0.0556
1779744290234,1,12.00000015,Lower Delivery,Loading,pitch.0,701111,-0.0195,0.1628,1.1013,-1.2044,0.6279,-2.8409,0.0,0.0
1779744290234,1,12.00000018,Upper Delivery,Loading,pitch.0,701798,-0.1403,0.1584,0.2546,-1.0313,-0.8919,-2.5842,0.0,0.0
1779744290234,1,Pitching Mound.Delivery,,Loading,pitch.0,700164,-0.1598,0.3212,1.356,-1.9479,-0.264,-5.4662,0.0,0.0
1779744290234,1,Pitching Mound.Drive,,Loading,pitch.0,701028,3.195,44.2762,160.6267,93.8717,72.4926,-59.7281,-0.0429,0.0556
1779744290234,1,Pitching Mound.Parent,,Loading,pitch.0,699488,3.0352,44.5974,161.9826,91.9239,72.2286,-65.1943,-0.0426,0.0569
1779744290235,1,11.0000004b,Drive,Loading,pitch.0,701029,3.1308,44.3083,161.0089,94.4512,71.527,-59.7251,-0.0423,0.0558
1779744290235,1,12.00000015,Lower Delivery,Loading,pitch.0,701112,0.0131,0.1758,1.1292,-1.0049,0.3864,-2.8306,0.0,0.0
1779744290235,1,12.00000018,Upper Delivery,Loading,pitch.0,701799,-0.1827,0.1985,0.348,-1.0069,-0.8666,-2.5704,0.0,0.0
1779744290235,1,Pitching Mound.Delivery,,Loading,pitch.0,700165,-0.1696,0.3743,1.4772,-1.7463,-0.4802,-5.4676,0.0,0.0
1779744290235,1,Pitching Mound.Drive,,Loading,pitch.0,701029,3.1308,44.3083,161.0089,94.4512,71.527,-59.7251,-0.0423,0.0558
1779744290235,1,Pitching Mound.Parent,,Loading,pitch.0,699489,2.9612,44.6826,162.4861,92.705,71.0467,-65.1927,-0.0419,0.0569
1779744290236,1,11.0000004b,Drive,Loading,pitch.0,701030,3.0906,44.3624,161.4475,94.8284,70.8881,-59.7849,-0.0418,0.0559
1779744290236,1,12.00000015,Lower Delivery,Loading,pitch.0,701113,0.0267,0.2141,1.1583,-0.6722,0.5358,-2.842,0.0,0.0
1779744290236,1,12.00000018,Upper Delivery,Loading,pitch.0,701800,-0.2226,0.1899,0.4251,-0.7491,-0.59,-2.6009,0.0,0.0
1779744290236,1,Pitching Mound.Delivery,,Loading,pitch.0,700166,-0.1959,0.404,1.5834,-1.172,-0.0542,-5.5277,0.0,0.0
1779744290236,1,Pitching Mound.Drive,,Loading,pitch.0,701030,3.0906,44.3624,161.4475,94.8284,70.8881,-59.7849,-0.0418,0.0559
1779744290236,1,Pitching Mound.Parent,,Loading,pitch.0,699490,2.8947,44.7664,163.0309,93.6563,70.8339,-65.3125,-0.0414,0.0569
1779744290237,1,11.0000004b,Drive,Loading,pitch.0,701031,3.0641,44.4424,161.8848,95.2974,69.9726,-59.805,-0.0411,0.056
1779744290237,1,12.00000015,Lower Delivery,Loading,pitch.0,701114,0.0184,0.2017,1.1563,-0.6661,0.3875,-2.829,0.0,0.0
1779744290237,1,12.00000018,Upper Delivery,Loading,pitch.0,701801,-0.3079,0.211,0.4848,-0.996,-0.8547,-2.5751,0.0,0.0
1779744290237,1,Pitching Mound.Delivery,,Loading,pitch.0,700167,-0.2895,0.4127,1.6412,-1.4338,-0.4672,-5.515,0.0,0.0
1779744290237,1,Pitching Mound.Drive,,Loading,pitch.0,701031,3.0641,44.4424,161.8848,95.2974,69.9726,-59.805,-0.0411,0.056
1779744290237,1,Pitching Mound.Parent,,Loading,pitch.0,699491,2.7746,44.855,163.526,93.8636,69.5054,-65.32,-0.0407,0.0568
1779744290238,1,11.0000004b,Drive,Loading,pitch.0,701032,3.0416,44.4736,162.2258,95.9103,69.2529,-59.8415,-0.0406,0.0562
1779744290238,1,12.00000015,Lower Delivery,Loading,pitch.0,701115,-0.0229,0.2072,1.1138,-0.5994,0.3033,-2.8113,0.0,0.0
1779744290238,1,12.00000018,Upper Delivery,Loading,pitch.0,701802,-0.37,0.2331,0.5831,-1.2428,-1.1148,-2.6305,0.0,0.0
1779744290238,1,Pitching Mound.Delivery,,Loading,pitch.0,700168,-0.3929,0.4403,1.6969,-1.6617,-0.8114,-5.5599,0.0,0.0
1779744290238,1,Pitching Mound.Drive,,Loading,pitch.0,701032,3.0416,44.4736,162.2258,95.9103,69.2529,-59.8415,-0.0406,0.0562
1779744290238,1,Pitching Mound.Parent,,Loading,pitch.0,699492,2.6487,44.9139,163.9227,94.2486,68.4415,-65.4014,-0.0402,0.0568
1779744290239,1,11.0000004b,Drive,Loading,pitch.0,701033,3.0341,44.5287,162.6317,96.36,68.4888,-59.8764,-0.0401,0.0564
1779744290239,1,12.00000015,Lower Delivery,Loading,pitch.0,701116,-0.0786,0.1868,1.0924,-0.6719,0.2892,-2.8099,0.0,0.0
1779744290239,1,12.00000018,Upper Delivery,Loading,pitch.0,701803,-0.414,0.2349,0.6374,-1.5132,-1.4004,-2.6796,0.0,0.0
1779744290239,1,Pitching Mound.Delivery,,Loading,pitch.0,700169,-0.4926,0.4217,1.7298,-2.0304,-1.1113,-5.6035,0.0,0.0
1779744290239,1,Pitching Mound.Drive,,Loading,pitch.0,701033,3.0341,44.5287,162.6317,96.36,68.4888,-59.8764,-0.0401,0.0564
1779744290239,1,Pitching Mound.Parent,,Loading,pitch.0,699493,2.5415,44.9504,164.3616,94.3296,67.3776,-65.48,-0.0396,0.0567
1779744290240,1,11.0000004b,Drive,Loading,pitch.0,701034,3.0561,44.5754,162.882,96.7053,68.1615,-59.95,-0.0398,0.0565
1779744290240,1,12.00000015,Lower Delivery,Loading,pitch.0,701117,-0.1084,0.1772,1.0877,-0.9758,0.2611,-2.843,0.0,0.0
1779744290240,1,12.00000018,Upper Delivery,Loading,pitch.0,701804,-0.4444,0.2195,0.7241,-1.2369,-1.1087,-2.628,0.0,0.0
1779744290240,1,Pitching Mound.Delivery,,Loading,pitch.0,700170,-0.5529,0.3967,1.8119,-2.0891,-0.8476,-5.5852,0.0,0.0
1779744290240,1,Pitching Mound.Drive,,Loading,pitch.0,701034,3.0561,44.5754,162.882,96.7053,68.1615,-59.95,-0.0398,0.0565
1779744290240,1,Pitching Mound.Parent,,Loading,pitch.0,699494,2.5032,44.9721,164.6939,94.6162,67.314,-65.5353,-0.0394,0.0566
1779744290241,1,11.0000004b,Drive,Loading,pitch.0,701035,3.0693,44.6448,163.2415,97.1035,67.7725,-60.0131,-0.0395,0.0566
1779744290241,1,12.00000015,Lower Delivery,Loading,pitch.0,701118,-0.2263,0.155,1.0539,-1.0355,0.0515,-2.8314,0.0,0.0
1779744290241,1,12.00000018,Upper Delivery,Loading,pitch.0,701805,-0.4485,0.2166,0.768,-1.0145,-0.8753,-2.5595,0.0,0.0
1779744290241,1,Pitching Mound.Delivery,,Loading,pitch.0,700171,-0.6747,0.3716,1.8219,-1.9528,-0.8238,-5.4665,0.0,0.0
1779744290241,1,Pitching Mound.Drive,,Loading,pitch.0,701035,3.0693,44.6448,163.2415,97.1035,67.7725,-60.0131,-0.0395,0.0566
1779744290241,1,Pitching Mound.Parent,,Loading,pitch.0,699495,2.3946,45.0165,165.0634,95.1508,66.9487,-65.4796,-0.0391,0.0566
1779744290242,1,11.0000004b,Drive,Loading,pitch.0,701036,3.0817,44.7205,163.6983,97.4863,67.2065,-60.0958,-0.0391,0.0567
1779744290242,1,12.00000015,Lower Delivery,Loading,pitch.0,701119,-0.2986,0.1387,1.0826,-1.0132,0.2241,-2.8485,0.0,0.0
1779744290242,1,12.00000018,Upper Delivery,Loading,pitch.0,701806,-0.4501,0.2129,0.7908,-0.6204,-0.461,-2.4506,0.0,0.0
1779744290242,1,Pitching Mound.Delivery,,Loading,pitch.0,700172,-0.7487,0.3516,1.8735,-1.5343,-0.2369,-5.3506,0.0,0.0
1779744290242,1,Pitching Mound.Drive,,Loading,pitch.0,701036,3.0817,44.7205,163.6983,97.4863,67.2065,-60.0958,-0.0391,0.0567
1779744290242,1,Pitching Mound.Parent,,Loading,pitch.0,699496,2.333,45.0721,165.5718,95.952,66.9695,-65.4464,-0.0386,0.0566
1779744290243,1,11.0000004b,Drive,Loading,pitch.0,701037,3.1256,44.7977,164.1608,98.0128,66.6175,-60.123,-0.0386,0.0568
1779744290243,1,12.00000015,Lower Delivery,Loading,pitch.0,701120,-0.3391,0.131,1.1052,-1.036,0.3689,-2.8701,0.0,0.0
1779744290243,1,12.00000018,Upper Delivery,Loading,pitch.0,701807,-0.475,0.2231,0.8149,-0.9278,-0.7892,-2.4457,0.0,0.0
1779744290243,1,Pitching Mound.Delivery,,Loading,pitch.0,700173,-0.8141,0.3541,1.9201,-1.8651,-0.4203,-5.3621,0.0,0.0
1779744290243,1,Pitching Mound.Drive,,Loading,pitch.0,701037,3.1256,44.7977,164.1608,98.0128,66.6175,-60.123,-0.0386,0.0568
1779744290243,1,Pitching Mound.Parent,,Loading,pitch.0,699497,2.3115,45.1518,166.0809,96.1476,66.1972,-65.4851,-0.0382,0.0567
1779744290244,1,11.0000004b,Drive,Loading,pitch.0,701038,3.164,44.9063,164.6408,98.3324,66.247,-60.187,-0.0383,0.0568
1779744290244,1,12.00000015,Lower Delivery,Loading,pitch.0,701121,-0.3612,0.133,1.1145,-0.9587,0.3229,-2.9173,0.0,0.0
1779744290244,1,12.00000018,Upper Delivery,Loading,pitch.0,701808,-0.4405,0.1953,0.7167,-0.8443,-0.6994,-2.4584,0.0,0.0
1779744290244,1,Pitching Mound.Delivery,,Loading,pitch.0,700174,-0.8017,0.3282,1.8313,-1.6677,-0.3764,-5.4026,0.0,0.0
1779744290244,1,Pitching Mound.Drive,,Loading,pitch.0,701038,3.164,44.9063,164.6408,98.3324,66.247,-60.187,-0.0383,0.0568
1779744290244,1,Pitching Mound.Parent,,Loading,pitch.0,699498,2.3623,45.2346,166.472,96.6646,65.8706,-65.5896,-0.0379,0.057
1779744290245,1,11.0000004b,Drive,Loading,pitch.0,701039,3.1923,45.0124,165.2702,98.6845,65.8464,-60.2445,-0.0379,0.0568
1779744290245,1,12.00000015,Lower Delivery,Loading,pitch.0,701122,-0.4066,0.113,1.1902,-1.2435,0.1816,-2.9089,0.0,0.0
1779744290245,1,12.00000018,Upper Delivery,Loading,pitch.0,701809,-0.4154,0.1656,0.6039,-0.7712,-0.6254,-2.3879,0.0,0.0
1779744290245,1,Pitching Mound.Delivery,,Loading,pitch.0,700175,-0.8221,0.2785,1.7941,-1.8154,-0.4437,-5.2998,0.0,0.0
1779744290245,1,Pitching Mound.Drive,,Loading,pitch.0,701039,3.1923,45.0124,165.2702,98.6845,65.8464,-60.2445,-0.0379,0.0568
1779744290245,1,Pitching Mound.Parent,,Loading,pitch.0,699499,2.3702,45.2909,167.0643,96.8691,65.4027,-65.5444,-0.0375,0.0574
1779744290246,1,11.0000004b,Drive,Loading,pitch.0,701040,3.2183,45.1405,165.8874,99.0629,65.4058,-60.3117,-0.0375,0.0568
1779744290246,1,12.00000015,Lower Delivery,Loading,pitch.0,701123,-0.4424,0.1131,1.2004,-1.4879,0.1912,-2.9462,0.0,0.0
1779744290246,1,12.00000018,Upper Delivery,Loading,pitch.0,701810,-0.3625,0.1464,0.5348,-0.4349,-0.272,-2.2936,0.0,0.0
1779744290246,1,Pitching Mound.Delivery,,Loading,pitch.0,700176,-0.8049,0.2595,1.7351,-1.6965,-0.0808,-5.2126,0.0,0.0
1779744290246,1,Pitching Mound.Drive,,Loading,pitch.0,701040,3.2183,45.1405,165.8874,99.0629,65.4058,-60.3117,-0.0375,0.0568
1779744290246,1,Pitching Mound.Parent,,Loading,pitch.0,699500,2.4133,45.4,167.6226,97.3665,65.325,-65.5243,-0.0371,0.0576
1779744290247,1,11.0000004b,Drive,Loading,pitch.0,701041,3.2336,45.3167,166.4503,99.3228,65.0796,-60.3571,-0.0372,0.0568
1779744290247,1,12.00000015,Lower Delivery,Loading,pitch.0,701124,-0.4556,0.1152,1.266,-1.6599,0.0755,-2.9362,0.0,0.0
1779744290247,1,12.00000018,Upper Delivery,Loading,pitch.0,701811,-0.3424,0.1457,0.464,-0.5943,-0.4406,-2.3179,0.0,0.0
1779744290247,1,Pitching Mound.Delivery,,Loading,pitch.0,700177,-0.798,0.2609,1.73,-1.9815,-0.3651,-5.2156,0.0,0.0
1779744290247,1,Pitching Mound.Drive,,Loading,pitch.0,701041,3.2336,45.3167,166.4503,99.3228,65.0796,-60.3571,-0.0372,0.0568
1779744290247,1,Pitching Mound.Parent,,Loading,pitch.0,699501,2.4356,45.5776,168.1802,97.3413,64.7144,-65.5726,-0.0368,0.0578
1779744290248,1,11.0000004b,Drive,Loading,pitch.0,701042,3.2412,45.4587,167.06,99.6374,64.8788,-60.3882,-0.0369,0.0567
1779744290248,1,12.00000015,Lower Delivery,Loading,pitch.0,701125,-0.4468,0.1136,1.2248,-1.7344,0.2201,-2.8843,0.0,0.0
1779744290248,1,12.00000018,Upper Delivery,Loading,pitch.0,701812,-0.3019,0.1364,0.3661,-0.6412,-0.4861,-2.4001,0.0,0.0
1779744290248,1,Pitching Mound.Delivery,,Loading,pitch.0,700178,-0.7487,0.25,1.5909,-2.0837,-0.266,-5.2351,0.0,0.0
1779744290248,1,Pitching Mound.Drive,,Loading,pitch.0,701042,3.2412,45.4587,167.06,99.6374,64.8788,-60.3882,-0.0369,0.0567
1779744290248,1,Pitching Mound.Parent,,Loading,pitch.0,699502,2.4925,45.7088,168.6509,97.5537,64.6128,-65.6233,-0.0366,0.0579
1779744290249,1,11.0000004b,Drive,Loading,pitch.0,701043,3.2217,45.6153,167.6834,99.9345,64.2691,-60.4388,-0.0365,0.0567
1779744290249,1,12.00000015,Lower Delivery,Loading,pitch.0,701126,-0.4332,0.1107,1.2812,-1.825,0.2051,-2.974,0.0,0.0
1779744290249,1,12.00000018,Upper Delivery,Loading,pitch.0,701813,-0.2965,0.1392,0.3065,-0.4614,-0.2973,-2.3455,0.0,0.0
1779744290249,1,Pitching Mound.Delivery,,Loading,pitch.0,700179,-0.7297,0.2499,1.5876,-1.9549,-0.0922,-5.273,0.0,0.0
1779744290249,1,Pitching Mound.Drive,,Loading,pitch.0,701043,3.2217,45.6153,167.6834,99.9345,64.2691,-60.4388,-0.0365,0.0567
1779744290249,1,Pitching Mound.Parent,,Loading,pitch.0,699503,2.492,45.8652,169.2711,97.9796,64.1769,-65.7117,-0.0361,0.0581
1779744290250,1,11.0000004b,Drive,Loading,pitch.0,701044,3.2143,45.7867,168.379,100.203,63.7861,-60.4913,-0.036,0.0566
1779744290250,1,12.00000015,Lower Delivery,Loading,pitch.0,701127,-0.4031,0.1041,1.1662,-2.0248,0.0695,-2.9985,0.0,0.0
1779744290250,1,12.00000018,Upper Delivery,Loading,pitch.0,701814,-0.269,0.1559,0.3057,-0.5866,-0.4265,-2.4241,0.0,0.0
1779744290250,1,Pitching Mound.Delivery,,Loading,pitch.0,700180,-0.6721,0.2599,1.4718,-2.3189,-0.3571,-5.377,0.0,0.0
1779744290250,1,Pitching Mound.Drive,,Loading,pitch.0,701044,3.2143,45.7867,168.379,100.203,63.7861,-60.4913,-0.036,0.0566
1779744290250,1,Pitching Mound.Parent,,Loading,pitch.0,699504,2.5422,46.0466,169.8508,97.8841,63.4291,-65.8683,-0.0357,0.0578
1779744290251,1,11.0000004b,Drive,Loading,pitch.0,701045,3.1885,45.9317,168.9218,100.5717,63.2981,-60.5358,-0.0356,0.0566
1779744290251,1,12.00000015,Lower Delivery,Loading,pitch.0,701128,-0.3736,0.0967,1.1405,-1.8065,0.0701,-2.9698,0.0,0.0
1779744290251,1,12.00000018,Upper Delivery,Loading,pitch.0,701815,-0.2515,0.18,0.2987,-0.6413,-0.4796,-2.5183,0.0,0.0
1779744290251,1,Pitching Mound.Delivery,,Loading,pitch.0,700181,-0.6251,0.2767,1.4392,-2.1616,-0.4094,-5.4466,0.0,0.0
1779744290251,1,Pitching Mound.Drive,,Loading,pitch.0,701045,3.1885,45.9317,168.9218,100.5717,63.2981,-60.5358,-0.0356,0.0566
1779744290251,1,Pitching Mound.Parent,,Loading,pitch.0,699505,2.5634,46.2084,170.361,98.4101,62.8887,-65.9824,-0.0353,0.0578
1779744290252,1,11.0000004b,Drive,Loading,pitch.0,701046,3.1652,46.0889,169.4675,100.9445,62.9077,-60.5671,-0.0353,0.0567
1779744290252,1,12.00000015,Lower Delivery,Loading,pitch.0,701129,-0.2786,0.0864,1.1389,-1.7132,0.0772,-2.9641,0.0,0.0
1779744290252,1,12.00000018,Upper Delivery,Loading,pitch.0,701816,-0.2368,0.1779,0.2235,-0.713,-0.5519,-2.5928,0.0,0.0
1779744290252,1,Pitching Mound.Delivery,,Loading,pitch.0,700182,-0.5154,0.2643,1.3624,-2.115,-0.4747,-5.5427,0.0,0.0
1779744290252,1,Pitching Mound.Drive,,Loading,pitch.0,701046,3.1652,46.0889,169.4675,100.9445,62.9077,-60.5671,-0.0353,0.0567
1779744290252,1,Pitching Mound.Parent,,Loading,pitch.0,699506,2.6498,46.3532,170.8299,98.8295,62.433,-66.1098,-0.035,0.058
1779744290253,1,11.0000004b,Drive,Loading,pitch.0,701047,3.1289,46.2487,169.991,101.2177,62.6678,-60.5897,-0.0351,0.0566
1779744290253,1,12.00000015,Lower Delivery,Loading,pitch.0,701130,-0.2612,0.0794,1.0451,-1.6319,-0.1248,-2.9632,0.0,0.0
1779744290253,1,12.00000018,Upper Delivery,Loading,pitch.0,701817,-0.2852,0.2412,0.3307,-1.0654,-0.9189,-2.751,0.0,0.0
1779744290253,1,Pitching Mound.Delivery,,Loading,pitch.0,700183,-0.5464,0.3206,1.3758,-2.4544,-1.0437,-5.7223,0.0,0.0
1779744290253,1,Pitching Mound.Drive,,Loading,pitch.0,701047,3.1289,46.2487,169.991,101.2177,62.6678,-60.5897,-0.0351,0.0566
1779744290253,1,Pitching Mound.Parent,,Loading,pitch.0,699507,2.5825,46.5693,171.3668,98.7633,61.6242,-66.312,-0.0348,0.0576
1779744290254,1,11.0000004b,Drive,Loading,pitch.0,701048,3.1048,46.404,170.5839,101.5696,62.1777,-60.6172,-0.0347,0.0566
1779744290254,1,12.00000015,Lower Delivery,Loading,pitch.0,701131,-0.2293,0.0798,0.8914,-1.5128,-0.3048,-2.8957,0.0,0.0
1779744290254,1,12.00000018,Upper Delivery,Loading,pitch.0,701818,-0.2484,0.2069,0.2704,-1.0375,-0.8912,-2.7141,0.0,0.0
1779744290254,1,Pitching Mound.Delivery,,Loading,pitch.0,700184,-0.4777,0.2867,1.1618,-2.3391,-1.196,-5.6163,0.0,0.0
1779744290254,1,Pitching Mound.Drive,,Loading,pitch.0,701048,3.1048,46.404,170.5839,101.5696,62.1777,-60.6172,-0.0347,0.0566
1779744290254,1,Pitching Mound.Parent,,Loading,pitch.0,699508,2.6271,46.6907,171.7457,99.2305,60.9817,-66.2335,-0.0344,0.0575
1779744290255,1,11.0000004b,Drive,Loading,pitch.0,701049,3.1001,46.516,170.9864,101.8325,61.9883,-60.6711,-0.0345,0.0567
1779744290255,1,12.00000015,Lower Delivery,Loading,pitch.0,701132,-0.1998,0.0916,0.8979,-1.5903,-0.2306,-2.8896,0.0,0.0
1779744290255,1,12.00000018,Upper Delivery,Loading,pitch.0,701819,-0.2171,0.2058,0.2812,-0.8239,-0.6682,-2.628,0.0,0.0
1779744290255,1,Pitching Mound.Delivery,,Loading,pitch.0,700185,-0.417,0.2975,1.1792,-2.2045,-0.8988,-5.5235,0.0,0.0
1779744290255,1,Pitching Mound.Drive,,Loading,pitch.0,701049,3.1001,46.516,170.9864,101.8325,61.9883,-60.6711,-0.0345,0.0567
1779744290255,1,Pitching Mound.Parent,,Loading,pitch.0,699509,2.6832,46.8135,172.1655,99.6279,61.0895,-66.1946,-0.0343,0.0575
1779744290256,1,11.0000004b,Drive,Loading,pitch.0,701050,3.0761,46.6616,171.5143,102.1845,61.631,-60.7598,-0.0342,0.0567
1779744290256,1,12.00000015,Lower Delivery,Loading,pitch.0,701133,-0.1716,0.1243,0.9574,-1.6308,-0.2153,-2.8303,0.0,0.0
1779744290256,1,12.00000018,Upper Delivery,Loading,pitch.0,701820,-0.2004,0.1945,0.294,-1.0492,-0.9074,-2.6468,0.0,0.0
1779744290256,1,Pitching Mound.Delivery,,Loading,pitch.0,700186,-0.372,0.3188,1.2515,-2.4544,-1.1227,-5.4869,0.0,0.0
1779744290256,1,Pitching Mound.Drive,,Loading,pitch.0,701050,3.0761,46.6616,171.5143,102.1845,61.631,-60.7598,-0.0342,0.0567
1779744290256,1,Pitching Mound.Parent,,Loading,pitch.0,699510,2.7041,46.9804,172.7658,99.7301,60.5083,-66.2467,-0.0339,0.0576
1779744290257,1,11.0000004b,Drive,Loading,pitch.0,701051,3.078,46.8212,171.9931,102.4808,61.3374,-60.7986,-0.0339,0.0567
1779744290257,1,12.00000015,Lower Delivery,Loading,pitch.0,701134,-0.1264,0.1204,0.8645,-1.8442,-0.5156,-2.8476,0.0,0.0
1779744290257,1,12.00000018,Upper Delivery,Loading,pitch.0,701821,-0.2182,0.1763,0.2993,-0.8653,-0.716,-2.5626,0.0,0.0
1779744290257,1,Pitching Mound.Delivery,,Loading,pitch.0,700187,-0.3446,0.2967,1.1639,-2.5173,-1.2316,-5.4414,0.0,0.0
1779744290257,1,Pitching Mound.Drive,,Loading,pitch.0,701051,3.078,46.8212,171.9931,102.4808,61.3374,-60.7986,-0.0339,0.0567
1779744290257,1,Pitching Mound.Parent,,Loading,pitch.0,699511,2.7335,47.1179,173.157,99.9635,60.1058,-66.24,-0.0337,0.0574
1779744290258,1,11.0000004b,Drive,Loading,pitch.0,701052,3.0928,46.9169,172.351,102.6934,61.2218,-60.8896,-0.0338,0.0567
1779744290258,1,12.00000015,Lower Delivery,Loading,pitch.0,701135,-0.0923,0.1226,0.9015,-1.6655,-0.4263,-2.8674,0.0,0.0
1779744290258,1,12.00000018,Upper Delivery,Loading,pitch.0,701822,-0.2354,0.1752,0.3435,-0.6971,-0.5405,-2.493,0.0,0.0
1779744290258,1,Pitching Mound.Delivery,,Loading,pitch.0,700188,-0.3277,0.2978,1.245,-2.1728,-0.9668,-5.4091,0.0,0.0
1779744290258,1,Pitching Mound.Drive,,Loading,pitch.0,701052,3.0928,46.9169,172.351,102.6934,61.2218,-60.8896,-0.0338,0.0567
1779744290258,1,Pitching Mound.Parent,,Loading,pitch.0,699512,2.7651,47.2147,173.596,100.5206,60.2551,-66.2987,-0.0335,0.0574
1779744290259,1,11.0000004b,Drive,Loading,pitch.0,701053,3.1129,47.0385,172.7284,102.9403,61.064,-60.9936,-0.0336,0.0567
1779744290259,1,12.00000015,Lower Delivery,Loading,pitch.0,701136,-0.1066,0.152,0.9698,-1.6491,-0.5555,-2.8599,0.0,0.0
1779744290259,1,12.00000018,Upper Delivery,Loading,pitch.0,701823,-0.238,0.151,0.3263,-0.7339,-0.5808,-2.4749,0.0,0.0
1779744290259,1,Pitching Mound.Delivery,,Loading,pitch.0,700189,-0.3446,0.303,1.2961,-2.1642,-1.1363,-5.3795,0.0,0.0
1779744290259,1,Pitching Mound.Drive,,Loading,pitch.0,701053,3.1129,47.0385,172.7284,102.9403,61.064,-60.9936,-0.0336,0.0567
1779744290259,1,Pitching Mound.Parent,,Loading,pitch.0,699513,2.7683,47.3416,174.0245,100.7761,59.9277,-66.373,-0.0334,0.0575
1779744290260,1,11.0000004b,Drive,Loading,pitch.0,701054,3.1594,47.1589,173.1257,103.1826,60.9171,-61.0617,-0.0335,0.0567
1779744290260,1,12.00000015,Lower Delivery,Loading,pitch.0,701137,-0.099,0.1465,0.866,-1.8079,-0.4714,-2.815,0.0,0.0
1779744290260,1,12.00000018,Upper Delivery,Loading,pitch.0,701824,-0.2803,0.1712,0.4235,-0.628,-0.4711,-2.4172,0.0,0.0
1779744290260,1,Pitching Mound.Delivery,,Loading,pitch.0,700190,-0.3792,0.3177,1.2894,-2.2855,-0.9425,-5.2938,0.0,0.0
1779744290260,1,Pitching Mound.Drive,,Loading,pitch.0,701054,3.1594,47.1589,173.1257,103.1826,60.9171,-61.0617,-0.0335,0.0567
1779744290260,1,Pitching Mound.Parent,,Loading,pitch.0,699514,2.7802,47.4766,174.4151,100.8971,59.9746,-66.3555,-0.0332,0.0571
1779744290261,1,11.0000004b,Drive,Loading,pitch.0,701055,3.1953,47.268,173.4231,103.376,60.9165,-61.1572,-0.0334,0.0567
1779744290261,1,12.00000015,Lower Delivery,Loading,pitch.0,701138,-0.125,0.1207,0.8626,-1.6187,-0.7094,-2.8607,0.0,0.0
1779744290261,1,12.00000018,Upper Delivery,Loading,pitch.0,701825,-0.2868,0.1569,0.413,-0.612,-0.457,-2.3616,0.0,0.0
1779744290261,1,Pitching Mound.Delivery,,Loading,pitch.0,700191,-0.4118,0.2777,1.2757,-2.0778,-1.1665,-5.2773,0.0,0.0
1779744290261,1,Pitching Mound.Drive,,Loading,pitch.0,701055,3.1953,47.268,173.4231,103.376,60.9165,-61.1572,-0.0334,0.0567
1779744290261,1,Pitching Mound.Parent,,Loading,pitch.0,699515,2.7835,47.5457,174.6988,101.2981,59.7501,-66.4345,-0.0332,0.0572
1779744290262,1,11.0000004b,Drive,Loading,pitch.0,701056,3.2466,47.4033,173.8268,103.5228,60.7043,-61.2358,-0.0332,0.0567
1779744290262,1,12.00000015,Lower Delivery,Loading,pitch.0,701139,-0.1854,0.1199,0.7906,-1.4821,-0.5735,-2.893,0.0,0.0
1779744290262,1,12.00000018,Upper Delivery,Loading,pitch.0,701826,-0.3084,0.1225,0.4493,-0.5844,-0.4285,-2.3457,0.0,0.0
1779744290262,1,Pitching Mound.Delivery,,Loading,pitch.0,700192,-0.4939,0.2424,1.2399,-1.9504,-1.002,-5.2806,0.0,0.0
1779744290262,1,Pitching Mound.Drive,,Loading,pitch.0,701056,3.2466,47.4033,173.8268,103.5228,60.7043,-61.2358,-0.0332,0.0567
1779744290262,1,Pitching Mound.Parent,,Loading,pitch.0,699516,2.7527,47.6458,175.0667,101.5724,59.7023,-66.5164,-0.033,0.0569
1779744290263,1,11.0000004b,Drive,Loading,pitch.0,701057,3.3021,47.538,174.391,103.6548,60.5941,-61.3555,-0.0331,0.0565
1779744290263,1,12.00000015,Lower Delivery,Loading,pitch.0,701140,-0.2547,0.0898,0.8052,-1.6953,-0.3503,-2.888,0.0,0.0
1779744290263,1,12.00000018,Upper Delivery,Loading,pitch.0,701827,-0.3165,0.1096,0.4951,-0.7679,-0.6201,-2.4195,0.0,0.0
1779744290263,1,Pitching Mound.Delivery,,Loading,pitch.0,700193,-0.5712,0.1994,1.3002,-2.3578,-0.9704,-5.3286,0.0,0.0
1779744290263,1,Pitching Mound.Drive,,Loading,pitch.0,701057,3.3021,47.538,174.391,103.6548,60.5941,-61.3555,-0.0331,0.0565
1779744290263,1,Pitching Mound.Parent,,Loading,pitch.0,699517,2.7309,47.7375,175.6912,101.2969,59.6237,-66.684,-0.0328,0.0567
1779744290264,1,11.0000004b,Drive,Loading,pitch.0,701058,3.3607,47.675,174.7355,103.712,60.5985,-61.477,-0.033,0.0565
1779744290264,1,12.00000015,Lower Delivery,Loading,pitch.0,701141,-0.2818,0.075,0.8817,-1.1938,-0.3596,-2.9538,0.0,0.0
1779744290264,1,12.00000018,Upper Delivery,Loading,pitch.0,701828,-0.3292,0.0812,0.4607,-0.6873,-0.5371,-2.3681,0.0,0.0
1779744290264,1,Pitching Mound.Delivery,,Loading,pitch.0,700194,-0.611,0.1562,1.3423,-1.738,-0.8967,-5.338,0.0,0.0
1779744290264,1,Pitching Mound.Drive,,Loading,pitch.0,701058,3.3607,47.675,174.7355,103.712,60.5985,-61.477,-0.033,0.0565
1779744290264,1,Pitching Mound.Parent,,Loading,pitch.0,699518,2.7497,47.8313,176.0778,101.9739,59.7018,-66.8151,-0.0327,0.0568
1779744290265,1,11.0000004b,Drive,Loading,pitch.0,701059,3.4189,47.8393,175.18,103.8305,60.5773,-61.6029,-0.0329,0.0564
1779744290265,1,12.00000015,Lower Delivery,Loading,pitch.0,701142,-0.2957,0.0755,0.9562,-0.8061,-0.3529,-3.0039,0.0,0.0
1779744290265,1,12.00000018,Upper Delivery,Loading,pitch.0,701829,-0.363,0.1053,0.4928,-0.9089,-0.7682,-2.4597,0.0,0.0
1779744290265,1,Pitching Mound.Delivery,,Loading,pitch.0,700195,-0.6588,0.1808,1.449,-1.5574,-1.1211,-5.4865,0.0,0.0
1779744290265,1,Pitching Mound.Drive,,Loading,pitch.0,701059,3.4189,47.8393,175.18,103.8305,60.5773,-61.6029,-0.0329,0.0564
1779744290265,1,Pitching Mound.Parent,,Loading,pitch.0,699519,2.7601,48.0201,176.629,102.2731,59.4562,-67.0894,-0.0326,0.0568
1779744290266,1,11.0000004b,Drive,Loading,pitch.0,701061,3.5426,48.1737,176.1588,103.9139,60.5127,-61.861,-0.0327,0.0561
1779744290266,1,11.0000004b,Drive,Loading,pitch.0,701060,3.471,48.0012,175.5961,103.9535,60.5711,-61.7326,-0.0328,0.0563
1779744290266,1,12.00000015,Lower Delivery,Loading,pitch.0,701143,-0.3344,0.085,0.9539,-0.6343,-0.165,-2.9733,0.0,0.0
1779744290266,1,12.00000018,Upper Delivery,Loading,pitch.0,701830,-0.3869,0.1035,0.4818,-1.2517,-1.1269,-2.5856,0.0,0.0
1779744290266,1,Pitching Mound.Delivery,,Loading,pitch.0,700196,-0.7212,0.1885,1.4358,-1.7255,-1.2919,-5.5768,0.0,0.0
1779744290266,1,Pitching Mound.Drive,,Loading,pitch.0,701061,3.5426,48.1737,176.1588,103.9139,60.5127,-61.861,-0.0327,0.0561
1779744290266,1,Pitching Mound.Drive,,Loading,pitch.0,701060,3.471,48.0012,175.5961,103.9535,60.5711,-61.7326,-0.0328,0.0563
1779744290266,1,Pitching Mound.Parent,,Loading,pitch.0,699520,2.7498,48.1898,177.0319,102.2281,59.2792,-67.3094,-0.0325,0.0568
1779744290267,1,11.0000004b,Drive,Loading,pitch.0,701062,3.6114,48.3303,176.6581,104.0405,60.4035,-61.9664,-0.0325,0.056
1779744290267,1,12.00000015,Lower Delivery,Loading,pitch.0,701144,-0.3483,0.0876,1.0458,-0.3525,-0.0172,-3.0112,0.0,0.0
1779744290267,1,12.00000018,Upper Delivery,Loading,pitch.0,701831,-0.3844,0.1028,0.4688,-1.3208,-1.2013,-2.5719,0.0,0.0
1779744290267,1,Pitching Mound.Delivery,,Loading,pitch.0,700197,-0.7327,0.1903,1.5145,-1.4771,-1.2186,-5.5954,0.0,0.0
1779744290267,1,Pitching Mound.Drive,,Loading,pitch.0,701062,3.6114,48.3303,176.6581,104.0405,60.4035,-61.9664,-0.0325,0.056
1779744290267,1,Pitching Mound.Parent,,Loading,pitch.0,699521,2.8099,48.364,177.6734,102.4368,59.2942,-67.4564,-0.0324,0.0567
1779744290268,1,11.0000004b,Drive,Loading,pitch.0,701063,3.6873,48.5089,177.2448,104.1103,60.1411,-62.1122,-0.0323,0.0559
1779744290268,1,12.00000015,Lower Delivery,Loading,pitch.0,701145,-0.3713,0.0935,1.2056,-0.4894,0.3286,-3.0587,0.0,0.0
1779744290268,1,12.00000018,Upper Delivery,Loading,pitch.0,701832,-0.3922,0.1347,0.4865,-1.8445,-1.7502,-2.7443,0.0,0.0
1779744290268,1,Pitching Mound.Delivery,,Loading,pitch.0,700198,-0.7635,0.2282,1.6921,-2.0895,-1.4217,-5.8101,0.0,0.0
1779744290268,1,Pitching Mound.Drive,,Loading,pitch.0,701063,3.6873,48.5089,177.2448,104.1103,60.1411,-62.1122,-0.0323,0.0559
1779744290268,1,Pitching Mound.Parent,,Loading,pitch.0,699522,2.8479,48.5585,178.3502,101.951,58.9818,-67.7766,-0.0322,0.0569
1779744290269,1,11.0000004b,Drive,Loading,pitch.0,701064,3.7489,48.6943,177.7598,104.2114,60.2369,-62.2537,-0.0322,0.0558
1779744290269,1,12.00000015,Lower Delivery,Loading,pitch.0,701146,-0.3702,0.0942,1.2547,-1.1714,0.2889,-3.0942,0.0,0.0
1779744290269,1,12.00000018,Upper Delivery,Loading,pitch.0,701833,-0.3976,0.1468,0.4749,-1.8219,-1.722,-2.8164,0.0,0.0
1779744290269,1,Pitching Mound.Delivery,,Loading,pitch.0,700199,-0.7678,0.241,1.7296,-2.7282,-1.4331,-5.9199,0.0,0.0
1779744290269,1,Pitching Mound.Drive,,Loading,pitch.0,701064,3.7489,48.6943,177.7598,104.2114,60.2369,-62.2537,-0.0322,0.0558
1779744290269,1,Pitching Mound.Parent,,Loading,pitch.0,699523,2.9195,48.75,178.9743,101.3822,58.708,-68.0322,-0.032,0.0568
1779744290270,1,11.0000004b,Drive,Loading,pitch.0,701065,3.8258,48.8538,178.2656,104.3883,60.0313,-62.3984,-0.032,0.0557
1779744290270,1,12.00000015,Lower Delivery,Loading,pitch.0,701147,-0.3639,0.0927,1.3268,-0.8493,0.5607,-3.123,0.0,0.0
1779744290270,1,12.00000018,Upper Delivery,Loading,pitch.0,701834,-0.3827,0.1546,0.4676,-1.7516,-1.647,-2.8177,0.0,0.0
1779744290270,1,Pitching Mound.Delivery,,Loading,pitch.0,700200,-0.7466,0.2473,1.7943,-2.3087,-1.0863,-5.9471,0.0,0.0
1779744290270,1,Pitching Mound.Drive,,Loading,pitch.0,701065,3.8258,48.8538,178.2656,104.3883,60.0313,-62.3984,-0.032,0.0557
1779744290270,1,Pitching Mound.Parent,,Loading,pitch.0,699524,3.0023,48.9416,179.5541,101.9027,59.1505,-68.2008,-0.0319,0.0568
1779744290271,1,11.0000004b,Drive,Loading,pitch.0,701066,3.9104,49.0127,178.769,104.4978,59.8981,-62.5267,-0.0319,0.0556
1779744290271,1,12.00000015,Lower Delivery,Loading,pitch.0,701148,-0.34,0.0911,1.354,-1.2831,0.4151,-3.1253,0.0,0.0
1779744290271,1,12.00000018,Upper Delivery,Loading,pitch.0,701835,-0.3905,0.1789,0.4908,-1.7406,-1.6354,-2.8154,0.0,0.0
1779744290271,1,Pitching Mound.Delivery,,Loading,pitch.0,700201,-0.7305,0.2701,1.8448,-2.7302,-1.2203,-5.9578,0.0,0.0
1779744290271,1,Pitching Mound.Drive,,Loading,pitch.0,701066,3.9104,49.0127,178.769,104.4978,59.8981,-62.5267,-0.0319,0.0556
1779744290271,1,Pitching Mound.Parent,,Loading,pitch.0,699525,3.0953,49.1239,180.1104,101.6581,58.811,-68.3562,-0.0317,0.0568
1779744290272,1,11.0000004b,Drive,Loading,pitch.0,701067,3.9719,49.1371,179.1836,104.5684,59.8782,-62.6681,-0.0318,0.0555
1779744290272,1,12.00000015,Lower Delivery,Loading,pitch.0,701149,-0.3199,0.092,1.3919,-1.682,0.4358,-3.1336,0.0,0.0
1779744290272,1,12.00000018,Upper Delivery,Loading,pitch.0,701836,-0.3767,0.2185,0.5653,-1.7426,-1.6395,-2.7814,0.0,0.0
1779744290272,1,Pitching Mound.Delivery,,Loading,pitch.0,700202,-0.6966,0.3106,1.9571,-3.1436,-1.2036,-5.9343,0.0,0.0
1779744290272,1,Pitching Mound.Drive,,Loading,pitch.0,701067,3.9719,49.1371,179.1836,104.5684,59.8782,-62.6681,-0.0318,0.0555
1779744290272,1,Pitching Mound.Parent,,Loading,pitch.0,699526,3.2138,49.3232,180.7261,101.3542,58.6945,-68.4611,-0.0315,0.0566
1779744290273,1,11.0000004b,Drive,Loading,pitch.0,701068,4.058,49.3022,179.7099,104.803,59.9005,-62.794,-0.0317,0.0555
1779744290273,1,12.00000015,Lower Delivery,Loading,pitch.0,701150,-0.2638,0.1285,1.2668,-1.67,0.2537,-3.0679,0.0,0.0
1779744290273,1,12.00000018,Upper Delivery,Loading,pitch.0,701837,-0.3573,0.2494,0.5332,-1.4156,-1.291,-2.7754,0.0,0.0
1779744290273,1,Pitching Mound.Delivery,,Loading,pitch.0,700203,-0.6211,0.3779,1.8,-2.8361,-1.0372,-5.8751,0.0,0.0
1779744290273,1,Pitching Mound.Drive,,Loading,pitch.0,701068,4.058,49.3022,179.7099,104.803,59.9005,-62.794,-0.0317,0.0555
1779744290273,1,Pitching Mound.Parent,,Loading,pitch.0,699527,3.3508,49.515,180.9836,101.7322,58.8409,-68.5432,-0.0315,0.0563
1779744290274,1,11.0000004b,Drive,Loading,pitch.0,701069,4.1509,49.4492,180.2144,104.9504,60.0355,-62.9216,-0.0317,0.0554
1779744290274,1,12.00000015,Lower Delivery,Loading,pitch.0,701151,-0.2445,0.1176,1.2025,-1.6677,0.1579,-3.0268,0.0,0.0
1779744290274,1,12.00000018,Upper Delivery,Loading,pitch.0,701838,-0.3137,0.2324,0.4519,-1.1812,-1.0426,-2.7467,0.0,0.0
1779744290274,1,Pitching Mound.Delivery,,Loading,pitch.0,700204,-0.5583,0.3501,1.6544,-2.5937,-0.8847,-5.797,0.0,0.0
1779744290274,1,Pitching Mound.Drive,,Loading,pitch.0,701069,4.1509,49.4492,180.2144,104.9504,60.0355,-62.9216,-0.0317,0.0554
1779744290274,1,Pitching Mound.Parent,,Loading,pitch.0,699528,3.4997,49.6522,181.3643,102.2093,59.0158,-68.591,-0.0314,0.0564
1779744290275,1,11.0000004b,Drive,Loading,pitch.0,701070,4.2275,49.5814,180.6856,105.1761,59.89,-63.0669,-0.0315,0.0554
1779744290275,1,12.00000015,Lower Delivery,Loading,pitch.0,701152,-0.2218,0.1161,1.0915,-1.4796,0.0238,-3.028,0.0,0.0
1779744290275,1,12.00000018,Upper Delivery,Loading,pitch.0,701839,-0.3098,0.2524,0.4443,-1.1468,-1.0063,-2.7408,0.0,0.0
1779744290275,1,Pitching Mound.Delivery,,Loading,pitch.0,700205,-0.5316,0.3686,1.5358,-2.4064,-0.9825,-5.7988,0.0,0.0
1779744290275,1,Pitching Mound.Drive,,Loading,pitch.0,701070,4.2275,49.5814,180.6856,105.1761,59.89,-63.0669,-0.0315,0.0554
1779744290275,1,Pitching Mound.Parent,,Loading,pitch.0,699529,3.6192,49.8178,181.7503,102.544,59.053,-68.7203,-0.0314,0.0561
1779744290276,1,11.0000004b,Drive,Loading,pitch.0,701071,4.3074,49.7383,181.2782,105.4169,59.8817,-63.1842,-0.0314,0.0553
1779744290276,1,12.00000015,Lower Delivery,Loading,pitch.0,701153,-0.2222,0.1035,0.9282,-1.2014,-0.1481,-3.0211,0.0,0.0
1779744290276,1,12.00000018,Upper Delivery,Loading,pitch.0,701840,-0.2958,0.2462,0.4329,-0.7977,-0.6377,-2.6745,0.0,0.0
1779744290276,1,Pitching Mound.Delivery,,Loading,pitch.0,700206,-0.518,0.3497,1.3611,-1.8307,-0.7858,-5.7206,0.0,0.0
1779744290276,1,Pitching Mound.Drive,,Loading,pitch.0,701071,4.3074,49.7383,181.2782,105.4169,59.8817,-63.1842,-0.0314,0.0553
1779744290276,1,Pitching Mound.Parent,,Loading,pitch.0,699530,3.7095,49.9311,182.0467,103.3454,59.1043,-68.7875,-0.0313,0.0559
1779744290277,1,11.0000004b,Drive,Loading,pitch.0,701072,4.3917,49.9041,181.7812,105.609,59.9192,-63.2852,-0.0314,0.0553
1779744290277,1,12.00000015,Lower Delivery,Loading,pitch.0,701154,-0.2012,0.1034,0.9481,-1.2527,-0.1851,-2.9886,0.0,0.0
1779744290277,1,12.00000018,Upper Delivery,Loading,pitch.0,701841,-0.2708,0.2436,0.387,-0.5597,-0.3888,-2.5855,0.0,0.0
1779744290277,1,Pitching Mound.Delivery,,Loading,pitch.0,700207,-0.472,0.347,1.3351,-1.6216,-0.5739,-5.5977,0.0,0.0
1779744290277,1,Pitching Mound.Drive,,Loading,pitch.0,701072,4.3917,49.9041,181.7812,105.609,59.9192,-63.2852,-0.0314,0.0553
1779744290277,1,Pitching Mound.Parent,,Loading,pitch.0,699531,3.8354,50.0853,182.6133,103.7953,59.3078,-68.7819,-0.0312,0.056
1779744290278,1,11.0000004b,Drive,Loading,pitch.0,701073,4.47,50.0797,182.1746,105.6049,59.9009,-63.3845,-0.0313,0.0551
1779744290278,1,12.00000015,Lower Delivery,Loading,pitch.0,701155,-0.1738,0.1175,0.8281,-1.3728,-0.4456,-2.9758,0.0,0.0
1779744290278,1,12.00000018,Upper Delivery,Loading,pitch.0,701842,-0.2814,0.265,0.4143,-0.4156,-0.2361,-2.5659,0.0,0.0
1779744290278,1,Pitching Mound.Delivery,,Loading,pitch.0,700208,-0.4552,0.3825,1.2424,-1.6477,-0.6818,-5.5782,0.0,0.0
1779744290278,1,Pitching Mound.Drive,,Loading,pitch.0,701073,4.47,50.0797,182.1746,105.6049,59.9009,-63.3845,-0.0313,0.0551
1779744290278,1,Pitching Mound.Parent,,Loading,pitch.0,699532,3.9365,50.2866,183.0236,103.9614,59.2374,-68.8635,-0.0311,0.0557
1779744290279,1,11.0000004b,Drive,Loading,pitch.0,701074,4.5473,50.2605,182.7664,105.6889,59.8677,-63.4728,-0.0312,0.055
1779744290279,1,12.00000015,Lower Delivery,Loading,pitch.0,701156,-0.1824,0.1272,0.6909,-0.879,-0.399,-2.9447,0.0,0.0
1779744290279,1,12.00000018,Upper Delivery,Loading,pitch.0,701843,-0.2447,0.2336,0.3715,-0.4868,-0.3157,-2.5026,0.0,0.0
1779744290279,1,Pitching Mound.Delivery,,Loading,pitch.0,700209,-0.4271,0.3608,1.0623,-1.2572,-0.7147,-5.4685,0.0,0.0
1779744290279,1,Pitching Mound.Drive,,Loading,pitch.0,701074,4.5473,50.2605,182.7664,105.6889,59.8677,-63.4728,-0.0312,0.055
1779744290279,1,Pitching Mound.Parent,,Loading,pitch.0,699533,4.043,50.4405,183.2369,104.3477,59.1862,-68.853,-0.0311,0.0554
1779744290280,1,11.0000004b,Drive,Loading,pitch.0,701075,4.6398,50.4552,183.222,105.8296,59.6079,-63.6155,-0.0309,0.0549
1779744290280,1,12.00000015,Lower Delivery,Loading,pitch.0,701157,-0.1899,0.0933,0.6683,-0.3906,-0.276,-2.9043,0.0,0.0
1779744290280,1,12.00000018,Upper Delivery,Loading,pitch.0,701844,-0.2547,0.2422,0.3953,-0.5717,-0.4068,-2.4917,0.0,0.0
1779744290280,1,Pitching Mound.Delivery,,Loading,pitch.0,700210,-0.4446,0.3355,1.0636,-0.8695,-0.6828,-5.418,0.0,0.0
1779744290280,1,Pitching Mound.Drive,,Loading,pitch.0,701075,4.6398,50.4552,183.222,105.8296,59.6079,-63.6155,-0.0309,0.0549
1779744290280,1,Pitching Mound.Parent,,Loading,pitch.0,699534,4.1026,50.596,183.83,104.8195,59.1849,-68.8908,-0.031,0.0552
1779744290281,1,11.0000004b,Drive,Loading,pitch.0,701076,4.7186,50.6549,183.8637,106.0474,59.4183,-63.7325,-0.0307,0.0549
1779744290281,1,12.00000015,Lower Delivery,Loading,pitch.0,701158,-0.1898,0.088,0.5712,-0.1402,-0.2738,-2.9138,0.0,0.0
1779744290281,1,12.00000018,Upper Delivery,Loading,pitch.0,701845,-0.2684,0.2484,0.4374,-0.2645,-0.0831,-2.4229,0.0,0.0
1779744290281,1,Pitching Mound.Delivery,,Loading,pitch.0,700211,-0.4583,0.3365,1.0086,-0.3592,-0.3569,-5.3635,0.0,0.0
1779744290281,1,Pitching Mound.Drive,,Loading,pitch.0,701076,4.7186,50.6549,183.8637,106.0474,59.4183,-63.7325,-0.0307,0.0549
1779744290281,1,Pitching Mound.Parent,,Loading,pitch.0,699535,4.1815,50.7917,184.2305,105.4704,59.2511,-68.979,-0.0308,0.0549
1779744290282,1,11.0000004b,Drive,Loading,pitch.0,701077,4.7955,50.8689,184.4398,106.2303,59.2948,-63.8325,-0.0306,0.0548
1779744290282,1,12.00000015,Lower Delivery,Loading,pitch.0,701159,-0.1841,0.1137,0.7298,-0.2556,0.094,-2.8828,0.0,0.0
1779744290282,1,12.00000018,Upper Delivery,Loading,pitch.0,701846,-0.2558,0.2182,0.3945,-0.0279,0.166,-2.3623,0.0,0.0
1779744290282,1,Pitching Mound.Delivery,,Loading,pitch.0,700212,-0.4399,0.3319,1.1243,-0.1694,0.26,-5.2695,0.0,0.0
1779744290282,1,Pitching Mound.Drive,,Loading,pitch.0,701077,4.7955,50.8689,184.4398,106.2303,59.2948,-63.8325,-0.0306,0.0548
1779744290282,1,Pitching Mound.Parent,,Loading,pitch.0,699536,4.2787,50.9868,184.988,105.878,59.6783,-69.002,-0.0306,0.0552
1779744290283,1,11.0000004b,Drive,Loading,pitch.0,701078,4.8644,51.0875,185.0176,106.4838,59.2218,-63.9042,-0.0304,0.0547
1779744290283,1,12.00000015,Lower Delivery,Loading,pitch.0,701160,-0.2148,0.0936,0.7543,0.0084,0.5384,-2.8554,0.0,0.0
1779744290283,1,12.00000018,Upper Delivery,Loading,pitch.0,701847,-0.2562,0.1935,0.3869,0.1445,0.347,-2.3124,0.0,0.0
1779744290283,1,Pitching Mound.Delivery,,Loading,pitch.0,700213,-0.471,0.2871,1.1411,0.2778,0.8854,-5.1818,0.0,0.0
1779744290283,1,Pitching Mound.Drive,,Loading,pitch.0,701078,4.8644,51.0875,185.0176,106.4838,59.2218,-63.9042,-0.0304,0.0547
1779744290283,1,Pitching Mound.Parent,,Loading,pitch.0,699537,4.3245,51.156,185.581,106.5081,60.1802,-69.0143,-0.0304,0.0551
1779744290284,1,12.00000015,Lower Delivery,Loading,pitch.0,701161,-0.2512,0.0916,0.8249,0.2145,0.1757,-2.8708,0.0,0.0
1779744290284,1,12.00000018,Upper Delivery,Loading,pitch.0,701848,-0.2618,0.1678,0.3942,0.2084,0.4153,-2.3154,0.0,0.0
1779744290284,1,Pitching Mound.Delivery,,Loading,pitch.0,700214,-0.513,0.2594,1.2191,0.5693,0.591,-5.1898,0.0,0.0
1779744290284,1,Pitching Mound.Parent,,Loading,pitch.0,699538,4.3513,51.3469,186.2367,107.0531,59.8128,-69.094,-0.0303,0.0552
1779744290285,1,11.0000004b,Drive,Loading,pitch.0,701080,4.9913,51.4891,185.7643,106.6433,59.388,-64.1429,-0.0304,0.0546
1779744290285,1,11.0000004b,Drive,Loading,pitch.0,701079,4.9429,51.2632,185.36,106.596,59.2464,-64.0238,-0.0304,0.0547
1779744290285,1,12.00000015,Lower Delivery,Loading,pitch.0,701162,-0.2602,0.1062,0.9251,-0.0446,0.6048,-2.8649,0.0,0.0
1779744290285,1,12.00000015,Lower Delivery,Loading,pitch.0,701163,-0.2736,0.1003,1.0163,-0.4529,0.4252,-2.8265,0.0,0.0
1779744290285,1,12.00000018,Upper Delivery,Loading,pitch.0,701849,-0.2689,0.1358,0.3617,0.2022,0.406,-2.2668,0.0,0.0
1779744290285,1,Pitching Mound.Delivery,,Loading,pitch.0,700215,-0.5291,0.242,1.2868,0.3491,1.0108,-5.1347,0.0,0.0
1779744290285,1,Pitching Mound.Drive,,Loading,pitch.0,701080,4.9913,51.4891,185.7643,106.6433,59.388,-64.1429,-0.0304,0.0546
1779744290285,1,Pitching Mound.Drive,,Loading,pitch.0,701079,4.9429,51.2632,185.36,106.596,59.2464,-64.0238,-0.0304,0.0547
1779744290285,1,Pitching Mound.Parent,,Loading,pitch.0,699539,4.4138,51.5052,186.6468,106.9451,60.2573,-69.1585,-0.0302,0.0554
1779744290286,1,11.0000004b,Drive,Loading,pitch.0,701081,5.0665,51.6985,186.3397,106.8356,59.4923,-64.2657,-0.0304,0.0545
1779744290286,1,12.00000015,Lower Delivery,Loading,pitch.0,701164,-0.281,0.1207,1.1851,-0.8073,0.4518,-2.8344,0.0,0.0
1779744290286,1,12.00000018,Upper Delivery,Loading,pitch.0,701850,-0.2774,0.1311,0.3767,-0.2322,-0.0521,-2.3583,0.0,0.0
1779744290286,1,Pitching Mound.Delivery,,Loading,pitch.0,700216,-0.551,0.2314,1.393,-0.4676,0.373,-5.1861,0.0,0.0
1779744290286,1,Pitching Mound.Drive,,Loading,pitch.0,701081,5.0665,51.6985,186.3397,106.8356,59.4923,-64.2657,-0.0304,0.0545
1779744290286,1,Pitching Mound.Parent,,Loading,pitch.0,699540,4.4403,51.7205,187.1573,106.1757,59.761,-69.329,-0.0302,0.0554
1779744290287,1,11.0000004b,Drive,Loading,pitch.0,701082,5.1266,51.9082,186.7894,106.8888,59.3846,-64.378,-0.0302,0.0544
1779744290287,1,12.00000018,Upper Delivery,Loading,pitch.0,701851,-0.2867,0.1132,0.3649,-0.5455,-0.3769,-2.5272,0.0,0.0
1779744290287,1,Pitching Mound.Delivery,,Loading,pitch.0,700217,-0.5678,0.2339,1.5499,-1.0739,0.075,-5.3635,0.0,0.0
1779744290287,1,Pitching Mound.Drive,,Loading,pitch.0,701082,5.1266,51.9082,186.7894,106.8888,59.3846,-64.378,-0.0302,0.0544
1779744290287,1,Pitching Mound.Parent,,Loading,pitch.0,699541,4.4988,51.9324,187.8896,105.7617,59.5673,-69.6292,-0.0301,0.0556
1779744290288,1,11.0000004b,Drive,Loading,pitch.0,701083,5.1981,52.1232,187.2491,106.9338,59.1639,-64.4993,-0.0301,0.0543
1779744290288,1,12.00000015,Lower Delivery,Loading,pitch.0,701166,-0.3296,0.0998,1.2207,-1.2792,0.0179,-2.8528,0.0,0.0
1779744290288,1,12.00000015,Lower Delivery,Loading,pitch.0,701165,-0.3009,0.1131,1.2032,-1.0385,0.0239,-2.8549,0.0,0.0
1779744290288,1,12.00000018,Upper Delivery,Loading,pitch.0,701852,-0.3117,0.1456,0.4845,-0.3927,-0.216,-2.4904,0.0,0.0
1779744290288,1,Pitching Mound.Delivery,,Loading,pitch.0,700218,-0.6126,0.2587,1.6876,-1.1869,-0.1921,-5.3489,0.0,0.0
1779744290288,1,Pitching Mound.Drive,,Loading,pitch.0,701083,5.1981,52.1232,187.2491,106.9338,59.1639,-64.4993,-0.0301,0.0543
1779744290288,1,Pitching Mound.Parent,,Loading,pitch.0,699542,4.514,52.167,188.477,105.7019,59.1925,-69.7269,-0.03,0.0552
1779744290289,1,11.0000004b,Drive,Loading,pitch.0,701084,5.2625,52.33,187.7615,107.0293,59.0905,-64.5647,-0.0299,0.0542
1779744290289,1,12.00000018,Upper Delivery,Loading,pitch.0,701853,-0.3092,0.1098,0.4728,-0.4341,-0.2604,-2.4869,0.0,0.0
1779744290289,1,Pitching Mound.Delivery,,Loading,pitch.0,700219,-0.6388,0.2096,1.6935,-1.4591,-0.2425,-5.3328,0.0,0.0
1779744290289,1,Pitching Mound.Drive,,Loading,pitch.0,701084,5.2625,52.33,187.7615,107.0293,59.0905,-64.5647,-0.0299,0.0542
1779744290289,1,Pitching Mound.Parent,,Loading,pitch.0,699543,4.5593,52.3328,188.9426,105.4747,58.9214,-69.8321,-0.0298,0.0552
1779744290290,1,11.0000004b,Drive,Loading,pitch.0,701085,5.3279,52.5406,188.2999,107.1158,59.0534,-64.6422,-0.0298,0.0541
1779744290290,1,12.00000015,Lower Delivery,Loading,pitch.0,701167,-0.3271,0.1045,1.1748,-1.5401,-0.054,-2.8513,0.0,0.0
1779744290290,1,12.00000015,Lower Delivery,Loading,pitch.0,701168,-0.3069,0.125,1.2083,-1.449,-0.0356,-2.8371,0.0,0.0
1779744290290,1,12.00000018,Upper Delivery,Loading,pitch.0,701854,-0.33,0.1281,0.5233,-0.4161,-0.241,-2.4884,0.0,0.0
1779744290290,1,Pitching Mound.Delivery,,Loading,pitch.0,700220,-0.6571,0.2326,1.698,-1.7346,-0.295,-5.3407,0.0,0.0
1779744290290,1,Pitching Mound.Drive,,Loading,pitch.0,701085,5.3279,52.5406,188.2999,107.1158,59.0534,-64.6422,-0.0298,0.0541
1779744290290,1,Pitching Mound.Parent,,Loading,pitch.0,699544,4.6054,52.5626,189.4595,105.2947,58.7955,-69.9053,-0.0297,0.0549
1779744290291,1,11.0000004b,Drive,Loading,pitch.0,701086,5.4034,52.7798,188.8829,107.2177,59.0868,-64.7057,-0.0298,0.054
1779744290291,1,12.00000015,Lower Delivery,Loading,pitch.0,701169,-0.3136,0.1248,1.2899,-1.5022,-0.2008,-2.9097,0.0,0.0
1779744290291,1,12.00000018,Upper Delivery,Loading,pitch.0,701855,-0.3381,0.1168,0.4878,-0.4409,-0.2669,-2.4989,0.0,0.0
1779744290291,1,Pitching Mound.Delivery,,Loading,pitch.0,700221,-0.6451,0.2418,1.6961,-1.6449,-0.3025,-5.3466,0.0,0.0
1779744290291,1,Pitching Mound.Drive,,Loading,pitch.0,701086,5.4034,52.7798,188.8829,107.2177,59.0868,-64.7057,-0.0298,0.054
1779744290291,1,Pitching Mound.Parent,,Loading,pitch.0,699545,4.6828,52.7824,189.996,105.4709,58.751,-69.9888,-0.0296,0.0549
1779744290292,1,11.0000004b,Drive,Loading,pitch.0,701087,5.4706,52.9567,189.1855,107.1765,59.1128,-64.7573,-0.0297,0.0539
1779744290292,1,12.00000015,Lower Delivery,Loading,pitch.0,701170,-0.3341,0.0956,1.2206,-1.5922,-0.196,-2.9224,0.0,0.0
1779744290292,1,12.00000018,Upper Delivery,Loading,pitch.0,701856,-0.3338,0.0848,0.39,-0.6783,-0.5143,-2.6032,0.0,0.0
1779744290292,1,Pitching Mound.Delivery,,Loading,pitch.0,700222,-0.6474,0.2096,1.6799,-1.8746,-0.7151,-5.5198,0.0,0.0
1779744290292,1,Pitching Mound.Drive,,Loading,pitch.0,701087,5.4706,52.9567,189.1855,107.1765,59.1128,-64.7573,-0.0297,0.0539
1779744290292,1,Pitching Mound.Parent,,Loading,pitch.0,699546,4.756,52.9894,190.5628,105.3431,58.3717,-70.2255,-0.0295,0.0551
1779744290293,1,11.0000004b,Drive,Loading,pitch.0,701088,5.5359,53.1807,189.7043,107.1758,59.3049,-64.8238,-0.0297,0.0537
1779744290293,1,12.00000015,Lower Delivery,Loading,pitch.0,701171,-0.3281,0.0994,1.1848,-1.695,-0.3625,-2.924,0.0,0.0
1779744290293,1,12.00000018,Upper Delivery,Loading,pitch.0,701857,-0.3475,0.0772,0.3707,-0.6663,-0.5023,-2.5895,0.0,0.0
1779744290293,1,Pitching Mound.Delivery,,Loading,pitch.0,700223,-0.6816,0.1728,1.5914,-1.9695,-0.6983,-5.5165,0.0,0.0
1779744290293,1,Pitching Mound.Drive,,Loading,pitch.0,701088,5.5359,53.1807,189.7043,107.1758,59.3049,-64.8238,-0.0297,0.0537
1779744290293,1,Pitching Mound.Parent,,Loading,pitch.0,699547,4.789,53.1295,190.7769,105.207,58.4145,-70.2737,-0.0295,0.055
1779744290294,1,11.0000004b,Drive,Loading,pitch.0,701089,5.5956,53.4158,190.1277,107.1985,59.4204,-64.8902,-0.0297,0.0536
1779744290294,1,12.00000015,Lower Delivery,Loading,pitch.0,701172,-0.3172,0.0908,1.1954,-1.7324,-0.4926,-2.9863,0.0,0.0
1779744290294,1,12.00000018,Upper Delivery,Loading,pitch.0,701858,-0.3771,0.1159,0.4539,-0.435,-0.2578,-2.5489,0.0,0.0
1779744290294,1,Pitching Mound.Delivery,,Loading,pitch.0,700224,-0.7053,0.2153,1.6387,-1.8816,-0.6203,-5.4896,0.0,0.0
1779744290294,1,Pitching Mound.Drive,,Loading,pitch.0,701089,5.5956,53.4158,190.1277,107.1985,59.4204,-64.8902,-0.0297,0.0536
1779744290294,1,Pitching Mound.Parent,,Loading,pitch.0,699548,4.8306,53.396,191.3431,105.2942,58.6845,-70.3134,-0.0295,0.0546
1779744290295,1,11.0000004b,Drive,Loading,pitch.0,701090,5.6496,53.6227,190.4966,107.1864,59.6061,-64.9262,-0.0298,0.0535
1779744290295,1,12.00000015,Lower Delivery,Loading,pitch.0,701173,-0.311,0.1052,1.2599,-1.694,-0.4408,-2.9982,0.0,0.0
1779744290295,1,12.00000018,Upper Delivery,Loading,pitch.0,701859,-0.4048,0.14,0.5446,-0.6095,-0.4438,-2.5509,0.0,0.0
1779744290295,1,Pitching Mound.Delivery,,Loading,pitch.0,700225,-0.722,0.2308,1.74,-2.1206,-0.9365,-5.567,0.0,0.0
1779744290295,1,Pitching Mound.Drive,,Loading,pitch.0,701090,5.6496,53.6227,190.4966,107.1864,59.6061,-64.9262,-0.0298,0.0535
1779744290295,1,Pitching Mound.Parent,,Loading,pitch.0,699549,4.8735,53.6466,191.8677,105.0778,58.484,-70.4572,-0.0295,0.0543
1779744290296,1,11.0000004b,Drive,Loading,pitch.0,701091,5.7023,53.8476,190.8882,107.1497,59.7822,-64.974,-0.0298,0.0534
1779744290296,1,12.00000018,Upper Delivery,Loading,pitch.0,701860,-0.3844,0.143,0.568,-0.5745,-0.4045,-2.5879,0.0,0.0
1779744290296,1,Pitching Mound.Delivery,,Loading,pitch.0,700226,-0.6955,0.2482,1.8278,-2.0333,-0.8453,-5.611,0.0,0.0
1779744290296,1,Pitching Mound.Drive,,Loading,pitch.0,701091,5.7023,53.8476,190.8882,107.1497,59.7822,-64.974,-0.0298,0.0534
1779744290296,1,Pitching Mound.Parent,,Loading,pitch.0,699550,4.9542,53.871,192.3244,105.1531,58.7608,-70.5372,-0.0295,0.0542
1779744290297,1,12.00000015,Lower Delivery,Loading,pitch.0,701175,-0.3553,0.1212,1.1784,-1.3849,-0.395,-2.9517,0.0,0.0
1779744290297,1,12.00000015,Lower Delivery,Loading,pitch.0,701174,-0.3257,0.1186,1.2438,-1.431,-0.3157,-3.0039,0.0,0.0
1779744290297,1,12.00000018,Upper Delivery,Loading,pitch.0,701861,-0.3006,0.0919,0.3989,-0.3006,-0.1144,-2.5502,0.0,0.0
1779744290297,1,Pitching Mound.Delivery,,Loading,pitch.0,700227,-0.6263,0.2105,1.6427,-1.4443,-0.4301,-5.5455,0.0,0.0
1779744290297,1,Pitching Mound.Parent,,Loading,pitch.0,699551,5.076,54.0581,192.5309,105.7054,59.3521,-70.5195,-0.0295,0.0544
1779744290298,1,11.0000004b,Drive,Loading,pitch.0,701092,5.7494,54.081,191.2882,107.1436,60.0352,-64.9655,-0.0299,0.0533
1779744290298,1,11.0000004b,Drive,Loading,pitch.0,701093,5.7999,54.3258,191.738,107.1827,60.3983,-64.9726,-0.03,0.0532
1779744290298,1,12.00000015,Lower Delivery,Loading,pitch.0,701176,-0.3097,0.1459,1.202,-1.2862,0.0303,-2.9744,0.0,0.0
1779744290298,1,12.00000018,Upper Delivery,Loading,pitch.0,701862,-0.3574,0.1508,0.5376,-0.1916,0.0005,-2.5253,0.0,0.0
1779744290298,1,Pitching Mound.Delivery,,Loading,pitch.0,700228,-0.7127,0.272,1.7161,-1.3586,-0.3945,-5.4777,0.0,0.0
1779744290298,1,Pitching Mound.Drive,,Loading,pitch.0,701092,5.7494,54.081,191.2882,107.1436,60.0352,-64.9655,-0.0299,0.0533
1779744290298,1,Pitching Mound.Drive,,Loading,pitch.0,701093,5.7999,54.3258,191.738,107.1827,60.3983,-64.9726,-0.03,0.0532
1779744290298,1,Pitching Mound.Parent,,Loading,pitch.0,699552,5.0366,54.3531,193.0042,105.785,59.6407,-70.4431,-0.0296,0.0539
1779744290299,1,11.0000004b,Drive,Loading,pitch.0,701094,5.8518,54.5621,192.2861,107.2152,60.5541,-64.9756,-0.03,0.053
1779744290299,1,12.00000015,Lower Delivery,Loading,pitch.0,701177,-0.2853,0.1718,1.3013,-1.3091,-0.1862,-2.9946,0.0,0.0
1779744290299,1,12.00000018,Upper Delivery,Loading,pitch.0,701863,-0.3818,0.1729,0.6761,-0.2046,-0.0098,-2.5906,0.0,0.0
1779744290299,1,Pitching Mound.Delivery,,Loading,pitch.0,700229,-0.6915,0.3188,1.878,-1.3119,0.0206,-5.5895,0.0,0.0
1779744290299,1,Pitching Mound.Drive,,Loading,pitch.0,701094,5.8518,54.5621,192.2861,107.2152,60.5541,-64.9756,-0.03,0.053
1779744290299,1,Pitching Mound.Parent,,Loading,pitch.0,699553,5.1084,54.6446,193.616,105.8707,60.4188,-70.5622,-0.0297,0.0536
1779744290300,1,11.0000004b,Drive,Loading,pitch.0,701095,5.9029,54.7877,192.8189,107.1874,60.772,-64.9659,-0.03,0.0529
1779744290300,1,12.00000015,Lower Delivery,Loading,pitch.0,701178,-0.2713,0.1614,1.2747,-1.3787,-0.2636,-3.0035,0.0,0.0
1779744290300,1,12.00000018,Upper Delivery,Loading,pitch.0,701864,-0.365,0.1736,0.5833,-0.5224,-0.3505,-2.5583,0.0,0.0
1779744290300,1,Pitching Mound.Delivery,,Loading,pitch.0,700230,-0.6503,0.3454,1.8847,-1.5874,-0.5368,-5.58,0.0,0.0
1779744290300,1,Pitching Mound.Drive,,Loading,pitch.0,701095,5.9029,54.7877,192.8189,107.1874,60.772,-64.9659,-0.03,0.0529
1779744290300,1,Pitching Mound.Parent,,Loading,pitch.0,699554,5.2015,54.9075,194.1708,105.6278,60.0174,-70.5556,-0.0297,0.0538
1779744290301,1,11.0000004b,Drive,Loading,pitch.0,701096,5.9377,55.0025,193.3692,107.2527,60.8724,-64.9503,-0.0299,0.0528
1779744290301,1,12.00000015,Lower Delivery,Loading,pitch.0,701179,-0.2756,0.1394,1.3015,-1.5341,-0.1695,-2.9573,0.0,0.0
1779744290301,1,12.00000018,Upper Delivery,Loading,pitch.0,701865,-0.3936,0.2101,0.5958,-0.7427,-0.584,-2.5843,0.0,0.0
1779744290301,1,Pitching Mound.Delivery,,Loading,pitch.0,700231,-0.6649,0.3715,1.8706,-1.8906,-0.8476,-5.6294,0.0,0.0
1779744290301,1,Pitching Mound.Drive,,Loading,pitch.0,701096,5.9377,55.0025,193.3692,107.2527,60.8724,-64.9503,-0.0299,0.0528
1779744290301,1,Pitching Mound.Parent,,Loading,pitch.0,699555,5.238,55.1592,194.6895,105.2968,59.9244,-70.5953,-0.0297,0.0536
1779744290302,1,11.0000004b,Drive,Loading,pitch.0,701097,5.9956,55.2337,193.8003,107.3377,60.7541,-64.9366,-0.0298,0.0527
1779744290302,1,12.00000018,Upper Delivery,Loading,pitch.0,701866,-0.42,0.2676,0.6715,-0.7133,-0.5522,-2.592,0.0,0.0
1779744290302,1,Pitching Mound.Delivery,,Loading,pitch.0,700232,-0.6956,0.407,1.973,-2.0332,-0.7217,-5.5984,0.0,0.0
1779744290302,1,Pitching Mound.Drive,,Loading,pitch.0,701097,5.9956,55.2337,193.8003,107.3377,60.7541,-64.9366,-0.0298,0.0527
1779744290302,1,Pitching Mound.Parent,,Loading,pitch.0,699556,5.2422,55.4095,195.3422,105.2195,60.1507,-70.5487,-0.0296,0.0533
1779744290303,1,11.0000004b,Drive,Loading,pitch.0,701098,6.0343,55.4675,194.4514,107.3966,60.6646,-64.9686,-0.0297,0.0525
1779744290303,1,12.00000015,Lower Delivery,Loading,pitch.0,701180,-0.254,0.1579,1.2615,-1.5644,-0.0619,-2.9092,0.0,0.0
1779744290303,1,12.00000018,Upper Delivery,Loading,pitch.0,701867,-0.4002,0.2444,0.549,-0.7176,-0.5616,-2.5055,0.0,0.0
1779744290303,1,Pitching Mound.Delivery,,Loading,pitch.0,700233,-0.6543,0.4022,1.8105,-2.0397,-0.6235,-5.4644,0.0,0.0
1779744290303,1,Pitching Mound.Drive,,Loading,pitch.0,701098,6.0343,55.4675,194.4514,107.3966,60.6646,-64.9686,-0.0297,0.0525
1779744290303,1,Pitching Mound.Parent,,Loading,pitch.0,699557,5.3414,55.6359,195.6108,105.298,60.1305,-70.401,-0.0295,0.0534
1779744290304,1,11.0000004b,Drive,Loading,pitch.0,701099,6.0804,55.6959,194.9265,107.4857,60.6671,-64.9115,-0.0296,0.0525
1779744290304,1,12.00000015,Lower Delivery,Loading,pitch.0,701181,-0.2475,0.1595,1.2401,-1.5985,0.0208,-2.9136,0.0,0.0
1779744290304,1,12.00000018,Upper Delivery,Loading,pitch.0,701868,-0.4052,0.256,0.5864,-0.8598,-0.7117,-2.5356,0.0,0.0
1779744290304,1,Pitching Mound.Delivery,,Loading,pitch.0,700234,-0.6528,0.4155,1.8265,-2.2361,-0.6909,-5.5028,0.0,0.0
1779744290304,1,Pitching Mound.Drive,,Loading,pitch.0,701099,6.0804,55.6959,194.9265,107.4857,60.6671,-64.9115,-0.0296,0.0525
1779744290304,1,Pitching Mound.Parent,,Loading,pitch.0,699558,5.3815,55.883,196.2779,105.1605,59.9737,-70.4715,-0.0294,0.0532
1779744290305,1,11.0000004b,Drive,Loading,pitch.0,701100,6.1445,55.9191,195.3664,107.4344,60.3028,-64.8807,-0.0294,0.0523
1779744290305,1,12.00000015,Lower Delivery,Loading,pitch.0,701182,-0.2285,0.1742,1.2096,-1.2994,0.0194,-2.8924,0.0,0.0
1779744290305,1,12.00000018,Upper Delivery,Loading,pitch.0,701869,-0.4192,0.2519,0.5663,-1.1585,-1.0286,-2.5639,0.0,0.0
1779744290305,1,Pitching Mound.Delivery,,Loading,pitch.0,700235,-0.6477,0.4262,1.7759,-2.2392,-1.0092,-5.5212,0.0,0.0
1779744290305,1,Pitching Mound.Drive,,Loading,pitch.0,701100,6.1445,55.9191,195.3664,107.4344,60.3028,-64.8807,-0.0294,0.0523
1779744290305,1,Pitching Mound.Parent,,Loading,pitch.0,699559,5.4326,56.1221,196.7023,105.2465,59.6579,-70.4326,-0.0293,0.0531
1779744290306,1,11.0000004b,Drive,Loading,pitch.0,701101,6.1779,56.1576,195.9062,107.3737,60.3313,-64.8472,-0.0293,0.0521
1779744290306,1,12.00000015,Lower Delivery,Loading,pitch.0,701183,-0.2423,0.1692,1.2261,-1.5185,-0.2175,-2.8471,0.0,0.0
1779744290306,1,12.00000018,Upper Delivery,Loading,pitch.0,701870,-0.4044,0.1981,0.4806,-0.8551,-0.7094,-2.4868,0.0,0.0
1779744290306,1,Pitching Mound.Delivery,,Loading,pitch.0,700236,-0.6467,0.3672,1.7066,-2.1202,-0.9269,-5.3891,0.0,0.0
1779744290306,1,Pitching Mound.Drive,,Loading,pitch.0,701101,6.1779,56.1576,195.9062,107.3737,60.3313,-64.8472,-0.0293,0.0521
1779744290306,1,Pitching Mound.Parent,,Loading,pitch.0,699560,5.4978,56.2863,197.0731,105.3142,59.3759,-70.2698,-0.0291,0.0531
1779744290307,1,11.0000004b,Drive,Loading,pitch.0,701102,6.2144,56.4199,196.502,107.1787,60.4585,-64.8149,-0.0293,0.0519
1779744290307,1,12.00000015,Lower Delivery,Loading,pitch.0,701185,-0.2316,0.1127,1.0946,-1.4706,-0.382,-2.8602,0.0,0.0
1779744290307,1,12.00000015,Lower Delivery,Loading,pitch.0,701184,-0.2395,0.1445,1.1056,-1.3501,-0.4022,-2.8599,0.0,0.0
1779744290307,1,12.00000018,Upper Delivery,Loading,pitch.0,701871,-0.4095,0.1608,0.3993,-0.9166,-0.7747,-2.49,0.0,0.0
1779744290307,1,Pitching Mound.Delivery,,Loading,pitch.0,700237,-0.649,0.3054,1.5049,-2.0265,-1.1769,-5.4077,0.0,0.0
1779744290307,1,Pitching Mound.Drive,,Loading,pitch.0,701102,6.2144,56.4199,196.502,107.1787,60.4585,-64.8149,-0.0293,0.0519
1779744290307,1,Pitching Mound.Parent,,Loading,pitch.0,699561,5.5288,56.4629,197.4111,105.3472,59.1544,-70.255,-0.0291,0.053
1779744290308,1,11.0000004b,Drive,Loading,pitch.0,701103,6.2484,56.6705,197.0121,107.1506,60.2015,-64.7876,-0.0291,0.0517
1779744290308,1,12.00000015,Lower Delivery,Loading,pitch.0,701186,-0.2034,0.1069,1.17,-1.3394,-0.0858,-2.9503,0.0,0.0
1779744290308,1,12.00000018,Upper Delivery,Loading,pitch.0,701872,-0.4405,0.1622,0.4314,-0.9144,-0.7755,-2.435,0.0,0.0
1779744290308,1,Pitching Mound.Delivery,,Loading,pitch.0,700238,-0.6721,0.2749,1.5261,-2.1595,-1.1575,-5.3662,0.0,0.0
1779744290308,1,Pitching Mound.Drive,,Loading,pitch.0,701103,6.2484,56.6705,197.0121,107.1506,60.2015,-64.7876,-0.0291,0.0517
1779744290308,1,Pitching Mound.Parent,,Loading,pitch.0,699562,5.5422,56.6948,198.0281,105.0192,59.301,-70.1811,-0.029,0.0526
1779744290309,1,11.0000004b,Drive,Loading,pitch.0,701104,6.2747,56.9203,197.5661,106.8785,60.7526,-64.8488,-0.0293,0.0515
1779744290309,1,12.00000018,Upper Delivery,Loading,pitch.0,701873,-0.4533,0.161,0.4469,-0.9593,-0.8205,-2.4869,0.0,0.0
1779744290309,1,Pitching Mound.Delivery,,Loading,pitch.0,700239,-0.6567,0.2679,1.6168,-2.0528,-0.9063,-5.5222,0.0,0.0
1779744290309,1,Pitching Mound.Drive,,Loading,pitch.0,701104,6.2747,56.9203,197.5661,106.8785,60.7526,-64.8488,-0.0293,0.0515
1779744290309,1,Pitching Mound.Parent,,Loading,pitch.0,699563,5.5917,56.9383,198.6289,105.0978,59.2952,-70.3098,-0.0288,0.0526
1779744290310,1,11.0000004b,Drive,Loading,pitch.0,701105,6.3165,57.1969,198.3012,106.9203,60.4088,-64.808,-0.029,0.0513
1779744290310,1,12.00000015,Lower Delivery,Loading,pitch.0,701187,-0.2247,0.1016,1.0545,-1.2241,-0.278,-2.9592,0.0,0.0
1779744290310,1,12.00000015,Lower Delivery,Loading,pitch.0,701188,-0.2279,0.0744,1.0538,-1.0623,-0.1534,-2.9593,0.0,0.0
1779744290310,1,12.00000018,Upper Delivery,Loading,pitch.0,701874,-0.4232,0.1471,0.3858,-0.8562,-0.7142,-2.4207,0.0,0.0
1779744290310,1,Pitching Mound.Delivery,,Loading,pitch.0,700240,-0.6479,0.2487,1.4402,-1.8529,-0.9923,-5.4475,0.0,0.0
1779744290310,1,Pitching Mound.Drive,,Loading,pitch.0,701105,6.3165,57.1969,198.3012,106.9203,60.4088,-64.808,-0.029,0.0513
1779744290310,1,Pitching Mound.Parent,,Loading,pitch.0,699564,5.6269,57.1689,199.0063,105.0256,59.7604,-70.2963,-0.029,0.0522
1779744290311,1,11.0000004b,Drive,Loading,pitch.0,701106,6.3354,57.4632,199.0429,106.7761,61.4307,-64.9977,-0.0294,0.051
1779744290311,1,12.00000015,Lower Delivery,Loading,pitch.0,701189,-0.2358,0.0729,1.176,-1.0122,0.2081,-2.9651,0.0,0.0
1779744290311,1,12.00000018,Upper Delivery,Loading,pitch.0,701875,-0.423,0.1468,0.3787,-0.824,-0.6742,-2.522,0.0,0.0
1779744290311,1,Pitching Mound.Delivery,,Loading,pitch.0,700241,-0.6509,0.2212,1.4325,-1.6567,-0.8275,-5.5476,0.0,0.0
1779744290311,1,Pitching Mound.Drive,,Loading,pitch.0,701106,6.3354,57.4632,199.0429,106.7761,61.4307,-64.9977,-0.0294,0.051
1779744290311,1,Pitching Mound.Parent,,Loading,pitch.0,699565,5.6656,57.4181,199.7337,105.2635,59.5813,-70.3557,-0.0288,0.0521
1779744290312,1,11.0000004b,Drive,Loading,pitch.0,701107,6.3762,57.7685,199.5774,106.6428,61.3338,-65.0477,-0.0292,0.0508
1779744290312,1,12.00000018,Upper Delivery,Loading,pitch.0,701876,-0.4027,0.1387,0.4277,-0.6573,-0.5,-2.4581,0.0,0.0
1779744290312,1,Pitching Mound.Delivery,,Loading,pitch.0,700242,-0.6385,0.2116,1.6037,-1.415,-0.2919,-5.4799,0.0,0.0
1779744290312,1,Pitching Mound.Drive,,Loading,pitch.0,701107,6.3762,57.7685,199.5774,106.6428,61.3338,-65.0477,-0.0292,0.0508
1779744290312,1,Pitching Mound.Parent,,Loading,pitch.0,699566,5.697,57.6748,200.6466,105.3611,61.1388,-70.4776,-0.0291,0.0519
1779744290313,1,11.0000004b,Drive,Loading,pitch.0,701108,6.4285,58.0862,200.2579,106.4538,61.0931,-65.0356,-0.029,0.0506
1779744290313,1,12.00000015,Lower Delivery,Loading,pitch.0,701190,-0.235,0.0702,1.1736,-0.9031,0.1995,-2.9565,0.0,0.0
1779744290313,1,12.00000018,Upper Delivery,Loading,pitch.0,701877,-0.3918,0.1285,0.4261,-0.5641,-0.4008,-2.4543,0.0,0.0
1779744290313,1,Pitching Mound.Delivery,,Loading,pitch.0,700243,-0.6268,0.1987,1.5997,-1.2131,-0.2013,-5.4642,0.0,0.0
1779744290313,1,Pitching Mound.Drive,,Loading,pitch.0,701108,6.4285,58.0862,200.2579,106.4538,61.0931,-65.0356,-0.029,0.0506
1779744290313,1,Pitching Mound.Parent,,Loading,pitch.0,699567,5.7494,57.9672,201.177,105.4297,61.1325,-70.5119,-0.029,0.0517
1779744290314,1,11.0000004b,Drive,Loading,pitch.0,701109,6.4903,58.3631,200.7638,106.3914,61.3861,-65.1423,-0.0291,0.0504
1779744290314,1,12.00000015,Lower Delivery,Loading,pitch.0,701192,-0.2088,0.0651,1.1547,-0.782,0.2351,-2.9497,0.0,0.0
1779744290314,1,12.00000015,Lower Delivery,Loading,pitch.0,701191,-0.2019,0.0837,1.1765,-0.7181,0.3033,-2.9682,0.0,0.0
1779744290314,1,12.00000018,Upper Delivery,Loading,pitch.0,701878,-0.3699,0.1224,0.4062,-0.5455,-0.3802,-2.4669,0.0,0.0
1779744290314,1,Pitching Mound.Delivery,,Loading,pitch.0,700244,-0.5718,0.206,1.5827,-1.0017,-0.077,-5.4922,0.0,0.0
1779744290314,1,Pitching Mound.Drive,,Loading,pitch.0,701109,6.4903,58.3631,200.7638,106.3914,61.3861,-65.1423,-0.0291,0.0504
1779744290314,1,Pitching Mound.Parent,,Loading,pitch.0,699568,5.8566,58.2922,201.8406,105.4521,61.0162,-70.5278,-0.0288,0.0515
1779744290315,1,11.0000004b,Drive,Loading,pitch.0,701110,6.5457,58.6462,201.2883,106.0788,61.7594,-65.247,-0.0292,0.0501
1779744290315,1,12.00000015,Lower Delivery,Loading,pitch.0,701193,-0.2307,0.0672,1.1933,-0.995,0.3375,-2.9759,0.0,0.0
1779744290315,1,12.00000018,Upper Delivery,Loading,pitch.0,701879,-0.3737,0.1331,0.4299,-0.4743,-0.3084,-2.3945,0.0,0.0
1779744290315,1,Pitching Mound.Delivery,,Loading,pitch.0,700245,-0.5825,0.1982,1.5846,-1.0098,-0.0733,-5.4003,0.0,0.0
1779744290315,1,Pitching Mound.Drive,,Loading,pitch.0,701110,6.5457,58.6462,201.2883,106.0788,61.7594,-65.247,-0.0292,0.0501
1779744290315,1,Pitching Mound.Parent,,Loading,pitch.0,699569,5.9077,58.5613,202.3484,105.3815,61.3128,-70.5426,-0.0289,0.0512
1779744290316,1,11.0000004b,Drive,Loading,pitch.0,701111,6.586,58.9794,201.903,105.8326,62.0622,-65.272,-0.0292,0.0499
1779744290316,1,12.00000015,Lower Delivery,Loading,pitch.0,701194,-0.2264,0.0687,1.1887,-0.9751,0.3325,-2.9584,0.0,0.0
1779744290316,1,12.00000018,Upper Delivery,Loading,pitch.0,701880,-0.3637,0.1153,0.4221,-0.3552,-0.181,-2.4001,0.0,0.0
1779744290316,1,Pitching Mound.Delivery,,Loading,pitch.0,700246,-0.5944,0.1825,1.6154,-1.088,0.1565,-5.4212,0.0,0.0
1779744290316,1,Pitching Mound.Drive,,Loading,pitch.0,701111,6.586,58.9794,201.903,105.8326,62.0622,-65.272,-0.0292,0.0499
1779744290316,1,Pitching Mound.Parent,,Loading,pitch.0,699570,5.9514,58.8287,202.9037,104.9908,61.9159,-70.6682,-0.029,0.051
1779744290317,1,11.0000004b,Drive,Loading,pitch.0,701112,6.6504,59.2732,202.5095,105.6932,62.2477,-65.3007,-0.0292,0.0496
1779744290317,1,12.00000015,Lower Delivery,Loading,pitch.0,701195,-0.2283,0.0692,1.3314,-0.972,0.3398,-2.9855,0.0,0.0
1779744290317,1,12.00000018,Upper Delivery,Loading,pitch.0,701881,-0.3617,0.1462,0.4183,-0.5944,-0.4301,-2.5074,0.0,0.0
1779744290317,1,Pitching Mound.Delivery,,Loading,pitch.0,700247,-0.5881,0.2149,1.607,-1.3075,-0.0976,-5.5118,0.0,0.0
1779744290317,1,Pitching Mound.Drive,,Loading,pitch.0,701112,6.6504,59.2732,202.5095,105.6932,62.2477,-65.3007,-0.0292,0.0496
1779744290317,1,Pitching Mound.Parent,,Loading,pitch.0,699571,5.9979,59.1943,203.51,104.5251,61.9645,-70.7839,-0.029,0.0508
1779744290318,1,11.0000004b,Drive,Loading,pitch.0,701113,6.7178,59.5892,203.02,105.5276,62.0119,-65.2704,-0.0291,0.0494
1779744290318,1,12.00000015,Lower Delivery,Loading,pitch.0,701196,-0.2493,0.0844,1.3705,-1.0225,0.2735,-2.9424,0.0,0.0
1779744290318,1,12.00000018,Upper Delivery,Loading,pitch.0,701882,-0.3499,0.1573,0.3723,-0.5439,-0.3797,-2.4464,0.0,0.0
1779744290318,1,Pitching Mound.Delivery,,Loading,pitch.0,700248,-0.5782,0.2264,1.7037,-1.1898,-0.0398,-5.4732,0.0,0.0
1779744290318,1,Pitching Mound.Drive,,Loading,pitch.0,701113,6.7178,59.5892,203.02,105.5276,62.0119,-65.2704,-0.0291,0.0494
1779744290318,1,Pitching Mound.Parent,,Loading,pitch.0,699572,6.0721,59.4996,204.2132,104.5034,62.2079,-70.7739,-0.029,0.0508
1779744290319,1,11.0000004b,Drive,Loading,pitch.0,701114,6.7648,59.8805,203.5367,105.3645,62.4565,-65.3246,-0.0292,0.0492
1779744290319,1,12.00000015,Lower Delivery,Loading,pitch.0,701197,-0.2543,0.0815,1.3252,-0.9354,0.0862,-2.9402,0.0,0.0
1779744290319,1,12.00000018,Upper Delivery,Loading,pitch.0,701883,-0.3431,0.15,0.3724,-0.8194,-0.6692,-2.5226,0.0,0.0
1779744290319,1,Pitching Mound.Delivery,,Loading,pitch.0,700249,-0.5924,0.2344,1.7429,-1.5025,-0.3957,-5.4969,0.0,0.0
1779744290319,1,Pitching Mound.Drive,,Loading,pitch.0,701114,6.7648,59.8805,203.5367,105.3645,62.4565,-65.3246,-0.0292,0.0492
1779744290319,1,Pitching Mound.Parent,,Loading,pitch.0,699573,6.1254,59.8236,204.7629,104.0251,61.6161,-70.7673,-0.0288,0.0507
1779744290320,1,11.0000004b,Drive,Loading,pitch.0,701115,6.8176,60.1459,204.0435,105.4137,62.1208,-65.2686,-0.029,0.0491
1779744290320,1,12.00000015,Lower Delivery,Loading,pitch.0,701198,-0.3051,0.0864,1.3344,-0.7866,0.2086,-2.9654,0.0,0.0
1779744290320,1,12.00000018,Upper Delivery,Loading,pitch.0,701884,-0.3423,0.183,0.4032,-0.7838,-0.635,-2.4569,0.0,0.0
1779744290320,1,12.00000018,Upper Delivery,Loading,pitch.0,701885,-0.3207,0.1758,0.3778,-0.7987,-0.6533,-2.4122,0.0,0.0
1779744290320,1,Pitching Mound.Delivery,,Loading,pitch.0,700250,-0.5966,0.2645,1.7284,-1.4057,-0.5488,-5.4271,0.0,0.0
1779744290320,1,Pitching Mound.Delivery,,Loading,pitch.0,700251,-0.6259,0.2623,1.7122,-1.2601,-0.4447,-5.3829,0.0,0.0
1779744290320,1,Pitching Mound.Drive,,Loading,pitch.0,701115,6.8176,60.1459,204.0435,105.4137,62.1208,-65.2686,-0.029,0.0491
1779744290320,1,Pitching Mound.Parent,,Loading,pitch.0,699574,6.1683,60.145,205.2651,103.9587,61.9077,-70.7517,-0.0289,0.0504
1779744290320,1,Pitching Mound.Parent,,Loading,pitch.0,699575,6.1917,60.4082,205.7557,104.1536,61.676,-70.6516,-0.0287,0.0503
1779744290321,1,11.0000004b,Drive,Loading,pitch.0,701116,6.8448,60.3951,204.4325,105.2423,62.6139,-65.3096,-0.0291,0.049
1779744290321,1,12.00000015,Lower Delivery,Loading,pitch.0,701199,-0.3029,0.0844,1.3048,-0.7798,0.0916,-2.9327,0.0,0.0
1779744290321,1,Pitching Mound.Drive,,Loading,pitch.0,701116,6.8448,60.3951,204.4325,105.2423,62.6139,-65.3096,-0.0291,0.049
1779744290322,1,11.0000004b,Drive,Loading,pitch.0,701117,6.8873,60.6534,204.9666,105.1938,62.4702,-65.2373,-0.029,0.0488
1779744290322,1,12.00000015,Lower Delivery,Loading,pitch.0,701200,-0.3085,0.0847,1.3053,-0.7707,0.0391,-2.9396,0.0,0.0
1779744290322,1,12.00000018,Upper Delivery,Loading,pitch.0,701886,-0.2926,0.1682,0.3861,-0.7554,-0.6086,-2.3873,0.0,0.0
1779744290322,1,Pitching Mound.Delivery,,Loading,pitch.0,700252,-0.5955,0.2526,1.691,-1.2228,-0.517,-5.3165,0.0,0.0
1779744290322,1,Pitching Mound.Drive,,Loading,pitch.0,701117,6.8873,60.6534,204.9666,105.1938,62.4702,-65.2373,-0.029,0.0488
1779744290322,1,Pitching Mound.Parent,,Loading,pitch.0,699576,6.2493,60.6477,206.1235,104.0195,62.0969,-70.626,-0.0289,0.0501
1779744290323,1,11.0000004b,Drive,Loading,pitch.0,701118,6.9057,60.9044,205.4347,105.1284,62.4778,-65.1675,-0.0289,0.0487
1779744290323,1,12.00000015,Lower Delivery,Loading,pitch.0,701201,-0.3085,0.0829,1.2069,-0.7123,0.0506,-2.94,0.0,0.0
1779744290323,1,12.00000018,Upper Delivery,Loading,pitch.0,701887,-0.304,0.1649,0.3509,-0.9048,-0.764,-2.4566,0.0,0.0
1779744290323,1,Pitching Mound.Delivery,,Loading,pitch.0,700253,-0.6125,0.2496,1.6562,-1.351,-0.7249,-5.3947,0.0,0.0
1779744290323,1,Pitching Mound.Drive,,Loading,pitch.0,701118,6.9057,60.9044,205.4347,105.1284,62.4778,-65.1675,-0.0289,0.0487
1779744290323,1,Pitching Mound.Parent,,Loading,pitch.0,699577,6.2748,60.903,206.6229,103.8429,61.7454,-70.6319,-0.0288,0.05
1779744290324,1,11.0000004b,Drive,Loading,pitch.0,701119,6.9074,61.1494,205.8834,105.1235,62.6279,-65.1653,-0.0289,0.0486
1779744290324,1,12.00000015,Lower Delivery,Loading,pitch.0,701202,-0.33,0.1005,1.24,-1.0163,0.0367,-2.9269,0.0,0.0
1779744290324,1,12.00000018,Upper Delivery,Loading,pitch.0,701889,-0.3245,0.1537,0.3503,-1.0293,-0.8912,-2.5569,0.0,0.0
1779744290324,1,12.00000018,Upper Delivery,Loading,pitch.0,701888,-0.3262,0.162,0.3395,-1.0399,-0.9043,-2.5247,0.0,0.0
1779744290324,1,Pitching Mound.Delivery,,Loading,pitch.0,700254,-0.6347,0.2449,1.5464,-1.4573,-0.8536,-5.4707,0.0,0.0
1779744290324,1,Pitching Mound.Delivery,,Loading,pitch.0,700255,-0.6545,0.2542,1.5904,-1.743,-0.8545,-5.4819,0.0,0.0
1779744290324,1,Pitching Mound.Drive,,Loading,pitch.0,701119,6.9074,61.1494,205.8834,105.1235,62.6279,-65.1653,-0.0289,0.0486
1779744290324,1,Pitching Mound.Parent,,Loading,pitch.0,699578,6.271,61.1493,206.9811,103.6711,61.6242,-70.6383,-0.0287,0.0497
1779744290324,1,Pitching Mound.Parent,,Loading,pitch.0,699579,6.2529,61.4036,207.4737,103.3805,61.7735,-70.6472,-0.0287,0.0497
1779744290325,1,11.0000004b,Drive,Loading,pitch.0,701120,6.9041,61.3934,206.375,104.9847,62.7427,-65.0928,-0.0289,0.0484
1779744290325,1,Pitching Mound.Drive,,Loading,pitch.0,701120,6.9041,61.3934,206.375,104.9847,62.7427,-65.0928,-0.0289,0.0484
1779744290326,1,11.0000004b,Drive,Loading,pitch.0,701121,6.8802,61.6277,206.7797,105.1312,63.0071,-65.0405,-0.029,0.0484
1779744290326,1,12.00000015,Lower Delivery,Loading,pitch.0,701203,-0.327,0.088,1.1759,-0.9202,0.0773,-2.9064,0.0,0.0
1779744290326,1,12.00000015,Lower Delivery,Loading,pitch.0,701204,-0.2974,0.0997,1.2145,-0.7899,0.2971,-2.8969,0.0,0.0
1779744290326,1,12.00000018,Upper Delivery,Loading,pitch.0,701890,-0.3209,0.1569,0.3535,-0.9899,-0.8486,-2.567,0.0,0.0
1779744290326,1,Pitching Mound.Delivery,,Loading,pitch.0,700256,-0.6479,0.2449,1.5293,-1.6304,-0.7713,-5.4714,0.0,0.0
1779744290326,1,Pitching Mound.Drive,,Loading,pitch.0,701121,6.8802,61.6277,206.7797,105.1312,63.0071,-65.0405,-0.029,0.0484
1779744290326,1,Pitching Mound.Parent,,Loading,pitch.0,699580,6.2563,61.6382,207.9043,103.3543,61.9714,-70.5641,-0.0287,0.0494
1779744290327,1,11.0000004b,Drive,Loading,pitch.0,701122,6.8726,61.869,207.153,105.1484,62.7909,-64.9451,-0.0288,0.0483
1779744290327,1,12.00000015,Lower Delivery,Loading,pitch.0,701205,-0.3195,0.0976,1.1546,-1.0271,0.1673,-2.8776,0.0,0.0
1779744290327,1,12.00000018,Upper Delivery,Loading,pitch.0,701891,-0.3238,0.1749,0.3578,-1.0698,-0.9327,-2.5889,0.0,0.0
1779744290327,1,Pitching Mound.Delivery,,Loading,pitch.0,700257,-0.6212,0.2746,1.5723,-1.5684,-0.6356,-5.4948,0.0,0.0
1779744290327,1,Pitching Mound.Drive,,Loading,pitch.0,701122,6.8726,61.869,207.153,105.1484,62.7909,-64.9451,-0.0288,0.0483
1779744290327,1,Pitching Mound.Parent,,Loading,pitch.0,699581,6.2591,61.9023,208.3519,103.5628,62.3715,-70.5353,-0.0288,0.0494
1779744290328,1,11.0000004b,Drive,Loading,pitch.0,701123,6.8357,62.1126,207.6856,105.024,62.9186,-64.8339,-0.0288,0.0481
1779744290328,1,12.00000015,Lower Delivery,Loading,pitch.0,701206,-0.2538,0.1296,1.176,-1.1401,0.2672,-2.8874,0.0,0.0
1779744290328,1,12.00000018,Upper Delivery,Loading,pitch.0,701892,-0.3356,0.1771,0.4355,-0.6701,-0.5102,-2.5198,0.0,0.0
1779744290328,1,Pitching Mound.Delivery,,Loading,pitch.0,700258,-0.6552,0.2747,1.5902,-1.4527,-0.3429,-5.4029,0.0,0.0
1779744290328,1,Pitching Mound.Drive,,Loading,pitch.0,701123,6.8357,62.1126,207.6856,105.024,62.9186,-64.8339,-0.0288,0.0481
1779744290328,1,Pitching Mound.Parent,,Loading,pitch.0,699582,6.2174,62.1437,208.7432,103.6957,62.448,-70.3479,-0.0286,0.0491
1779744290329,1,11.0000004b,Drive,Loading,pitch.0,701124,6.8006,62.3524,208.0682,105.1376,62.9065,-64.7298,-0.0288,0.0481
1779744290329,1,12.00000015,Lower Delivery,Loading,pitch.0,701207,-0.2638,0.1231,1.1559,-1.5544,-0.0381,-2.8849,0.0,0.0
1779744290329,1,12.00000018,Upper Delivery,Loading,pitch.0,701893,-0.3126,0.1358,0.3826,-1.0063,-0.8624,-2.6346,0.0,0.0
1779744290329,1,Pitching Mound.Delivery,,Loading,pitch.0,700259,-0.5664,0.2654,1.5586,-1.8766,-0.5951,-5.542,0.0,0.0
1779744290329,1,Pitching Mound.Drive,,Loading,pitch.0,701124,6.8006,62.3524,208.0682,105.1376,62.9065,-64.7298,-0.0288,0.0481
1779744290329,1,Pitching Mound.Parent,,Loading,pitch.0,699583,6.2693,62.378,209.2441,103.1473,62.3234,-70.3759,-0.0286,0.049
1779744290330,1,11.0000004b,Drive,Loading,pitch.0,701125,6.7589,62.6175,208.5753,105.1373,62.9091,-64.6091,-0.0287,0.048
1779744290330,1,12.00000015,Lower Delivery,Loading,pitch.0,701208,-0.2511,0.1205,1.1771,-1.4882,0.1754,-2.8534,0.0,0.0
1779744290330,1,12.00000018,Upper Delivery,Loading,pitch.0,701895,-0.3561,0.1451,0.4839,-1.5833,-1.4109,-2.904,0.0,0.0
1779744290330,1,12.00000018,Upper Delivery,Loading,pitch.0,701894,-0.3467,0.1381,0.4421,-1.5631,-1.4479,-2.7828,0.0,0.0
1779744290330,1,Pitching Mound.Delivery,,Loading,pitch.0,700261,-0.6072,0.2656,1.661,-2.8359,-1.2356,-5.7931,0.0,0.0
1779744290330,1,Pitching Mound.Delivery,,Loading,pitch.0,700260,-0.6106,0.2612,1.598,-2.8747,-1.486,-5.6958,0.0,0.0
1779744290330,1,Pitching Mound.Drive,,Loading,pitch.0,701125,6.7589,62.6175,208.5753,105.1373,62.9091,-64.6091,-0.0287,0.048
1779744290330,1,Pitching Mound.Parent,,Loading,pitch.0,699585,6.1517,62.8831,210.2363,102.3014,61.6736,-70.4022,-0.0285,0.0487
1779744290330,1,Pitching Mound.Parent,,Loading,pitch.0,699584,6.1901,62.6136,209.6662,102.2629,61.4205,-70.4256,-0.0285,0.0489
1779744290331,1,11.0000004b,Drive,Loading,pitch.0,701126,6.7028,62.8838,209.1543,105.5729,63.0043,-64.4545,-0.0287,0.048
1779744290331,1,12.00000015,Lower Delivery,Loading,pitch.0,701209,-0.2319,0.1332,1.1083,-1.6056,0.2611,-2.8282,0.0,0.0
1779744290331,1,12.00000018,Upper Delivery,Loading,pitch.0,701896,-0.3417,0.1183,0.4505,-1.6811,-1.495,-2.9501,0.0,0.0
1779744290331,1,Pitching Mound.Delivery,,Loading,pitch.0,700262,-0.5736,0.2515,1.5587,-3.0631,-1.2339,-5.8156,0.0,0.0
1779744290331,1,Pitching Mound.Drive,,Loading,pitch.0,701126,6.7028,62.8838,209.1543,105.5729,63.0043,-64.4545,-0.0287,0.048
1779744290331,1,Pitching Mound.Parent,,Loading,pitch.0,699586,6.1292,63.1354,210.713,102.5099,61.7705,-70.27,-0.0284,0.0487
1779744290332,1,11.0000004b,Drive,Loading,pitch.0,701127,6.6323,63.1396,209.7348,105.8739,63.0866,-64.3122,-0.0286,0.048
1779744290332,1,12.00000015,Lower Delivery,Loading,pitch.0,701210,-0.2299,0.1296,1.0815,-1.7191,0.0315,-2.8772,0.0,0.0
1779744290332,1,12.00000018,Upper Delivery,Loading,pitch.0,701897,-0.3701,0.137,0.4813,-1.5523,-1.4849,-2.9943,0.0,0.0
1779744290332,1,Pitching Mound.Delivery,,Loading,pitch.0,700263,-0.6,0.2667,1.5628,-3.0674,-1.4534,-5.9191,0.0,0.0
1779744290332,1,Pitching Mound.Drive,,Loading,pitch.0,701127,6.6323,63.1396,209.7348,105.8739,63.0866,-64.3122,-0.0286,0.048
1779744290332,1,Pitching Mound.Parent,,Loading,pitch.0,699587,6.0322,63.4063,211.2976,102.8065,61.6332,-70.2313,-0.0284,0.0486
1779744290333,1,11.0000004b,Drive,Loading,pitch.0,701128,6.5644,63.4185,210.4889,105.8475,63.7383,-64.2575,-0.0288,0.0478
1779744290333,1,12.00000015,Lower Delivery,Loading,pitch.0,701211,-0.25,0.1176,1.0055,-1.6475,0.0133,-2.8911,0.0,0.0
1779744290333,1,12.00000018,Upper Delivery,Loading,pitch.0,701898,-0.3857,0.1382,0.5644,-1.7863,-1.4465,-2.9796,0.0,0.0
1779744290333,1,Pitching Mound.Delivery,,Loading,pitch.0,700264,-0.6356,0.2558,1.5699,-3.2838,-1.4332,-5.9168,0.0,0.0
1779744290333,1,Pitching Mound.Drive,,Loading,pitch.0,701128,6.5644,63.4185,210.4889,105.8475,63.7383,-64.2575,-0.0288,0.0478
1779744290333,1,Pitching Mound.Parent,,Loading,pitch.0,699588,5.9287,63.6744,212.0588,102.5636,62.3051,-70.1743,-0.0286,0.0482
1779744290334,1,11.0000004b,Drive,Loading,pitch.0,701129,6.515,63.6062,210.7339,106.0397,63.013,-64.0932,-0.0284,0.0479
1779744290334,1,12.00000015,Lower Delivery,Loading,pitch.0,701212,-0.2163,0.1218,1.1034,-1.3442,0.206,-2.8977,0.0,0.0
1779744290334,1,12.00000018,Upper Delivery,Loading,pitch.0,701899,-0.3967,0.1451,0.5923,-1.6853,-1.4996,-2.9695,0.0,0.0
1779744290334,1,Pitching Mound.Delivery,,Loading,pitch.0,700265,-0.613,0.2669,1.6958,-2.8557,-1.2936,-5.9286,0.0,0.0
1779744290334,1,Pitching Mound.Drive,,Loading,pitch.0,701129,6.515,63.6062,210.7339,106.0397,63.013,-64.0932,-0.0284,0.0479
1779744290334,1,Pitching Mound.Parent,,Loading,pitch.0,699589,5.902,63.8731,212.4297,103.184,61.7194,-70.0217,-0.0282,0.0483
1779744290335,1,11.0000004b,Drive,Loading,pitch.0,701130,6.4957,64.0572,211.5865,106.1205,63.3418,-63.825,-0.0285,0.0477
1779744290335,1,12.00000015,Lower Delivery,Loading,pitch.0,701213,-0.2602,0.1099,1.1134,-1.3416,0.1729,-2.8511,0.0,0.0
1779744290335,1,12.00000018,Upper Delivery,Loading,pitch.0,701900,-0.3912,0.1505,0.5864,-1.6953,-1.2929,-2.9284,0.0,0.0
1779744290335,1,Pitching Mound.Delivery,,Loading,pitch.0,700266,-0.6514,0.2604,1.6997,-2.8577,-1.1201,-5.8241,0.0,0.0
1779744290335,1,Pitching Mound.Drive,,Loading,pitch.0,701130,6.4957,64.0572,211.5865,106.1205,63.3418,-63.825,-0.0285,0.0477
1779744290335,1,Pitching Mound.Parent,,Loading,pitch.0,699590,5.8443,64.3176,213.2862,103.2628,62.2217,-69.6491,-0.0283,0.0482
1779744290336,1,11.0000004b,Drive,Loading,pitch.0,701131,6.4247,64.3358,212.3201,106.1061,63.7485,-63.751,-0.0286,0.0475
1779744290336,1,12.00000015,Lower Delivery,Loading,pitch.0,701214,-0.268,0.0971,1.0663,-1.4281,-0.1497,-2.8386,0.0,0.0
1779744290336,1,12.00000018,Upper Delivery,Loading,pitch.0,701901,-0.3926,0.1238,0.5479,-1.6206,-1.4125,-2.9202,0.0,0.0
1779744290336,1,Pitching Mound.Delivery,,Loading,pitch.0,700267,-0.6606,0.2209,1.6142,-2.8724,-1.5623,-5.8011,0.0,0.0
1779744290336,1,Pitching Mound.Drive,,Loading,pitch.0,701131,6.4247,64.3358,212.3201,106.1061,63.7485,-63.751,-0.0286,0.0475
1779744290336,1,Pitching Mound.Parent,,Loading,pitch.0,699591,5.7641,64.5566,213.9343,103.2337,62.1863,-69.5521,-0.0283,0.048
1779744290337,1,11.0000004b,Drive,Loading,pitch.0,701132,6.3774,64.6744,213.0264,106.1054,64.1487,-63.6715,-0.0286,0.0474
1779744290337,1,12.00000018,Upper Delivery,Loading,pitch.0,701902,-0.3971,0.112,0.5194,-1.5734,-1.3997,-2.8858,0.0,0.0
1779744290337,1,Pitching Mound.Drive,,Loading,pitch.0,701132,6.3774,64.6744,213.0264,106.1054,64.1487,-63.6715,-0.0286,0.0474
1779744290338,1,11.0000004b,Drive,Loading,pitch.0,701133,6.3835,65.0529,213.7715,106.1467,63.8517,-63.3871,-0.0284,0.0472
1779744290338,1,12.00000015,Lower Delivery,Loading,pitch.0,701215,-0.2713,0.1021,1.0407,-1.4789,-0.0783,-2.8051,0.0,0.0
1779744290338,1,12.00000015,Lower Delivery,Loading,pitch.0,701216,-0.3146,0.089,1.0101,-1.7421,-0.1738,-2.8417,0.0,0.0
1779744290338,1,12.00000018,Upper Delivery,Loading,pitch.0,701903,-0.4002,0.1371,0.5116,-1.6044,-1.4368,-2.833,0.0,0.0
1779744290338,1,Pitching Mound.Delivery,,Loading,pitch.0,700268,-0.6684,0.2141,1.5601,-2.875,-1.478,-5.7337,0.0,0.0
1779744290338,1,Pitching Mound.Delivery,,Loading,pitch.0,700269,-0.7148,0.2261,1.5218,-3.1769,-1.6106,-5.7038,0.0,0.0
1779744290338,1,Pitching Mound.Drive,,Loading,pitch.0,701133,6.3835,65.0529,213.7715,106.1467,63.8517,-63.3871,-0.0284,0.0472
1779744290338,1,Pitching Mound.Parent,,Loading,pitch.0,699592,5.7089,64.8885,214.5865,103.2305,62.6708,-69.4052,-0.0284,0.0479
1779744290338,1,Pitching Mound.Parent,,Loading,pitch.0,699593,5.6688,65.279,215.2933,102.9698,62.2411,-69.091,-0.0282,0.0477
1779744290339,1,11.0000004b,Drive,Loading,pitch.0,701134,6.3445,65.4159,214.2225,106.1546,64.6903,-63.3325,-0.0287,0.0471
1779744290339,1,12.00000015,Lower Delivery,Loading,pitch.0,701217,-0.2977,0.0828,0.9702,-1.9011,-0.0859,-2.8568,0.0,0.0
1779744290339,1,12.00000018,Upper Delivery,Loading,pitch.0,701904,-0.408,0.1648,0.5281,-1.6994,-1.5586,-2.7917,0.0,0.0
1779744290339,1,Pitching Mound.Delivery,,Loading,pitch.0,700270,-0.7057,0.2475,1.4983,-3.4502,-1.6445,-5.686,0.0,0.0
1779744290339,1,Pitching Mound.Drive,,Loading,pitch.0,701134,6.3445,65.4159,214.2225,106.1546,64.6903,-63.3325,-0.0287,0.0471
1779744290339,1,Pitching Mound.Parent,,Loading,pitch.0,699594,5.6388,65.6634,215.7208,102.7043,63.0459,-69.0185,-0.0285,0.0475
1779744290340,1,11.0000004b,Drive,Loading,pitch.0,701135,6.2883,65.6899,215.0852,106.225,65.1944,-63.3284,-0.0288,0.047
1779744290340,1,12.00000015,Lower Delivery,Loading,pitch.0,701218,-0.3481,0.0887,0.847,-1.9907,-0.0466,-2.8643,0.0,0.0
1779744290340,1,12.00000018,Upper Delivery,Loading,pitch.0,701905,-0.409,0.1662,0.5262,-1.6646,-1.5414,-2.7436,0.0,0.0
1779744290340,1,Pitching Mound.Delivery,,Loading,pitch.0,700271,-0.7571,0.2549,1.3732,-3.5462,-1.588,-5.6286,0.0,0.0
1779744290340,1,Pitching Mound.Drive,,Loading,pitch.0,701135,6.2883,65.6899,215.0852,106.225,65.1944,-63.3284,-0.0288,0.047
1779744290340,1,Pitching Mound.Parent,,Loading,pitch.0,699595,5.5311,65.9448,216.4584,102.6788,63.6064,-68.957,-0.0287,0.0472
1779744290341,1,11.0000004b,Drive,Loading,pitch.0,701136,6.2518,65.9789,215.8742,106.2112,66.2217,-63.3302,-0.0292,0.0468
1779744290341,1,12.00000015,Lower Delivery,Loading,pitch.0,701219,-0.3301,0.0849,0.7341,-2.1658,-0.0014,-2.8677,0.0,0.0
1779744290341,1,12.00000018,Upper Delivery,Loading,pitch.0,701906,-0.4096,0.1844,0.5662,-1.7214,-1.5784,-2.7655,0.0,0.0
1779744290341,1,Pitching Mound.Delivery,,Loading,pitch.0,700272,-0.7397,0.2693,1.3003,-3.83,-1.5797,-5.6602,0.0,0.0
1779744290341,1,Pitching Mound.Drive,,Loading,pitch.0,701136,6.2518,65.9789,215.8742,106.2112,66.2217,-63.3302,-0.0292,0.0468
1779744290341,1,Pitching Mound.Parent,,Loading,pitch.0,699596,5.5121,66.2482,217.1746,102.3812,64.642,-68.9904,-0.029,0.0468
1779744290342,1,11.0000004b,Drive,Loading,pitch.0,701137,6.2488,66.2886,216.4927,106.4546,66.0059,-63.0495,-0.029,0.0468
1779744290342,1,12.00000015,Lower Delivery,Loading,pitch.0,701220,-0.3459,0.088,0.6859,-2.3814,-0.1038,-2.903,0.0,0.0
1779744290342,1,12.00000018,Upper Delivery,Loading,pitch.0,701907,-0.4156,0.1952,0.5944,-1.674,-1.5233,-2.8052,0.0,0.0
1779744290342,1,Pitching Mound.Delivery,,Loading,pitch.0,700273,-0.7614,0.2832,1.2803,-4.0243,-1.6271,-5.7319,0.0,0.0
1779744290342,1,Pitching Mound.Drive,,Loading,pitch.0,701137,6.2488,66.2886,216.4927,106.4546,66.0059,-63.0495,-0.029,0.0468
1779744290342,1,Pitching Mound.Parent,,Loading,pitch.0,699597,5.4874,66.5718,217.7729,102.4303,64.3788,-68.7814,-0.0288,0.0466
1779744290343,1,11.0000004b,Drive,Loading,pitch.0,701138,6.1868,66.6413,217.0303,106.306,68.0168,-63.0363,-0.0298,0.0466
1779744290343,1,12.00000015,Lower Delivery,Loading,pitch.0,701221,-0.368,0.0934,0.7973,-2.3257,0.0579,-2.919,0.0,0.0
1779744290343,1,12.00000018,Upper Delivery,Loading,pitch.0,701908,-0.4269,0.2001,0.5606,-1.5797,-1.4607,-2.7402,0.0,0.0
1779744290343,1,Pitching Mound.Delivery,,Loading,pitch.0,700274,-0.7949,0.2935,1.3579,-3.825,-1.4028,-5.6793,0.0,0.0
1779744290343,1,Pitching Mound.Drive,,Loading,pitch.0,701138,6.1868,66.6413,217.0303,106.306,68.0168,-63.0363,-0.0298,0.0466
1779744290343,1,Pitching Mound.Parent,,Loading,pitch.0,699598,5.3919,66.9348,218.3882,102.481,66.614,-68.7155,-0.0296,0.0467
1779744290344,1,11.0000004b,Drive,Loading,pitch.0,701139,6.1672,66.9299,216.7678,106.0814,68.4186,-62.8784,-0.03,0.0466
1779744290344,1,12.00000015,Lower Delivery,Loading,pitch.0,701222,-0.3347,0.0859,0.8569,-2.1459,0.6474,-2.9237,0.0,0.0
1779744290344,1,12.00000018,Upper Delivery,Loading,pitch.0,701909,-0.4628,0.2587,0.6948,-1.3877,-1.2611,-2.7782,0.0,0.0
1779744290344,1,Pitching Mound.Delivery,,Loading,pitch.0,700275,-0.7976,0.3445,1.5517,-3.4785,-0.6138,-5.7454,0.0,0.0
1779744290344,1,Pitching Mound.Drive,,Loading,pitch.0,701139,6.1672,66.9299,216.7678,106.0814,68.4186,-62.8784,-0.03,0.0466
1779744290344,1,Pitching Mound.Parent,,Loading,pitch.0,699599,5.3696,67.2744,218.3195,102.6029,67.8048,-68.6238,-0.0298,0.0465
1779744290345,1,11.0000004b,Drive,Loading,pitch.0,701140,6.1348,67.2383,217.6571,105.9296,69.3011,-62.9826,-0.0303,0.0463
1779744290345,1,12.00000015,Lower Delivery,Loading,pitch.0,701223,-0.3251,0.0833,0.6975,-2.2561,0.6839,-2.8969,0.0,0.0
1779744290345,1,12.00000018,Upper Delivery,Loading,pitch.0,701910,-0.4603,0.2826,0.7148,-1.1302,-0.988,-2.75,0.0,0.0
1779744290345,1,Pitching Mound.Delivery,,Loading,pitch.0,700276,-0.7853,0.3659,1.4124,-3.3922,-0.3041,-5.6929,0.0,0.0
1779744290345,1,Pitching Mound.Drive,,Loading,pitch.0,701140,6.1348,67.2383,217.6571,105.9296,69.3011,-62.9826,-0.0303,0.0463
1779744290345,1,Pitching Mound.Parent,,Loading,pitch.0,699600,5.3495,67.6042,219.0694,102.5374,68.9969,-68.6755,-0.0301,0.046
1779744290346,1,11.0000004b,Drive,Loading,pitch.0,701141,6.1108,67.5088,217.6016,105.7473,69.9785,-62.8418,-0.0306,0.0462
1779744290346,1,12.00000015,Lower Delivery,Loading,pitch.0,701224,-0.3105,0.0808,0.8731,-1.6007,1.0162,-2.9532,0.0,0.0
1779744290346,1,12.00000018,Upper Delivery,Loading,pitch.0,701911,-0.5089,0.3287,0.8417,-1.1104,-0.9668,-2.7533,0.0,0.0
1779744290346,1,Pitching Mound.Delivery,,Loading,pitch.0,700277,-0.8194,0.4095,1.7148,-2.7004,0.0494,-5.7739,0.0,0.0
1779744290346,1,Pitching Mound.Drive,,Loading,pitch.0,701141,6.1108,67.5088,217.6016,105.7473,69.9785,-62.8418,-0.0306,0.0462
1779744290346,1,Pitching Mound.Parent,,Loading,pitch.0,699601,5.2913,67.9183,219.3164,103.047,70.0279,-68.6157,-0.0304,0.0459
1779744290347,1,11.0000004b,Drive,Loading,pitch.0,701142,6.1151,67.7689,217.6816,105.4765,70.5255,-62.6968,-0.0308,0.0461
1779744290347,1,12.00000015,Lower Delivery,Loading,pitch.0,701225,-0.2933,0.08,0.898,-1.4386,1.1236,-2.9803,0.0,0.0
1779744290347,1,12.00000018,Upper Delivery,Loading,pitch.0,701912,-0.4131,0.2106,0.5378,-0.654,-0.4859,-2.6473,0.0,0.0
1779744290347,1,Pitching Mound.Delivery,,Loading,pitch.0,700278,-0.7063,0.2906,1.4358,-1.9702,0.6377,-5.6683,0.0,0.0
1779744290347,1,Pitching Mound.Drive,,Loading,pitch.0,701142,6.1151,67.7689,217.6816,105.4765,70.5255,-62.6968,-0.0308,0.0461
1779744290347,1,Pitching Mound.Parent,,Loading,pitch.0,699602,5.4087,68.0594,219.1174,103.5064,71.1632,-68.3651,-0.0306,0.0464
1779744290348,1,11.0000004b,Drive,Loading,pitch.0,701143,6.12,68.0469,218.2556,105.3365,71.0607,-62.5619,-0.031,0.0459
1779744290348,1,12.00000015,Lower Delivery,Loading,pitch.0,701226,-0.2723,0.0812,0.9691,-1.278,1.1089,-2.9738,0.0,0.0
1779744290348,1,12.00000018,Upper Delivery,Loading,pitch.0,701913,-0.4568,0.254,0.7005,-0.541,-0.3657,-2.6407,0.0,0.0
1779744290348,1,Pitching Mound.Delivery,,Loading,pitch.0,700279,-0.7291,0.3353,1.6695,-1.7277,0.7432,-5.6773,0.0,0.0
1779744290348,1,Pitching Mound.Drive,,Loading,pitch.0,701143,6.12,68.0469,218.2556,105.3365,71.0607,-62.5619,-0.031,0.0459
1779744290348,1,Pitching Mound.Parent,,Loading,pitch.0,699603,5.3909,68.3822,219.9252,103.6088,71.8039,-68.2392,-0.0307,0.046
1779744290349,1,11.0000004b,Drive,Loading,pitch.0,701144,6.097,68.2761,218.3177,105.0392,71.8455,-62.5432,-0.0313,0.0458
1779744290349,1,12.00000015,Lower Delivery,Loading,pitch.0,701227,-0.2751,0.0858,0.9192,-1.2736,1.0793,-2.9709,0.0,0.0
1779744290349,1,12.00000018,Upper Delivery,Loading,pitch.0,701914,-0.3946,0.1908,0.531,-0.3686,-0.1865,-2.5576,0.0,0.0
1779744290349,1,Pitching Mound.Delivery,,Loading,pitch.0,700280,-0.6697,0.2766,1.4502,-1.5102,0.8928,-5.5692,0.0,0.0
1779744290349,1,Pitching Mound.Drive,,Loading,pitch.0,701144,6.097,68.2761,218.3177,105.0392,71.8455,-62.5432,-0.0313,0.0458
1779744290349,1,Pitching Mound.Parent,,Loading,pitch.0,699604,5.4273,68.5528,219.7679,103.529,72.7383,-68.1124,-0.0311,0.0461
1779744290350,1,11.0000004b,Drive,Loading,pitch.0,701145,6.0632,68.5588,218.9258,104.7494,72.6074,-62.3568,-0.0315,0.0455
1779744290350,1,12.00000015,Lower Delivery,Loading,pitch.0,701228,-0.2725,0.1004,1.0391,-1.1687,0.7901,-2.9317,0.0,0.0
1779744290350,1,12.00000018,Upper Delivery,Loading,pitch.0,701915,-0.3675,0.175,0.4671,0.0238,0.2227,-2.3912,0.0,0.0
1779744290350,1,Pitching Mound.Delivery,,Loading,pitch.0,700281,-0.6399,0.2753,1.5062,-0.9504,1.0129,-5.3552,0.0,0.0
1779744290350,1,Pitching Mound.Drive,,Loading,pitch.0,701145,6.0632,68.5588,218.9258,104.7494,72.6074,-62.3568,-0.0315,0.0455
1779744290350,1,Pitching Mound.Parent,,Loading,pitch.0,699605,5.4233,68.8341,220.432,103.799,73.6203,-67.7121,-0.0313,0.0461
1779744290351,1,11.0000004b,Drive,Loading,pitch.0,701146,6.0345,68.7896,218.9711,104.4256,73.1381,-62.2673,-0.0318,0.0454
1779744290351,1,12.00000015,Lower Delivery,Loading,pitch.0,701229,-0.2629,0.1029,0.9475,-1.5589,0.9036,-2.9183,0.0,0.0
1779744290351,1,12.00000018,Upper Delivery,Loading,pitch.0,701916,-0.4278,0.2267,0.686,0.0934,0.2977,-2.4058,0.0,0.0
1779744290351,1,Pitching Mound.Delivery,,Loading,pitch.0,700282,-0.6907,0.3296,1.6335,-1.3766,1.2013,-5.3802,0.0,0.0
1779744290351,1,Pitching Mound.Drive,,Loading,pitch.0,701146,6.0345,68.7896,218.9711,104.4256,73.1381,-62.2673,-0.0318,0.0454
1779744290351,1,Pitching Mound.Parent,,Loading,pitch.0,699606,5.3438,69.1192,220.6046,103.049,74.3393,-67.6474,-0.0315,0.0454
1779744290352,1,11.0000004b,Drive,Loading,pitch.0,701147,6.0069,69.0194,219.377,103.8946,73.9196,-62.2384,-0.0321,0.0451
1779744290352,1,12.00000015,Lower Delivery,Loading,pitch.0,701230,-0.2391,0.1313,0.9249,-1.3239,0.8012,-2.9002,0.0,0.0
1779744290352,1,12.00000018,Upper Delivery,Loading,pitch.0,701917,-0.4602,0.259,0.8794,0.21,0.4178,-2.328,0.0,0.0
1779744290352,1,Pitching Mound.Delivery,,Loading,pitch.0,700283,-0.6993,0.3903,1.8043,-1.0984,1.219,-5.3034,0.0,0.0
1779744290352,1,Pitching Mound.Drive,,Loading,pitch.0,701147,6.0069,69.0194,219.377,103.8946,73.9196,-62.2384,-0.0321,0.0451
1779744290352,1,Pitching Mound.Parent,,Loading,pitch.0,699607,5.3076,69.4097,221.1813,102.7962,75.1385,-67.5418,-0.0318,0.0448
1779744290353,1,11.0000004b,Drive,Loading,pitch.0,701148,5.9524,69.2513,219.6741,103.4595,74.921,-62.1348,-0.0324,0.0448
1779744290353,1,12.00000015,Lower Delivery,Loading,pitch.0,701231,-0.2252,0.1383,1.004,-1.2842,1.1346,-2.8986,0.0,0.0
1779744290353,1,12.00000018,Upper Delivery,Loading,pitch.0,701918,-0.4722,0.2576,0.9472,0.1687,0.3776,-2.3985,0.0,0.0
1779744290353,1,Pitching Mound.Delivery,,Loading,pitch.0,700284,-0.6973,0.3958,1.9512,-1.0963,1.5122,-5.381,0.0,0.0
1779744290353,1,Pitching Mound.Drive,,Loading,pitch.0,701148,5.9524,69.2513,219.6741,103.4595,74.921,-62.1348,-0.0324,0.0448
1779744290353,1,Pitching Mound.Parent,,Loading,pitch.0,699608,5.2551,69.6471,221.6253,102.3632,76.4332,-67.5158,-0.0322,0.0445
1779744290354,1,11.0000004b,Drive,Loading,pitch.0,701149,5.8967,69.4732,219.9821,103.1034,75.4188,-62.0465,-0.0326,0.0446
1779744290354,1,12.00000015,Lower Delivery,Loading,pitch.0,701232,-0.2272,0.1518,0.9752,-1.3738,0.9933,-2.8816,0.0,0.0
1779744290354,1,12.00000018,Upper Delivery,Loading,pitch.0,701919,-0.4574,0.2549,0.9429,0.0928,0.2976,-2.416,0.0,0.0
1779744290354,1,Pitching Mound.Delivery,,Loading,pitch.0,700285,-0.6847,0.4067,1.9181,-1.27,1.2909,-5.3759,0.0,0.0
1779744290354,1,Pitching Mound.Drive,,Loading,pitch.0,701149,5.8967,69.4732,219.9821,103.1034,75.4188,-62.0465,-0.0326,0.0446
1779744290354,1,Pitching Mound.Parent,,Loading,pitch.0,699609,5.212,69.8799,221.9002,101.8333,76.7097,-67.4224,-0.0323,0.0443
1779744290355,1,11.0000004b,Drive,Loading,pitch.0,701150,5.8482,69.6602,220.1464,102.8096,75.4194,-61.9899,-0.0326,0.0444
1779744290355,1,11.0000004b,Drive,Loading,pitch.0,701151,5.7704,69.8957,220.2032,102.7397,76.2058,-61.7735,-0.0329,0.0444
1779744290355,1,12.00000015,Lower Delivery,Loading,pitch.0,701233,-0.2397,0.1468,0.9744,-1.3544,0.8714,-2.8697,0.0,0.0
1779744290355,1,12.00000018,Upper Delivery,Loading,pitch.0,701920,-0.3826,0.201,0.7948,0.2124,0.4213,-2.3465,0.0,0.0
1779744290355,1,Pitching Mound.Delivery,,Loading,pitch.0,700286,-0.6223,0.3478,1.7692,-1.0809,1.2927,-5.2647,0.0,0.0
1779744290355,1,Pitching Mound.Drive,,Loading,pitch.0,701150,5.8482,69.6602,220.1464,102.8096,75.4194,-61.9899,-0.0326,0.0444
1779744290355,1,Pitching Mound.Drive,,Loading,pitch.0,701151,5.7704,69.8957,220.2032,102.7397,76.2058,-61.7735,-0.0329,0.0444
1779744290355,1,Pitching Mound.Parent,,Loading,pitch.0,699610,5.2259,70.008,221.9156,101.7286,76.7121,-67.2547,-0.0323,0.0443
1779744290356,1,12.00000015,Lower Delivery,Loading,pitch.0,701234,-0.2616,0.1464,1.0053,-1.2782,0.8,-2.8928,0.0,0.0
1779744290356,1,12.00000018,Upper Delivery,Loading,pitch.0,701921,-0.3706,0.1901,0.77,0.1032,0.3087,-2.4134,0.0,0.0
1779744290356,1,Pitching Mound.Delivery,,Loading,pitch.0,700287,-0.6322,0.3365,1.7753,-1.095,1.1087,-5.3432,0.0,0.0
1779744290356,1,Pitching Mound.Parent,,Loading,pitch.0,699611,5.1382,70.2321,221.9786,101.6446,77.3145,-67.1167,-0.0327,0.0444
1779744290357,1,11.0000004b,Drive,Loading,pitch.0,701152,5.7182,70.0606,220.2893,102.5742,76.3234,-61.7383,-0.033,0.0443
1779744290357,1,12.00000015,Lower Delivery,Loading,pitch.0,701235,-0.2255,0.1539,1.0364,-0.8385,1.1143,-2.9538,0.0,0.0
1779744290357,1,12.00000018,Upper Delivery,Loading,pitch.0,701922,-0.2904,0.1186,0.5236,0.0314,0.2328,-2.4277,0.0,0.0
1779744290357,1,Pitching Mound.Delivery,,Loading,pitch.0,700288,-0.5158,0.2725,1.5599,-0.6327,1.3472,-5.4035,0.0,0.0
1779744290357,1,Pitching Mound.Drive,,Loading,pitch.0,701152,5.7182,70.0606,220.2893,102.5742,76.3234,-61.7383,-0.033,0.0443
1779744290357,1,Pitching Mound.Parent,,Loading,pitch.0,699612,5.2023,70.3331,221.8493,101.9415,77.6706,-67.1418,-0.0327,0.0448
1779744290358,1,11.0000004b,Drive,Loading,pitch.0,701153,5.6543,70.2327,220.2221,102.5079,76.939,-61.6124,-0.0332,0.0443
1779744290358,1,12.00000015,Lower Delivery,Loading,pitch.0,701236,-0.2378,0.1298,1.0087,-0.9443,0.901,-2.9555,0.0,0.0
1779744290358,1,12.00000018,Upper Delivery,Loading,pitch.0,701923,-0.3443,0.2069,0.7763,-0.0609,0.1378,-2.4891,0.0,0.0
1779744290358,1,Pitching Mound.Delivery,,Loading,pitch.0,700289,-0.5821,0.3367,1.785,-0.9262,1.0388,-5.4808,0.0,0.0
1779744290358,1,Pitching Mound.Drive,,Loading,pitch.0,701153,5.6543,70.2327,220.2221,102.5079,76.939,-61.6124,-0.0332,0.0443
1779744290358,1,Pitching Mound.Parent,,Loading,pitch.0,699613,5.0722,70.5694,222.0071,101.5817,77.9778,-67.0932,-0.033,0.0443
1779744290359,1,11.0000004b,Drive,Loading,pitch.0,701154,5.5925,70.3581,220.1547,102.4255,77.4083,-61.5303,-0.0334,0.0443
1779744290359,1,12.00000015,Lower Delivery,Loading,pitch.0,701237,-0.2323,0.1449,1.2186,-0.794,0.6645,-3.0325,0.0,0.0
1779744290359,1,12.00000018,Upper Delivery,Loading,pitch.0,701924,-0.2935,0.1487,0.533,-0.4781,-0.3034,-2.5568,0.0,0.0
1779744290359,1,Pitching Mound.Delivery,,Loading,pitch.0,700290,-0.5258,0.2935,1.7516,-1.0391,0.3611,-5.6101,0.0,0.0
1779744290359,1,Pitching Mound.Drive,,Loading,pitch.0,701154,5.5925,70.3581,220.1547,102.4255,77.4083,-61.5303,-0.0334,0.0443
1779744290359,1,Pitching Mound.Parent,,Loading,pitch.0,699614,5.0667,70.6516,221.9062,101.3865,77.7694,-67.1404,-0.0332,0.045
1779744290360,1,11.0000004b,Drive,Loading,pitch.0,701155,5.5357,70.4813,220.2065,102.3523,77.9512,-61.4378,-0.0337,0.0442
1779744290360,1,12.00000015,Lower Delivery,Loading,pitch.0,701238,-0.2263,0.1444,1.3204,-0.708,0.6605,-3.0532,0.0,0.0
1779744290360,1,12.00000018,Upper Delivery,Loading,pitch.0,701925,-0.2404,0.105,0.3661,-0.2381,-0.0474,-2.5568,0.0,0.0
1779744290360,1,Pitching Mound.Delivery,,Loading,pitch.0,700291,-0.4667,0.2494,1.6865,-0.6217,0.6131,-5.6148,0.0,0.0
1779744290360,1,Pitching Mound.Drive,,Loading,pitch.0,701155,5.5357,70.4813,220.2065,102.3523,77.9512,-61.4378,-0.0337,0.0442
1779744290360,1,Pitching Mound.Parent,,Loading,pitch.0,699615,5.069,70.7307,221.893,101.7306,78.5644,-67.0526,-0.0334,0.0453
1779744290361,1,11.0000004b,Drive,Loading,pitch.0,701156,5.5217,70.5422,219.9555,102.151,78.0694,-61.4019,-0.0338,0.0442
1779744290361,1,12.00000015,Lower Delivery,Loading,pitch.0,701239,-0.2066,0.1582,1.2591,-0.7756,0.6096,-3.0259,0.0,0.0
1779744290361,1,12.00000018,Upper Delivery,Loading,pitch.0,701926,-0.2278,0.1057,0.3402,-0.0719,0.1311,-2.5791,0.0,0.0
1779744290361,1,Pitching Mound.Delivery,,Loading,pitch.0,700292,-0.4343,0.2639,1.5993,-0.535,0.7408,-5.6122,0.0,0.0
1779744290361,1,Pitching Mound.Drive,,Loading,pitch.0,701156,5.5217,70.5422,219.9555,102.151,78.0694,-61.4019,-0.0338,0.0442
1779744290361,1,Pitching Mound.Parent,,Loading,pitch.0,699616,5.0874,70.8061,221.5549,101.616,78.8101,-67.014,-0.0335,0.0453
1779744290362,1,11.0000004b,Drive,Loading,pitch.0,701157,5.4747,70.6106,219.8256,102.0001,78.4526,-61.3647,-0.034,0.0441
1779744290362,1,12.00000015,Lower Delivery,Loading,pitch.0,701240,-0.2039,0.1416,1.4588,-0.7384,0.5822,-3.0851,0.0,0.0
1779744290362,1,12.00000018,Upper Delivery,Loading,pitch.0,701927,-0.2289,0.1151,0.3661,-0.287,-0.1,-2.5484,0.0,0.0
1779744290362,1,Pitching Mound.Delivery,,Loading,pitch.0,700293,-0.4328,0.2567,1.8249,-0.654,0.4822,-5.642,0.0,0.0
1779744290362,1,Pitching Mound.Drive,,Loading,pitch.0,701157,5.4747,70.6106,219.8256,102.0001,78.4526,-61.3647,-0.034,0.0441
1779744290362,1,Pitching Mound.Parent,,Loading,pitch.0,699617,5.042,70.8673,221.6505,101.3461,78.9347,-67.0067,-0.0337,0.0455
1779744290363,1,11.0000004b,Drive,Loading,pitch.0,701158,5.4391,70.6496,219.5028,101.8315,78.7591,-61.2758,-0.0341,0.0441
1779744290363,1,12.00000015,Lower Delivery,Loading,pitch.0,701241,-0.1739,0.166,1.4481,-0.6146,0.5936,-3.0616,0.0,0.0
1779744290363,1,12.00000018,Upper Delivery,Loading,pitch.0,701928,-0.2419,0.1352,0.4385,-0.3214,-0.1354,-2.5718,0.0,0.0
1779744290363,1,Pitching Mound.Delivery,,Loading,pitch.0,700294,-0.4158,0.3013,1.8866,-0.5927,0.4582,-5.6565,0.0,0.0
1779744290363,1,Pitching Mound.Drive,,Loading,pitch.0,701158,5.4391,70.6496,219.5028,101.8315,78.7591,-61.2758,-0.0341,0.0441
1779744290363,1,Pitching Mound.Parent,,Loading,pitch.0,699618,5.0232,70.9508,221.3894,101.2388,79.2173,-66.9323,-0.0338,0.0453
1779744290364,1,11.0000004b,Drive,Loading,pitch.0,701159,5.4121,70.6898,219.2414,101.6127,79.1242,-61.1918,-0.0343,0.0441
1779744290364,1,12.00000015,Lower Delivery,Loading,pitch.0,701242,-0.2059,0.1577,1.458,-0.6169,0.6484,-3.0406,0.0,0.0
1779744290364,1,12.00000018,Upper Delivery,Loading,pitch.0,701929,-0.2593,0.1351,0.4701,-0.5254,-0.3507,-2.6126,0.0,0.0
1779744290364,1,Pitching Mound.Delivery,,Loading,pitch.0,700295,-0.4652,0.2928,1.9281,-0.8064,0.2977,-5.6714,0.0,0.0
1779744290364,1,Pitching Mound.Drive,,Loading,pitch.0,701159,5.4121,70.6898,219.2414,101.6127,79.1242,-61.1918,-0.0343,0.0441
1779744290364,1,Pitching Mound.Parent,,Loading,pitch.0,699619,4.9469,70.9826,221.1695,100.8063,79.4219,-66.8631,-0.034,0.0452
1779744290365,1,11.0000004b,Drive,Loading,pitch.0,701160,5.3889,70.6649,218.8896,101.4495,79.3899,-61.0757,-0.0345,0.0441
1779744290365,1,12.00000015,Lower Delivery,Loading,pitch.0,701243,-0.188,0.1311,1.35,-0.6775,0.6014,-3.0756,0.0,0.0
1779744290365,1,12.00000018,Upper Delivery,Loading,pitch.0,701930,-0.2818,0.1394,0.527,-0.8006,-0.6419,-2.6542,0.0,0.0
1779744290365,1,Pitching Mound.Delivery,,Loading,pitch.0,700296,-0.4697,0.2706,1.877,-1.1983,-0.0405,-5.7617,0.0,0.0
1779744290365,1,Pitching Mound.Drive,,Loading,pitch.0,701160,5.3889,70.6649,218.8896,101.4495,79.3899,-61.0757,-0.0345,0.0441
1779744290365,1,Pitching Mound.Parent,,Loading,pitch.0,699620,4.9191,70.9355,220.7666,100.2512,79.3493,-66.8374,-0.0342,0.045
1779744290366,1,11.0000004b,Drive,Loading,pitch.0,701161,5.3566,70.6627,218.6406,101.3253,79.7664,-60.9747,-0.0347,0.0441
1779744290366,1,12.00000015,Lower Delivery,Loading,pitch.0,701244,-0.205,0.1094,1.1835,-1.0098,0.1245,-3.0985,0.0,0.0
1779744290366,1,12.00000018,Upper Delivery,Loading,pitch.0,701931,-0.3023,0.1429,0.5585,-1.2557,-1.1245,-2.7041,0.0,0.0
1779744290366,1,Pitching Mound.Delivery,,Loading,pitch.0,700297,-0.5074,0.2523,1.742,-2.053,-0.9999,-5.8357,0.0,0.0
1779744290366,1,Pitching Mound.Drive,,Loading,pitch.0,701161,5.3566,70.6627,218.6406,101.3253,79.7664,-60.9747,-0.0347,0.0441
1779744290366,1,Pitching Mound.Parent,,Loading,pitch.0,699621,4.8493,70.9149,220.3826,99.2723,78.7664,-66.8104,-0.0344,0.0447
1779744290367,1,11.0000004b,Drive,Loading,pitch.0,701162,5.3245,70.6275,218.2843,101.0815,79.926,-60.8371,-0.0348,0.0441
1779744290367,1,12.00000015,Lower Delivery,Loading,pitch.0,701245,-0.2134,0.1005,1.1817,-1.2721,0.0294,-3.0783,0.0,0.0
1779744290367,1,12.00000018,Upper Delivery,Loading,pitch.0,701932,-0.2979,0.1404,0.5168,-1.0061,-0.8586,-2.6984,0.0,0.0
1779744290367,1,Pitching Mound.Delivery,,Loading,pitch.0,700298,-0.5113,0.2409,1.6985,-2.0522,-0.8292,-5.8054,0.0,0.0
1779744290367,1,Pitching Mound.Drive,,Loading,pitch.0,701162,5.3245,70.6275,218.2843,101.0815,79.926,-60.8371,-0.0348,0.0441
1779744290367,1,Pitching Mound.Parent,,Loading,pitch.0,699622,4.8132,70.8684,219.9828,99.0293,79.0967,-66.6425,-0.0346,0.0447
1779744290368,1,11.0000004b,Drive,Loading,pitch.0,701163,5.3026,70.5718,217.9045,100.7514,80.2256,-60.6806,-0.035,0.044
1779744290368,1,12.00000015,Lower Delivery,Loading,pitch.0,701246,-0.2031,0.0996,1.1243,-1.2374,-0.1532,-3.1009,0.0,0.0
1779744290368,1,12.00000018,Upper Delivery,Loading,pitch.0,701933,-0.2975,0.1245,0.498,-1.2235,-1.0865,-2.7682,0.0,0.0
1779744290368,1,Pitching Mound.Delivery,,Loading,pitch.0,700299,-0.5006,0.2241,1.6223,-2.248,-1.2397,-5.9012,0.0,0.0
1779744290368,1,Pitching Mound.Drive,,Loading,pitch.0,701163,5.3026,70.5718,217.9045,100.7514,80.2256,-60.6806,-0.035,0.044
1779744290368,1,Pitching Mound.Parent,,Loading,pitch.0,699623,4.802,70.7959,219.5267,98.5034,78.9858,-66.5818,-0.0348,0.0446
1779744290369,1,11.0000004b,Drive,Loading,pitch.0,701164,5.249,70.5204,217.4407,100.414,80.5018,-60.5637,-0.0352,0.0439
1779744290369,1,12.00000015,Lower Delivery,Loading,pitch.0,701247,-0.2024,0.1035,1.0239,-1.5185,-0.2417,-3.0391,0.0,0.0
1779744290369,1,12.00000018,Upper Delivery,Loading,pitch.0,701934,-0.2918,0.1098,0.4424,-1.14,-0.9993,-2.7354,0.0,0.0
1779744290369,1,Pitching Mound.Delivery,,Loading,pitch.0,700300,-0.4942,0.2133,1.4663,-2.4608,-1.241,-5.8049,0.0,0.0
1779744290369,1,Pitching Mound.Drive,,Loading,pitch.0,701164,5.249,70.5204,217.4407,100.414,80.5018,-60.5637,-0.0352,0.0439
1779744290369,1,Pitching Mound.Parent,,Loading,pitch.0,699624,4.7548,70.7338,218.907,97.9532,79.2608,-66.3686,-0.035,0.0445
1779744290370,1,11.0000004b,Drive,Loading,pitch.0,701165,5.2069,70.4598,217.08,100.1709,80.7075,-60.4383,-0.0354,0.0439
1779744290370,1,11.0000004b,Drive,Loading,pitch.0,701166,5.1862,70.3581,216.4452,100.0738,81.0692,-60.2515,-0.0356,0.044
1779744290370,1,12.00000015,Lower Delivery,Loading,pitch.0,701248,-0.2221,0.0858,0.9405,-1.6696,-0.2568,-3.0616,0.0,0.0
1779744290370,1,12.00000018,Upper Delivery,Loading,pitch.0,701935,-0.2975,0.1208,0.4055,-1.0695,-0.9219,-2.7742,0.0,0.0
1779744290370,1,Pitching Mound.Delivery,,Loading,pitch.0,700301,-0.5196,0.2066,1.3461,-2.5572,-1.1787,-5.8614,0.0,0.0
1779744290370,1,Pitching Mound.Drive,,Loading,pitch.0,701165,5.2069,70.4598,217.08,100.1709,80.7075,-60.4383,-0.0354,0.0439
1779744290370,1,Pitching Mound.Drive,,Loading,pitch.0,701166,5.1862,70.3581,216.4452,100.0738,81.0692,-60.2515,-0.0356,0.044
1779744290370,1,Pitching Mound.Parent,,Loading,pitch.0,699625,4.6873,70.6664,218.426,97.6136,79.5288,-66.2997,-0.0351,0.0445
1779744290371,1,11.0000004b,Drive,Loading,pitch.0,701167,5.0994,70.2551,215.6784,99.724,81.2966,-60.0768,-0.0359,0.044
1779744290371,1,12.00000015,Lower Delivery,Loading,pitch.0,701249,-0.205,0.1031,0.9387,-1.6585,-0.3421,-3.0308,0.0,0.0
1779744290371,1,12.00000018,Upper Delivery,Loading,pitch.0,701936,-0.3441,0.1456,0.4446,-0.7531,-0.5873,-2.7246,0.0,0.0
1779744290371,1,Pitching Mound.Delivery,,Loading,pitch.0,700302,-0.5491,0.2487,1.3833,-2.2436,-0.9294,-5.8027,0.0,0.0
1779744290371,1,Pitching Mound.Drive,,Loading,pitch.0,701167,5.0994,70.2551,215.6784,99.724,81.2966,-60.0768,-0.0359,0.044
1779744290371,1,Pitching Mound.Parent,,Loading,pitch.0,699626,4.6371,70.6067,217.8285,97.8301,80.1398,-66.0542,-0.0354,0.0445
1779744290372,1,11.0000004b,Drive,Loading,pitch.0,701168,5.0671,70.1424,215.0519,99.6992,81.6595,-59.8753,-0.0361,0.0441
1779744290372,1,12.00000015,Lower Delivery,Loading,pitch.0,701250,-0.2373,0.0859,1.0087,-1.5162,-0.2652,-3.0085,0.0,0.0
1779744290372,1,12.00000018,Upper Delivery,Loading,pitch.0,701937,-0.3178,0.1357,0.3667,-0.7045,-0.5402,-2.6389,0.0,0.0
1779744290372,1,Pitching Mound.Delivery,,Loading,pitch.0,700303,-0.555,0.2217,1.3754,-2.0024,-0.8054,-5.6748,0.0,0.0
1779744290372,1,Pitching Mound.Drive,,Loading,pitch.0,701168,5.0671,70.1424,215.0519,99.6992,81.6595,-59.8753,-0.0361,0.0441
1779744290372,1,Pitching Mound.Parent,,Loading,pitch.0,699627,4.5444,70.4768,217.0538,97.7216,80.4912,-65.7516,-0.0356,0.0447
1779744290373,1,11.0000004b,Drive,Loading,pitch.0,701169,4.9831,70.0179,214.1371,99.3973,82.0926,-59.7385,-0.0365,0.0442
1779744290373,1,12.00000015,Lower Delivery,Loading,pitch.0,701251,-0.2272,0.0958,1.0272,-1.4559,-0.2884,-2.9735,0.0,0.0
1779744290373,1,12.00000018,Upper Delivery,Loading,pitch.0,701938,-0.2769,0.1179,0.334,-0.7324,-0.5682,-2.6705,0.0,0.0
1779744290373,1,Pitching Mound.Delivery,,Loading,pitch.0,700304,-0.504,0.2137,1.3613,-1.9526,-0.8566,-5.661,0.0,0.0
1779744290373,1,Pitching Mound.Drive,,Loading,pitch.0,701169,4.9831,70.0179,214.1371,99.3973,82.0926,-59.7385,-0.0365,0.0442
1779744290373,1,Pitching Mound.Parent,,Loading,pitch.0,699628,4.5631,70.3561,216.4132,97.7467,80.8029,-65.5363,-0.0359,0.0449
1779744290374,1,11.0000004b,Drive,Loading,pitch.0,701170,4.9206,69.8736,213.3784,99.2282,82.2604,-59.5306,-0.0367,0.0442
1779744290374,1,12.00000015,Lower Delivery,Loading,pitch.0,701252,-0.2172,0.0921,1.0139,-1.5342,-0.1146,-2.9708,0.0,0.0
1779744290374,1,12.00000018,Upper Delivery,Loading,pitch.0,701939,-0.2883,0.1199,0.3315,-0.9238,-0.7703,-2.7086,0.0,0.0
1779744290374,1,Pitching Mound.Delivery,,Loading,pitch.0,700305,-0.5055,0.212,1.3454,-2.2261,-0.8848,-5.7036,0.0,0.0
1779744290374,1,Pitching Mound.Drive,,Loading,pitch.0,701170,4.9206,69.8736,213.3784,99.2282,82.2604,-59.5306,-0.0367,0.0442
1779744290374,1,Pitching Mound.Parent,,Loading,pitch.0,699629,4.4777,70.2299,215.4825,97.1713,81.2078,-65.4421,-0.0362,0.045
1779744290375,1,11.0000004b,Drive,Loading,pitch.0,701171,4.8478,69.7452,212.6539,98.8713,82.1746,-59.2872,-0.0368,0.0442
1779744290375,1,12.00000015,Lower Delivery,Loading,pitch.0,701253,-0.246,0.0859,1.0433,-1.3888,-0.2172,-2.9717,0.0,0.0
1779744290375,1,12.00000018,Upper Delivery,Loading,pitch.0,701940,-0.3391,0.1721,0.5169,-0.6645,-0.4975,-2.6395,0.0,0.0
1779744290375,1,Pitching Mound.Delivery,,Loading,pitch.0,700306,-0.5851,0.258,1.5602,-1.8744,-0.7148,-5.6429,0.0,0.0
1779744290375,1,Pitching Mound.Drive,,Loading,pitch.0,701171,4.8478,69.7452,212.6539,98.8713,82.1746,-59.2872,-0.0368,0.0442
1779744290375,1,Pitching Mound.Parent,,Loading,pitch.0,699630,4.3355,70.1317,214.9386,97.3538,81.5456,-65.1735,-0.0364,0.0447
1779744290376,1,11.0000004b,Drive,Loading,pitch.0,701172,4.7323,69.5669,211.575,98.3759,82.3986,-58.9587,-0.037,0.0442
1779744290376,1,12.00000015,Lower Delivery,Loading,pitch.0,701254,-0.2318,0.0991,1.1161,-1.3399,-0.0805,-2.9254,0.0,0.0
1779744290376,1,12.00000018,Upper Delivery,Loading,pitch.0,701941,-0.303,0.1299,0.3842,-0.4291,-0.2484,-2.6044,0.0,0.0
1779744290376,1,Pitching Mound.Delivery,,Loading,pitch.0,700307,-0.5348,0.2291,1.5003,-1.5201,-0.3289,-5.5541,0.0,0.0
1779744290376,1,Pitching Mound.Drive,,Loading,pitch.0,701172,4.7323,69.5669,211.575,98.3759,82.3986,-58.9587,-0.037,0.0442
1779744290376,1,Pitching Mound.Parent,,Loading,pitch.0,699631,4.313,69.9742,214.1542,97.3511,81.8457,-64.8413,-0.0365,0.0451
1779744290377,1,11.0000004b,Drive,Loading,pitch.0,701173,4.6576,69.3442,210.5569,98.3229,82.7402,-58.7433,-0.0374,0.0444
1779744290377,1,12.00000015,Lower Delivery,Loading,pitch.0,701255,-0.2229,0.0932,1.1584,-0.9736,0.349,-2.926,0.0,0.0
1779744290377,1,12.00000018,Upper Delivery,Loading,pitch.0,701942,-0.3175,0.1291,0.4001,-0.4476,-0.2665,-2.6346,0.0,0.0
1779744290377,1,Pitching Mound.Delivery,,Loading,pitch.0,700308,-0.5404,0.2223,1.5585,-1.1633,0.0825,-5.5928,0.0,0.0
1779744290377,1,Pitching Mound.Drive,,Loading,pitch.0,701173,4.6576,69.3442,210.5569,98.3229,82.7402,-58.7433,-0.0374,0.0444
1779744290377,1,Pitching Mound.Parent,,Loading,pitch.0,699632,4.1919,69.7892,213.1335,97.2125,82.4811,-64.5515,-0.0368,0.0451
1779744290378,1,11.0000004b,Drive,Loading,pitch.0,701174,4.6219,68.9466,209.2928,98.0214,82.3679,-58.2173,-0.0374,0.0446
1779744290378,1,12.00000015,Lower Delivery,Loading,pitch.0,701256,-0.2303,0.0777,0.9996,-1.3363,0.1712,-2.9713,0.0,0.0
1779744290378,1,12.00000018,Upper Delivery,Loading,pitch.0,701943,-0.376,0.1817,0.5583,-0.8014,-0.6416,-2.674,0.0,0.0
1779744290378,1,Pitching Mound.Delivery,,Loading,pitch.0,700309,-0.6062,0.2594,1.5579,-1.9877,-0.4704,-5.6949,0.0,0.0
1779744290378,1,Pitching Mound.Drive,,Loading,pitch.0,701174,4.6219,68.9466,209.2928,98.0214,82.3679,-58.2173,-0.0374,0.0446
1779744290378,1,Pitching Mound.Parent,,Loading,pitch.0,699633,4.0514,69.6036,212.1148,96.3352,82.2698,-64.4382,-0.0371,0.0448
1779744290379,1,11.0000004b,Drive,Loading,pitch.0,701175,4.5652,68.639,208.4246,98.4031,83.2892,-58.0107,-0.038,0.0449
1779744290379,1,12.00000015,Lower Delivery,Loading,pitch.0,701257,-0.2621,0.0739,0.913,-1.4547,-0.072,-2.9232,0.0,0.0
1779744290379,1,12.00000018,Upper Delivery,Loading,pitch.0,701944,-0.3368,0.1468,0.4235,-0.9435,-0.7905,-2.721,0.0,0.0
1779744290379,1,Pitching Mound.Delivery,,Loading,pitch.0,700310,-0.5989,0.2208,1.3365,-2.2317,-0.8625,-5.6695,0.0,0.0
1779744290379,1,Pitching Mound.Drive,,Loading,pitch.0,701175,4.5652,68.639,208.4246,98.4031,83.2892,-58.0107,-0.038,0.0449
1779744290379,1,Pitching Mound.Parent,,Loading,pitch.0,699634,4.023,69.1674,210.6294,95.7897,81.5054,-63.8868,-0.0372,0.0451
1779744290380,1,11.0000004b,Drive,Loading,pitch.0,701176,4.3921,68.4028,207.3541,97.6088,83.6917,-57.7617,-0.0384,0.0448
1779744290380,1,12.00000015,Lower Delivery,Loading,pitch.0,701258,-0.2635,0.0739,0.8875,-1.6491,0.2033,-2.9484,0.0,0.0
1779744290380,1,12.00000018,Upper Delivery,Loading,pitch.0,701945,-0.3073,0.11,0.3555,-0.9815,-0.8364,-2.6265,0.0,0.0
1779744290380,1,Pitching Mound.Delivery,,Loading,pitch.0,700311,-0.5708,0.1839,1.243,-2.4498,-0.633,-5.5898,0.0,0.0
1779744290380,1,Pitching Mound.Drive,,Loading,pitch.0,701176,4.3921,68.4028,207.3541,97.6088,83.6917,-57.7617,-0.0384,0.0448
1779744290380,1,Pitching Mound.Parent,,Loading,pitch.0,699635,3.9944,68.8229,209.6677,95.9533,82.6562,-63.6005,-0.0378,0.0455
1779744290381,1,11.0000004b,Drive,Loading,pitch.0,701177,4.382,68.039,206.9484,97.4566,84.603,-57.4672,-0.0389,0.0448
1779744290381,1,12.00000015,Lower Delivery,Loading,pitch.0,701259,-0.2686,0.0717,0.8008,-1.4846,0.2316,-2.9349,0.0,0.0
1779744290381,1,12.00000018,Upper Delivery,Loading,pitch.0,701946,-0.32,0.1289,0.3756,-1.081,-0.9401,-2.6691,0.0,0.0
1779744290381,1,Pitching Mound.Delivery,,Loading,pitch.0,700312,-0.5885,0.2007,1.1763,-2.421,-0.7085,-5.6214,0.0,0.0
1779744290381,1,Pitching Mound.Drive,,Loading,pitch.0,701177,4.382,68.039,206.9484,97.4566,84.603,-57.4672,-0.0389,0.0448
1779744290381,1,Pitching Mound.Parent,,Loading,pitch.0,699636,3.8036,68.6034,208.5304,95.1878,82.9832,-63.3831,-0.0382,0.0452
1779744290382,1,11.0000004b,Drive,Loading,pitch.0,701178,4.1815,67.6253,204.556,97.037,82.2878,-57.0488,-0.0383,0.0451
1779744290382,1,12.00000015,Lower Delivery,Loading,pitch.0,701260,-0.262,0.0706,0.7236,-1.604,0.2851,-2.947,0.0,0.0
1779744290382,1,12.00000018,Upper Delivery,Loading,pitch.0,701947,-0.3001,0.1238,0.3475,-1.0904,-0.9506,-2.6592,0.0,0.0
1779744290382,1,Pitching Mound.Delivery,,Loading,pitch.0,700313,-0.5621,0.1945,1.0711,-2.5665,-0.6656,-5.6191,0.0,0.0
1779744290382,1,Pitching Mound.Drive,,Loading,pitch.0,701178,4.1815,67.6253,204.556,97.037,82.2878,-57.0488,-0.0383,0.0451
1779744290382,1,Pitching Mound.Parent,,Loading,pitch.0,699637,3.82,68.2334,208.0195,94.8901,83.9375,-63.0863,-0.0387,0.0452
1779744290383,1,11.0000004b,Drive,Loading,pitch.0,701179,4.0999,67.1578,202.7881,97.2842,82.6355,-56.5775,-0.0388,0.0456
1779744290383,1,12.00000015,Lower Delivery,Loading,pitch.0,701261,-0.251,0.0676,0.7075,-1.204,0.1757,-2.9841,0.0,0.0
1779744290383,1,12.00000018,Upper Delivery,Loading,pitch.0,701948,-0.3106,0.1529,0.3801,-0.6819,-0.5225,-2.5248,0.0,0.0
1779744290383,1,Pitching Mound.Delivery,,Loading,pitch.0,700314,-0.5615,0.2204,1.0876,-1.7746,-0.3468,-5.5292,0.0,0.0
1779744290383,1,Pitching Mound.Drive,,Loading,pitch.0,701179,4.0999,67.1578,202.7881,97.2842,82.6355,-56.5775,-0.0388,0.0456
1779744290383,1,Pitching Mound.Parent,,Loading,pitch.0,699638,3.62,67.8457,205.6436,95.2624,81.941,-62.578,-0.0381,0.0454
1779744290384,1,11.0000004b,Drive,Loading,pitch.0,701180,4.0722,66.7045,201.4777,97.1723,83.1221,-56.4359,-0.0392,0.0459
1779744290384,1,12.00000015,Lower Delivery,Loading,pitch.0,701262,-0.209,0.0594,0.6095,-1.0807,0.3438,-3.0096,0.0,0.0
1779744290384,1,12.00000018,Upper Delivery,Loading,pitch.0,701949,-0.3217,0.1626,0.3944,-0.5608,-0.3931,-2.5277,0.0,0.0
1779744290384,1,Pitching Mound.Delivery,,Loading,pitch.0,700315,-0.5307,0.222,1.004,-1.5683,-0.0493,-5.5757,0.0,0.0
1779744290384,1,Pitching Mound.Drive,,Loading,pitch.0,701180,4.0722,66.7045,201.4777,97.1723,83.1221,-56.4359,-0.0392,0.0459
1779744290384,1,Pitching Mound.Parent,,Loading,pitch.0,699639,3.5415,66.9266,202.4817,95.604,83.0728,-62.0116,-0.0391,0.046
1779744290385,1,11.0000004b,Drive,Loading,pitch.0,701181,3.9704,66.3023,199.8025,97.0103,82.7954,-55.9366,-0.0394,0.0462
1779744290385,1,12.00000015,Lower Delivery,Loading,pitch.0,701263,-0.2239,0.0625,0.6703,-0.43,-0.069,-3.0163,0.0,0.0
1779744290385,1,12.00000018,Upper Delivery,Loading,pitch.0,701950,-0.3363,0.1685,0.4227,-0.4061,-0.23,-2.4949,0.0,0.0
1779744290385,1,Pitching Mound.Delivery,,Loading,pitch.0,700316,-0.5603,0.231,1.093,-0.7519,-0.2989,-5.5495,0.0,0.0
1779744290385,1,Pitching Mound.Drive,,Loading,pitch.0,701181,3.9704,66.3023,199.8025,97.0103,82.7954,-55.9366,-0.0394,0.0462
1779744290385,1,Pitching Mound.Parent,,Loading,pitch.0,699640,3.4101,66.5332,200.8955,96.2585,82.4965,-61.486,-0.0392,0.0464
1779744290386,1,11.0000004b,Drive,Loading,pitch.0,701182,3.8866,65.7884,198.5202,97.0028,82.4435,-55.45,-0.0395,0.0465
1779744290386,1,12.00000015,Lower Delivery,Loading,pitch.0,701264,-0.2158,0.0667,0.8453,-0.2286,0.1677,-3.057,0.0,0.0
1779744290386,1,12.00000018,Upper Delivery,Loading,pitch.0,701951,-0.3198,0.1237,0.3918,-0.4196,-0.2446,-2.4907,0.0,0.0
1779744290386,1,Pitching Mound.Delivery,,Loading,pitch.0,700317,-0.5356,0.1904,1.2371,-0.494,-0.0769,-5.5831,0.0,0.0
1779744290386,1,Pitching Mound.Drive,,Loading,pitch.0,701182,3.8866,65.7884,198.5202,97.0028,82.4435,-55.45,-0.0395,0.0465
1779744290386,1,Pitching Mound.Parent,,Loading,pitch.0,699641,3.3511,65.9788,199.7574,96.5088,82.3666,-61.0331,-0.0393,0.047
1779744290387,1,11.0000004b,Drive,Loading,pitch.0,701183,3.964,65.1947,196.9124,96.9044,81.5453,-54.8804,-0.0394,0.0468
1779744290387,1,12.00000015,Lower Delivery,Loading,pitch.0,701265,-0.1956,0.0719,0.8827,-0.2094,0.1094,-3.0498,0.0,0.0
1779744290387,1,12.00000018,Upper Delivery,Loading,pitch.0,701952,-0.3077,0.1381,0.4153,-0.3781,-0.1993,-2.5102,0.0,0.0
1779744290387,1,Pitching Mound.Delivery,,Loading,pitch.0,700318,-0.5033,0.21,1.2979,-0.4286,-0.0899,-5.5981,0.0,0.0
1779744290387,1,Pitching Mound.Drive,,Loading,pitch.0,701183,3.964,65.1947,196.9124,96.9044,81.5453,-54.8804,-0.0394,0.0468
1779744290387,1,Pitching Mound.Parent,,Loading,pitch.0,699642,3.4607,65.4047,198.2104,96.4758,81.4555,-60.4785,-0.0391,0.0473
1779744290388,1,11.0000004b,Drive,Loading,pitch.0,701184,3.7937,64.6007,194.8943,96.6483,81.4361,-54.5214,-0.0397,0.0472
1779744290388,1,12.00000015,Lower Delivery,Loading,pitch.0,701266,-0.2363,0.0763,0.8918,-0.3533,-0.0951,-2.9689,0.0,0.0
1779744290388,1,12.00000018,Upper Delivery,Loading,pitch.0,701953,-0.2861,0.1471,0.4251,-0.2586,-0.0741,-2.4696,0.0,0.0
1779744290388,1,Pitching Mound.Delivery,,Loading,pitch.0,700319,-0.5224,0.2235,1.3169,-0.4531,-0.1692,-5.4554,0.0,0.0
1779744290388,1,Pitching Mound.Drive,,Loading,pitch.0,701184,3.7937,64.6007,194.8943,96.6483,81.4361,-54.5214,-0.0397,0.0472
1779744290388,1,Pitching Mound.Parent,,Loading,pitch.0,699643,3.2713,64.8242,196.2112,96.1952,81.2669,-59.9767,-0.0395,0.0477
1779744290389,1,11.0000004b,Drive,Loading,pitch.0,701185,3.7859,64.0309,193.3029,97.2109,82.7302,-54.24,-0.0407,0.0478
1779744290389,1,12.00000015,Lower Delivery,Loading,pitch.0,701267,-0.2071,0.0967,0.9984,-0.0094,0.4216,-3.0065,0.0,0.0
1779744290389,1,12.00000018,Upper Delivery,Loading,pitch.0,701954,-0.2839,0.1442,0.427,-0.3977,-0.2212,-2.4927,0.0,0.0
1779744290389,1,Pitching Mound.Delivery,,Loading,pitch.0,700320,-0.491,0.241,1.4254,-0.2129,0.2003,-5.5252,0.0,0.0
1779744290389,1,Pitching Mound.Drive,,Loading,pitch.0,701185,3.7859,64.0309,193.3029,97.2109,82.7302,-54.24,-0.0407,0.0478
1779744290389,1,Pitching Mound.Parent,,Loading,pitch.0,699644,3.2949,64.2719,194.7282,96.998,82.9306,-59.7652,-0.0404,0.0485
1779744290390,1,11.0000004b,Drive,Loading,pitch.0,701186,3.7726,63.2847,191.4108,97.7097,83.2634,-53.5844,-0.0414,0.0486
1779744290390,1,12.00000015,Lower Delivery,Loading,pitch.0,701268,-0.189,0.1293,1.015,-0.4155,0.273,-2.9781,0.0,0.0
1779744290390,1,12.00000018,Upper Delivery,Loading,pitch.0,701955,-0.2671,0.1168,0.4007,-0.4823,-0.3068,-2.576,0.0,0.0
1779744290390,1,Pitching Mound.Delivery,,Loading,pitch.0,700321,-0.4561,0.2461,1.4158,-0.689,-0.0338,-5.5807,0.0,0.0
1779744290390,1,Pitching Mound.Drive,,Loading,pitch.0,701186,3.7726,63.2847,191.4108,97.7097,83.2634,-53.5844,-0.0414,0.0486
1779744290390,1,Pitching Mound.Parent,,Loading,pitch.0,699645,3.3165,63.5308,192.8266,97.0207,83.2296,-59.165,-0.0411,0.0493
1779744290391,1,11.0000004b,Drive,Loading,pitch.0,701187,3.6807,62.7479,189.183,96.9783,82.1684,-53.0268,-0.0413,0.0488
1779744290391,1,12.00000015,Lower Delivery,Loading,pitch.0,701269,-0.1979,0.1095,0.9402,-0.4951,0.152,-2.9753,0.0,0.0
1779744290391,1,12.00000018,Upper Delivery,Loading,pitch.0,701956,-0.2848,0.1454,0.4652,-0.691,-0.5271,-2.6167,0.0,0.0
1779744290391,1,Pitching Mound.Delivery,,Loading,pitch.0,700322,-0.4827,0.2549,1.4054,-1.0247,-0.3751,-5.6215,0.0,0.0
1779744290391,1,Pitching Mound.Drive,,Loading,pitch.0,701187,3.6807,62.7479,189.183,96.9783,82.1684,-53.0268,-0.0413,0.0488
1779744290391,1,Pitching Mound.Parent,,Loading,pitch.0,699646,3.198,63.0028,190.5884,95.9537,81.7933,-58.6483,-0.041,0.0493
1779744290392,1,11.0000004b,Drive,Loading,pitch.0,701188,3.6819,62.0977,187.275,97.1151,82.5816,-52.679,-0.0419,0.0493
1779744290392,1,12.00000015,Lower Delivery,Loading,pitch.0,701270,-0.2057,0.1063,0.9516,-0.8002,-0.0447,-2.9614,0.0,0.0
1779744290392,1,12.00000018,Upper Delivery,Loading,pitch.0,701957,-0.3407,0.1679,0.4944,-0.8334,-0.678,-2.6333,0.0,0.0
1779744290392,1,Pitching Mound.Delivery,,Loading,pitch.0,700323,-0.5463,0.2742,1.446,-1.4781,-0.7227,-5.6406,0.0,0.0
1779744290392,1,Pitching Mound.Drive,,Loading,pitch.0,701188,3.6819,62.0977,187.275,97.1151,82.5816,-52.679,-0.0419,0.0493
1779744290392,1,Pitching Mound.Parent,,Loading,pitch.0,699647,3.1356,62.372,188.721,95.637,81.8588,-58.3197,-0.0416,0.0498
1779744290393,1,11.0000004b,Drive,Loading,pitch.0,701189,3.6276,61.2339,184.9691,97.4141,83.5453,-52.1282,-0.043,0.0501
1779744290393,1,12.00000015,Lower Delivery,Loading,pitch.0,701271,-0.2189,0.0906,0.8952,-1.1506,0.0444,-2.9295,0.0,0.0
1779744290393,1,12.00000018,Upper Delivery,Loading,pitch.0,701958,-0.3484,0.1811,0.533,-1.1641,-1.0287,-2.6703,0.0,0.0
1779744290393,1,Pitching Mound.Delivery,,Loading,pitch.0,700324,-0.5673,0.2717,1.4282,-2.1916,-0.9842,-5.6439,0.0,0.0
1779744290393,1,Pitching Mound.Drive,,Loading,pitch.0,701189,3.6276,61.2339,184.9691,97.4141,83.5453,-52.1282,-0.043,0.0501
1779744290393,1,Pitching Mound.Parent,,Loading,pitch.0,699648,3.0603,61.5055,186.3973,95.2226,82.5611,-57.7722,-0.0426,0.0504
1779744290394,1,11.0000004b,Drive,Loading,pitch.0,701190,3.8039,60.582,183.8418,98.8162,82.4384,-51.7985,-0.0427,0.0511
1779744290394,1,12.00000015,Lower Delivery,Loading,pitch.0,701272,-0.2245,0.0966,0.9287,-1.2003,0.0825,-2.9248,0.0,0.0
1779744290394,1,12.00000018,Upper Delivery,Loading,pitch.0,701959,-0.3628,0.1522,0.506,-1.4293,-1.3082,-2.73,0.0,0.0
1779744290394,1,Pitching Mound.Delivery,,Loading,pitch.0,700325,-0.5873,0.2488,1.4347,-2.486,-1.2257,-5.7018,0.0,0.0
1779744290394,1,Pitching Mound.Drive,,Loading,pitch.0,701190,3.8039,60.582,183.8418,98.8162,82.4384,-51.7985,-0.0427,0.0511
1779744290394,1,Pitching Mound.Parent,,Loading,pitch.0,699649,3.2166,60.8307,185.2765,96.3302,81.2127,-57.5003,-0.0423,0.0515
1779744290395,1,11.0000004b,Drive,Loading,pitch.0,701191,3.7364,59.8121,181.3345,99.5822,83.264,-51.2258,-0.0437,0.0522
1779744290395,1,12.00000015,Lower Delivery,Loading,pitch.0,701273,-0.2044,0.1389,1.0007,-1.2688,0.2712,-2.9255,0.0,0.0
1779744290395,1,12.00000018,Upper Delivery,Loading,pitch.0,701960,-0.3715,0.1522,0.488,-1.7004,-1.5952,-2.7687,0.0,0.0
1779744290395,1,Pitching Mound.Delivery,,Loading,pitch.0,700326,-0.5759,0.2911,1.4887,-2.795,-1.324,-5.751,0.0,0.0
1779744290395,1,Pitching Mound.Drive,,Loading,pitch.0,701191,3.7364,59.8121,181.3345,99.5822,83.264,-51.2258,-0.0437,0.0522
1779744290395,1,Pitching Mound.Parent,,Loading,pitch.0,699650,3.1605,60.1032,182.8233,96.7872,81.9401,-56.9767,-0.0433,0.0528
1779744290396,1,11.0000004b,Drive,Loading,pitch.0,701192,3.8093,59.0859,179.2733,99.5563,83.1457,-50.6455,-0.0441,0.0528
1779744290396,1,12.00000015,Lower Delivery,Loading,pitch.0,701274,-0.2143,0.1263,0.9842,-1.3985,0.3647,-2.9349,0.0,0.0
1779744290396,1,12.00000018,Upper Delivery,Loading,pitch.0,701961,-0.3909,0.1475,0.4999,-1.7962,-1.6867,-2.7789,0.0,0.0
1779744290396,1,Pitching Mound.Delivery,,Loading,pitch.0,700327,-0.6051,0.2738,1.4841,-3.0301,-1.322,-5.7737,0.0,0.0
1779744290396,1,Pitching Mound.Drive,,Loading,pitch.0,701192,3.8093,59.0859,179.2733,99.5563,83.1457,-50.6455,-0.0441,0.0528
1779744290396,1,Pitching Mound.Parent,,Loading,pitch.0,699651,3.2042,59.3597,180.7574,96.5262,81.8237,-56.4192,-0.0438,0.0533
1779744290397,1,11.0000004b,Drive,Loading,pitch.0,701193,3.757,58.2514,176.5899,99.5001,83.7695,-50.4113,-0.0451,0.0536
1779744290397,1,12.00000015,Lower Delivery,Loading,pitch.0,701275,-0.1867,0.122,0.8704,-1.5163,0.4382,-2.9053,0.0,0.0
1779744290397,1,12.00000018,Upper Delivery,Loading,pitch.0,701962,-0.3651,0.1027,0.3978,-1.7918,-1.692,-2.7791,0.0,0.0
1779744290397,1,Pitching Mound.Delivery,,Loading,pitch.0,700328,-0.5518,0.2247,1.2682,-3.1474,-1.2538,-5.745,0.0,0.0
1779744290397,1,Pitching Mound.Drive,,Loading,pitch.0,701193,3.757,58.2514,176.5899,99.5001,83.7695,-50.4113,-0.0451,0.0536
1779744290397,1,Pitching Mound.Parent,,Loading,pitch.0,699652,3.2052,58.4761,177.8581,96.3527,82.5157,-56.1564,-0.0448,0.0541
1779744290398,1,11.0000004b,Drive,Loading,pitch.0,701194,3.8828,57.6856,177.5608,100.096,83.2425,-49.95,-0.0446,0.0536
1779744290398,1,12.00000015,Lower Delivery,Loading,pitch.0,701276,-0.2128,0.1286,0.9045,-1.6578,0.3126,-2.8765,0.0,0.0
1779744290398,1,12.00000018,Upper Delivery,Loading,pitch.0,701963,-0.3777,0.1013,0.3833,-1.9938,-1.9086,-2.7584,0.0,0.0
1779744290398,1,Pitching Mound.Delivery,,Loading,pitch.0,700329,-0.5905,0.2299,1.2878,-3.4743,-1.596,-5.691,0.0,0.0
1779744290398,1,Pitching Mound.Drive,,Loading,pitch.0,701194,3.8828,57.6856,177.5608,100.096,83.2425,-49.95,-0.0446,0.0536
1779744290398,1,Pitching Mound.Parent,,Loading,pitch.0,699653,3.2923,57.9155,178.8487,96.6217,81.6465,-55.641,-0.0443,0.0542
1779744290399,1,11.0000004b,Drive,Loading,pitch.0,701195,3.8336,56.6406,172.5643,99.8438,83.5197,-49.4136,-0.046,0.055
1779744290399,1,12.00000015,Lower Delivery,Loading,pitch.0,701277,-0.1931,0.1461,1.0122,-1.4533,0.346,-2.9368,0.0,0.0
1779744290399,1,12.00000018,Upper Delivery,Loading,pitch.0,701964,-0.3774,0.0765,0.342,-1.7917,-1.6935,-2.7517,0.0,0.0
1779744290399,1,Pitching Mound.Delivery,,Loading,pitch.0,700330,-0.5706,0.2226,1.3542,-3.0172,-1.3475,-5.7512,0.0,0.0
1779744290399,1,Pitching Mound.Drive,,Loading,pitch.0,701195,3.8336,56.6406,172.5643,99.8438,83.5197,-49.4136,-0.046,0.055
1779744290399,1,Pitching Mound.Parent,,Loading,pitch.0,699654,3.263,56.8632,173.9184,96.8267,82.1722,-55.1648,-0.0457,0.0559
1779744290400,1,11.0000004b,Drive,Loading,pitch.0,701196,3.8665,55.9017,171.041,99.1866,83.7284,-48.8698,-0.0466,0.0552
1779744290400,1,12.00000015,Lower Delivery,Loading,pitch.0,701278,-0.1582,0.1506,1.0631,-1.226,0.4398,-2.8677,0.0,0.0
1779744290400,1,12.00000018,Upper Delivery,Loading,pitch.0,701965,-0.3554,0.0807,0.41,-1.4131,-1.293,-2.6928,0.0,0.0
1779744290400,1,Pitching Mound.Delivery,,Loading,pitch.0,700331,-0.5136,0.2313,1.4731,-2.417,-0.8532,-5.6276,0.0,0.0
1779744290400,1,Pitching Mound.Drive,,Loading,pitch.0,701196,3.8665,55.9017,171.041,99.1866,83.7284,-48.8698,-0.0466,0.0552
1779744290400,1,Pitching Mound.Parent,,Loading,pitch.0,699655,3.3529,56.133,172.5141,96.7696,82.8752,-54.4974,-0.0462,0.056
1779744290401,1,11.0000004b,Drive,Loading,pitch.0,701197,3.8659,55.287,169.614,99.4267,83.178,-48.2385,-0.0467,0.0558
1779744290401,1,12.00000015,Lower Delivery,Loading,pitch.0,701279,-0.1481,0.142,1.07,-1.2362,0.3164,-2.9286,0.0,0.0
1779744290401,1,12.00000018,Upper Delivery,Loading,pitch.0,701966,-0.3345,0.0927,0.4178,-1.1718,-1.0406,-2.6032,0.0,0.0
1779744290401,1,Pitching Mound.Delivery,,Loading,pitch.0,700332,-0.4826,0.2347,1.4878,-2.1862,-0.7242,-5.5952,0.0,0.0
1779744290401,1,Pitching Mound.Drive,,Loading,pitch.0,701197,3.8659,55.287,169.614,99.4267,83.178,-48.2385,-0.0467,0.0558
1779744290401,1,Pitching Mound.Parent,,Loading,pitch.0,699656,3.3833,55.5217,171.1018,97.2405,82.4538,-53.8337,-0.0462,0.0566
1779744290402,1,11.0000004b,Drive,Loading,pitch.0,701198,3.8223,54.2885,166.7828,98.4358,84.4275,-47.4296,-0.0482,0.0561
1779744290402,1,12.00000015,Lower Delivery,Loading,pitch.0,701280,-0.1503,0.1509,1.0348,-1.2457,0.2798,-2.9261,0.0,0.0
1779744290402,1,12.00000018,Upper Delivery,Loading,pitch.0,701967,-0.3359,0.1054,0.4,-0.9674,-0.8242,-2.5751,0.0,0.0
1779744290402,1,Pitching Mound.Delivery,,Loading,pitch.0,700333,-0.4861,0.2563,1.4348,-1.9972,-0.5444,-5.5642,0.0,0.0
1779744290402,1,Pitching Mound.Drive,,Loading,pitch.0,701198,3.8223,54.2885,166.7828,98.4358,84.4275,-47.4296,-0.0482,0.0561
1779744290402,1,Pitching Mound.Parent,,Loading,pitch.0,699657,3.3361,54.5448,168.2176,96.4386,83.8831,-52.9938,-0.0477,0.0569
1779744290403,1,11.0000004b,Drive,Loading,pitch.0,701199,3.7983,53.2905,164.1358,98.0486,83.6183,-46.8946,-0.0485,0.0568
1779744290403,1,12.00000015,Lower Delivery,Loading,pitch.0,701281,-0.1295,0.1692,1.0554,-1.3657,0.2789,-2.9112,0.0,0.0
1779744290403,1,12.00000018,Upper Delivery,Loading,pitch.0,701968,-0.2827,0.0768,0.3692,-0.8877,-0.7415,-2.5338,0.0,0.0
1779744290403,1,Pitching Mound.Delivery,,Loading,pitch.0,700334,-0.4122,0.246,1.4246,-2.0201,-0.4626,-5.497,0.0,0.0
1779744290403,1,Pitching Mound.Drive,,Loading,pitch.0,701199,3.7983,53.2905,164.1358,98.0486,83.6183,-46.8946,-0.0485,0.0568
1779744290403,1,Pitching Mound.Parent,,Loading,pitch.0,699658,3.3861,53.5365,165.5604,96.0285,83.1558,-52.3916,-0.048,0.0577
1779744290404,1,11.0000004b,Drive,Loading,pitch.0,701200,3.7992,52.3965,162.3238,97.1355,83.389,-46.1647,-0.0489,0.0569
1779744290404,1,12.00000015,Lower Delivery,Loading,pitch.0,701282,-0.1408,0.1638,1.043,-1.1425,0.2298,-2.9303,0.0,0.0
1779744290404,1,12.00000018,Upper Delivery,Loading,pitch.0,701969,-0.2983,0.1163,0.4173,-0.8313,-0.6821,-2.5208,0.0,0.0
1779744290404,1,Pitching Mound.Delivery,,Loading,pitch.0,700335,-0.439,0.28,1.4603,-1.7611,-0.4523,-5.5047,0.0,0.0
1779744290404,1,Pitching Mound.Drive,,Loading,pitch.0,701200,3.7992,52.3965,162.3238,97.1355,83.389,-46.1647,-0.0489,0.0569
1779744290404,1,Pitching Mound.Parent,,Loading,pitch.0,699659,3.3601,52.6765,163.784,95.3744,82.9368,-51.6694,-0.0484,0.0577
1779744290405,1,11.0000004b,Drive,Loading,pitch.0,701201,3.7235,51.532,159.1361,96.8964,83.2506,-45.3359,-0.0498,0.0579
1779744290405,1,12.00000015,Lower Delivery,Loading,pitch.0,701283,-0.1888,0.142,1.0249,-1.3799,0.2891,-2.9201,0.0,0.0
1779744290405,1,12.00000018,Upper Delivery,Loading,pitch.0,701970,-0.2458,0.1106,0.3877,-0.8389,-0.6887,-2.5473,0.0,0.0
1779744290405,1,Pitching Mound.Delivery,,Loading,pitch.0,700336,-0.4346,0.2527,1.4126,-2.0022,-0.3997,-5.4868,0.0,0.0
1779744290405,1,Pitching Mound.Drive,,Loading,pitch.0,701201,3.7235,51.532,159.1361,96.8964,83.2506,-45.3359,-0.0498,0.0579
1779744290405,1,Pitching Mound.Parent,,Loading,pitch.0,699660,3.2889,51.7847,160.5487,94.8942,82.8509,-50.8226,-0.0493,0.0588
1779744290406,1,11.0000004b,Drive,Loading,pitch.0,701202,3.7749,50.6229,156.5147,96.3085,82.3822,-44.5291,-0.0501,0.0585
1779744290406,1,12.00000015,Lower Delivery,Loading,pitch.0,701284,-0.1664,0.1302,0.913,-1.4325,-0.1297,-2.9286,0.0,0.0
1779744290406,1,12.00000018,Upper Delivery,Loading,pitch.0,701971,-0.2538,0.135,0.4107,-0.7085,-0.549,-2.5586,0.0,0.0
1779744290406,1,Pitching Mound.Delivery,,Loading,pitch.0,700337,-0.4202,0.2652,1.3237,-1.9703,-0.6788,-5.5169,0.0,0.0
1779744290406,1,Pitching Mound.Drive,,Loading,pitch.0,701202,3.7749,50.6229,156.5147,96.3085,82.3822,-44.5291,-0.0501,0.0585
1779744290406,1,Pitching Mound.Parent,,Loading,pitch.0,699661,3.3547,50.8881,157.8384,94.3383,81.7034,-50.046,-0.0497,0.0591
1779744290407,1,11.0000004b,Drive,Loading,pitch.0,701203,3.5894,49.7252,154.3358,95.6981,82.5326,-44.1969,-0.0509,0.059
1779744290407,1,12.00000015,Lower Delivery,Loading,pitch.0,701285,-0.1426,0.1466,0.9841,-1.3997,-0.082,-2.9366,0.0,0.0
1779744290407,1,12.00000018,Upper Delivery,Loading,pitch.0,701972,-0.2369,0.1452,0.4414,-0.6841,-0.5218,-2.5785,0.0,0.0
1779744290407,1,Pitching Mound.Delivery,,Loading,pitch.0,700338,-0.3795,0.2918,1.4255,-1.8992,-0.6039,-5.5472,0.0,0.0
1779744290407,1,Pitching Mound.Drive,,Loading,pitch.0,701203,3.5894,49.7252,154.3358,95.6981,82.5326,-44.1969,-0.0509,0.059
1779744290407,1,Pitching Mound.Parent,,Loading,pitch.0,699662,3.2099,50.017,155.7613,93.7989,81.9288,-49.7441,-0.0504,0.0596
1779744290408,1,11.0000004b,Drive,Loading,pitch.0,701204,3.6323,48.5923,151.86,95.1794,83.274,-43.0764,-0.0522,0.0596
1779744290408,1,12.00000015,Lower Delivery,Loading,pitch.0,701286,-0.1675,0.1226,0.9425,-1.3027,-0.0052,-2.8993,0.0,0.0
1779744290408,1,12.00000018,Upper Delivery,Loading,pitch.0,701973,-0.263,0.1785,0.4643,-0.8648,-0.7137,-2.5944,0.0,0.0
1779744290408,1,Pitching Mound.Delivery,,Loading,pitch.0,700339,-0.4305,0.3012,1.4068,-2.0049,-0.7189,-5.5262,0.0,0.0
1779744290408,1,Pitching Mound.Drive,,Loading,pitch.0,701204,3.6323,48.5923,151.86,95.1794,83.274,-43.0764,-0.0522,0.0596
1779744290408,1,Pitching Mound.Parent,,Loading,pitch.0,699663,3.2018,48.8935,153.2668,93.1745,82.5551,-48.6026,-0.0517,0.0601
1779744290409,1,11.0000004b,Drive,Loading,pitch.0,701205,3.5463,47.4562,145.5915,94.9422,82.4063,-42.5686,-0.0538,0.062
1779744290409,1,12.00000015,Lower Delivery,Loading,pitch.0,701287,-0.1741,0.1168,0.9181,-1.4593,-0.0399,-2.9221,0.0,0.0
1779744290409,1,12.00000018,Upper Delivery,Loading,pitch.0,701974,-0.281,0.1975,0.4783,-0.8563,-0.7066,-2.56,0.0,0.0
1779744290409,1,Pitching Mound.Delivery,,Loading,pitch.0,700340,-0.4552,0.3143,1.3963,-2.1661,-0.7465,-5.5184,0.0,0.0
1779744290409,1,Pitching Mound.Drive,,Loading,pitch.0,701205,3.5463,47.4562,145.5915,94.9422,82.4063,-42.5686,-0.0538,0.062
1779744290409,1,Pitching Mound.Parent,,Loading,pitch.0,699664,3.0911,47.7705,146.9878,92.7761,81.6598,-48.087,-0.0533,0.0625
1779744290410,1,11.0000004b,Drive,Loading,pitch.0,701206,3.4393,46.4377,143.6247,94.0214,82.3312,-41.8286,-0.0545,0.0623
1779744290410,1,12.00000015,Lower Delivery,Loading,pitch.0,701288,-0.1693,0.1085,0.9142,-1.5093,-0.2147,-2.9236,0.0,0.0
1779744290410,1,12.00000018,Upper Delivery,Loading,pitch.0,701975,-0.2686,0.1641,0.3726,-1.2217,-1.0909,-2.6566,0.0,0.0
1779744290410,1,Pitching Mound.Delivery,,Loading,pitch.0,700341,-0.4379,0.2726,1.2868,-2.5469,-1.3056,-5.6139,0.0,0.0
1779744290410,1,Pitching Mound.Drive,,Loading,pitch.0,701206,3.4393,46.4377,143.6247,94.0214,82.3312,-41.8286,-0.0545,0.0623
1779744290410,1,Pitching Mound.Parent,,Loading,pitch.0,699665,3.0014,46.7103,144.9115,91.4745,81.0256,-47.4425,-0.054,0.063
1779744290411,1,11.0000004b,Drive,Loading,pitch.0,701207,3.463,45.3377,140.4831,94.0167,81.4806,-40.9113,-0.0552,0.0637
1779744290411,1,12.00000015,Lower Delivery,Loading,pitch.0,701289,-0.2067,0.1068,0.8997,-1.5289,-0.4485,-2.9063,0.0,0.0
1779744290411,1,12.00000018,Upper Delivery,Loading,pitch.0,701976,-0.2868,0.1828,0.3814,-1.4955,-1.3813,-2.6841,0.0,0.0
1779744290411,1,Pitching Mound.Delivery,,Loading,pitch.0,700342,-0.4934,0.2896,1.2811,-2.8482,-1.8298,-5.6176,0.0,0.0
1779744290411,1,Pitching Mound.Drive,,Loading,pitch.0,701207,3.463,45.3377,140.4831,94.0167,81.4806,-40.9113,-0.0552,0.0637
1779744290411,1,Pitching Mound.Parent,,Loading,pitch.0,699666,2.9696,45.6273,141.7641,91.1685,79.6508,-46.5289,-0.0547,0.0643
1779744290412,1,11.0000004b,Drive,Loading,pitch.0,701208,3.3935,44.2484,137.5216,92.92,80.9621,-40.1783,-0.056,0.0643
1779744290412,1,12.00000015,Lower Delivery,Loading,pitch.0,701290,-0.228,0.0841,0.7726,-1.6755,-0.2882,-2.9108,0.0,0.0
1779744290412,1,12.00000018,Upper Delivery,Loading,pitch.0,701977,-0.322,0.228,0.5083,-1.45,-1.3331,-2.6791,0.0,0.0
1779744290412,1,Pitching Mound.Delivery,,Loading,pitch.0,700343,-0.55,0.3122,1.2809,-3.0357,-1.6213,-5.6218,0.0,0.0
1779744290412,1,Pitching Mound.Drive,,Loading,pitch.0,701208,3.3935,44.2484,137.5216,92.92,80.9621,-40.1783,-0.056,0.0643
1779744290412,1,Pitching Mound.Parent,,Loading,pitch.0,699667,2.8434,44.5605,138.8025,89.8844,79.3408,-45.8001,-0.0555,0.0643
1779744290413,1,11.0000004b,Drive,Loading,pitch.0,701209,3.2482,42.8959,132.2893,92.0866,81.6446,-39.3845,-0.0587,0.0662
1779744290413,1,12.00000015,Lower Delivery,Loading,pitch.0,701291,-0.2398,0.0938,0.8154,-1.7575,-0.2204,-2.8692,0.0,0.0
1779744290413,1,12.00000018,Upper Delivery,Loading,pitch.0,701978,-0.2663,0.1753,0.373,-1.4489,-1.33,-2.7138,0.0,0.0
1779744290413,1,Pitching Mound.Delivery,,Loading,pitch.0,700344,-0.5061,0.2692,1.1885,-3.056,-1.5504,-5.592,0.0,0.0
1779744290413,1,Pitching Mound.Drive,,Loading,pitch.0,701209,3.2482,42.8959,132.2893,92.0866,81.6446,-39.3845,-0.0587,0.0662
1779744290413,1,Pitching Mound.Parent,,Loading,pitch.0,699668,2.7421,43.1651,133.4778,89.0305,80.0942,-44.9765,-0.0582,0.0668
1779744290414,1,11.0000004b,Drive,Loading,pitch.0,701210,3.4024,41.5184,128.5254,90.5655,81.0963,-38.4369,-0.06,0.067
1779744290414,1,12.00000015,Lower Delivery,Loading,pitch.0,701292,-0.2178,0.095,0.8668,-1.358,0.3672,-2.9256,0.0,0.0
1779744290414,1,12.00000018,Upper Delivery,Loading,pitch.0,701979,-0.347,0.2239,0.5239,-1.4368,-1.3197,-2.6667,0.0,0.0
1779744290414,1,Pitching Mound.Delivery,,Loading,pitch.0,700345,-0.5648,0.319,1.3907,-2.6782,-0.9525,-5.6362,0.0,0.0
1779744290414,1,Pitching Mound.Drive,,Loading,pitch.0,701210,3.4024,41.5184,128.5254,90.5655,81.0963,-38.4369,-0.06,0.067
1779744290414,1,Pitching Mound.Parent,,Loading,pitch.0,699669,2.8377,41.8374,129.9161,87.8873,80.1437,-44.0732,-0.0594,0.0672
1779744290415,1,11.0000004b,Drive,Loading,pitch.0,701211,3.4125,40.0786,124.9707,90.2657,81.654,-37.6381,-0.0622,0.0687
1779744290415,1,12.00000015,Lower Delivery,Loading,pitch.0,701293,-0.2178,0.1044,0.8369,-1.8776,0.1816,-2.9006,0.0,0.0
1779744290415,1,12.00000018,Upper Delivery,Loading,pitch.0,701980,-0.3515,0.2206,0.6008,-1.2175,-1.0885,-2.6182,0.0,0.0
1779744290415,1,Pitching Mound.Delivery,,Loading,pitch.0,700346,-0.5693,0.3251,1.4377,-3.0148,-0.9068,-5.5643,0.0,0.0
1779744290415,1,Pitching Mound.Drive,,Loading,pitch.0,701211,3.4125,40.0786,124.9707,90.2657,81.654,-37.6381,-0.0622,0.0687
1779744290415,1,Pitching Mound.Parent,,Loading,pitch.0,699670,2.8432,40.4037,126.4085,87.2509,80.7471,-43.2024,-0.0614,0.0686
1779744290416,1,11.0000004b,Drive,Loading,pitch.0,701212,3.3272,38.8178,122.2571,88.7648,82.7123,-36.4426,-0.0644,0.0691
1779744290416,1,12.00000015,Lower Delivery,Loading,pitch.0,701294,-0.2351,0.1117,0.8425,-1.7192,0.0692,-2.8942,0.0,0.0
1779744290416,1,12.00000018,Upper Delivery,Loading,pitch.0,701981,-0.3551,0.2256,0.5973,-0.907,-0.7644,-2.4929,0.0,0.0
1779744290416,1,Pitching Mound.Delivery,,Loading,pitch.0,700347,-0.5902,0.3373,1.4398,-2.5428,-0.6951,-5.4279,0.0,0.0
1779744290416,1,Pitching Mound.Drive,,Loading,pitch.0,701212,3.3272,38.8178,122.2571,88.7648,82.7123,-36.4426,-0.0644,0.0691
1779744290416,1,Pitching Mound.Parent,,Loading,pitch.0,699671,2.737,39.1551,123.6968,86.222,82.0171,-41.8705,-0.0636,0.0689
1779744290417,1,11.0000004b,Drive,Loading,pitch.0,701213,3.4744,37.5685,118.1128,88.291,81.064,-35.8409,-0.0653,0.0711
1779744290417,1,12.00000015,Lower Delivery,Loading,pitch.0,701295,-0.2643,0.1079,0.8082,-2.2632,0.1638,-2.9121,0.0,0.0
1779744290417,1,12.00000018,Upper Delivery,Loading,pitch.0,701982,-0.3432,0.1965,0.5228,-0.8893,-0.7496,-2.4192,0.0,0.0
1779744290417,1,Pitching Mound.Delivery,,Loading,pitch.0,700348,-0.6075,0.3044,1.331,-3.0555,-0.5858,-5.3581,0.0,0.0
1779744290417,1,Pitching Mound.Drive,,Loading,pitch.0,701213,3.4744,37.5685,118.1128,88.291,81.064,-35.8409,-0.0653,0.0711
1779744290417,1,Pitching Mound.Parent,,Loading,pitch.0,699672,2.8669,37.8729,119.4438,85.2355,80.4781,-41.199,-0.0646,0.0711
1779744290418,1,11.0000004b,Drive,Loading,pitch.0,701214,3.4771,36.1437,111.8032,86.8182,80.0304,-35.1362,-0.0681,0.0739
1779744290418,1,12.00000015,Lower Delivery,Loading,pitch.0,701296,-0.2786,0.1186,0.8466,-2.3661,0.2257,-2.8992,0.0,0.0
1779744290418,1,12.00000018,Upper Delivery,Loading,pitch.0,701983,-0.2844,0.1428,0.353,-0.6359,-0.4827,-2.3588,0.0,0.0
1779744290418,1,Pitching Mound.Delivery,,Loading,pitch.0,700349,-0.563,0.2614,1.1996,-2.8341,-0.257,-5.2599,0.0,0.0
1779744290418,1,Pitching Mound.Drive,,Loading,pitch.0,701214,3.4771,36.1437,111.8032,86.8182,80.0304,-35.1362,-0.0681,0.0739
1779744290418,1,Pitching Mound.Parent,,Loading,pitch.0,699673,2.914,36.4051,113.0029,83.9841,79.7734,-40.3962,-0.0674,0.0746
1779744290419,1,11.0000004b,Drive,Loading,pitch.0,701215,3.5604,34.8319,109.1737,85.7116,80.6763,-34.2053,-0.0703,0.0747
1779744290419,1,12.00000015,Lower Delivery,Loading,pitch.0,701297,-0.2674,0.1295,0.9076,-2.2079,0.0955,-2.9372,0.0,0.0
1779744290419,1,12.00000018,Upper Delivery,Loading,pitch.0,701984,-0.2814,0.1209,0.3046,-0.309,-0.1375,-2.296,0.0,0.0
1779744290419,1,Pitching Mound.Delivery,,Loading,pitch.0,700350,-0.5488,0.2504,1.2122,-2.3118,-0.042,-5.238,0.0,0.0
1779744290419,1,Pitching Mound.Drive,,Loading,pitch.0,701215,3.5604,34.8319,109.1737,85.7116,80.6763,-34.2053,-0.0703,0.0747
1779744290419,1,Pitching Mound.Parent,,Loading,pitch.0,699674,3.0116,35.0823,110.386,83.3998,80.6344,-39.4433,-0.0695,0.0757
1779744290420,1,11.0000004b,Drive,Loading,pitch.0,701216,3.5686,33.62,106.9352,84.5341,81.8311,-33.2983,-0.0728,0.0752
1779744290420,1,12.00000015,Lower Delivery,Loading,pitch.0,701298,-0.2812,0.1278,0.8707,-2.1909,-0.0138,-2.9454,0.0,0.0
1779744290420,1,12.00000018,Upper Delivery,Loading,pitch.0,701985,-0.2967,0.142,0.3628,-0.414,-0.2421,-2.4298,0.0,0.0
1779744290420,1,Pitching Mound.Delivery,,Loading,pitch.0,700351,-0.5779,0.2698,1.2336,-2.4322,-0.2559,-5.3805,0.0,0.0
1779744290420,1,Pitching Mound.Drive,,Loading,pitch.0,701216,3.5686,33.62,106.9352,84.5341,81.8311,-33.2983,-0.0728,0.0752
1779744290420,1,Pitching Mound.Parent,,Loading,pitch.0,699675,2.9906,33.8898,108.1687,82.1018,81.5753,-38.6788,-0.072,0.0759
1779744290421,1,11.0000004b,Drive,Loading,pitch.0,701217,3.5428,32.5336,105.883,84.4099,81.8338,-32.321,-0.0735,0.0758
1779744290421,1,12.00000015,Lower Delivery,Loading,pitch.0,701299,-0.3013,0.1118,0.9002,-2.0693,-0.1239,-2.9306,0.0,0.0
1779744290421,1,12.00000018,Upper Delivery,Loading,pitch.0,701986,-0.2724,0.1197,0.3363,-0.2302,-0.05,-2.3601,0.0,0.0
1779744290421,1,Pitching Mound.Delivery,,Loading,pitch.0,700352,-0.5737,0.2315,1.2365,-2.1078,-0.1739,-5.2809,0.0,0.0
1779744290421,1,Pitching Mound.Drive,,Loading,pitch.0,701217,3.5428,32.5336,105.883,84.4099,81.8338,-32.321,-0.0735,0.0758
1779744290421,1,Pitching Mound.Parent,,Loading,pitch.0,699676,2.9691,32.7651,107.1195,82.3021,81.6599,-37.6019,-0.0727,0.0768
1779744290422,1,11.0000004b,Drive,Loading,pitch.0,701218,3.5952,31.176,102.6909,83.163,81.9948,-31.7516,-0.076,0.077
1779744290422,1,12.00000015,Lower Delivery,Loading,pitch.0,701300,-0.2684,0.1268,0.8914,-2.0282,0.1481,-2.9017,0.0,0.0
1779744290422,1,12.00000018,Upper Delivery,Loading,pitch.0,701987,-0.2497,0.1109,0.3228,-0.1699,0.0147,-2.3647,0.0,0.0
1779744290422,1,Pitching Mound.Delivery,,Loading,pitch.0,700353,-0.5181,0.2376,1.2143,-2.0047,0.1628,-5.26,0.0,0.0
1779744290422,1,Pitching Mound.Drive,,Loading,pitch.0,701218,3.5952,31.176,102.6909,83.163,81.9948,-31.7516,-0.076,0.077
1779744290422,1,Pitching Mound.Parent,,Loading,pitch.0,699677,3.077,31.4137,103.9052,81.1583,82.1576,-37.0116,-0.0751,0.078
1779744290423,1,11.0000004b,Drive,Loading,pitch.0,701219,3.4348,29.9727,99.5393,80.7984,81.0079,-30.7161,-0.0774,0.0772
1779744290423,1,12.00000015,Lower Delivery,Loading,pitch.0,701301,-0.274,0.1235,0.8268,-1.9229,-0.0153,-2.8862,0.0,0.0
1779744290423,1,12.00000018,Upper Delivery,Loading,pitch.0,701988,-0.2541,0.1214,0.3559,-0.0594,0.1301,-2.3231,0.0,0.0
1779744290423,1,Pitching Mound.Delivery,,Loading,pitch.0,700354,-0.5281,0.2449,1.1827,-1.8222,0.1148,-5.2026,0.0,0.0
1779744290423,1,Pitching Mound.Drive,,Loading,pitch.0,701219,3.4348,29.9727,99.5393,80.7984,81.0079,-30.7161,-0.0774,0.0772
1779744290423,1,Pitching Mound.Parent,,Loading,pitch.0,699678,2.9067,30.2176,100.7219,78.9762,81.1227,-35.9187,-0.0765,0.0779
1779744290424,1,11.0000004b,Drive,Loading,pitch.0,701220,3.4422,28.9626,98.8657,81.3912,82.0676,-30.0104,-0.079,0.0783
1779744290424,1,12.00000015,Lower Delivery,Loading,pitch.0,701302,-0.2859,0.1162,0.7298,-2.2016,-0.3191,-2.9093,0.0,0.0
1779744290424,1,12.00000015,Lower Delivery,Loading,pitch.0,701303,-0.3065,0.1082,0.7253,-2.2247,-0.3996,-2.896,0.0,0.0
1779744290424,1,12.00000018,Upper Delivery,Loading,pitch.0,701989,-0.2299,0.1129,0.36,-0.078,0.116,-2.4251,0.0,0.0
1779744290424,1,Pitching Mound.Delivery,,Loading,pitch.0,700355,-0.5158,0.2292,1.0898,-2.1538,-0.203,-5.3154,0.0,0.0
1779744290424,1,Pitching Mound.Drive,,Loading,pitch.0,701220,3.4422,28.9626,98.8657,81.3912,82.0676,-30.0104,-0.079,0.0783
1779744290424,1,Pitching Mound.Parent,,Loading,pitch.0,699679,2.9264,29.1918,99.9556,79.2374,81.8646,-35.3258,-0.0781,0.0787
1779744290425,1,11.0000004b,Drive,Loading,pitch.0,701221,3.3544,27.6895,96.1102,79.5159,80.2475,-28.7025,-0.0794,0.0787
1779744290425,1,12.00000018,Upper Delivery,Loading,pitch.0,701990,-0.2306,0.132,0.3906,-0.0712,0.1259,-2.4721,0.0,0.0
1779744290425,1,Pitching Mound.Delivery,,Loading,pitch.0,700356,-0.5371,0.2401,1.1159,-2.1821,-0.2736,-5.3423,0.0,0.0
1779744290425,1,Pitching Mound.Drive,,Loading,pitch.0,701221,3.3544,27.6895,96.1102,79.5159,80.2475,-28.7025,-0.0794,0.0787
1779744290425,1,Pitching Mound.Parent,,Loading,pitch.0,699680,2.8174,27.9296,97.2261,77.3338,79.9738,-34.0449,-0.0785,0.079
1779744290426,1,11.0000004b,Drive,Loading,pitch.0,701222,3.1057,26.4794,93.3266,78.9346,80.7451,-27.7564,-0.0823,0.0805
1779744290426,1,12.00000015,Lower Delivery,Loading,pitch.0,701304,-0.2776,0.096,0.7194,-2.3851,-0.0748,-2.9246,0.0,0.0
1779744290426,1,12.00000018,Upper Delivery,Loading,pitch.0,701991,-0.2255,0.1357,0.3923,-0.2755,-0.0897,-2.5134,0.0,0.0
1779744290426,1,Pitching Mound.Delivery,,Loading,pitch.0,700357,-0.5031,0.2318,1.1117,-2.5494,-0.1645,-5.4203,0.0,0.0
1779744290426,1,Pitching Mound.Drive,,Loading,pitch.0,701222,3.1057,26.4794,93.3266,78.9346,80.7451,-27.7564,-0.0823,0.0805
1779744290426,1,Pitching Mound.Parent,,Loading,pitch.0,699681,2.6026,26.7111,94.4383,76.3853,80.5806,-33.1767,-0.0813,0.0807
1779744290427,1,11.0000004b,Drive,Loading,pitch.0,701223,3.043,25.0334,90.9967,77.9996,80.4294,-26.5254,-0.0841,0.0815
1779744290427,1,12.00000015,Lower Delivery,Loading,pitch.0,701305,-0.2715,0.0749,0.635,-2.2447,-0.1282,-2.9652,0.0,0.0
1779744290427,1,12.00000015,Lower Delivery,Loading,pitch.0,701306,-0.2827,0.0754,0.5522,-1.9251,-0.2073,-2.9232,0.0,0.0
1779744290427,1,12.00000018,Upper Delivery,Loading,pitch.0,701992,-0.2566,0.1692,0.4547,-0.6587,-0.4901,-2.662,0.0,0.0
1779744290427,1,Pitching Mound.Delivery,,Loading,pitch.0,700358,-0.5281,0.2441,1.0896,-2.8422,-0.6184,-5.6221,0.0,0.0
1779744290427,1,Pitching Mound.Drive,,Loading,pitch.0,701223,3.043,25.0334,90.9967,77.9996,80.4294,-26.5254,-0.0841,0.0815
1779744290427,1,Pitching Mound.Parent,,Loading,pitch.0,699682,2.5149,25.2776,92.0864,75.1574,79.811,-32.1475,-0.0831,0.0812
1779744290428,1,11.0000004b,Drive,Loading,pitch.0,701224,2.771,23.9787,88.6312,77.79,82.4169,-25.7318,-0.0885,0.0835
1779744290428,1,12.00000018,Upper Delivery,Loading,pitch.0,701993,-0.2366,0.1411,0.4117,-0.5527,-0.3783,-2.6397,0.0,0.0
1779744290428,1,Pitching Mound.Delivery,,Loading,pitch.0,700359,-0.5193,0.2165,0.9639,-2.4301,-0.5857,-5.5472,0.0,0.0
1779744290428,1,Pitching Mound.Drive,,Loading,pitch.0,701224,2.771,23.9787,88.6312,77.79,82.4169,-25.7318,-0.0885,0.0835
1779744290428,1,Pitching Mound.Parent,,Loading,pitch.0,699683,2.2517,24.1953,89.5952,75.36,81.8313,-31.279,-0.0875,0.0831
1779744290429,1,11.0000004b,Drive,Loading,pitch.0,701225,2.6388,22.6897,86.0715,77.0032,82.8915,-24.5402,-0.0916,0.0851
1779744290429,1,12.00000015,Lower Delivery,Loading,pitch.0,701307,-0.2688,0.0715,0.5704,-1.8891,-0.0869,-2.9495,0.0,0.0
1779744290429,1,12.00000018,Upper Delivery,Loading,pitch.0,701994,-0.2322,0.1494,0.4177,-0.5968,-0.4232,-2.6786,0.0,0.0
1779744290429,1,Pitching Mound.Delivery,,Loading,pitch.0,700360,-0.5011,0.2208,0.9881,-2.434,-0.5101,-5.6157,0.0,0.0
1779744290429,1,Pitching Mound.Drive,,Loading,pitch.0,701225,2.6388,22.6897,86.0715,77.0032,82.8915,-24.5402,-0.0916,0.0851
1779744290429,1,Pitching Mound.Parent,,Loading,pitch.0,699684,2.1378,22.9105,87.0596,74.5692,82.3814,-30.1558,-0.0906,0.0847
1779744290430,1,11.0000004b,Drive,Loading,pitch.0,701226,2.3832,21.4515,84.3042,76.2876,82.4236,-23.2259,-0.093,0.0861
1779744290430,1,12.00000015,Lower Delivery,Loading,pitch.0,701308,-0.2821,0.0747,0.5837,-1.7202,0.0783,-2.9107,0.0,0.0
1779744290430,1,12.00000015,Lower Delivery,Loading,pitch.0,701309,-0.2801,0.0743,0.5165,-1.7926,-0.0037,-2.9308,0.0,0.0
1779744290430,1,12.00000018,Upper Delivery,Loading,pitch.0,701995,-0.2255,0.1281,0.3909,-0.2823,-0.0934,-2.5766,0.0,0.0
1779744290430,1,Pitching Mound.Delivery,,Loading,pitch.0,700361,-0.5075,0.2028,0.9746,-1.937,-0.0151,-5.4681,0.0,0.0
1779744290430,1,Pitching Mound.Drive,,Loading,pitch.0,701226,2.3832,21.4515,84.3042,76.2876,82.4236,-23.2259,-0.093,0.0861
1779744290430,1,Pitching Mound.Parent,,Loading,pitch.0,699685,1.8757,21.6543,85.2788,74.3506,82.4084,-28.694,-0.0919,0.0859
1779744290431,1,11.0000004b,Drive,Loading,pitch.0,701227,2.1159,20.291,82.9303,76.1378,83.1647,-22.3133,-0.0954,0.0873
1779744290431,1,12.00000015,Lower Delivery,Loading,pitch.0,701310,-0.2473,0.0663,0.4097,-1.3697,-0.0594,-2.9192,0.0,0.0
1779744290431,1,12.00000018,Upper Delivery,Loading,pitch.0,701996,-0.2303,0.1197,0.3641,-0.3782,-0.1984,-2.5278,0.0,0.0
1779744290431,1,Pitching Mound.Delivery,,Loading,pitch.0,700362,-0.5104,0.194,0.8806,-2.1189,-0.2021,-5.4416,0.0,0.0
1779744290431,1,Pitching Mound.Drive,,Loading,pitch.0,701227,2.1159,20.291,82.9303,76.1378,83.1647,-22.3133,-0.0954,0.0873
1779744290431,1,Pitching Mound.Parent,,Loading,pitch.0,699686,1.6055,20.485,83.8109,74.0189,82.9626,-27.7549,-0.0944,0.087
1779744290432,1,11.0000004b,Drive,Loading,pitch.0,701228,2.0558,19.1927,82.1432,74.5316,82.2637,-21.3733,-0.0953,0.0863
1779744290432,1,12.00000015,Lower Delivery,Loading,pitch.0,701311,-0.2368,0.0639,0.3098,-1.1518,0.1565,-2.9421,0.0,0.0
1779744290432,1,12.00000018,Upper Delivery,Loading,pitch.0,701997,-0.2406,0.1232,0.3306,-0.4581,-0.2842,-2.5184,0.0,0.0
1779744290432,1,Pitching Mound.Delivery,,Loading,pitch.0,700363,-0.4879,0.1895,0.7403,-1.8009,-0.3436,-5.4353,0.0,0.0
1779744290432,1,Pitching Mound.Drive,,Loading,pitch.0,701228,2.0558,19.1927,82.1432,74.5316,82.2637,-21.3733,-0.0953,0.0863
1779744290432,1,Pitching Mound.Parent,,Loading,pitch.0,699687,1.5679,19.3822,82.8835,72.7307,81.9202,-26.8086,-0.0944,0.0859
1779744290433,1,11.0000004b,Drive,Loading,pitch.0,701229,1.6823,18.2167,79.7129,74.0798,80.5472,-20.1933,-0.0961,0.0884
1779744290433,1,12.00000015,Lower Delivery,Loading,pitch.0,701312,-0.2668,0.0713,0.3549,-1.5505,-0.1213,-2.9406,0.0,0.0
1779744290433,1,12.00000018,Upper Delivery,Loading,pitch.0,701998,-0.2698,0.1399,0.3659,-0.4476,-0.2741,-2.498,0.0,0.0
1779744290433,1,Pitching Mound.Delivery,,Loading,pitch.0,700364,-0.5066,0.2038,0.6757,-1.6185,-0.1176,-5.4513,0.0,0.0
1779744290433,1,Pitching Mound.Drive,,Loading,pitch.0,701229,1.6823,18.2167,79.7129,74.0798,80.5472,-20.1933,-0.0961,0.0884
1779744290433,1,Pitching Mound.Parent,,Loading,pitch.0,699688,1.1758,18.4205,80.3886,72.4614,80.4296,-25.6446,-0.0953,0.0874
1779744290434,1,11.0000004b,Drive,Loading,pitch.0,701230,1.6284,17.1345,78.2712,72.7672,78.3671,-19.2631,-0.0952,0.0884
1779744290434,1,12.00000018,Upper Delivery,Loading,pitch.0,701999,-0.2695,0.1293,0.3138,-0.6955,-0.5347,-2.5658,0.0,0.0
1779744290434,1,Pitching Mound.Delivery,,Loading,pitch.0,700365,-0.5363,0.2006,0.6687,-2.232,-0.656,-5.5074,0.0,0.0
1779744290434,1,Pitching Mound.Drive,,Loading,pitch.0,701230,1.6284,17.1345,78.2712,72.7672,78.3671,-19.2631,-0.0952,0.0884
1779744290434,1,Pitching Mound.Parent,,Loading,pitch.0,699689,1.0921,17.3351,78.9399,70.5352,77.711,-24.7705,-0.0944,0.0879
1779744290435,1,11.0000004b,Drive,Loading,pitch.0,701231,1.329,15.8072,76.1474,70.7057,78.2657,-17.7581,-0.0978,0.0883
1779744290435,1,12.00000015,Lower Delivery,Loading,pitch.0,701313,-0.2664,0.0704,0.5274,-1.3629,0.2185,-2.9877,0.0,0.0
1779744290435,1,12.00000018,Upper Delivery,Loading,pitch.0,702000,-0.2955,0.1438,0.3339,-0.683,-0.5259,-2.4857,0.0,0.0
1779744290435,1,Pitching Mound.Delivery,,Loading,pitch.0,700366,-0.5619,0.2142,0.8613,-1.9802,-0.3074,-5.4833,0.0,0.0
1779744290435,1,Pitching Mound.Drive,,Loading,pitch.0,701231,1.329,15.8072,76.1474,70.7057,78.2657,-17.7581,-0.0978,0.0883
1779744290435,1,Pitching Mound.Parent,,Loading,pitch.0,699690,0.7671,16.0215,77.0087,68.7255,77.9582,-23.2414,-0.0967,0.0882
1779744290436,1,11.0000004b,Drive,Loading,pitch.0,701232,1.2596,14.7401,74.8648,71.367,77.6437,-17.3162,-0.0987,0.0907
1779744290436,1,12.00000015,Lower Delivery,Loading,pitch.0,701314,-0.295,0.0777,0.5448,-1.1993,-0.0769,-2.9421,0.0,0.0
1779744290436,1,12.00000015,Lower Delivery,Loading,pitch.0,701315,-0.2753,0.0751,0.5873,-1.1007,-0.2587,-2.9349,0.0,0.0
1779744290436,1,12.00000018,Upper Delivery,Loading,pitch.0,702001,-0.2946,0.1541,0.3358,-0.822,-0.678,-2.4161,0.0,0.0
1779744290436,1,Pitching Mound.Delivery,,Loading,pitch.0,700367,-0.5896,0.2318,0.8806,-1.9502,-0.7549,-5.358,0.0,0.0
1779744290436,1,Pitching Mound.Drive,,Loading,pitch.0,701232,1.2596,14.7401,74.8648,71.367,77.6437,-17.3162,-0.0987,0.0907
1779744290436,1,Pitching Mound.Parent,,Loading,pitch.0,699691,0.67,14.9719,75.7455,69.4168,76.8887,-22.6742,-0.0975,0.0906
1779744290437,1,11.0000004b,Drive,Loading,pitch.0,701233,1.2138,13.7803,72.962,70.8214,78.5038,-16.4203,-0.1024,0.0923
1779744290437,1,12.00000015,Lower Delivery,Loading,pitch.0,701316,-0.2818,0.092,0.6881,-1.4942,-0.382,-2.9649,0.0,0.0
1779744290437,1,12.00000018,Upper Delivery,Loading,pitch.0,702002,-0.3024,0.1377,0.3011,-0.8164,-0.6712,-2.4302,0.0,0.0
1779744290437,1,Pitching Mound.Delivery,,Loading,pitch.0,700368,-0.5777,0.2128,0.8884,-1.8198,-0.93,-5.3743,0.0,0.0
1779744290437,1,Pitching Mound.Drive,,Loading,pitch.0,701233,1.2138,13.7803,72.962,70.8214,78.5038,-16.4203,-0.1024,0.0923
1779744290437,1,Pitching Mound.Parent,,Loading,pitch.0,699692,0.6361,13.9931,73.8503,69.0015,77.5738,-21.7947,-0.1011,0.0925
1779744290438,1,11.0000004b,Drive,Loading,pitch.0,701234,1.2143,12.7397,71.3684,69.1806,76.4554,-15.4035,-0.1019,0.0922
1779744290438,1,12.00000015,Lower Delivery,Loading,pitch.0,701317,-0.2705,0.1082,0.6912,-1.7536,-0.2661,-2.9409,0.0,0.0
1779744290438,1,12.00000018,Upper Delivery,Loading,pitch.0,702003,-0.3033,0.1296,0.2729,-0.9897,-0.8556,-2.4376,0.0,0.0
1779744290438,1,Pitching Mound.Delivery,,Loading,pitch.0,700369,-0.5851,0.2215,0.961,-2.3427,-1.2376,-5.4098,0.0,0.0
1779744290438,1,Pitching Mound.Drive,,Loading,pitch.0,701234,1.2143,12.7397,71.3684,69.1806,76.4554,-15.4035,-0.1019,0.0922
1779744290438,1,Pitching Mound.Parent,,Loading,pitch.0,699693,0.6292,12.9613,72.3294,66.8379,75.2178,-20.8134,-0.1006,0.0929
1779744290439,1,11.0000004b,Drive,Loading,pitch.0,701235,1.053,11.7467,69.6421,68.7267,77.4612,-14.6624,-0.1058,0.0939
1779744290439,1,12.00000015,Lower Delivery,Loading,pitch.0,701318,-0.27,0.1152,0.6136,-1.6286,-0.1199,-2.929,0.0,0.0
1779744290439,1,12.00000018,Upper Delivery,Loading,pitch.0,702004,-0.3143,0.1402,0.2982,-0.7782,-0.6314,-2.413,0.0,0.0
1779744290439,1,Pitching Mound.Delivery,,Loading,pitch.0,700370,-0.5849,0.2484,0.9894,-2.3981,-0.8975,-5.3688,0.0,0.0
1779744290439,1,Pitching Mound.Drive,,Loading,pitch.0,701235,1.053,11.7467,69.6421,68.7267,77.4612,-14.6624,-0.1058,0.0939
1779744290439,1,Pitching Mound.Parent,,Loading,pitch.0,699694,0.4682,11.9951,70.6315,66.3286,76.5637,-20.0312,-0.1043,0.0945
1779744290440,1,11.0000004b,Drive,Loading,pitch.0,701236,0.9452,10.7392,68.9247,67.9469,76.5408,-13.9862,-0.1056,0.0938
1779744290440,1,12.00000015,Lower Delivery,Loading,pitch.0,701319,-0.3037,0.1092,0.5894,-1.6963,-0.2483,-2.9586,0.0,0.0
1779744290440,1,12.00000018,Upper Delivery,Loading,pitch.0,702005,-0.3037,0.1414,0.2768,-0.7053,-0.5557,-2.3767,0.0,0.0
1779744290440,1,Pitching Mound.Delivery,,Loading,pitch.0,700371,-0.5737,0.2566,0.8904,-2.2194,-0.6756,-5.3172,0.0,0.0
1779744290440,1,Pitching Mound.Drive,,Loading,pitch.0,701236,0.9452,10.7392,68.9247,67.9469,76.5408,-13.9862,-0.1056,0.0938
1779744290440,1,Pitching Mound.Parent,,Loading,pitch.0,699695,0.3715,10.9958,69.8151,65.7276,75.8652,-19.3033,-0.1043,0.0942
1779744290441,1,11.0000004b,Drive,Loading,pitch.0,701237,0.7921,9.7941,67.3742,68.0303,77.1454,-12.992,-0.1089,0.0961
1779744290441,1,12.00000015,Lower Delivery,Loading,pitch.0,701320,-0.3082,0.1134,0.6442,-1.4134,-0.2892,-2.8904,0.0,0.0
1779744290441,1,12.00000018,Upper Delivery,Loading,pitch.0,702006,-0.2862,0.1262,0.2776,-0.7494,-0.5998,-2.4302,0.0,0.0
1779744290441,1,Pitching Mound.Delivery,,Loading,pitch.0,700372,-0.5899,0.2354,0.867,-2.3397,-0.8481,-5.3828,0.0,0.0
1779744290441,1,Pitching Mound.Drive,,Loading,pitch.0,701237,0.7921,9.7941,67.3742,68.0303,77.1454,-12.992,-0.1089,0.0961
1779744290441,1,Pitching Mound.Parent,,Loading,pitch.0,699696,0.2022,10.0296,68.2412,65.6906,76.2972,-18.3748,-0.1075,0.0964
1779744290442,1,11.0000004b,Drive,Loading,pitch.0,701238,0.5824,8.5227,66.8214,67.1142,79.438,-11.506,-0.1131,0.0955
1779744290442,1,12.00000015,Lower Delivery,Loading,pitch.0,701321,-0.3283,0.1096,0.6657,-1.5391,0.0037,-2.872,0.0,0.0
1779744290442,1,12.00000018,Upper Delivery,Loading,pitch.0,702007,-0.2805,0.1261,0.2813,-0.5025,-0.3371,-2.4175,0.0,0.0
1779744290442,1,Pitching Mound.Delivery,,Loading,pitch.0,700373,-0.5887,0.2396,0.9255,-1.7925,-0.6263,-5.2984,0.0,0.0
1779744290442,1,Pitching Mound.Drive,,Loading,pitch.0,701238,0.5824,8.5227,66.8214,67.1142,79.438,-11.506,-0.1131,0.0955
1779744290442,1,Pitching Mound.Parent,,Loading,pitch.0,699697,-0.0063,8.7623,67.7469,65.3217,78.8117,-16.8044,-0.1115,0.0961
1779744290443,1,11.0000004b,Drive,Loading,pitch.0,701239,0.4007,7.6458,65.3535,67.3732,78.5218,-10.7253,-0.1143,0.0981
1779744290443,1,12.00000015,Lower Delivery,Loading,pitch.0,701322,-0.3398,0.1029,0.8218,-1.6221,0.17,-2.8847,0.0,0.0
1779744290443,1,12.00000018,Upper Delivery,Loading,pitch.0,702008,-0.3051,0.1649,0.3208,-0.5108,-0.3406,-2.515,0.0,0.0
1779744290443,1,Pitching Mound.Delivery,,Loading,pitch.0,700374,-0.6334,0.2745,0.9865,-1.9327,-0.3369,-5.3791,0.0,0.0
1779744290443,1,Pitching Mound.Drive,,Loading,pitch.0,701239,0.4007,7.6458,65.3535,67.3732,78.5218,-10.7253,-0.1143,0.0981
1779744290443,1,Pitching Mound.Parent,,Loading,pitch.0,699698,-0.2327,7.9203,66.34,65.4405,78.1849,-16.1044,-0.1126,0.0984
1779744290444,1,11.0000004b,Drive,Loading,pitch.0,701240,0.3873,6.6602,64.9625,66.8506,77.0069,-9.395,-0.1128,0.0979
1779744290444,1,12.00000015,Lower Delivery,Loading,pitch.0,701323,-0.3689,0.118,0.9016,-1.5747,0.2401,-2.8355,0.0,0.0
1779744290444,1,12.00000018,Upper Delivery,Loading,pitch.0,702009,-0.2879,0.1348,0.2892,-0.3895,-0.2138,-2.4682,0.0,0.0
1779744290444,1,Pitching Mound.Delivery,,Loading,pitch.0,700375,-0.6277,0.2377,1.111,-1.8305,-0.0437,-5.3352,0.0,0.0
1779744290444,1,Pitching Mound.Drive,,Loading,pitch.0,701240,0.3873,6.6602,64.9625,66.8506,77.0069,-9.395,-0.1128,0.0979
1779744290444,1,Pitching Mound.Parent,,Loading,pitch.0,699699,-0.2404,6.898,66.0735,65.0201,76.9632,-14.7302,-0.1109,0.099
1779744290445,1,11.0000004b,Drive,Loading,pitch.0,701241,0.1175,5.9136,63.3311,66.142,75.358,-9.2746,-0.1132,0.0994
1779744290445,1,12.00000015,Lower Delivery,Loading,pitch.0,701324,-0.3469,0.1169,0.8505,-1.602,0.1643,-2.8068,0.0,0.0
1779744290445,1,12.00000018,Upper Delivery,Loading,pitch.0,702010,-0.2841,0.1291,0.276,-0.246,-0.0613,-2.459,0.0,0.0
1779744290445,1,Pitching Mound.Delivery,,Loading,pitch.0,700376,-0.653,0.2471,1.1776,-1.608,0.1788,-5.2657,0.0,0.0
1779744290445,1,Pitching Mound.Drive,,Loading,pitch.0,701241,0.1175,5.9136,63.3311,66.142,75.358,-9.2746,-0.1132,0.0994
1779744290445,1,Pitching Mound.Parent,,Loading,pitch.0,699700,-0.5354,6.1607,64.5087,64.534,75.5368,-14.5403,-0.1111,0.1008
1779744290446,1,11.0000004b,Drive,Loading,pitch.0,701242,-0.0533,5.0118,65.9301,67.7925,76.8416,-7.5499,-0.1109,0.0978
1779744290446,1,11.0000004b,Drive,Loading,pitch.0,701243,-0.361,4.6177,62.6599,69.0743,73.4043,-6.996,-0.1114,0.1049
1779744290446,1,12.00000015,Lower Delivery,Loading,pitch.0,701325,-0.3375,0.1178,0.9692,-1.7282,0.2369,-2.8629,0.0,0.0
1779744290446,1,12.00000018,Upper Delivery,Loading,pitch.0,702011,-0.2546,0.1309,0.2734,-0.0975,0.0981,-2.4774,0.0,0.0
1779744290446,1,Pitching Mound.Delivery,,Loading,pitch.0,700377,-0.6015,0.2478,1.1239,-1.5033,0.2624,-5.2529,0.0,0.0
1779744290446,1,Pitching Mound.Drive,,Loading,pitch.0,701242,-0.0533,5.0118,65.9301,67.7925,76.8416,-7.5499,-0.1109,0.0978
1779744290446,1,Pitching Mound.Drive,,Loading,pitch.0,701243,-0.361,4.6177,62.6599,69.0743,73.4043,-6.996,-0.1114,0.1049
1779744290446,1,Pitching Mound.Parent,,Loading,pitch.0,699701,-0.6548,5.2596,67.054,66.2891,77.104,-12.8028,-0.109,0.0991
1779744290447,1,12.00000015,Lower Delivery,Loading,pitch.0,701326,-0.2991,0.1233,1.0925,-1.5351,0.5351,-2.9103,0.0,0.0
1779744290447,1,12.00000018,Upper Delivery,Loading,pitch.0,702012,-0.2223,0.1227,0.2428,-0.2154,-0.0231,-2.5569,0.0,0.0
1779744290447,1,Pitching Mound.Delivery,,Loading,pitch.0,700378,-0.5599,0.2405,1.212,-1.6966,0.2138,-5.3806,0.0,0.0
1779744290447,1,Pitching Mound.Parent,,Loading,pitch.0,699702,-0.9208,4.8582,63.872,67.3776,73.6181,-12.3766,-0.1093,0.1067
1779744290448,1,11.0000004b,Drive,Loading,pitch.0,701244,-0.9505,3.38,64.8272,67.5497,69.991,-4.3166,-0.1027,0.0991
1779744290448,1,11.0000004b,Drive,Loading,pitch.0,701245,-1.523,2.8013,65.0187,66.1296,67.3117,-2.6379,-0.0985,0.0968
1779744290448,1,12.00000015,Lower Delivery,Loading,pitch.0,701327,-0.3035,0.1156,1.1347,-1.6621,0.5669,-2.9027,0.0,0.0
1779744290448,1,12.00000018,Upper Delivery,Loading,pitch.0,702013,-0.1844,0.1507,0.308,-0.0325,0.1688,-2.5003,0.0,0.0
1779744290448,1,Pitching Mound.Delivery,,Loading,pitch.0,700379,-0.4835,0.274,1.4005,-1.3008,0.7039,-5.3715,0.0,0.0
1779744290448,1,Pitching Mound.Drive,,Loading,pitch.0,701244,-0.9505,3.38,64.8272,67.5497,69.991,-4.3166,-0.1027,0.0991
1779744290448,1,Pitching Mound.Drive,,Loading,pitch.0,701245,-1.523,2.8013,65.0187,66.1296,67.3117,-2.6379,-0.0985,0.0968
1779744290448,1,Pitching Mound.Parent,,Loading,pitch.0,699703,-1.434,3.6539,66.2278,66.2489,70.6948,-9.6881,-0.1005,0.1011
1779744290449,1,11.0000004b,Drive,Loading,pitch.0,701246,-1.9915,1.9083,64.7416,68.292,65.5703,-1.5229,-0.0963,0.1003
1779744290449,1,12.00000018,Upper Delivery,Loading,pitch.0,702014,-0.1745,0.1603,0.3338,-0.2475,-0.0568,-2.5676,0.0,0.0
1779744290449,1,Pitching Mound.Delivery,,Loading,pitch.0,700380,-0.478,0.2759,1.4685,-1.6372,0.5101,-5.4264,0.0,0.0
1779744290449,1,Pitching Mound.Drive,,Loading,pitch.0,701246,-1.9915,1.9083,64.7416,68.292,65.5703,-1.5229,-0.0963,0.1003
1779744290449,1,Pitching Mound.Parent,,Loading,pitch.0,699704,-2.001,3.0772,66.4873,64.4924,67.8218,-8.0643,-0.0963,0.0987
1779744290450,1,11.0000004b,Drive,Loading,pitch.0,701247,-2.9443,1.3054,61.4882,65.9362,61.0852,-0.1967,-0.0945,0.102
1779744290450,1,12.00000015,Lower Delivery,Loading,pitch.0,701328,-0.2694,0.1077,1.0838,-1.5604,0.6093,-2.8975,0.0,0.0
1779744290450,1,12.00000015,Lower Delivery,Loading,pitch.0,701329,-0.249,0.1362,1.0537,-1.394,0.7991,-2.9008,0.0,0.0
1779744290450,1,12.00000018,Upper Delivery,Loading,pitch.0,702015,-0.1548,0.1534,0.3199,-0.2428,-0.0537,-2.5331,0.0,0.0
1779744290450,1,Pitching Mound.Delivery,,Loading,pitch.0,700381,-0.4242,0.2611,1.4037,-1.5434,0.5556,-5.3916,0.0,0.0
1779744290450,1,Pitching Mound.Drive,,Loading,pitch.0,701247,-2.9443,1.3054,61.4882,65.9362,61.0852,-0.1967,-0.0945,0.102
1779744290450,1,Pitching Mound.Parent,,Loading,pitch.0,699705,-2.4157,2.1694,66.1454,66.7485,66.1259,-6.9144,-0.0943,0.1021
1779744290451,1,12.00000015,Lower Delivery,Loading,pitch.0,701330,-0.1934,0.1022,1.0285,-1.2281,0.7749,-2.8908,0.0,0.0
1779744290451,1,12.00000018,Upper Delivery,Loading,pitch.0,702016,-0.1284,0.1294,0.2647,0.008,0.2089,-2.4459,0.0,0.0
1779744290451,1,Pitching Mound.Delivery,,Loading,pitch.0,700382,-0.3774,0.2656,1.3184,-1.1177,1.008,-5.3057,0.0,0.0
1779744290451,1,Pitching Mound.Parent,,Loading,pitch.0,699706,-3.3218,1.571,62.8066,64.8185,62.0932,-5.5024,-0.0925,0.1041
1779744290452,1,11.0000004b,Drive,Loading,pitch.0,701249,-4.8399,-0.5425,59.9259,65.7229,60.3939,4.0424,-0.0959,0.1043
1779744290452,1,11.0000004b,Drive,Loading,pitch.0,701248,-3.987,-0.0808,61.5711,64.8023,61.9081,3.0666,-0.0956,0.1001
1779744290452,1,12.00000015,Lower Delivery,Loading,pitch.0,701331,-0.1791,0.1199,1.0268,-1.0945,0.7591,-2.8706,0.0,0.0
1779744290452,1,12.00000018,Upper Delivery,Loading,pitch.0,702017,-0.1243,0.1347,0.2575,-0.1049,0.0887,-2.4491,0.0,0.0
1779744290452,1,Pitching Mound.Delivery,,Loading,pitch.0,700383,-0.3177,0.2369,1.286,-1.0709,0.8636,-5.3164,0.0,0.0
1779744290452,1,Pitching Mound.Drive,,Loading,pitch.0,701249,-4.8399,-0.5425,59.9259,65.7229,60.3939,4.0424,-0.0959,0.1043
1779744290452,1,Pitching Mound.Drive,,Loading,pitch.0,701248,-3.987,-0.0808,61.5711,64.8023,61.9081,3.0666,-0.0956,0.1001
1779744290452,1,Pitching Mound.Parent,,Loading,pitch.0,699707,-4.3047,0.1561,62.8571,63.7314,62.7717,-2.2498,-0.0937,0.1022
1779744290453,1,12.00000015,Lower Delivery,Loading,pitch.0,701332,-0.1375,0.1015,0.915,-1.1189,0.6796,-2.8741,0.0,0.0
1779744290453,1,12.00000018,Upper Delivery,Loading,pitch.0,702018,-0.0823,0.1092,0.1142,-0.1117,0.0801,-2.4257,0.0,0.0
1779744290453,1,Pitching Mound.Delivery,,Loading,pitch.0,700384,-0.2614,0.2291,1.141,-0.8958,0.8392,-5.2633,0.0,0.0
1779744290453,1,Pitching Mound.Parent,,Loading,pitch.0,699708,-5.1013,-0.3134,61.0669,64.827,61.2332,-1.221,-0.0941,0.1075
1779744290454,1,11.0000004b,Drive,Loading,pitch.0,701250,-6.2425,-1.8236,59.2325,63.3784,62.0892,7.3337,-0.0997,0.1018
1779744290454,1,11.0000004b,Drive,Loading,pitch.0,701251,-7.1428,-2.5343,58.4605,62.8496,63.312,9.6985,-0.103,0.1023
1779744290454,1,12.00000015,Lower Delivery,Loading,pitch.0,701333,-0.1609,0.1078,0.8283,-1.0892,0.6257,-2.8051,0.0,0.0
1779744290454,1,12.00000018,Upper Delivery,Loading,pitch.0,702019,-0.0663,0.0968,0.0566,0.0985,0.3009,-2.3633,0.0,0.0
1779744290454,1,Pitching Mound.Delivery,,Loading,pitch.0,700385,-0.2038,0.1983,0.9716,-0.7285,0.9804,-5.2131,0.0,0.0
1779744290454,1,Pitching Mound.Drive,,Loading,pitch.0,701250,-6.2425,-1.8236,59.2325,63.3784,62.0892,7.3337,-0.0997,0.1018
1779744290454,1,Pitching Mound.Drive,,Loading,pitch.0,701251,-7.1428,-2.5343,58.4605,62.8496,63.312,9.6985,-0.103,0.1023
1779744290454,1,Pitching Mound.Parent,,Loading,pitch.0,699709,-6.4463,-1.6253,60.2041,62.6498,63.0696,2.1206,-0.0981,0.105
1779744290455,1,11.0000004b,Drive,Loading,pitch.0,701252,-8.2569,-3.373,56.7574,60.9884,61.2107,11.9957,-0.1026,0.1022
1779744290455,1,12.00000015,Lower Delivery,Loading,pitch.0,701334,-0.1442,0.1145,0.8496,-1.1411,0.6464,-2.84,0.0,0.0
1779744290455,1,12.00000018,Upper Delivery,Loading,pitch.0,702020,-0.0563,0.1051,0.0454,-0.1869,0.003,-2.4815,0.0,0.0
1779744290455,1,Pitching Mound.Delivery,,Loading,pitch.0,700386,-0.2172,0.2129,0.8737,-1.01,0.6287,-5.251,0.0,0.0
1779744290455,1,Pitching Mound.Drive,,Loading,pitch.0,701252,-8.2569,-3.373,56.7574,60.9884,61.2107,11.9957,-0.1026,0.1022
1779744290455,1,Pitching Mound.Parent,,Loading,pitch.0,699710,-7.3601,-2.3214,59.3342,61.8396,63.9407,4.4475,-0.1015,0.1053
1779744290456,1,11.0000004b,Drive,Loading,pitch.0,701253,-9.0062,-3.4118,56.3312,61.7684,61.6615,13.2141,-0.1041,0.1043
1779744290456,1,12.00000015,Lower Delivery,Loading,pitch.0,701335,-0.1258,0.1238,0.8769,-1.1076,0.6548,-2.8139,0.0,0.0
1779744290456,1,12.00000018,Upper Delivery,Loading,pitch.0,702021,-0.0896,0.1105,0.1188,-0.49,-0.3172,-2.5354,0.0,0.0
1779744290456,1,Pitching Mound.Delivery,,Loading,pitch.0,700387,-0.2337,0.225,0.9684,-1.3826,0.3292,-5.3568,0.0,0.0
1779744290456,1,Pitching Mound.Drive,,Loading,pitch.0,701253,-9.0062,-3.4118,56.3312,61.7684,61.6615,13.2141,-0.1041,0.1043
1779744290456,1,Pitching Mound.Parent,,Loading,pitch.0,699711,-8.4906,-3.148,57.7258,59.6058,61.5399,6.6389,-0.1009,0.1048
1779744290457,1,11.0000004b,Drive,Loading,pitch.0,701254,-10.4277,-4.2997,53.3215,57.8418,58.7085,16.2304,-0.1047,0.1032
1779744290457,1,12.00000015,Lower Delivery,Loading,pitch.0,701336,-0.0947,0.1405,0.9117,-1.1658,0.7521,-2.8206,0.0,0.0
1779744290457,1,12.00000018,Upper Delivery,Loading,pitch.0,702022,-0.0814,0.099,0.0738,-0.4028,-0.2248,-2.5255,0.0,0.0
1779744290457,1,Pitching Mound.Delivery,,Loading,pitch.0,700388,-0.2072,0.2228,0.9507,-1.2374,0.43,-5.3243,0.0,0.0
1779744290457,1,Pitching Mound.Drive,,Loading,pitch.0,701254,-10.4277,-4.2997,53.3215,57.8418,58.7085,16.2304,-0.1047,0.1032
1779744290457,1,Pitching Mound.Parent,,Loading,pitch.0,699712,-9.2134,-3.189,57.2819,60.531,62.0915,7.8898,-0.1024,0.1073
1779744290458,1,11.0000004b,Drive,Loading,pitch.0,701255,-11.2556,-4.6656,52.013,56.9142,57.5838,18.1092,-0.1053,0.1041
1779744290458,1,12.00000015,Lower Delivery,Loading,pitch.0,701337,-0.1059,0.1418,0.8929,-0.9682,0.6361,-2.8173,0.0,0.0
1779744290458,1,12.00000018,Upper Delivery,Loading,pitch.0,702023,-0.1231,0.1077,0.1589,-0.2976,-0.1129,-2.5188,0.0,0.0
1779744290458,1,Pitching Mound.Delivery,,Loading,pitch.0,700389,-0.2177,0.2482,1.0706,-1.2074,0.6392,-5.349,0.0,0.0
1779744290458,1,Pitching Mound.Drive,,Loading,pitch.0,701255,-11.2556,-4.6656,52.013,56.9142,57.5838,18.1092,-0.1053,0.1041
1779744290458,1,Pitching Mound.Parent,,Loading,pitch.0,699713,-10.6454,-4.0515,54.3921,56.6344,59.3477,10.8814,-0.1027,0.1059
1779744290459,1,11.0000004b,Drive,Loading,pitch.0,701256,-12.3392,-4.6894,50.9388,56.2888,56.0982,19.785,-0.1048,0.1051
1779744290459,1,12.00000015,Lower Delivery,Loading,pitch.0,701338,-0.102,0.1409,0.8666,-1.1691,0.5426,-2.7968,0.0,0.0
1779744290459,1,12.00000018,Upper Delivery,Loading,pitch.0,702024,-0.1639,0.1125,0.2434,-0.6902,-0.5289,-2.5694,0.0,0.0
1779744290459,1,Pitching Mound.Delivery,,Loading,pitch.0,700390,-0.2698,0.2543,1.1363,-1.4376,0.1073,-5.4064,0.0,0.0
1779744290459,1,Pitching Mound.Drive,,Loading,pitch.0,701256,-12.3392,-4.6894,50.9388,56.2888,56.0982,19.785,-0.1048,0.1051
1779744290459,1,Pitching Mound.Parent,,Loading,pitch.0,699714,-11.5253,-4.4113,53.1493,55.4766,57.691,12.7027,-0.1031,0.106
1779744290460,1,11.0000004b,Drive,Loading,pitch.0,701257,-13.1461,-5.0958,50.5965,54.9227,54.1919,21.5055,-0.1019,0.1033
1779744290460,1,12.00000015,Lower Delivery,Loading,pitch.0,701339,-0.0912,0.1487,0.91,-1.1284,0.3843,-2.8234,0.0,0.0
1779744290460,1,12.00000018,Upper Delivery,Loading,pitch.0,702025,-0.1897,0.1121,0.2895,-0.6166,-0.455,-2.4867,0.0,0.0
1779744290460,1,Pitching Mound.Delivery,,Loading,pitch.0,700391,-0.2917,0.253,1.1561,-1.5895,0.0876,-5.3134,0.0,0.0
1779744290460,1,Pitching Mound.Drive,,Loading,pitch.0,701257,-13.1461,-5.0958,50.5965,54.9227,54.1919,21.5055,-0.1019,0.1033
1779744290460,1,Pitching Mound.Parent,,Loading,pitch.0,699715,-12.6309,-4.4364,52.0949,54.6993,56.1858,14.4716,-0.1024,0.1066
1779744290461,1,11.0000004b,Drive,Loading,pitch.0,701258,-13.9803,-5.2602,49.8223,53.5137,53.6928,23.2053,-0.1025,0.1022
1779744290461,1,12.00000015,Lower Delivery,Loading,pitch.0,701340,-0.0848,0.1569,0.8571,-1.04,0.7596,-2.8153,0.0,0.0
1779744290461,1,12.00000018,Upper Delivery,Loading,pitch.0,702026,-0.2461,0.1317,0.3869,-1.0822,-0.9452,-2.6005,0.0,0.0
1779744290461,1,Pitching Mound.Delivery,,Loading,pitch.0,700392,-0.3372,0.2805,1.2969,-2.0328,-0.5609,-5.4766,0.0,0.0
1779744290461,1,Pitching Mound.Drive,,Loading,pitch.0,701258,-13.9803,-5.2602,49.8223,53.5137,53.6928,23.2053,-0.1025,0.1022
1779744290461,1,Pitching Mound.Parent,,Loading,pitch.0,699716,-13.4833,-4.8153,51.8934,52.89,53.6309,16.029,-0.0993,0.1041
1779744290462,1,11.0000004b,Drive,Loading,pitch.0,701259,-14.7801,-5.5234,49.0323,51.3956,52.5935,24.7289,-0.102,0.0997
1779744290462,1,12.00000015,Lower Delivery,Loading,pitch.0,701341,-0.1023,0.162,0.9146,-1.1317,0.6312,-2.8117,0.0,0.0
1779744290462,1,12.00000018,Upper Delivery,Loading,pitch.0,702027,-0.2568,0.1335,0.4142,-1.0717,-0.9346,-2.5913,0.0,0.0
1779744290462,1,Pitching Mound.Delivery,,Loading,pitch.0,700393,-0.3416,0.2904,1.2713,-1.9611,-0.175,-5.465,0.0,0.0
1779744290462,1,Pitching Mound.Drive,,Loading,pitch.0,701259,-14.7801,-5.5234,49.0323,51.3956,52.5935,24.7289,-0.102,0.0997
1779744290462,1,Pitching Mound.Parent,,Loading,pitch.0,699717,-14.3219,-4.9698,51.0936,51.5526,53.5178,17.7403,-0.1,0.1026
1779744290463,1,11.0000004b,Drive,Loading,pitch.0,701260,-15.5548,-5.7013,47.5559,51.0798,50.3391,25.8888,-0.1007,0.1022
1779744290463,1,12.00000015,Lower Delivery,Loading,pitch.0,701342,-0.0995,0.1883,1.0326,-0.9984,0.7847,-2.8595,0.0,0.0
1779744290463,1,12.00000018,Upper Delivery,Loading,pitch.0,702028,-0.2896,0.1495,0.4696,-1.4411,-1.3247,-2.6608,0.0,0.0
1779744290463,1,Pitching Mound.Delivery,,Loading,pitch.0,700394,-0.3919,0.3114,1.3842,-2.4215,-0.6935,-5.5362,0.0,0.0
1779744290463,1,Pitching Mound.Drive,,Loading,pitch.0,701260,-15.5548,-5.7013,47.5559,51.0798,50.3391,25.8888,-0.1007,0.1022
1779744290463,1,Pitching Mound.Parent,,Loading,pitch.0,699718,-15.1719,-5.212,50.4165,48.9741,51.9,19.1927,-0.0992,0.1
1779744290464,1,11.0000004b,Drive,Loading,pitch.0,701261,-16.1981,-6.0094,46.6818,49.7112,49.2148,27.162,-0.1003,0.1013
1779744290464,1,12.00000015,Lower Delivery,Loading,pitch.0,701343,-0.1379,0.1695,1.0917,-1.1796,0.7608,-2.9091,0.0,0.0
1779744290464,1,12.00000018,Upper Delivery,Loading,pitch.0,702029,-0.3414,0.1574,0.5006,-1.3232,-1.2006,-2.6307,0.0,0.0
1779744290464,1,Pitching Mound.Delivery,,Loading,pitch.0,700395,-0.441,0.3457,1.5332,-2.1407,-0.4158,-5.5724,0.0,0.0
1779744290464,1,Pitching Mound.Drive,,Loading,pitch.0,701261,-16.1981,-6.0094,46.6818,49.7112,49.2148,27.162,-0.1003,0.1013
1779744290464,1,Pitching Mound.Parent,,Loading,pitch.0,699719,-15.9958,-5.3556,49.0891,48.939,49.9233,20.3163,-0.0976,0.1027
1779744290465,1,11.0000004b,Drive,Loading,pitch.0,701262,-16.8829,-6.4889,45.9674,49.4051,48.3026,28.0489,-0.1,0.1022
1779744290465,1,12.00000015,Lower Delivery,Loading,pitch.0,701344,-0.1651,0.1555,1.154,-1.1966,0.7233,-2.9037,0.0,0.0
1779744290465,1,12.00000018,Upper Delivery,Loading,pitch.0,702030,-0.3625,0.1556,0.5415,-1.5756,-1.4681,-2.6597,0.0,0.0
1779744290465,1,Pitching Mound.Delivery,,Loading,pitch.0,700396,-0.5004,0.3251,1.6332,-2.5681,-0.7073,-5.6452,0.0,0.0
1779744290465,1,Pitching Mound.Drive,,Loading,pitch.0,701262,-16.8829,-6.4889,45.9674,49.4051,48.3026,28.0489,-0.1,0.1022
1779744290465,1,Pitching Mound.Parent,,Loading,pitch.0,699720,-16.6984,-5.6843,48.315,47.1431,48.5075,21.5168,-0.0969,0.1017
1779744290466,1,11.0000004b,Drive,Loading,pitch.0,701263,-17.3388,-6.8092,45.4988,49.3469,47.3423,29.0129,-0.099,0.1032
1779744290466,1,12.00000015,Lower Delivery,Loading,pitch.0,701345,-0.216,0.1456,1.1751,-1.1529,0.6119,-2.9204,0.0,0.0
1779744290466,1,12.00000018,Upper Delivery,Loading,pitch.0,702031,-0.3606,0.1564,0.5125,-1.3124,-1.1895,-2.6222,0.0,0.0
1779744290466,1,Pitching Mound.Delivery,,Loading,pitch.0,700397,-0.5257,0.3119,1.6665,-2.2909,-0.4661,-5.5924,0.0,0.0
1779744290466,1,Pitching Mound.Drive,,Loading,pitch.0,701263,-17.3388,-6.8092,45.4988,49.3469,47.3423,29.0129,-0.099,0.1032
1779744290466,1,Pitching Mound.Parent,,Loading,pitch.0,699721,-17.4087,-6.177,47.6339,47.1143,47.8365,22.4565,-0.0965,0.1032
1779744290467,1,11.0000004b,Drive,Loading,pitch.0,701264,-17.8474,-7.0964,44.6576,49.573,46.538,29.7917,-0.0991,0.1056
1779744290467,1,12.00000015,Lower Delivery,Loading,pitch.0,701346,-0.2701,0.144,1.2558,-1.3157,0.6058,-2.9139,0.0,0.0
1779744290467,1,12.00000018,Upper Delivery,Loading,pitch.0,702032,-0.3689,0.1455,0.5533,-1.2411,-1.1178,-2.5448,0.0,0.0
1779744290467,1,12.00000018,Upper Delivery,Loading,pitch.0,702033,-0.3727,0.1431,0.5223,-1.1008,-0.9694,-2.5228,0.0,0.0
1779744290467,1,Pitching Mound.Delivery,,Loading,pitch.0,700398,-0.585,0.2911,1.7284,-2.1826,-0.5059,-5.5171,0.0,0.0
1779744290467,1,Pitching Mound.Delivery,,Loading,pitch.0,700399,-0.6428,0.2871,1.7781,-2.167,-0.3636,-5.4715,0.0,0.0
1779744290467,1,Pitching Mound.Drive,,Loading,pitch.0,701264,-17.8474,-7.0964,44.6576,49.573,46.538,29.7917,-0.0991,0.1056
1779744290467,1,Pitching Mound.Parent,,Loading,pitch.0,699722,-17.9238,-6.5182,47.2271,47.1643,46.8365,23.4958,-0.0954,0.1039
1779744290467,1,Pitching Mound.Parent,,Loading,pitch.0,699723,-18.4902,-6.8093,46.4357,47.406,46.1744,24.3202,-0.0953,0.1069
1779744290468,1,11.0000004b,Drive,Loading,pitch.0,701265,-18.051,-7.4284,44.0874,48.9895,45.0476,30.5015,-0.0972,0.1057
1779744290468,1,12.00000015,Lower Delivery,Loading,pitch.0,701347,-0.3106,0.1174,1.2317,-1.4827,0.5043,-2.9214,0.0,0.0
1779744290468,1,12.00000018,Upper Delivery,Loading,pitch.0,702034,-0.3314,0.1244,0.4692,-1.0181,-0.8833,-2.4852,0.0,0.0
1779744290468,1,Pitching Mound.Delivery,,Loading,pitch.0,700400,-0.642,0.2418,1.7009,-2.2416,-0.379,-5.4136,0.0,0.0
1779744290468,1,Pitching Mound.Drive,,Loading,pitch.0,701265,-18.051,-7.4284,44.0874,48.9895,45.0476,30.5015,-0.0972,0.1057
1779744290468,1,Pitching Mound.Parent,,Loading,pitch.0,699724,-18.693,-7.1867,45.7883,46.7479,44.6686,25.0879,-0.0936,0.1074
1779744290469,1,11.0000004b,Drive,Loading,pitch.0,701266,-18.2347,-7.7581,44.8732,48.832,44.7959,31.1195,-0.095,0.1035
1779744290469,1,12.00000015,Lower Delivery,Loading,pitch.0,701348,-0.3381,0.1146,1.2931,-1.162,0.8187,-2.9229,0.0,0.0
1779744290469,1,12.00000018,Upper Delivery,Loading,pitch.0,702035,-0.3367,0.1337,0.4182,-0.9969,-0.8608,-2.4823,0.0,0.0
1779744290469,1,Pitching Mound.Delivery,,Loading,pitch.0,700401,-0.6748,0.2483,1.7113,-1.8614,-0.0421,-5.4048,0.0,0.0
1779744290469,1,Pitching Mound.Drive,,Loading,pitch.0,701266,-18.2347,-7.7581,44.8732,48.832,44.7959,31.1195,-0.095,0.1035
1779744290469,1,Pitching Mound.Parent,,Loading,pitch.0,699725,-18.9095,-7.5098,46.5845,46.9705,44.7538,25.7147,-0.0915,0.1061
1779744290470,1,11.0000004b,Drive,Loading,pitch.0,701267,-18.2577,-8.1418,44.4661,47.3871,43.1488,31.5041,-0.0923,0.1014
1779744290470,1,12.00000015,Lower Delivery,Loading,pitch.0,701349,-0.337,0.1287,1.3326,-0.9983,1.0452,-2.9293,0.0,0.0
1779744290470,1,12.00000018,Upper Delivery,Loading,pitch.0,702036,-0.3388,0.1332,0.4749,-0.6463,-0.4855,-2.5076,0.0,0.0
1779744290470,1,Pitching Mound.Delivery,,Loading,pitch.0,700402,-0.6758,0.2619,1.8075,-1.3529,0.5597,-5.4375,0.0,0.0
1779744290470,1,Pitching Mound.Drive,,Loading,pitch.0,701267,-18.2577,-8.1418,44.4661,47.3871,43.1488,31.5041,-0.0923,0.1014
1779744290470,1,Pitching Mound.Parent,,Loading,pitch.0,699726,-18.9335,-7.8799,46.2736,46.0342,43.7086,26.0666,-0.0887,0.1037
1779744290471,1,11.0000004b,Drive,Loading,pitch.0,701268,-18.3059,-8.3321,44.5485,48.2075,41.7935,31.4738,-0.0892,0.1029
1779744290471,1,12.00000015,Lower Delivery,Loading,pitch.0,701350,-0.3682,0.1156,1.2139,-1.1611,0.925,-2.8665,0.0,0.0
1779744290471,1,12.00000018,Upper Delivery,Loading,pitch.0,702037,-0.3251,0.1217,0.4202,-0.4837,-0.3124,-2.5017,0.0,0.0
1779744290471,1,Pitching Mound.Delivery,,Loading,pitch.0,700403,-0.6933,0.2372,1.6341,-1.3749,0.6126,-5.3536,0.0,0.0
1779744290471,1,Pitching Mound.Drive,,Loading,pitch.0,701268,-18.3059,-8.3321,44.5485,48.2075,41.7935,31.4738,-0.0892,0.1029
1779744290471,1,Pitching Mound.Parent,,Loading,pitch.0,699727,-18.9993,-8.0949,46.1827,46.8325,42.4061,26.1203,-0.0861,0.1051
1779744290472,1,11.0000004b,Drive,Loading,pitch.0,701269,-18.1341,-8.6095,44.7349,49.3036,41.1526,31.1336,-0.0875,0.1048
1779744290472,1,12.00000015,Lower Delivery,Loading,pitch.0,701351,-0.3581,0.106,1.1812,-1.2506,0.8437,-2.8987,0.0,0.0
1779744290472,1,12.00000018,Upper Delivery,Loading,pitch.0,702038,-0.3071,0.1208,0.3831,-0.7497,-0.5948,-2.5236,0.0,0.0
1779744290472,1,Pitching Mound.Delivery,,Loading,pitch.0,700404,-0.6653,0.2268,1.5643,-1.7289,0.2489,-5.405,0.0,0.0
1779744290472,1,Pitching Mound.Drive,,Loading,pitch.0,701269,-18.1341,-8.6095,44.7349,49.3036,41.1526,31.1336,-0.0875,0.1048
1779744290472,1,Pitching Mound.Parent,,Loading,pitch.0,699728,-18.7994,-8.3828,46.2993,47.5747,41.4015,25.7286,-0.0846,0.1072
1779744290473,1,11.0000004b,Drive,Loading,pitch.0,701270,-17.6624,-8.8983,44.3157,47.8274,38.214,30.6248,-0.082,0.1027
1779744290473,1,12.00000015,Lower Delivery,Loading,pitch.0,701352,-0.358,0.0964,1.176,-1.4508,0.6918,-2.9366,0.0,0.0
1779744290473,1,12.00000018,Upper Delivery,Loading,pitch.0,702039,-0.2627,0.1241,0.3108,-0.6773,-0.52,-2.4827,0.0,0.0
1779744290473,1,Pitching Mound.Delivery,,Loading,pitch.0,700405,-0.6207,0.2205,1.4868,-1.8339,0.1718,-5.3869,0.0,0.0
1779744290473,1,Pitching Mound.Drive,,Loading,pitch.0,701270,-17.6624,-8.8983,44.3157,47.8274,38.214,30.6248,-0.082,0.1027
1779744290473,1,Pitching Mound.Parent,,Loading,pitch.0,699729,-18.283,-8.6777,45.8025,45.9935,38.3858,25.2379,-0.0794,0.1058
1779744290474,1,11.0000004b,Drive,Loading,pitch.0,701271,-17.19,-9.0201,44.0014,47.6053,38.7549,30.371,-0.0838,0.1029
1779744290474,1,12.00000015,Lower Delivery,Loading,pitch.0,701353,-0.3125,0.0953,1.1029,-1.1714,0.8745,-2.867,0.0,0.0
1779744290474,1,12.00000018,Upper Delivery,Loading,pitch.0,702040,-0.2189,0.1065,0.2437,-0.8241,-0.6756,-2.4999,0.0,0.0
1779744290474,1,Pitching Mound.Delivery,,Loading,pitch.0,700406,-0.5314,0.2018,1.3466,-1.7034,0.199,-5.3352,0.0,0.0
1779744290474,1,Pitching Mound.Drive,,Loading,pitch.0,701271,-17.19,-9.0201,44.0014,47.6053,38.7549,30.371,-0.0838,0.1029
1779744290474,1,Pitching Mound.Parent,,Loading,pitch.0,699730,-17.7215,-8.8183,45.3481,45.9019,38.9539,25.0358,-0.0813,0.1063
1779744290475,1,11.0000004b,Drive,Loading,pitch.0,701272,-16.7123,-9.0123,43.0488,46.7597,36.4093,29.9015,-0.0805,0.1033
1779744290475,1,12.00000015,Lower Delivery,Loading,pitch.0,701354,-0.3078,0.0947,1.0466,-1.2932,0.8033,-2.8683,0.0,0.0
1779744290475,1,12.00000018,Upper Delivery,Loading,pitch.0,702041,-0.2413,0.1484,0.2857,-1.0713,-0.9348,-2.5789,0.0,0.0
1779744290475,1,Pitching Mound.Delivery,,Loading,pitch.0,700407,-0.5491,0.2431,1.3323,-2.1058,-0.1315,-5.4246,0.0,0.0
1779744290475,1,Pitching Mound.Drive,,Loading,pitch.0,701272,-16.7123,-9.0123,43.0488,46.7597,36.4093,29.9015,-0.0805,0.1033
1779744290475,1,Pitching Mound.Parent,,Loading,pitch.0,699731,-17.2613,-8.7692,44.3811,44.6539,36.2777,24.4769,-0.078,0.1061
1779744290476,1,11.0000004b,Drive,Loading,pitch.0,701273,-16.272,-8.8982,42.0172,46.3114,36.7,29.5854,-0.0831,0.1049
1779744290476,1,12.00000015,Lower Delivery,Loading,pitch.0,701355,-0.2716,0.1016,1.0127,-1.4049,0.7801,-2.8592,0.0,0.0
1779744290476,1,12.00000018,Upper Delivery,Loading,pitch.0,702042,-0.2119,0.1098,0.1517,-1.199,-1.0743,-2.519,0.0,0.0
1779744290476,1,Pitching Mound.Delivery,,Loading,pitch.0,700408,-0.4835,0.2114,1.1644,-2.3111,-0.2942,-5.3579,0.0,0.0
1779744290476,1,Pitching Mound.Drive,,Loading,pitch.0,701273,-16.272,-8.8982,42.0172,46.3114,36.7,29.5854,-0.0831,0.1049
1779744290476,1,Pitching Mound.Parent,,Loading,pitch.0,699732,-16.7555,-8.6868,43.1816,44.0003,36.4058,24.2275,-0.0809,0.1088
1779744290477,1,11.0000004b,Drive,Loading,pitch.0,701274,-15.8663,-8.8232,41.4615,45.6035,36.5076,29.2042,-0.0838,0.1046
1779744290477,1,12.00000015,Lower Delivery,Loading,pitch.0,701356,-0.2611,0.1048,1.0097,-1.3969,0.7404,-2.862,0.0,0.0
1779744290477,1,12.00000018,Upper Delivery,Loading,pitch.0,702043,-0.1869,0.1237,0.1266,-1.257,-1.1359,-2.525,0.0,0.0
1779744290477,1,Pitching Mound.Delivery,,Loading,pitch.0,700409,-0.448,0.2285,1.1364,-2.3536,-0.3955,-5.3618,0.0,0.0
1779744290477,1,Pitching Mound.Drive,,Loading,pitch.0,701274,-15.8663,-8.8232,41.4615,45.6035,36.5076,29.2042,-0.0838,0.1046
1779744290477,1,Pitching Mound.Parent,,Loading,pitch.0,699733,-16.3142,-8.5947,42.5979,43.2499,36.1121,23.8424,-0.0815,0.1089
1779744290478,1,11.0000004b,Drive,Loading,pitch.0,701275,-15.5623,-8.7301,40.6827,45.8651,35.3691,28.8983,-0.0827,0.1072
1779744290478,1,12.00000015,Lower Delivery,Loading,pitch.0,701357,-0.2597,0.0808,0.9506,-1.6823,0.504,-2.8495,0.0,0.0
1779744290478,1,12.00000018,Upper Delivery,Loading,pitch.0,702044,-0.168,0.1237,0.1235,-0.9887,-0.8507,-2.5078,0.0,0.0
1779744290478,1,Pitching Mound.Delivery,,Loading,pitch.0,700410,-0.4277,0.2045,1.0741,-2.3898,-0.3466,-5.326,0.0,0.0
1779744290478,1,Pitching Mound.Drive,,Loading,pitch.0,701275,-15.5623,-8.7301,40.6827,45.8651,35.3691,28.8983,-0.0827,0.1072
1779744290478,1,Pitching Mound.Parent,,Loading,pitch.0,699734,-15.99,-8.5256,41.7568,43.4754,35.0224,23.5723,-0.0806,0.1112
1779744290479,1,11.0000004b,Drive,Loading,pitch.0,701276,-15.3059,-8.6972,40.1244,45.3688,34.8083,28.6726,-0.0825,0.1076
1779744290479,1,12.00000015,Lower Delivery,Loading,pitch.0,701358,-0.2544,0.0793,0.9981,-1.6524,0.4637,-2.8073,0.0,0.0
1779744290479,1,12.00000018,Upper Delivery,Loading,pitch.0,702045,-0.1609,0.139,0.1309,-0.9227,-0.7812,-2.4914,0.0,0.0
1779744290479,1,Pitching Mound.Delivery,,Loading,pitch.0,700411,-0.4153,0.2184,1.129,-2.2802,-0.3175,-5.2669,0.0,0.0
1779744290479,1,Pitching Mound.Drive,,Loading,pitch.0,701276,-15.3059,-8.6972,40.1244,45.3688,34.8083,28.6726,-0.0825,0.1076
1779744290479,1,Pitching Mound.Parent,,Loading,pitch.0,699735,-15.7212,-8.4788,41.2534,43.0886,34.4908,23.4057,-0.0803,0.1118
1779744290480,1,11.0000004b,Drive,Loading,pitch.0,701277,-15.34,-8.6804,39.7057,45.8538,34.9166,28.8242,-0.0837,0.1099
1779744290480,1,12.00000015,Lower Delivery,Loading,pitch.0,701359,-0.247,0.0756,0.9788,-1.7354,0.5119,-2.8264,0.0,0.0
1779744290480,1,12.00000018,Upper Delivery,Loading,pitch.0,702046,-0.1535,0.162,0.1459,-1.2436,-1.1222,-2.5125,0.0,0.0
1779744290480,1,Pitching Mound.Delivery,,Loading,pitch.0,700412,-0.4004,0.2376,1.1247,-2.6958,-0.6104,-5.3071,0.0,0.0
1779744290480,1,Pitching Mound.Drive,,Loading,pitch.0,701277,-15.34,-8.6804,39.7057,45.8538,34.9166,28.8242,-0.0837,0.1099
1779744290480,1,Pitching Mound.Parent,,Loading,pitch.0,699736,-15.7404,-8.4427,40.8304,43.158,34.3062,23.5172,-0.0814,0.1138
1779744290481,1,11.0000004b,Drive,Loading,pitch.0,701278,-15.5194,-8.7343,39.7785,45.8932,34.4971,28.9635,-0.0825,0.1098
1779744290481,1,12.00000015,Lower Delivery,Loading,pitch.0,701360,-0.2585,0.0697,0.958,-1.724,0.2271,-2.8325,0.0,0.0
1779744290481,1,12.00000018,Upper Delivery,Loading,pitch.0,702047,-0.1597,0.1787,0.169,-1.0327,-0.9033,-2.4063,0.0,0.0
1779744290481,1,Pitching Mound.Delivery,,Loading,pitch.0,700413,-0.4182,0.2483,1.127,-2.4884,-0.6761,-5.2051,0.0,0.0
1779744290481,1,Pitching Mound.Drive,,Loading,pitch.0,701278,-15.5194,-8.7343,39.7785,45.8932,34.4971,28.9635,-0.0825,0.1098
1779744290481,1,Pitching Mound.Parent,,Loading,pitch.0,699737,-15.9376,-8.486,40.9055,43.4048,33.821,23.7584,-0.0802,0.1133
1779744290482,1,11.0000004b,Drive,Loading,pitch.0,701279,-15.6698,-8.801,39.7162,45.381,34.6392,29.1723,-0.083,0.1087
1779744290482,1,12.00000015,Lower Delivery,Loading,pitch.0,701361,-0.2299,0.0745,1.1127,-1.5667,0.3852,-2.8584,0.0,0.0
1779744290482,1,12.00000018,Upper Delivery,Loading,pitch.0,702048,-0.183,0.2122,0.3038,-1.0717,-0.9407,-2.4805,0.0,0.0
1779744290482,1,Pitching Mound.Delivery,,Loading,pitch.0,700414,-0.4129,0.2867,1.4165,-2.3634,-0.5556,-5.323,0.0,0.0
1779744290482,1,Pitching Mound.Drive,,Loading,pitch.0,701279,-15.6698,-8.801,39.7162,45.381,34.6392,29.1723,-0.083,0.1087
1779744290482,1,Pitching Mound.Parent,,Loading,pitch.0,699738,-16.0827,-8.5142,41.1327,43.0177,34.0836,23.8493,-0.0801,0.1116
1779744290483,1,11.0000004b,Drive,Loading,pitch.0,701280,-15.8438,-8.8779,39.7385,44.7614,34.7755,29.4889,-0.0832,0.1072
1779744290483,1,12.00000015,Lower Delivery,Loading,pitch.0,701362,-0.2321,0.0807,1.0875,-1.7884,0.063,-2.8161,0.0,0.0
1779744290483,1,12.00000018,Upper Delivery,Loading,pitch.0,702049,-0.1957,0.2105,0.3722,-0.8666,-0.7241,-2.4411,0.0,0.0
1779744290483,1,Pitching Mound.Delivery,,Loading,pitch.0,700415,-0.4278,0.2913,1.4597,-2.4118,-0.6612,-5.2448,0.0,0.0
1779744290483,1,Pitching Mound.Drive,,Loading,pitch.0,701280,-15.8438,-8.8779,39.7385,44.7614,34.7755,29.4889,-0.0832,0.1072
1779744290483,1,Pitching Mound.Parent,,Loading,pitch.0,699739,-16.2716,-8.5866,41.1982,42.3496,34.1143,24.2441,-0.0803,0.1093
1779744290484,1,11.0000004b,Drive,Loading,pitch.0,701281,-16.0296,-8.961,39.8043,44.2265,34.5898,29.7265,-0.0827,0.1057
1779744290484,1,12.00000015,Lower Delivery,Loading,pitch.0,701363,-0.2104,0.0952,1.037,-2.0229,0.0966,-2.8393,0.0,0.0
1779744290484,1,12.00000018,Upper Delivery,Loading,pitch.0,702050,-0.1735,0.1733,0.2676,-0.7275,-0.5775,-2.4105,0.0,0.0
1779744290484,1,Pitching Mound.Delivery,,Loading,pitch.0,700416,-0.3839,0.2685,1.3046,-2.4888,-0.4809,-5.2373,0.0,0.0
1779744290484,1,Pitching Mound.Drive,,Loading,pitch.0,701281,-16.0296,-8.961,39.8043,44.2265,34.5898,29.7265,-0.0827,0.1057
1779744290484,1,Pitching Mound.Parent,,Loading,pitch.0,699740,-16.4135,-8.6925,41.1089,41.7377,34.1089,24.4892,-0.08,0.1087
1779744290485,1,11.0000004b,Drive,Loading,pitch.0,701282,-16.2953,-9.2264,39.5153,44.4632,35.2089,29.6326,-0.0848,0.107
1779744290485,1,12.00000015,Lower Delivery,Loading,pitch.0,701364,-0.1963,0.1047,1.1038,-2.1496,0.0112,-2.8534,0.0,0.0
1779744290485,1,12.00000018,Upper Delivery,Loading,pitch.0,702051,-0.1926,0.1675,0.3506,-0.5667,-0.4073,-2.3882,0.0,0.0
1779744290485,1,Pitching Mound.Delivery,,Loading,pitch.0,700417,-0.3889,0.2722,1.4545,-2.4602,-0.3961,-5.2404,0.0,0.0
1779744290485,1,Pitching Mound.Drive,,Loading,pitch.0,701282,-16.2953,-9.2264,39.5153,44.4632,35.2089,29.6326,-0.0848,0.107
1779744290485,1,Pitching Mound.Parent,,Loading,pitch.0,699741,-16.6842,-8.9542,40.9698,42.003,34.8127,24.3922,-0.0818,0.1095
1779744290486,1,11.0000004b,Drive,Loading,pitch.0,701283,-16.5174,-9.5163,39.4406,44.3398,34.6489,29.5653,-0.0836,0.1069
1779744290486,1,12.00000015,Lower Delivery,Loading,pitch.0,701365,-0.169,0.121,1.1118,-2.0849,0.3601,-2.8509,0.0,0.0
1779744290486,1,12.00000018,Upper Delivery,Loading,pitch.0,702052,-0.2296,0.1465,0.395,-0.5319,-0.3696,-2.3977,0.0,0.0
1779744290486,1,Pitching Mound.Delivery,,Loading,pitch.0,700418,-0.3986,0.2675,1.5068,-2.3731,-0.0096,-5.2691,0.0,0.0
1779744290486,1,Pitching Mound.Drive,,Loading,pitch.0,701283,-16.5174,-9.5163,39.4406,44.3398,34.6489,29.5653,-0.0836,0.1069
1779744290486,1,Pitching Mound.Parent,,Loading,pitch.0,699742,-16.916,-9.2488,40.9474,41.9667,34.6393,24.2962,-0.0805,0.109
1779744290487,1,11.0000004b,Drive,Loading,pitch.0,701284,-16.6218,-9.8256,39.4469,44.9885,33.8427,29.3018,-0.0816,0.1085
1779744290487,1,12.00000015,Lower Delivery,Loading,pitch.0,701366,-0.1437,0.1351,1.0307,-2.3211,0.2062,-2.8515,0.0,0.0
1779744290487,1,12.00000018,Upper Delivery,Loading,pitch.0,702053,-0.278,0.1556,0.4875,-0.4396,-0.2729,-2.3672,0.0,0.0
1779744290487,1,Pitching Mound.Delivery,,Loading,pitch.0,700419,-0.4217,0.2907,1.5182,-2.576,-0.0667,-5.2643,0.0,0.0
1779744290487,1,Pitching Mound.Drive,,Loading,pitch.0,701284,-16.6218,-9.8256,39.4469,44.9885,33.8427,29.3018,-0.0816,0.1085
1779744290487,1,Pitching Mound.Parent,,Loading,pitch.0,699743,-17.0434,-9.535,40.9651,42.4125,33.776,24.0375,-0.0786,0.109
1779744290488,1,11.0000004b,Drive,Loading,pitch.0,701285,-16.6947,-9.919,39.2393,44.1793,32.444,27.943,-0.0787,0.1071
1779744290488,1,12.00000015,Lower Delivery,Loading,pitch.0,701367,-0.1153,0.137,1.1096,-2.1563,0.0362,-2.8717,0.0,0.0
1779744290488,1,12.00000018,Upper Delivery,Loading,pitch.0,702054,-0.3488,0.1592,0.5774,-0.5049,-0.3417,-2.3833,0.0,0.0
1779744290488,1,Pitching Mound.Delivery,,Loading,pitch.0,700420,-0.4641,0.2961,1.687,-2.4803,-0.3055,-5.3343,0.0,0.0
1779744290488,1,Pitching Mound.Drive,,Loading,pitch.0,701285,-16.6947,-9.919,39.2393,44.1793,32.444,27.943,-0.0787,0.1071
1779744290488,1,Pitching Mound.Parent,,Loading,pitch.0,699744,-17.1588,-9.6228,40.9263,41.699,32.1385,22.6086,-0.0754,0.1071
1779744290489,1,11.0000004b,Drive,Loading,pitch.0,701286,-16.5707,-9.6918,39.0302,45.5971,30.3861,26.3533,-0.0741,0.1111
1779744290489,1,12.00000015,Lower Delivery,Loading,pitch.0,701368,-0.1216,0.1839,1.1089,-2.1961,0.027,-2.9075,0.0,0.0
1779744290489,1,12.00000018,Upper Delivery,Loading,pitch.0,702055,-0.4068,0.1446,0.625,-1.3083,-1.1922,-2.495,0.0,0.0
1779744290489,1,Pitching Mound.Delivery,,Loading,pitch.0,700421,-0.5284,0.3284,1.7339,-3.3399,-1.1653,-5.4995,0.0,0.0
1779744290489,1,Pitching Mound.Drive,,Loading,pitch.0,701286,-16.5707,-9.6918,39.0302,45.5971,30.3861,26.3533,-0.0741,0.1111
1779744290489,1,Pitching Mound.Parent,,Loading,pitch.0,699745,-17.0992,-9.3634,40.7641,42.2572,29.2208,20.8538,-0.0709,0.1104
1779744290490,1,11.0000004b,Drive,Loading,pitch.0,701287,-15.9929,-9.1806,39.013,46.7872,28.6788,24.6139,-0.0699,0.1141
1779744290490,1,12.00000015,Lower Delivery,Loading,pitch.0,701369,-0.1415,0.1631,1.053,-2.1246,0.0488,-2.9412,0.0,0.0
1779744290490,1,12.00000018,Upper Delivery,Loading,pitch.0,702056,-0.4546,0.1457,0.7157,-0.8305,-0.6887,-2.3856,0.0,0.0
1779744290490,1,Pitching Mound.Delivery,,Loading,pitch.0,700422,-0.5961,0.3088,1.7687,-2.8404,-0.64,-5.4332,0.0,0.0
1779744290490,1,Pitching Mound.Drive,,Loading,pitch.0,701287,-15.9929,-9.1806,39.013,46.7872,28.6788,24.6139,-0.0699,0.1141
1779744290490,1,Pitching Mound.Parent,,Loading,pitch.0,699746,-16.589,-8.8718,40.7817,43.9468,28.0388,19.1807,-0.0669,0.1119
1779744290491,1,11.0000004b,Drive,Loading,pitch.0,701288,-15.2585,-8.8069,38.5861,45.7317,26.5069,23.316,-0.0653,0.1127
1779744290491,1,12.00000015,Lower Delivery,Loading,pitch.0,701370,-0.1472,0.1696,1.072,-1.741,0.3523,-2.9112,0.0,0.0
1779744290491,1,12.00000018,Upper Delivery,Loading,pitch.0,702057,-0.4751,0.1461,0.7578,-1.0812,-0.9538,-2.4271,0.0,0.0
1779744290491,1,Pitching Mound.Delivery,,Loading,pitch.0,700423,-0.6223,0.3157,1.8298,-2.7153,-0.6015,-5.4498,0.0,0.0
1779744290491,1,Pitching Mound.Drive,,Loading,pitch.0,701288,-15.2585,-8.8069,38.5861,45.7317,26.5069,23.316,-0.0653,0.1127
1779744290491,1,Pitching Mound.Parent,,Loading,pitch.0,699747,-15.8808,-8.4912,40.4159,43.0164,25.9054,17.8663,-0.0624,0.1103
1779744290492,1,11.0000004b,Drive,Loading,pitch.0,701289,-14.3365,-8.1219,37.7842,45.5696,27.0789,23.1016,-0.0682,0.1147
1779744290492,1,12.00000015,Lower Delivery,Loading,pitch.0,701371,-0.1609,0.1588,1.1125,-1.4609,0.6102,-2.9246,0.0,0.0
1779744290492,1,12.00000018,Upper Delivery,Loading,pitch.0,702058,-0.4685,0.1207,0.7112,-0.7904,-0.651,-2.2958,0.0,0.0
1779744290492,1,Pitching Mound.Delivery,,Loading,pitch.0,700424,-0.6295,0.2795,1.8237,-2.1149,-0.0408,-5.325,0.0,0.0
1779744290492,1,Pitching Mound.Drive,,Loading,pitch.0,701289,-14.3365,-8.1219,37.7842,45.5696,27.0789,23.1016,-0.0682,0.1147
1779744290492,1,Pitching Mound.Parent,,Loading,pitch.0,699748,-14.9659,-7.8424,39.6079,43.4547,27.038,17.7766,-0.065,0.1129
1779744290493,1,11.0000004b,Drive,Loading,pitch.0,701290,-13.3145,-7.4603,36.1098,43.4618,28.722,23.7617,-0.0757,0.1145
1779744290493,1,12.00000015,Lower Delivery,Loading,pitch.0,701372,-0.2133,0.1528,1.1375,-1.4326,0.7318,-2.9306,0.0,0.0
1779744290493,1,12.00000018,Upper Delivery,Loading,pitch.0,702059,-0.4695,0.1257,0.7063,-0.5574,-0.4061,-2.2314,0.0,0.0
1779744290493,1,Pitching Mound.Delivery,,Loading,pitch.0,700425,-0.6828,0.2785,1.8439,-1.8434,0.3258,-5.2492,0.0,0.0
1779744290493,1,Pitching Mound.Drive,,Loading,pitch.0,701290,-13.3145,-7.4603,36.1098,43.4618,28.722,23.7617,-0.0757,0.1145
1779744290493,1,Pitching Mound.Parent,,Loading,pitch.0,699749,-13.9972,-7.1818,37.9536,41.6184,29.0477,18.5125,-0.072,0.1128
1779744290494,1,11.0000004b,Drive,Loading,pitch.0,701291,-12.7501,-6.9681,34.9121,42.6346,30.44,25.2194,-0.0829,0.1162
1779744290494,1,12.00000015,Lower Delivery,Loading,pitch.0,701373,-0.2393,0.1767,1.224,-1.1206,0.9806,-2.9335,0.0,0.0
1779744290494,1,12.00000018,Upper Delivery,Loading,pitch.0,702060,-0.4585,0.1304,0.6539,-0.4226,-0.2639,-2.2032,0.0,0.0
1779744290494,1,Pitching Mound.Delivery,,Loading,pitch.0,700426,-0.6978,0.307,1.8779,-1.3493,0.7167,-5.2113,0.0,0.0
1779744290494,1,Pitching Mound.Drive,,Loading,pitch.0,701291,-12.7501,-6.9681,34.9121,42.6346,30.44,25.2194,-0.0829,0.1162
1779744290494,1,Pitching Mound.Parent,,Loading,pitch.0,699750,-13.4479,-6.6611,36.7901,41.2854,31.1567,20.0081,-0.0787,0.1155
1779744290495,1,11.0000004b,Drive,Loading,pitch.0,701292,-12.1152,-6.8183,33.7917,42.6355,28.152,26.6326,-0.0793,0.12
1779744290495,1,12.00000015,Lower Delivery,Loading,pitch.0,701374,-0.2808,0.1781,1.2203,-1.1756,1.0447,-2.9,0.0,0.0
1779744290495,1,12.00000018,Upper Delivery,Loading,pitch.0,702061,-0.4133,0.1346,0.5746,-0.532,-0.3789,-2.2325,0.0,0.0
1779744290495,1,Pitching Mound.Delivery,,Loading,pitch.0,700427,-0.6941,0.3127,1.7949,-1.488,0.6658,-5.1775,0.0,0.0
1779744290495,1,Pitching Mound.Drive,,Loading,pitch.0,701292,-12.1152,-6.8183,33.7917,42.6355,28.152,26.6326,-0.0793,0.12
1779744290495,1,Pitching Mound.Parent,,Loading,pitch.0,699751,-12.8093,-6.5056,35.5866,41.1475,28.8178,21.4551,-0.0753,0.1201
1779744290496,1,11.0000004b,Drive,Loading,pitch.0,701293,-11.6128,-6.5185,34.5966,43.9504,30.609,28.0423,-0.0842,0.1208
1779744290496,1,12.00000015,Lower Delivery,Loading,pitch.0,701375,-0.3151,0.1871,1.2253,-1.1385,1.1968,-2.9077,0.0,0.0
1779744290496,1,12.00000018,Upper Delivery,Loading,pitch.0,702062,-0.3636,0.1603,0.5209,-0.5754,-0.4256,-2.2265,0.0,0.0
1779744290496,1,Pitching Mound.Delivery,,Loading,pitch.0,700428,-0.6787,0.3473,1.7462,-1.4744,0.7712,-5.1507,0.0,0.0
1779744290496,1,Pitching Mound.Drive,,Loading,pitch.0,701293,-11.6128,-6.5185,34.5966,43.9504,30.609,28.0423,-0.0842,0.1208
1779744290496,1,Pitching Mound.Parent,,Loading,pitch.0,699752,-12.2915,-6.1712,36.3429,42.4759,31.3802,22.8917,-0.0801,0.1216
1779744290497,1,11.0000004b,Drive,Loading,pitch.0,701294,-11.2622,-6.5058,34.4516,43.5128,29.0894,28.5306,-0.0803,0.1201
1779744290497,1,12.00000015,Lower Delivery,Loading,pitch.0,701376,-0.3699,0.192,1.2285,-1.1192,1.02,-2.8821,0.0,0.0
1779744290497,1,12.00000018,Upper Delivery,Loading,pitch.0,702063,-0.2985,0.1711,0.5033,-0.5141,-0.3615,-2.2031,0.0,0.0
1779744290497,1,Pitching Mound.Delivery,,Loading,pitch.0,700429,-0.6684,0.3631,1.7318,-1.3867,0.6585,-5.061,0.0,0.0
1779744290497,1,Pitching Mound.Drive,,Loading,pitch.0,701294,-11.2622,-6.5058,34.4516,43.5128,29.0894,28.5306,-0.0803,0.1201
1779744290497,1,Pitching Mound.Parent,,Loading,pitch.0,699753,-11.9306,-6.1427,36.1834,42.1261,29.7479,23.4697,-0.0765,0.1212
1779744290498,1,11.0000004b,Drive,Loading,pitch.0,701295,-11.2207,-6.6111,34.081,44.6258,28.2167,28.0114,-0.0788,0.1246
1779744290498,1,12.00000015,Lower Delivery,Loading,pitch.0,701377,-0.3369,0.2132,1.2959,-1.0451,1.1749,-2.9066,0.0,0.0
1779744290498,1,12.00000018,Upper Delivery,Loading,pitch.0,702064,-0.2036,0.1796,0.4702,-0.4836,-0.3266,-2.2459,0.0,0.0
1779744290498,1,Pitching Mound.Delivery,,Loading,pitch.0,700430,-0.5406,0.3928,1.7661,-1.248,0.8483,-5.1071,0.0,0.0
1779744290498,1,Pitching Mound.Drive,,Loading,pitch.0,701295,-11.2207,-6.6111,34.081,44.6258,28.2167,28.0114,-0.0788,0.1246
1779744290498,1,Pitching Mound.Parent,,Loading,pitch.0,699754,-11.7613,-6.2183,35.8471,43.3778,29.0651,22.9042,-0.0749,0.1263
1779744290499,1,11.0000004b,Drive,Loading,pitch.0,701296,-11.0956,-6.9369,33.6223,44.0531,28.5477,27.2128,-0.0808,0.1246
1779744290499,1,12.00000015,Lower Delivery,Loading,pitch.0,701378,-0.3774,0.1918,1.2817,-1.385,0.5362,-2.9188,0.0,0.0
1779744290499,1,12.00000018,Upper Delivery,Loading,pitch.0,702065,-0.1171,0.1888,0.4007,-0.809,-0.6661,-2.3812,0.0,0.0
1779744290499,1,Pitching Mound.Delivery,,Loading,pitch.0,700431,-0.4945,0.3806,1.6824,-1.8944,-0.1299,-5.2115,0.0,0.0
1779744290499,1,Pitching Mound.Drive,,Loading,pitch.0,701296,-11.0956,-6.9369,33.6223,44.0531,28.5477,27.2128,-0.0808,0.1246
1779744290499,1,Pitching Mound.Parent,,Loading,pitch.0,699755,-11.5901,-6.5563,35.3047,42.1587,28.4178,22.0013,-0.0769,0.1272
1779744290500,1,11.0000004b,Drive,Loading,pitch.0,701297,-11.0585,-7.2848,33.2451,43.4277,26.9062,26.2343,-0.077,0.1243
1779744290500,1,12.00000015,Lower Delivery,Loading,pitch.0,701379,-0.3774,0.1721,1.2683,-1.4883,0.268,-2.9268,0.0,0.0
1779744290500,1,12.00000018,Upper Delivery,Loading,pitch.0,702066,-0.0995,0.2383,0.4285,-1.134,-1.0086,-2.4545,0.0,0.0
1779744290500,1,Pitching Mound.Delivery,,Loading,pitch.0,700432,-0.4769,0.4104,1.6968,-2.3368,-0.7407,-5.2868,0.0,0.0
1779744290500,1,Pitching Mound.Drive,,Loading,pitch.0,701297,-11.0585,-7.2848,33.2451,43.4277,26.9062,26.2343,-0.077,0.1243
1779744290500,1,Pitching Mound.Parent,,Loading,pitch.0,699756,-11.5354,-6.8745,34.942,41.0909,26.1656,20.9476,-0.0733,0.1264
1779744290501,1,11.0000004b,Drive,Loading,pitch.0,701298,-11.0898,-7.6544,33.229,43.6382,26.2645,25.2161,-0.0752,0.1249
1779744290501,1,12.00000015,Lower Delivery,Loading,pitch.0,701380,-0.3788,0.1826,1.296,-1.562,-0.0745,-2.8825,0.0,0.0
1779744290501,1,12.00000018,Upper Delivery,Loading,pitch.0,702067,-0.1082,0.3046,0.5506,-1.5463,-1.4407,-2.5909,0.0,0.0
1779744290501,1,Pitching Mound.Delivery,,Loading,pitch.0,700433,-0.4871,0.4872,1.8466,-2.8549,-1.5152,-5.3815,0.0,0.0
1779744290501,1,Pitching Mound.Drive,,Loading,pitch.0,701298,-11.0898,-7.6544,33.229,43.6382,26.2645,25.2161,-0.0752,0.1249
1779744290501,1,Pitching Mound.Parent,,Loading,pitch.0,699757,-11.5769,-7.1672,35.0756,40.7833,24.7494,19.8347,-0.0712,0.1256
1779744290502,1,11.0000004b,Drive,Loading,pitch.0,701299,-11.136,-7.8746,32.9635,43.6644,24.9492,24.4427,-0.072,0.126
1779744290502,1,12.00000015,Lower Delivery,Loading,pitch.0,701381,-0.363,0.1686,1.2949,-1.762,-0.4165,-2.9036,0.0,0.0
1779744290502,1,12.00000018,Upper Delivery,Loading,pitch.0,702068,-0.068,0.2992,0.4663,-1.4182,-1.3044,-2.5843,0.0,0.0
1779744290502,1,Pitching Mound.Delivery,,Loading,pitch.0,700434,-0.431,0.4678,1.7612,-2.8984,-1.7209,-5.3877,0.0,0.0
1779744290502,1,Pitching Mound.Drive,,Loading,pitch.0,701299,-11.136,-7.8746,32.9635,43.6644,24.9492,24.4427,-0.072,0.126
1779744290502,1,Pitching Mound.Parent,,Loading,pitch.0,699758,-11.567,-7.4067,34.7247,40.766,23.2283,19.0551,-0.0683,0.1277
1779744290503,1,11.0000004b,Drive,Loading,pitch.0,701300,-11.2506,-7.9604,32.8892,44.0746,24.4696,23.772,-0.0708,0.1275
1779744290503,1,12.00000015,Lower Delivery,Loading,pitch.0,701382,-0.3329,0.1616,1.176,-1.936,-0.5939,-2.8859,0.0,0.0
1779744290503,1,12.00000018,Upper Delivery,Loading,pitch.0,702069,-0.0909,0.395,0.5633,-1.4778,-1.5642,-2.7101,0.0,0.0
1779744290503,1,Pitching Mound.Delivery,,Loading,pitch.0,700435,-0.4238,0.5566,1.7393,-3.2055,-2.1581,-5.5138,0.0,0.0
1779744290503,1,Pitching Mound.Drive,,Loading,pitch.0,701300,-11.2506,-7.9604,32.8892,44.0746,24.4696,23.772,-0.0708,0.1275
1779744290503,1,Pitching Mound.Parent,,Loading,pitch.0,699759,-11.6743,-7.4038,34.6285,40.8691,22.3115,18.2582,-0.0672,0.1271
1779744290504,1,11.0000004b,Drive,Loading,pitch.0,701301,-11.3319,-7.9032,32.9028,43.7513,24.6343,23.6315,-0.0712,0.1265
1779744290504,1,12.00000015,Lower Delivery,Loading,pitch.0,701383,-0.293,0.153,1.0137,-1.7386,-0.532,-2.8313,0.0,0.0
1779744290504,1,12.00000018,Upper Delivery,Loading,pitch.0,702070,-0.1077,0.4251,0.5603,-1.3966,-1.2762,-2.6779,0.0,0.0
1779744290504,1,Pitching Mound.Delivery,,Loading,pitch.0,700436,-0.4007,0.5781,1.574,-2.981,-1.8082,-5.4462,0.0,0.0
1779744290504,1,Pitching Mound.Drive,,Loading,pitch.0,701301,-11.3319,-7.9032,32.9028,43.7513,24.6343,23.6315,-0.0712,0.1265
1779744290504,1,Pitching Mound.Parent,,Loading,pitch.0,699760,-11.7326,-7.3251,34.4768,40.7704,22.8261,18.1853,-0.068,0.1252
1779744290505,1,11.0000004b,Drive,Loading,pitch.0,701302,-11.4436,-7.9171,32.964,43.3718,25.1732,23.528,-0.0726,0.1252
1779744290505,1,12.00000015,Lower Delivery,Loading,pitch.0,701384,-0.218,0.1597,0.9193,-1.8283,-0.568,-2.8132,0.0,0.0
1779744290505,1,12.00000018,Upper Delivery,Loading,pitch.0,702071,-0.0706,0.346,0.5378,-1.2124,-1.0799,-2.6745,0.0,0.0
1779744290505,1,Pitching Mound.Delivery,,Loading,pitch.0,700437,-0.2886,0.5057,1.457,-2.911,-1.6479,-5.4376,0.0,0.0
1779744290505,1,Pitching Mound.Drive,,Loading,pitch.0,701302,-11.4436,-7.9171,32.964,43.3718,25.1732,23.528,-0.0726,0.1252
1779744290505,1,Pitching Mound.Parent,,Loading,pitch.0,699761,-11.7322,-7.4114,34.421,40.4608,23.5252,18.0904,-0.0696,0.1236
1779744290506,1,11.0000004b,Drive,Loading,pitch.0,701303,-11.5212,-7.7436,32.9059,42.6149,24.968,23.1591,-0.0722,0.1232
1779744290506,1,12.00000015,Lower Delivery,Loading,pitch.0,701385,-0.1366,0.1571,0.7558,-1.8857,-0.081,-2.8003,0.0,0.0
1779744290506,1,12.00000018,Upper Delivery,Loading,pitch.0,702072,-0.0882,0.3084,0.4899,-1.2024,-1.0675,-2.7062,0.0,0.0
1779744290506,1,Pitching Mound.Delivery,,Loading,pitch.0,700438,-0.2249,0.4655,1.2457,-2.9976,-1.1485,-5.49,0.0,0.0
1779744290506,1,Pitching Mound.Drive,,Loading,pitch.0,701303,-11.5212,-7.7436,32.9059,42.6149,24.968,23.1591,-0.0722,0.1232
1779744290506,1,Pitching Mound.Parent,,Loading,pitch.0,699762,-11.7461,-7.2782,34.1517,39.6173,23.8195,17.6691,-0.0695,0.1213
1779744290507,1,11.0000004b,Drive,Loading,pitch.0,701304,-11.5304,-7.5284,32.7331,42.3054,24.4273,22.6582,-0.071,0.1229
1779744290507,1,12.00000015,Lower Delivery,Loading,pitch.0,701386,-0.1135,0.1572,0.6073,-1.8082,0.0769,-2.7266,0.0,0.0
1779744290507,1,12.00000018,Upper Delivery,Loading,pitch.0,702073,-0.0677,0.2534,0.3832,-0.735,-0.5683,-2.7193,0.0,0.0
1779744290507,1,Pitching Mound.Delivery,,Loading,pitch.0,700439,-0.1812,0.4106,0.9905,-2.467,-0.4914,-5.4304,0.0,0.0
1779744290507,1,Pitching Mound.Drive,,Loading,pitch.0,701304,-11.5304,-7.5284,32.7331,42.3054,24.4273,22.6582,-0.071,0.1229
1779744290507,1,Pitching Mound.Parent,,Loading,pitch.0,699763,-11.7116,-7.1178,33.7236,39.8385,23.9359,17.2278,-0.0689,0.1216
1779744290508,1,11.0000004b,Drive,Loading,pitch.0,701305,-11.5227,-7.1617,32.3482,42.3567,24.4328,21.972,-0.0719,0.1246
1779744290508,1,12.00000015,Lower Delivery,Loading,pitch.0,701387,-0.0362,0.0725,0.2336,-1.3736,1.1413,-2.5589,0.0,0.0
1779744290508,1,12.00000018,Upper Delivery,Loading,pitch.0,702074,-0.0822,0.2124,0.3501,-0.5691,-0.3868,-2.7998,0.0,0.0
1779744290508,1,Pitching Mound.Delivery,,Loading,pitch.0,700440,-0.1184,0.2848,0.5837,-1.9823,0.7545,-5.3743,0.0,0.0
1779744290508,1,Pitching Mound.Drive,,Loading,pitch.0,701305,-11.5227,-7.1617,32.3482,42.3567,24.4328,21.972,-0.0719,0.1246
1779744290508,1,Pitching Mound.Parent,,Loading,pitch.0,699764,-11.6411,-6.8768,32.9319,40.3744,25.1873,16.5977,-0.0706,0.1212
1779744290509,1,11.0000004b,Drive,Loading,pitch.0,701306,-11.4466,-6.7149,31.3563,42.0433,23.8236,21.3682,-0.0723,0.1276
1779744290509,1,12.00000015,Lower Delivery,Loading,pitch.0,701388,0.0055,0.0399,0.2257,-1.4519,2.885,-2.4958,0.0,0.0
1779744290509,1,12.00000018,Upper Delivery,Loading,pitch.0,702075,-0.0715,0.1713,0.2201,0.0673,0.292,-2.8014,0.0,0.0
1779744290509,1,Pitching Mound.Delivery,,Loading,pitch.0,700441,-0.066,0.2112,0.4458,-1.3828,3.177,-5.3233,0.0,0.0
1779744290509,1,Pitching Mound.Drive,,Loading,pitch.0,701306,-11.4466,-6.7149,31.3563,42.0433,23.8236,21.3682,-0.0723,0.1276
1779744290509,1,Pitching Mound.Parent,,Loading,pitch.0,699765,-11.5127,-6.5037,31.8021,40.6605,27.0006,16.0449,-0.0713,0.1258
1779744290510,1,11.0000004b,Drive,Loading,pitch.0,701307,-11.3326,-6.3978,30.9229,41.7256,23.9086,21.0187,-0.0736,0.1284
1779744290510,1,12.00000015,Lower Delivery,Loading,pitch.0,701389,0.0013,0.0151,0.2239,-1.5253,2.2094,-2.6198,0.0,0.0
1779744290510,1,12.00000018,Upper Delivery,Loading,pitch.0,702076,-0.0745,0.1709,0.2231,0.2832,0.5277,-2.8989,0.0,0.0
1779744290510,1,Pitching Mound.Delivery,,Loading,pitch.0,700442,-0.0731,0.1861,0.4471,-1.2418,2.7372,-5.5445,0.0,0.0
1779744290510,1,Pitching Mound.Drive,,Loading,pitch.0,701307,-11.3326,-6.3978,30.9229,41.7256,23.9086,21.0187,-0.0736,0.1284
1779744290510,1,Pitching Mound.Parent,,Loading,pitch.0,699766,-11.4057,-6.2118,31.37,40.4838,26.6457,15.4742,-0.0725,0.1265
1779744290511,1,11.0000004b,Drive,Loading,pitch.0,701308,-11.2167,-6.0999,30.582,41.0082,25.2752,20.65,-0.0786,0.1276
1779744290511,1,12.00000015,Lower Delivery,Loading,pitch.0,701390,0.0281,0.0016,0.0457,-1.4766,2.485,-2.7975,0.0,0.0
1779744290511,1,12.00000018,Upper Delivery,Loading,pitch.0,702077,-0.1469,0.2361,0.4601,0.3185,0.5807,-3.1737,0.0,0.0
1779744290511,1,Pitching Mound.Delivery,,Loading,pitch.0,700443,-0.1188,0.2377,0.5058,-1.2991,3.0656,-6.0308,0.0,0.0
1779744290511,1,Pitching Mound.Drive,,Loading,pitch.0,701308,-11.2167,-6.0999,30.582,41.0082,25.2752,20.65,-0.0786,0.1276
1779744290511,1,Pitching Mound.Parent,,Loading,pitch.0,699767,-11.3355,-5.8622,31.0878,39.7091,28.3408,14.6192,-0.0773,0.121
1779744290512,1,11.0000004b,Drive,Loading,pitch.0,701309,-11.0199,-5.946,30.493,40.8783,25.7191,20.6927,-0.0802,0.1275
1779744290512,1,12.00000015,Lower Delivery,Loading,pitch.0,701391,-0.0069,0.0106,0.0096,-4.9317,4.0641,-2.8836,0.0,0.0
1779744290512,1,12.00000018,Upper Delivery,Loading,pitch.0,702078,-0.2244,0.2987,0.5225,0.3507,0.6291,-3.4253,0.0,0.0
1779744290512,1,Pitching Mound.Delivery,,Loading,pitch.0,700444,-0.2313,0.3093,0.5322,-4.7553,4.6932,-6.3829,0.0,0.0
1779744290512,1,Pitching Mound.Drive,,Loading,pitch.0,701309,-11.0199,-5.946,30.493,40.8783,25.7191,20.6927,-0.0802,0.1275
1779744290512,1,Pitching Mound.Parent,,Loading,pitch.0,699768,-11.2513,-5.6366,31.0251,36.1229,30.4123,14.3098,-0.0789,0.1197
1779744290513,1,11.0000004b,Drive,Loading,pitch.0,701310,-10.7551,-5.7621,30.231,40.6481,25.9629,20.5005,-0.0817,0.1279
1779744290513,1,12.00000015,Lower Delivery,Loading,pitch.0,701392,-0.0274,-0.1038,1.2289,-8.2373,7.7893,-1.2132,0.0,0.0
1779744290513,1,12.00000018,Upper Delivery,Loading,pitch.0,702079,-0.226,0.3022,0.6025,0.3714,0.6601,-3.5864,0.0,0.0
1779744290513,1,Pitching Mound.Delivery,,Loading,pitch.0,700445,-0.2534,0.1984,1.8314,-7.6529,8.4495,-4.8671,0.0,0.0
1779744290513,1,Pitching Mound.Drive,,Loading,pitch.0,701310,-10.7551,-5.7621,30.231,40.6481,25.9629,20.5005,-0.0817,0.1279
1779744290513,1,Pitching Mound.Parent,,Loading,pitch.0,699769,-11.0085,-5.5637,32.0624,32.9952,34.4124,15.6334,-0.077,0.1272
1779744290514,1,11.0000004b,Drive,Loading,pitch.0,701311,-10.5124,-5.5992,29.9242,40.4971,25.5089,20.3981,-0.0811,0.1287
1779744290514,1,12.00000015,Lower Delivery,Loading,pitch.0,701393,0.1937,-1.2476,3.572,-5.5012,12.7575,2.0502,-0.3016,-0.1465
1779744290514,1,12.00000018,Upper Delivery,Loading,pitch.0,702080,-0.2794,0.3862,0.4459,-0.3318,-0.0748,-3.8555,0.0,0.0
1779744290514,1,Pitching Mound.Delivery,,Loading,pitch.0,700446,-0.0856,-0.8614,4.0179,-4.7702,12.6827,-1.9662,0.0,0.0
1779744290514,1,Pitching Mound.Drive,,Loading,pitch.0,701311,-10.5124,-5.5992,29.9242,40.4971,25.5089,20.3981,-0.0811,0.1287
1779744290514,1,Pitching Mound.Parent,,Loading,pitch.0,699770,-10.598,-6.4606,33.942,35.7269,38.1916,18.432,-0.1032,0.1294
1779744290515,1,11.0000004b,Drive,Loading,pitch.0,701312,-10.2651,-5.5043,29.6973,40.2344,25.4904,20.2674,-0.0817,0.1289
1779744290515,1,12.00000015,Lower Delivery,Loading,pitch.0,701394,1.0447,-2.2145,4.548,-7.4263,17.7977,4.8391,-0.3016,-0.1553
1779744290515,1,12.00000018,Upper Delivery,Loading,pitch.0,702081,-0.2275,0.3775,0.3352,0.4039,0.7089,-3.8398,0.0,0.0
1779744290515,1,Pitching Mound.Delivery,,Loading,pitch.0,700447,0.8172,-1.8369,4.8832,-5.59,18.5066,0.5667,0.0,0.0
1779744290515,1,Pitching Mound.Drive,,Loading,pitch.0,701312,-10.2651,-5.5043,29.6973,40.2344,25.4904,20.2674,-0.0817,0.1289
1779744290515,1,Pitching Mound.Parent,,Loading,pitch.0,699771,-9.4479,-7.3413,34.5805,34.6443,43.997,20.8341,-0.1098,0.1317
1779744290516,1,11.0000004b,Drive,Loading,pitch.0,701313,-10.0117,-5.4394,29.5147,39.9292,25.4523,20.1449,-0.082,0.1287
1779744290516,1,12.00000015,Lower Delivery,Loading,pitch.0,701395,1.9978,-3.6168,4.528,-10.4085,16.2038,8.237,-0.3016,-0.2187
1779744290516,1,12.00000018,Upper Delivery,Loading,pitch.0,702082,-0.2413,0.41,0.2168,0.4195,0.7323,-3.9613,0.0,0.0
1779744290516,1,Pitching Mound.Delivery,,Loading,pitch.0,700448,1.7566,-3.2068,4.7447,-8.5232,16.9361,3.5144,0.0,0.0
1779744290516,1,Pitching Mound.Drive,,Loading,pitch.0,701313,-10.0117,-5.4394,29.5147,39.9292,25.4523,20.1449,-0.082,0.1287
1779744290516,1,Pitching Mound.Parent,,Loading,pitch.0,699772,-8.2551,-8.6462,34.2595,31.406,42.3885,23.6593,-0.1105,0.1248
1779744290517,1,11.0000004b,Drive,Loading,pitch.0,701314,-9.8172,-5.4114,29.3647,39.5076,25.436,20.024,-0.0824,0.128
1779744290517,1,12.00000015,Lower Delivery,Loading,pitch.0,701396,3.0117,-5.1244,8.4646,-10.3851,26.8202,12.5663,-0.3014,-0.1167
1779744290517,1,12.00000018,Upper Delivery,Loading,pitch.0,702083,-0.2685,0.2049,0.6535,0.348,0.6251,-3.4042,0.0,0.0
1779744290517,1,Pitching Mound.Delivery,,Loading,pitch.0,700449,2.7432,-4.9195,9.1181,-7.3813,27.4453,8.0469,0.0,0.0
1779744290517,1,Pitching Mound.Drive,,Loading,pitch.0,701314,-9.8172,-5.4114,29.3647,39.5076,25.436,20.024,-0.0824,0.128
1779744290517,1,Pitching Mound.Parent,,Loading,pitch.0,699773,-7.0741,-10.3308,38.4828,32.1263,52.8813,28.0708,-0.1292,0.141
1779744290518,1,11.0000004b,Drive,Loading,pitch.0,701315,-9.6626,-5.4048,29.3241,39.1858,25.0761,19.8982,-0.0813,0.1271
1779744290518,1,12.00000015,Lower Delivery,Loading,pitch.0,701397,3.9694,-7.2746,11.5985,-12.999,35.2345,15.9547,-0.289,-0.1066
1779744290518,1,Pitching Mound.Delivery,,Loading,pitch.0,700450,3.6568,-7.176,12.3303,-8.9928,35.8048,11.3789,0.0,0.0
1779744290518,1,Pitching Mound.Drive,,Loading,pitch.0,701315,-9.6626,-5.4048,29.3241,39.1858,25.0761,19.8982,-0.0813,0.1271
1779744290518,2,12.00000018,Upper Delivery,Delivery,pitch.1,702084,-0.3126,0.0985,0.7319,0.3116,0.5703,-3.1199,0.0,0.0
1779744290518,2,Pitching Mound.Parent,,Delivery,pitch.1,699774,-6.0059,-12.5809,41.6545,30.193,60.8809,31.2771,-0.1377,0.1485
1779744290519,2,11.0000004b,Drive,Delivery,pitch.1,701316,-9.5467,-5.3845,29.2656,38.8441,24.9737,19.7857,-0.0812,0.1263
1779744290519,2,12.00000015,Lower Delivery,Delivery,pitch.1,701398,4.6937,-9.6661,15.7,-14.1265,42.8208,19.4045,-0.2595,-0.0856
1779744290519,2,12.00000018,Upper Delivery,Delivery,pitch.1,702085,0.0271,0.2814,0.5595,0.2895,0.5371,-2.9474,0.0,0.0
1779744290519,2,Pitching Mound.Delivery,,Delivery,pitch.1,700451,4.7208,-9.3847,16.2595,-8.6893,43.3578,14.8705,0.0,0.0
1779744290519,2,Pitching Mound.Drive,,Delivery,pitch.1,701316,-9.5467,-5.3845,29.2656,38.8441,24.9737,19.7857,-0.0812,0.1263
1779744290519,2,Pitching Mound.Parent,,Delivery,pitch.1,699775,-4.8259,-14.7692,45.5251,30.1547,68.3315,34.6562,-0.1417,0.1647
1779744290520,2,11.0000004b,Drive,Delivery,pitch.1,701317,-9.4611,-5.388,29.2089,38.7271,24.6368,19.6215,-0.0802,0.1261
1779744290520,2,12.00000015,Lower Delivery,Delivery,pitch.1,701399,5.8979,-11.9011,21.4986,-18.6277,50.2009,22.4983,-0.2221,-0.0824
1779744290520,2,12.00000018,Upper Delivery,Delivery,pitch.1,702086,-0.0341,0.2398,0.1226,0.2212,0.4345,-2.4149,0.0,0.0
1779744290520,2,Pitching Mound.Delivery,,Delivery,pitch.1,700452,5.8638,-11.6613,21.6212,-11.1387,50.6354,18.0665,0.0,0.0
1779744290520,2,Pitching Mound.Drive,,Delivery,pitch.1,701317,-9.4611,-5.388,29.2089,38.7271,24.6368,19.6215,-0.0802,0.1261
1779744290520,2,Pitching Mound.Parent,,Delivery,pitch.1,699776,-3.5973,-17.0493,50.8301,27.5884,75.2722,37.688,-0.1401,0.1806
1779744290521,2,11.0000004b,Drive,Delivery,pitch.1,701318,-9.4165,-5.4,29.0645,38.6162,24.3921,19.464,-0.0798,0.1264
1779744290521,2,12.00000015,Lower Delivery,Delivery,pitch.1,701400,6.923,-14.8167,26.4908,-21.2889,55.7539,25.5628,-0.2002,-0.0764
1779744290521,2,12.00000018,Upper Delivery,Delivery,pitch.1,702087,0.131,0.2154,-0.242,0.298,0.5499,-3.0141,0.0,0.0
1779744290521,2,Pitching Mound.Delivery,,Delivery,pitch.1,700453,7.0539,-14.6014,26.2488,-11.9017,56.3038,20.2394,-0.2021,0.2691
1779744290521,2,Pitching Mound.Drive,,Delivery,pitch.1,701318,-9.4165,-5.4,29.0645,38.6162,24.3921,19.464,-0.0798,0.1264
1779744290521,2,Pitching Mound.Parent,,Delivery,pitch.1,699777,-2.3625,-20.0014,55.3133,26.7146,80.6959,39.7034,-0.1378,0.1941
1779744290522,2,11.0000004b,Drive,Delivery,pitch.1,701319,-9.3818,-5.3841,28.915,38.523,24.2836,19.339,-0.0799,0.1267
1779744290522,2,12.00000015,Lower Delivery,Delivery,pitch.1,701401,7.8343,-18.1803,31.1398,-27.0073,57.4943,30.5495,-0.1756,-0.0825
1779744290522,2,12.00000018,Upper Delivery,Delivery,pitch.1,702088,0.3066,0.2303,-0.125,-1.4288,-1.275,-3.3137,0.0,0.0
1779744290522,2,Pitching Mound.Delivery,,Delivery,pitch.1,700454,8.1409,-17.95,31.0148,-17.806,56.2193,24.6763,-0.1763,0.2599
1779744290522,2,Pitching Mound.Drive,,Delivery,pitch.1,701319,-9.3818,-5.3841,28.915,38.523,24.2836,19.339,-0.0799,0.1267
1779744290522,2,Pitching Mound.Parent,,Delivery,pitch.1,699778,-1.2409,-23.3341,59.9298,20.717,80.5029,44.0153,-0.1298,0.1957
1779744290523,2,11.0000004b,Drive,Delivery,pitch.1,701320,-9.3971,-5.3303,28.7372,38.4075,24.1413,19.2458,-0.0799,0.1271
1779744290523,2,12.00000015,Lower Delivery,Delivery,pitch.1,701402,8.5122,-22.098,36.2595,-41.4116,64.2717,37.8424,-0.1686,-0.1086
1779744290523,2,12.00000018,Upper Delivery,Delivery,pitch.1,702089,0.3846,0.2518,-0.0526,-1.3225,-1.1513,-3.4993,0.0,0.0
1779744290523,2,Pitching Mound.Delivery,,Delivery,pitch.1,700455,8.8967,-21.8462,36.2069,-30.388,63.1204,31.5798,-0.1689,0.2322
1779744290523,2,Pitching Mound.Drive,,Delivery,pitch.1,701320,-9.3971,-5.3303,28.7372,38.4075,24.1413,19.2458,-0.0799,0.1271
1779744290523,2,Pitching Mound.Parent,,Delivery,pitch.1,699779,-0.5004,-27.1765,64.9441,8.0195,87.2617,50.8255,-0.1295,0.1857
1779744290524,2,11.0000004b,Drive,Delivery,pitch.1,701321,-9.4161,-5.2593,28.435,38.1767,23.6253,19.197,-0.079,0.1277
1779744290524,2,12.00000015,Lower Delivery,Delivery,pitch.1,701403,9.2102,-27.207,41.5142,-52.5787,73.4919,47.5857,-0.1684,-0.1205
1779744290524,2,12.00000018,Upper Delivery,Delivery,pitch.1,702090,0.5093,0.2825,0.3228,-4.8645,-4.8604,-4.7268,0.0,0.0
1779744290524,2,Pitching Mound.Delivery,,Delivery,pitch.1,700456,9.7195,-26.9246,41.8371,-43.4381,68.6314,39.9006,-0.1671,0.2152
1779744290524,2,Pitching Mound.Drive,,Delivery,pitch.1,701321,-9.4161,-5.2593,28.435,38.1767,23.6253,19.197,-0.079,0.1277
1779744290524,2,Pitching Mound.Parent,,Delivery,pitch.1,699780,0.3034,-32.1838,70.2721,-5.2613,92.2567,59.0977,-0.1315,0.1798
1779744290525,2,11.0000004b,Drive,Delivery,pitch.1,701322,-9.4568,-5.1335,28.0394,38.0718,23.303,19.0942,-0.0791,0.1292
1779744290525,2,12.00000015,Lower Delivery,Delivery,pitch.1,701404,9.5334,-33.8366,48.7081,-75.7149,89.2813,61.8948,-0.1744,-0.1479
1779744290525,2,12.00000018,Upper Delivery,Delivery,pitch.1,702091,0.7571,0.5284,0.8288,-6.6171,-6.5681,-5.512,0.0,0.0
1779744290525,2,Pitching Mound.Delivery,,Delivery,pitch.1,700457,10.2904,-33.3081,49.5369,-66.053,82.7132,53.3988,-0.1715,0.1832
1779744290525,2,Pitching Mound.Drive,,Delivery,pitch.1,701322,-9.4568,-5.1335,28.0394,38.0718,23.303,19.0942,-0.0791,0.1292
1779744290525,2,Pitching Mound.Parent,,Delivery,pitch.1,699781,0.8336,-38.4416,77.5763,-27.9812,106.0162,72.493,-0.1381,0.1637
1779744290526,2,11.0000004b,Drive,Delivery,pitch.1,701323,-9.5255,-4.9617,27.832,37.9931,23.9004,18.9187,-0.0817,0.1299
1779744290526,2,12.00000015,Lower Delivery,Delivery,pitch.1,701405,7.7528,-43.6623,50.974,-97.1329,123.0983,79.5173,-0.2297,-0.1813
1779744290526,2,12.00000018,Upper Delivery,Delivery,pitch.1,702092,1.1256,0.6174,0.9285,-7.0267,-7.1585,-4.8711,0.0,0.0
1779744290526,2,Pitching Mound.Delivery,,Delivery,pitch.1,700458,8.8784,-43.0448,51.9025,-87.1442,115.9398,72.393,-0.2256,0.1498
1779744290526,2,Pitching Mound.Drive,,Delivery,pitch.1,701323,-9.5255,-4.9617,27.832,37.9931,23.9004,18.9187,-0.0817,0.1299
1779744290526,2,Pitching Mound.Parent,,Delivery,pitch.1,699782,-0.6471,-48.0065,79.7344,-49.151,139.8402,91.3117,-0.1754,0.1428
1779744290527,2,11.0000004b,Drive,Delivery,pitch.1,701324,-9.5408,-4.7404,27.2743,37.9018,22.9738,18.59,-0.0801,0.1322
1779744290527,2,12.00000015,Lower Delivery,Delivery,pitch.1,701406,7.7656,-54.9489,55.7307,-116.8858,161.0208,94.565,-0.2749,-0.1995
1779744290527,2,12.00000018,Upper Delivery,Delivery,pitch.1,702093,1.1259,0.5875,-0.6929,-5.6238,-5.7042,-4.1199,0.0,0.0
1779744290527,2,Pitching Mound.Delivery,,Delivery,pitch.1,700459,8.8915,-54.3614,55.0378,-103.3256,155.3166,88.1877,-0.2783,0.1465
1779744290527,2,Pitching Mound.Drive,,Delivery,pitch.1,701324,-9.5408,-4.7404,27.2743,37.9018,22.9738,18.59,-0.0801,0.1322
1779744290527,2,Pitching Mound.Parent,,Delivery,pitch.1,699783,-0.6494,-59.1018,82.3121,-65.4238,178.2904,106.7776,-0.2126,0.1418
1779744290528,2,11.0000004b,Drive,Delivery,pitch.1,701325,-9.5169,-4.5159,26.6925,37.5022,21.8508,18.5101,-0.0779,0.1337
1779744290528,2,12.00000015,Lower Delivery,Delivery,pitch.1,701407,10.9324,-64.0355,74.2668,-159.3191,187.4323,90.4786,-0.2401,-0.2041
1779744290528,2,12.00000018,Upper Delivery,Delivery,pitch.1,702094,0.8811,0.2778,-1.8835,-1.8059,-1.6373,-4.0305,0.0,0.0
1779744290528,2,Pitching Mound.Delivery,,Delivery,pitch.1,700460,11.8135,-63.7576,72.3832,-135.234,185.795,83.0306,-0.2463,0.1483
1779744290528,2,Pitching Mound.Drive,,Delivery,pitch.1,701325,-9.5169,-4.5159,26.6925,37.5022,21.8508,18.5101,-0.0779,0.1337
1779744290528,2,Pitching Mound.Parent,,Delivery,pitch.1,699784,2.2966,-68.2735,99.0757,-97.7317,207.6458,101.5406,-0.2009,0.1444
1779744290529,2,11.0000004b,Drive,Delivery,pitch.1,701326,-9.6133,-4.1958,26.3309,37.0282,21.53,19.1782,-0.0778,0.1338
1779744290529,2,12.00000015,Lower Delivery,Delivery,pitch.1,701408,15.0294,-66.7292,95.2601,-195.267,216.4635,64.7862,-0.2162,-0.195
1779744290529,2,12.00000018,Upper Delivery,Delivery,pitch.1,702095,0.6497,0.2535,0.4202,0.5598,0.9432,-5.0559,0.0,0.0
1779744290529,2,Pitching Mound.Delivery,,Delivery,pitch.1,700461,15.6791,-66.4758,95.6803,-162.4616,217.4066,54.8412,-0.2152,0.1429
1779744290529,2,Pitching Mound.Drive,,Delivery,pitch.1,701326,-9.6133,-4.1958,26.3309,37.0282,21.53,19.1782,-0.0778,0.1338
1779744290529,2,Pitching Mound.Parent,,Delivery,pitch.1,699785,6.0658,-70.6716,122.0112,-125.4334,238.9366,74.0194,-0.1856,0.1409
1779744290530,2,11.0000004b,Drive,Delivery,pitch.1,701327,-9.4298,-4.2953,26.384,36.4828,22.4546,19.0465,-0.081,0.1315
1779744290530,2,12.00000015,Lower Delivery,Delivery,pitch.1,701409,15.6179,-67.6347,110.4311,-214.5032,223.1265,42.8912,-0.1922,-0.1848
1779744290530,2,12.00000018,Upper Delivery,Delivery,pitch.1,702096,0.5582,0.2058,0.3857,0.5869,0.9838,-5.2669,0.0,0.0
1779744290530,2,Pitching Mound.Delivery,,Delivery,pitch.1,700462,16.1761,-67.4289,110.8168,-176.5009,224.1103,32.504,-0.1915,0.1535
1779744290530,2,Pitching Mound.Drive,,Delivery,pitch.1,701327,-9.4298,-4.2953,26.384,36.4828,22.4546,19.0465,-0.081,0.1315
1779744290530,2,Pitching Mound.Parent,,Delivery,pitch.1,699786,6.7463,-71.7243,137.2008,-140.018,246.5648,51.5505,-0.1703,0.1493
1779744290531,2,11.0000004b,Drive,Delivery,pitch.1,701328,-9.3276,-4.8805,26.7079,37.243,20.5519,18.302,-0.0732,0.1327
1779744290531,2,12.00000015,Lower Delivery,Delivery,pitch.1,701410,12.4946,-68.4099,126.4013,-230.1966,233.4677,34.9876,-0.1757,-0.1732
1779744290531,2,12.00000018,Upper Delivery,Delivery,pitch.1,702097,0.7606,0.336,-0.301,-0.9246,2.2374,-5.7631,0.0,0.0
1779744290531,2,Pitching Mound.Delivery,,Delivery,pitch.1,700463,13.2552,-68.0739,126.1002,-188.0424,235.7051,25.2349,-0.1761,0.168
1779744290531,2,Pitching Mound.Drive,,Delivery,pitch.1,701328,-9.3276,-4.8805,26.7079,37.243,20.5519,18.302,-0.0732,0.1327
1779744290531,2,Pitching Mound.Parent,,Delivery,pitch.1,699787,3.9276,-72.9544,152.8081,-150.7994,256.257,43.5369,-0.1581,0.1618
1779744290532,2,11.0000004b,Drive,Delivery,pitch.1,701329,-9.299,-5.4235,26.9087,37.9132,19.0969,17.7632,-0.0675,0.134
1779744290532,2,12.00000015,Lower Delivery,Delivery,pitch.1,701411,9.0191,-67.5025,140.7033,-239.9067,235.2394,33.8376,-0.159,-0.1622
1779744290532,2,12.00000018,Upper Delivery,Delivery,pitch.1,702098,-0.04,-0.0839,0.9772,-4.4486,5.2281,-6.5204,0.0,0.0
1779744290532,2,Pitching Mound.Delivery,,Delivery,pitch.1,700464,8.9791,-67.5865,141.6805,-196.8484,240.4675,24.2372,-0.1579,0.1742
1779744290532,2,Pitching Mound.Drive,,Delivery,pitch.1,701329,-9.299,-5.4235,26.9087,37.9132,19.0969,17.7632,-0.0675,0.134
1779744290532,2,Pitching Mound.Parent,,Delivery,pitch.1,699788,-0.3199,-73.0099,168.5891,-158.9352,259.5644,42.0004,-0.1435,0.1678
1779744290533,2,11.0000004b,Drive,Delivery,pitch.1,701330,-9.1365,-5.9034,26.9904,38.0789,16.8468,17.5646,-0.0594,0.1342
1779744290533,2,12.00000015,Lower Delivery,Delivery,pitch.1,701412,7.496,-66.4198,153.0148,-242.1897,229.6415,31.4697,-0.1428,-0.1506
1779744290533,2,12.00000018,Upper Delivery,Delivery,pitch.1,702099,-0.8348,-0.3735,2.0275,2.6139,3.3751,-7.5169,0.0,0.0
1779744290533,2,Pitching Mound.Delivery,,Delivery,pitch.1,700465,6.6612,-66.7932,155.0424,-188.2401,233.0166,21.1203,-0.1409,0.1825
1779744290533,2,Pitching Mound.Drive,,Delivery,pitch.1,701330,-9.1365,-5.9034,26.9904,38.0789,16.8468,17.5646,-0.0594,0.1342
1779744290533,2,Pitching Mound.Parent,,Delivery,pitch.1,699789,-2.4754,-72.6967,182.0327,-150.1612,249.8634,38.6848,-0.1288,0.1753
1779744290534,2,11.0000004b,Drive,Delivery,pitch.1,701331,-8.9875,-6.1591,27.0805,38.2171,15.9935,17.2289,-0.0562,0.1342
1779744290534,2,12.00000015,Lower Delivery,Delivery,pitch.1,701413,7.3837,-65.5704,167.1046,-242.4576,224.1225,27.2939,-0.1276,-0.138
1779744290534,2,12.00000018,Upper Delivery,Delivery,pitch.1,702100,-1.6422,-1.6374,2.2801,6.8926,0.6876,-6.3748,-0.0287,0.2876
1779744290534,2,Pitching Mound.Delivery,,Delivery,pitch.1,700466,5.7414,-67.2078,169.3847,-179.5246,224.8101,17.8503,-0.1263,0.1985
1779744290534,2,Pitching Mound.Drive,,Delivery,pitch.1,701331,-8.9875,-6.1591,27.0805,38.2171,15.9935,17.2289,-0.0562,0.1342
1779744290534,2,Pitching Mound.Parent,,Delivery,pitch.1,699790,-3.2461,-73.3669,196.4652,-141.3075,240.8036,35.0792,-0.1166,0.1897
1779744290535,2,11.0000004b,Drive,Delivery,pitch.1,701332,-8.9414,-6.1217,26.6969,38.0594,16.8215,17.4619,-0.0599,0.1356
1779744290535,2,12.00000015,Lower Delivery,Delivery,pitch.1,701414,6.1946,-64.2586,177.9819,-233.1079,213.1966,24.8306,-0.114,-0.1246
1779744290535,2,12.00000018,Upper Delivery,Delivery,pitch.1,702101,-0.8428,-2.2864,3.1327,12.5918,1.8525,-3.8125,-0.0563,0.327
1779744290535,2,Pitching Mound.Delivery,,Delivery,pitch.1,700467,5.3518,-66.545,181.1146,-161.0674,215.0491,18.6253,-0.113,0.2115
1779744290535,2,Pitching Mound.Drive,,Delivery,pitch.1,701332,-8.9414,-6.1217,26.6969,38.0594,16.8215,17.4619,-0.0599,0.1356
1779744290535,2,Pitching Mound.Parent,,Delivery,pitch.1,699791,-3.5896,-72.6666,207.8115,-123.008,231.8706,36.0872,-0.1061,0.2017
1779744290536,2,11.0000004b,Drive,Delivery,pitch.1,701333,-8.7661,-6.0572,26.3515,37.9841,17.044,17.7943,-0.0615,0.1371
1779744290536,2,12.00000015,Lower Delivery,Delivery,pitch.1,701415,4.7987,-62.45,184.8783,-224.4781,202.5164,22.6828,-0.1042,-0.1155
1779744290536,2,12.00000018,Upper Delivery,Delivery,pitch.1,702102,-0.0636,-2.2208,4.794,9.5807,0.6166,-3.0768,-0.0122,0.1901
1779744290536,2,Pitching Mound.Delivery,,Delivery,pitch.1,700468,4.7351,-64.6708,189.6723,-153.6688,203.133,17.9528,-0.1019,0.215
1779744290536,2,Pitching Mound.Drive,,Delivery,pitch.1,701333,-8.7661,-6.0572,26.3515,37.9841,17.044,17.7943,-0.0615,0.1371
1779744290536,2,Pitching Mound.Parent,,Delivery,pitch.1,699792,-4.0309,-70.728,216.0238,-115.6847,220.177,35.7471,-0.097,0.2055
1779744290537,2,11.0000004b,Drive,Delivery,pitch.1,701334,-8.6168,-6.0486,26.1416,37.7217,17.2752,17.9458,-0.0629,0.1373
1779744290537,2,12.00000015,Lower Delivery,Delivery,pitch.1,701416,3.8128,-58.7476,198.6967,-217.7569,195.3602,21.7034,-0.0935,-0.1043
1779744290537,2,12.00000018,Upper Delivery,Delivery,pitch.1,702103,-0.0488,-2.8373,8.1516,8.017,-3.6648,-3.2247,0.0428,0.0936
1779744290537,2,Pitching Mound.Delivery,,Delivery,pitch.1,700469,3.764,-61.5849,206.8482,-144.9545,191.6953,17.1657,-0.0882,0.2167
1779744290537,2,Pitching Mound.Drive,,Delivery,pitch.1,701334,-8.6168,-6.0486,26.1416,37.7217,17.2752,17.9458,-0.0629,0.1373
1779744290537,2,Pitching Mound.Parent,,Delivery,pitch.1,699793,-4.8528,-67.6335,232.9899,-107.2329,208.9705,35.1115,-0.0853,0.2078
1779744290538,2,11.0000004b,Drive,Delivery,pitch.1,701335,-8.5079,-6.0159,25.9697,37.7028,17.8365,18.1636,-0.0653,0.1381
1779744290538,2,12.00000015,Lower Delivery,Delivery,pitch.1,701417,4.0008,-55.948,205.9275,-209.1879,184.9093,24.0405,-0.0854,-0.0966
1779744290538,2,12.00000018,Upper Delivery,Delivery,pitch.1,702104,0.0976,-3.3249,10.099,3.005,-4.802,-3.4867,0.0452,0.0283
1779744290538,2,Pitching Mound.Delivery,,Delivery,pitch.1,700470,4.0984,-59.2729,216.0265,-139.6012,180.1073,19.2268,-0.0793,0.2174
1779744290538,2,Pitching Mound.Drive,,Delivery,pitch.1,701335,-8.5079,-6.0159,25.9697,37.7028,17.8365,18.1636,-0.0653,0.1381
1779744290538,2,Pitching Mound.Parent,,Delivery,pitch.1,699794,-4.4095,-65.2888,241.9962,-101.8984,197.9439,37.3904,-0.0778,0.2089
1779744290539,2,11.0000004b,Drive,Delivery,pitch.1,701336,-8.3518,-5.8599,25.4431,37.6108,17.4681,18.3466,-0.0653,0.1406
1779744290539,2,12.00000015,Lower Delivery,Delivery,pitch.1,701418,5.0983,-53.3975,207.4238,-218.3896,178.8926,28.3094,-0.082,-0.1002
1779744290539,2,12.00000018,Upper Delivery,Delivery,pitch.1,702105,0.3675,-3.5453,10.5081,1.5154,-8.8798,-3.5769,0.0804,0.0137
1779744290539,2,Pitching Mound.Delivery,,Delivery,pitch.1,700471,5.4658,-56.9427,217.932,-149.9229,170.0128,23.124,-0.0742,0.2125
1779744290539,2,Pitching Mound.Drive,,Delivery,pitch.1,701336,-8.3518,-5.8599,25.4431,37.6108,17.4681,18.3466,-0.0653,0.1406
1779744290539,2,Pitching Mound.Parent,,Delivery,pitch.1,699795,-2.886,-62.8026,243.3751,-112.3121,187.4809,41.4707,-0.0733,0.205
1779744290540,2,11.0000004b,Drive,Delivery,pitch.1,701337,-8.1933,-5.6052,25.1607,37.5233,18.3827,18.4842,-0.0695,0.1419
1779744290540,2,12.00000015,Lower Delivery,Delivery,pitch.1,701419,7.1148,-51.0005,204.6127,-219.9982,176.5307,32.8798,-0.0821,-0.1023
1779744290540,2,12.00000018,Upper Delivery,Delivery,pitch.1,702106,-0.0083,-2.6726,10.4212,-7.95,-10.1453,-4.3452,0.0926,-0.0726
1779744290540,2,Pitching Mound.Delivery,,Delivery,pitch.1,700472,7.1065,-53.6731,215.0339,-161.9231,166.3854,26.1128,-0.0736,0.2062
1779744290540,2,Pitching Mound.Drive,,Delivery,pitch.1,701337,-8.1933,-5.6052,25.1607,37.5233,18.3827,18.4842,-0.0695,0.1419
1779744290540,2,Pitching Mound.Parent,,Delivery,pitch.1,699796,-1.0868,-59.2783,240.1946,-124.3998,184.7681,44.5971,-0.0732,0.1995
1779744290541,2,11.0000004b,Drive,Delivery,pitch.1,701338,-8.0614,-5.2642,24.5869,37.059,18.2787,18.5235,-0.0707,0.1434
1779744290541,2,11.0000004b,Drive,Delivery,pitch.1,701339,-7.9626,-4.8765,24.0606,36.232,19.6262,18.1528,-0.0776,0.1433
1779744290541,2,12.00000015,Lower Delivery,Delivery,pitch.1,701420,9.8947,-49.4389,198.8895,-228.2852,178.401,38.4208,-0.0853,-0.1092
1779744290541,2,12.00000018,Upper Delivery,Delivery,pitch.1,702107,-0.0293,-2.063,9.2401,-6.1578,-10.7794,-5.1379,0.111,-0.0634
1779744290541,2,Pitching Mound.Delivery,,Delivery,pitch.1,700473,9.8655,-51.5019,208.1296,-169.9622,167.6216,29.9087,-0.0766,0.2027
1779744290541,2,Pitching Mound.Drive,,Delivery,pitch.1,701338,-8.0614,-5.2642,24.5869,37.059,18.2787,18.5235,-0.0707,0.1434
1779744290541,2,Pitching Mound.Drive,,Delivery,pitch.1,701339,-7.9626,-4.8765,24.0606,36.232,19.6262,18.1528,-0.0776,0.1433
1779744290541,2,Pitching Mound.Parent,,Delivery,pitch.1,699797,1.8041,-56.7661,232.7166,-132.9031,185.9003,48.4322,-0.076,0.1964
1779744290542,2,11.0000004b,Drive,Delivery,pitch.1,701340,-7.8574,-4.4447,23.3449,36.1497,19.5537,17.5325,-0.0797,0.1473
1779744290542,2,12.00000015,Lower Delivery,Delivery,pitch.1,701421,11.886,-49.1652,189.4161,-225.891,164.69,47.2657,-0.0827,-0.1134
1779744290542,2,12.00000018,Upper Delivery,Delivery,pitch.1,702108,-0.0875,-1.732,7.913,-10.8117,-3.9009,-5.6006,0.0469,-0.13
1779744290542,2,Pitching Mound.Delivery,,Delivery,pitch.1,700474,11.7985,-50.8972,197.3291,-174.9917,160.789,37.5941,-0.0775,0.1986
1779744290542,2,Pitching Mound.Drive,,Delivery,pitch.1,701340,-7.8574,-4.4447,23.3449,36.1497,19.5537,17.5325,-0.0797,0.1473
1779744290542,2,Pitching Mound.Parent,,Delivery,pitch.1,699798,3.8359,-55.7737,221.3898,-138.7597,180.4152,55.7469,-0.0775,0.1926
1779744290543,2,12.00000015,Lower Delivery,Delivery,pitch.1,701422,13.481,-49.6948,188.2017,-227.3269,151.7445,56.9263,-0.0767,-0.1149
1779744290543,2,12.00000018,Upper Delivery,Delivery,pitch.1,702109,-0.3439,-1.1341,6.1789,-11.8937,0.3786,-7.3947,-0.0058,-0.1831
1779744290543,2,Pitching Mound.Delivery,,Delivery,pitch.1,700475,13.1371,-50.8289,194.3806,-177.3328,152.1231,44.8311,-0.0744,0.2013
1779744290543,2,Pitching Mound.Parent,,Delivery,pitch.1,699799,5.2797,-55.2735,217.7255,-141.1831,171.6769,62.3636,-0.075,0.1955
1779744290544,2,11.0000004b,Drive,Delivery,pitch.1,701341,-7.7263,-4.1539,22.9747,35.6398,18.7283,17.096,-0.0775,0.1476
1779744290544,2,12.00000015,Lower Delivery,Delivery,pitch.1,701423,15.0732,-50.9509,184.0489,-232.128,142.0504,66.8799,-0.0734,-0.12
1779744290544,2,12.00000018,Upper Delivery,Delivery,pitch.1,702110,-0.526,-0.8074,3.7093,-7.1768,1.3441,-7.2176,-0.0345,-0.1841
1779744290544,2,Pitching Mound.Delivery,,Delivery,pitch.1,700476,14.5473,-51.7584,187.7582,-177.9894,143.3946,54.3586,-0.0727,0.2053
1779744290544,2,Pitching Mound.Drive,,Delivery,pitch.1,701341,-7.7263,-4.1539,22.9747,35.6398,18.7283,17.096,-0.0775,0.1476
1779744290544,2,Pitching Mound.Parent,,Delivery,pitch.1,699800,6.8209,-55.9122,210.7329,-142.3496,162.1229,71.4546,-0.0732,0.199
1779744290545,2,11.0000004b,Drive,Delivery,pitch.1,701342,-7.6396,-4.0722,22.2486,34.9267,17.8845,16.5499,-0.0765,0.1493
1779744290545,2,11.0000004b,Drive,Delivery,pitch.1,701343,-7.5906,-3.7233,21.9545,33.438,17.7736,15.7917,-0.077,0.1449
1779744290545,2,12.00000015,Lower Delivery,Delivery,pitch.1,701424,16.7189,-51.5343,174.7039,-229.6448,135.3992,73.1932,-0.0737,-0.125
1779744290545,2,12.00000018,Upper Delivery,Delivery,pitch.1,702111,-0.5272,-0.0593,0.7597,-2.7749,2.7666,-7.1204,0.0,0.0
1779744290545,2,Pitching Mound.Delivery,,Delivery,pitch.1,700477,16.1917,-51.5935,175.4636,-173.2787,138.1658,60.2091,-0.0734,0.2126
1779744290545,2,Pitching Mound.Drive,,Delivery,pitch.1,701342,-7.6396,-4.0722,22.2486,34.9267,17.8845,16.5499,-0.0765,0.1493
1779744290545,2,Pitching Mound.Drive,,Delivery,pitch.1,701343,-7.5906,-3.7233,21.9545,33.438,17.7736,15.7917,-0.077,0.1449
1779744290545,2,Pitching Mound.Parent,,Delivery,pitch.1,699801,8.5521,-55.6657,197.7122,-138.352,156.0503,76.7591,-0.0738,0.2054
1779744290546,2,12.00000015,Lower Delivery,Delivery,pitch.1,701425,17.2042,-52.1888,162.4034,-221.5746,134.9111,76.4967,-0.079,-0.1298
1779744290546,2,12.00000018,Upper Delivery,Delivery,pitch.1,702112,-0.1065,0.1766,0.2009,0.0275,1.7404,-6.5879,0.0,0.0
1779744290546,2,Pitching Mound.Delivery,,Delivery,pitch.1,700478,17.0977,-52.0123,162.6043,-166.3982,136.6515,64.0232,-0.0789,0.2095
1779744290546,2,Pitching Mound.Parent,,Delivery,pitch.1,699802,9.5071,-55.7356,184.5588,-132.9602,154.4251,79.8149,-0.0787,0.2018
1779744290547,2,11.0000004b,Drive,Delivery,pitch.1,701344,-7.5091,-3.5967,21.621,32.8096,16.7788,15.3521,-0.0738,0.1444
1779744290547,2,12.00000015,Lower Delivery,Delivery,pitch.1,701426,17.2121,-52.9058,151.1993,-208.9929,136.2966,77.5368,-0.0858,-0.1315
1779744290547,2,12.00000018,Upper Delivery,Delivery,pitch.1,702113,-0.1493,-0.3517,0.5829,0.5183,0.8807,-4.7318,0.0,0.0
1779744290547,2,Pitching Mound.Delivery,,Delivery,pitch.1,700479,17.0628,-53.2575,151.7823,-157.2651,137.1773,66.9022,-0.0854,0.2064
1779744290547,2,Pitching Mound.Drive,,Delivery,pitch.1,701344,-7.5091,-3.5967,21.621,32.8096,16.7788,15.3521,-0.0738,0.1444
1779744290547,2,Pitching Mound.Parent,,Delivery,pitch.1,699803,9.5537,-56.8543,173.4032,-124.4554,153.9561,82.2543,-0.084,0.1987
1779744290548,2,11.0000004b,Drive,Delivery,pitch.1,701345,-7.4366,-3.4658,20.8119,32.3609,15.5272,14.5282,-0.071,0.1479
1779744290548,2,12.00000015,Lower Delivery,Delivery,pitch.1,701427,16.9879,-53.8567,140.5202,-199.4894,142.3503,76.3234,-0.0964,-0.1351
1779744290548,2,12.00000018,Upper Delivery,Delivery,pitch.1,702114,-0.1615,-0.3557,0.4838,0.3471,0.6236,-3.3966,0.0,0.0
1779744290548,2,Pitching Mound.Delivery,,Delivery,pitch.1,700480,16.8264,-54.2125,141.0039,-151.53,142.9739,67.096,-0.096,0.2031
1779744290548,2,Pitching Mound.Drive,,Delivery,pitch.1,701345,-7.4366,-3.4658,20.8119,32.3609,15.5272,14.5282,-0.071,0.1479
1779744290548,2,Pitching Mound.Parent,,Delivery,pitch.1,699804,9.3898,-57.6782,161.8158,-119.1691,158.501,81.6242,-0.0928,0.196
1779744290549,2,11.0000004b,Drive,Delivery,pitch.1,701346,-7.3283,-3.4415,20.193,31.6931,14.2223,14.0277,-0.067,0.1493
1779744290549,2,11.0000004b,Drive,Delivery,pitch.1,701347,-7.2119,-3.4508,20.0186,30.7883,13.1285,13.8303,-0.0624,0.1463
1779744290549,2,12.00000015,Lower Delivery,Delivery,pitch.1,701428,16.166,-54.0031,134.0222,-189.3273,153.4057,73.4839,-0.1089,-0.1344
1779744290549,2,12.00000018,Upper Delivery,Delivery,pitch.1,702115,-0.0706,-0.086,2.8587,0.354,0.634,-3.4504,-0.0211,0.0118
1779744290549,2,Pitching Mound.Delivery,,Delivery,pitch.1,700481,16.0954,-54.0891,136.8809,-144.3778,154.0396,64.513,-0.1071,0.1945
1779744290549,2,Pitching Mound.Drive,,Delivery,pitch.1,701346,-7.3283,-3.4415,20.193,31.6931,14.2223,14.0277,-0.067,0.1493
1779744290549,2,Pitching Mound.Drive,,Delivery,pitch.1,701347,-7.2119,-3.4508,20.0186,30.7883,13.1285,13.8303,-0.0624,0.1463
1779744290549,2,Pitching Mound.Parent,,Delivery,pitch.1,699805,8.7671,-57.5306,157.0739,-112.6847,168.262,78.5407,-0.1019,0.1887
1779744290550,2,12.00000015,Lower Delivery,Delivery,pitch.1,701429,14.7908,-54.3159,124.3413,-159.8728,164.8427,70.5583,-0.1261,-0.1223
1779744290550,2,12.00000018,Upper Delivery,Delivery,pitch.1,702116,0.3021,0.6748,1.1951,0.2518,0.4806,-2.654,0.0,0.0
1779744290550,2,Pitching Mound.Delivery,,Delivery,pitch.1,700482,15.0929,-53.6412,125.5364,-117.7512,165.3232,62.9781,-0.1249,0.2124
1779744290550,2,Pitching Mound.Parent,,Delivery,pitch.1,699806,7.881,-57.0919,145.5549,-86.963,178.4517,76.8085,-0.1163,0.2033
1779744290551,2,11.0000004b,Drive,Delivery,pitch.1,701348,-7.0681,-2.9915,19.88,29.3704,13.6006,12.7332,-0.0651,0.1405
1779744290551,2,12.00000015,Lower Delivery,Delivery,pitch.1,701431,15.1848,-57.0958,122.8343,-97.7787,188.3111,69.9002,-0.1458,-0.0757
1779744290551,2,12.00000015,Lower Delivery,Delivery,pitch.1,701430,13.8843,-55.3656,119.6571,-125.934,176.3304,69.7851,-0.1402,-0.1001
1779744290551,2,12.00000018,Upper Delivery,Delivery,pitch.1,702117,0.6091,2.0264,2.2816,0.3051,0.5605,-3.0691,-0.0234,0.0127
1779744290551,2,Pitching Mound.Delivery,,Delivery,pitch.1,700483,14.4934,-53.3392,121.9387,-85.7212,176.8909,62.2024,-0.138,0.2293
1779744290551,2,Pitching Mound.Drive,,Delivery,pitch.1,701348,-7.0681,-2.9915,19.88,29.3704,13.6006,12.7332,-0.0651,0.1405
1779744290551,2,Pitching Mound.Parent,,Delivery,pitch.1,699807,7.4253,-56.3307,141.8187,-56.3508,190.4916,74.9357,-0.1278,0.2168
1779744290552,2,11.0000004b,Drive,Delivery,pitch.1,701349,-6.9179,-2.8168,18.9958,28.5343,12.3274,11.8894,-0.0617,0.1429
1779744290552,2,12.00000018,Upper Delivery,Delivery,pitch.1,702118,1.614,0.951,1.9664,-11.133,-9.8255,-3.5957,0.0,0.0
1779744290552,2,Pitching Mound.Delivery,,Delivery,pitch.1,700484,16.7988,-56.1447,124.8007,-67.8166,178.4856,61.6904,-0.1435,0.2548
1779744290552,2,Pitching Mound.Drive,,Delivery,pitch.1,701349,-6.9179,-2.8168,18.9958,28.5343,12.3274,11.8894,-0.0617,0.1429
1779744290552,2,Pitching Mound.Parent,,Delivery,pitch.1,699808,9.8809,-58.9615,143.7966,-39.2823,190.813,73.5798,-0.1327,0.24
1779744290553,2,11.0000004b,Drive,Delivery,pitch.1,701350,-6.7755,-2.4774,18.4724,27.3433,13.5966,11.2711,-0.07,0.1408
1779744290553,2,11.0000004b,Drive,Delivery,pitch.1,701351,-6.5976,-1.8412,17.3416,26.0087,13.242,10.2663,-0.0726,0.1427
1779744290553,2,12.00000015,Lower Delivery,Delivery,pitch.1,701432,15.8339,-59.1493,106.1207,-80.6869,189.7616,69.8305,-0.1701,-0.0723
1779744290553,2,12.00000018,Upper Delivery,Delivery,pitch.1,702119,3.0838,1.9749,-0.9129,-7.9632,-8.2781,-2.7069,0.0,0.0
1779744290553,2,Pitching Mound.Delivery,,Delivery,pitch.1,700485,18.9177,-57.1745,105.2078,-52.2587,181.4835,62.7886,-0.1716,0.2729
1779744290553,2,Pitching Mound.Drive,,Delivery,pitch.1,701350,-6.7755,-2.4774,18.4724,27.3433,13.5966,11.2711,-0.07,0.1408
1779744290553,2,Pitching Mound.Drive,,Delivery,pitch.1,701351,-6.5976,-1.8412,17.3416,26.0087,13.242,10.2663,-0.0726,0.1427
1779744290553,2,Pitching Mound.Parent,,Delivery,pitch.1,699809,12.1422,-59.6519,123.6802,-24.9153,195.0801,74.0596,-0.1564,0.2532
1779744290554,2,11.0000004b,Drive,Delivery,pitch.1,701352,-6.467,-1.2743,16.3654,24.2933,13.6377,9.573,-0.0793,0.1412
1779744290554,2,12.00000015,Lower Delivery,Delivery,pitch.1,701433,16.2967,-59.8659,97.5537,-78.7912,193.3456,68.6983,-0.1885,-0.0768
1779744290554,2,12.00000018,Upper Delivery,Delivery,pitch.1,702120,3.1657,1.7693,-0.4996,-5.8017,-4.6177,-3.0302,0.0,0.0
1779744290554,2,Pitching Mound.Delivery,,Delivery,pitch.1,700486,19.4624,-58.0967,97.0541,-51.2548,188.7278,61.2035,-0.1895,0.2663
1779744290554,2,Pitching Mound.Drive,,Delivery,pitch.1,701352,-6.467,-1.2743,16.3654,24.2933,13.6377,9.573,-0.0793,0.1412
1779744290554,2,Pitching Mound.Parent,,Delivery,pitch.1,699810,12.8648,-59.9378,114.3957,-25.2461,201.9699,71.4698,-0.1718,0.2475
1779744290555,2,11.0000004b,Drive,Delivery,pitch.1,701353,-6.3084,-0.8148,15.9418,22.8372,14.66,9.0309,-0.0875,0.1363
1779744290555,2,12.00000015,Lower Delivery,Delivery,pitch.1,701434,16.4604,-61.5347,94.6778,-65.6428,184.3247,66.8495,-0.1852,-0.066
1779744290555,2,12.00000015,Lower Delivery,Delivery,pitch.1,701435,16.7564,-61.5052,91.6695,-38.3145,176.75,65.9663,-0.1834,-0.0398
1779744290555,2,12.00000018,Upper Delivery,Delivery,pitch.1,702121,2.0801,0.9028,0.8546,0.1717,0.3602,-2.0292,0.0,0.0
1779744290555,2,Pitching Mound.Delivery,,Delivery,pitch.1,700487,18.5404,-60.6319,95.5323,-33.5713,184.6849,59.931,-0.1835,0.2686
1779744290555,2,Pitching Mound.Drive,,Delivery,pitch.1,701353,-6.3084,-0.8148,15.9418,22.8372,14.66,9.0309,-0.0875,0.1363
1779744290555,2,Pitching Mound.Parent,,Delivery,pitch.1,699811,12.0734,-61.9062,111.8977,-9.278,198.3226,69.504,-0.1683,0.2499
1779744290556,2,11.0000004b,Drive,Delivery,pitch.1,701354,-6.0987,-0.3399,15.4874,21.4393,13.4848,8.3913,-0.0828,0.1317
1779744290556,2,12.00000015,Lower Delivery,Delivery,pitch.1,701436,15.8146,-62.2648,92.76,-34.4436,170.2825,63.4216,-0.1746,-0.0353
1779744290556,2,12.00000018,Upper Delivery,Delivery,pitch.1,702122,1.5302,0.6748,1.4114,0.0481,0.1745,-1.0651,0.0,0.0
1779744290556,2,Pitching Mound.Delivery,,Delivery,pitch.1,700488,18.2866,-60.8304,93.0809,-7.5787,176.9245,59.7243,-0.1806,0.2905
1779744290556,2,Pitching Mound.Drive,,Delivery,pitch.1,701354,-6.0987,-0.3399,15.4874,21.4393,13.4848,8.3913,-0.0828,0.1317
1779744290556,2,Pitching Mound.Parent,,Delivery,pitch.1,699812,11.9782,-61.6452,109.0227,15.2585,191.5845,68.7552,-0.167,0.268
1779744290557,2,11.0000004b,Drive,Delivery,pitch.1,701355,-5.8142,-0.1674,14.6788,20.8376,13.9629,7.8182,-0.0905,0.135
1779744290557,2,12.00000015,Lower Delivery,Delivery,pitch.1,701437,14.2769,-62.5956,93.6521,-40.2421,164.4375,60.407,-0.167,-0.0409
1779744290557,2,12.00000018,Upper Delivery,Delivery,pitch.1,702123,1.1486,0.2533,1.9928,0.0871,0.2332,-1.3697,0.0,0.0
1779744290557,2,Pitching Mound.Delivery,,Delivery,pitch.1,700489,16.9632,-62.0115,94.7528,-3.4956,170.5158,57.0654,-0.171,0.2911
1779744290557,2,Pitching Mound.Drive,,Delivery,pitch.1,701355,-5.8142,-0.1674,14.6788,20.8376,13.9629,7.8182,-0.0905,0.135
1779744290557,2,Pitching Mound.Parent,,Delivery,pitch.1,699813,10.8645,-62.3514,110.2402,17.9436,184.0006,65.4567,-0.1586,0.2687
1779744290558,2,11.0000004b,Drive,Delivery,pitch.1,701356,-5.5232,-0.0801,13.6836,19.3486,11.0307,7.3911,-0.0767,0.1345
1779744290558,2,12.00000015,Lower Delivery,Delivery,pitch.1,701438,12.6577,-62.3404,95.9969,-53.6804,160.9996,56.9868,-0.1595,-0.0532
1779744290558,2,12.00000018,Upper Delivery,Delivery,pitch.1,702124,0.8407,-0.2418,1.3345,-0.0125,0.0836,-0.5927,0.0,0.0
1779744290558,2,Pitching Mound.Delivery,,Delivery,pitch.1,700490,15.1176,-62.8374,94.9865,-8.8666,164.521,55.246,-0.1647,0.2901
1779744290558,2,Pitching Mound.Drive,,Delivery,pitch.1,701356,-5.5232,-0.0801,13.6836,19.3486,11.0307,7.3911,-0.0767,0.1345
1779744290558,2,Pitching Mound.Parent,,Delivery,pitch.1,699814,9.3034,-63.0049,109.6653,11.971,178.4839,63.0642,-0.1548,0.2694
1779744290559,2,11.0000004b,Drive,Delivery,pitch.1,701357,-5.2539,0.1211,12.8393,17.9128,9.6602,6.755,-0.0716,0.1327
1779744290559,2,12.00000015,Lower Delivery,Delivery,pitch.1,701439,12.1399,-62.1521,99.2774,-67.9416,155.552,52.7778,-0.1491,-0.0651
1779744290559,2,12.00000018,Upper Delivery,Delivery,pitch.1,702125,0.566,-0.5897,0.7376,-0.0168,0.0772,-0.5596,0.0,0.0
1779744290559,2,Pitching Mound.Delivery,,Delivery,pitch.1,700491,13.2237,-62.93,96.7345,-21.309,161.0768,52.3161,-0.1583,0.282
1779744290559,2,Pitching Mound.Drive,,Delivery,pitch.1,701357,-5.2539,0.1211,12.8393,17.9128,9.6602,6.755,-0.0716,0.1327
1779744290559,2,Pitching Mound.Parent,,Delivery,pitch.1,699815,7.7005,-63.0101,110.4181,-1.9604,172.1075,59.7071,-0.1482,0.2637
1779744290560,2,11.0000004b,Drive,Delivery,pitch.1,701358,-4.957,0.1593,11.1137,15.7767,6.7543,6.0996,-0.0578,0.135
1779744290560,2,12.00000015,Lower Delivery,Delivery,pitch.1,701440,12.4669,-61.798,102.8826,-82.5004,152.2379,48.876,-0.1408,-0.0763
1779744290560,2,12.00000018,Upper Delivery,Delivery,pitch.1,702126,0.0672,-1.1254,-0.6038,-0.0785,-0.0156,-0.0781,0.0,0.0
1779744290560,2,Pitching Mound.Delivery,,Delivery,pitch.1,700492,12.2071,-63.2775,98.6736,-34.0605,155.5364,48.595,-0.15,0.2787
1779744290560,2,Pitching Mound.Drive,,Delivery,pitch.1,701358,-4.957,0.1593,11.1137,15.7767,6.7543,6.0996,-0.0578,0.135
1779744290560,2,Pitching Mound.Parent,,Delivery,pitch.1,699816,6.9532,-63.1564,111.5129,-16.1477,165.1966,55.35,-0.1409,0.2619
1779744290561,2,11.0000004b,Drive,Delivery,pitch.1,701359,-4.4529,0.1206,10.214,14.204,5.5578,5.2001,-0.0518,0.1323
1779744290561,2,12.00000015,Lower Delivery,Delivery,pitch.1,701441,11.5058,-60.9638,106.845,-83.3008,142.8742,44.8895,-0.1272,-0.0742
1779744290561,2,12.00000018,Upper Delivery,Delivery,pitch.1,702127,-0.4198,-1.6213,-1.7675,-0.049,0.0288,-0.3084,0.0,0.0
1779744290561,2,Pitching Mound.Delivery,,Delivery,pitch.1,700493,12.0471,-63.4193,101.1151,-46.9684,152.2667,44.1861,-0.1432,0.2743
1779744290561,2,Pitching Mound.Drive,,Delivery,pitch.1,701359,-4.4529,0.1206,10.214,14.204,5.5578,5.2001,-0.0518,0.1323
1779744290561,2,Pitching Mound.Parent,,Delivery,pitch.1,699817,7.0901,-63.2599,112.2288,-31.1917,159.0211,50.2857,-0.1348,0.2605
1779744290562,2,11.0000004b,Drive,Delivery,pitch.1,701360,-4.1082,0.0885,8.8906,11.8792,5.6174,3.9465,-0.0601,0.1271
1779744290562,2,12.00000018,Upper Delivery,Delivery,pitch.1,702128,-0.34,-1.4227,-2.0478,-0.051,0.0258,-0.2929,0.0,0.0
1779744290562,2,Pitching Mound.Delivery,,Delivery,pitch.1,700494,11.1658,-62.3865,104.7972,-46.3282,142.9,40.569,-0.1297,0.2777
1779744290562,2,Pitching Mound.Drive,,Delivery,pitch.1,701360,-4.1082,0.0885,8.8906,11.8792,5.6174,3.9465,-0.0601,0.1271
1779744290562,2,Pitching Mound.Parent,,Delivery,pitch.1,699818,6.7129,-62.2659,115.0112,-32.1242,148.4579,45.7691,-0.1228,0.2648
1779744290563,2,11.0000004b,Drive,Delivery,pitch.1,701361,-3.5642,0.0078,7.408,9.9511,4.2792,2.2118,-0.055,0.1278
1779744290563,2,12.00000015,Lower Delivery,Delivery,pitch.1,701442,8.7904,-59.6265,105.0884,-68.7472,126.5104,40.3558,-0.1145,-0.0622
1779744290563,2,12.00000015,Lower Delivery,Delivery,pitch.1,701443,7.0416,-56.0047,102.7029,-78.0464,127.9863,36.7865,-0.1185,-0.0723
1779744290563,2,12.00000018,Upper Delivery,Delivery,pitch.1,702129,-0.5404,-2.516,-1.1417,-0.0023,0.099,-0.6727,0.0,0.0
1779744290563,2,Pitching Mound.Delivery,,Delivery,pitch.1,700495,8.25,-62.1425,103.9468,-32.6312,126.6094,36.5106,-0.1158,0.2846
1779744290563,2,Pitching Mound.Drive,,Delivery,pitch.1,701361,-3.5642,0.0078,7.408,9.9511,4.2792,2.2118,-0.055,0.1278
1779744290563,2,Pitching Mound.Parent,,Delivery,pitch.1,699819,4.1418,-62.054,112.8374,-20.752,132.2267,40.4571,-0.1114,0.2721
1779744290564,2,11.0000004b,Drive,Delivery,pitch.1,701362,-2.8888,-0.1645,6.3823,7.031,1.1301,0.246,-0.0168,0.1048
1779744290564,2,12.00000015,Lower Delivery,Delivery,pitch.1,701444,6.7522,-53.3438,100.6767,-95.095,125.6844,34.7949,-0.1188,-0.0899
1779744290564,2,12.00000018,Upper Delivery,Delivery,pitch.1,702130,-0.5598,-3.0183,0.2487,0.0599,0.1923,-1.1573,0.0,0.0
1779744290564,2,Pitching Mound.Delivery,,Delivery,pitch.1,700496,6.4818,-59.023,102.9516,-43.1521,128.1786,33.0447,-0.1183,0.2662
1779744290564,2,Pitching Mound.Drive,,Delivery,pitch.1,701362,-2.8888,-0.1645,6.3823,7.031,1.1301,0.246,-0.0168,0.1048
1779744290564,2,Pitching Mound.Parent,,Delivery,pitch.1,699820,2.9176,-59.0152,110.3596,-33.201,132.4578,35.2566,-0.114,0.2569
1779744290565,2,11.0000004b,Drive,Delivery,pitch.1,701363,-2.1171,-0.2704,4.4413,4.5978,-3.2554,-0.8685,0.0697,0.0985
1779744290565,2,12.00000018,Upper Delivery,Delivery,pitch.1,702131,-1.0567,-1.6398,-0.6805,-0.0158,0.0787,-0.5674,0.0,0.0
1779744290565,2,Pitching Mound.Delivery,,Delivery,pitch.1,700497,5.6956,-54.9836,99.9962,-60.6493,125.7631,31.5724,-0.1196,0.2542
1779744290565,2,Pitching Mound.Drive,,Delivery,pitch.1,701363,-2.1171,-0.2704,4.4413,4.5978,-3.2554,-0.8685,0.0697,0.0985
1779744290565,2,Pitching Mound.Parent,,Delivery,pitch.1,699821,2.8068,-55.148,106.3785,-53.6183,126.8932,31.8185,-0.1134,0.2452
1779744290566,2,11.0000004b,Drive,Delivery,pitch.1,701364,-1.3925,-0.4496,4.1379,2.9309,-3.7092,-2.6697,0.0853,0.0674
1779744290566,2,12.00000015,Lower Delivery,Delivery,pitch.1,701445,6.8381,-55.4778,102.8213,-103.7045,129.8889,34.4114,-0.1202,-0.0959
1779744290566,2,12.00000018,Upper Delivery,Delivery,pitch.1,702132,-1.2567,-1.0526,0.1133,0.0112,0.1191,-0.7775,0.0,0.0
1779744290566,2,Pitching Mound.Delivery,,Delivery,pitch.1,700498,5.5814,-56.5304,102.9347,-68.7726,130.008,30.8817,-0.12,0.2434
1779744290566,2,Pitching Mound.Drive,,Delivery,pitch.1,701364,-1.3925,-0.4496,4.1379,2.9309,-3.7092,-2.6697,0.0853,0.0674
1779744290566,2,Pitching Mound.Parent,,Delivery,pitch.1,699822,3.4643,-56.8008,107.376,-64.1747,126.7527,30.0132,-0.1122,0.2374
1779744290567,2,11.0000004b,Drive,Delivery,pitch.1,701365,-0.775,-0.4912,3.3728,1.6599,-3.6621,-3.4278,0.1033,0.0468
1779744290567,2,12.00000015,Lower Delivery,Delivery,pitch.1,701446,6.8432,-55.6397,102.4197,-117.3351,129.777,33.0174,-0.1205,-0.109
1779744290567,2,12.00000018,Upper Delivery,Delivery,pitch.1,702133,-1.6873,-1.2536,4.4317,-1.3371,0.7511,-2.3833,-0.0161,-0.0287
1779744290567,2,Pitching Mound.Delivery,,Delivery,pitch.1,700499,5.1559,-56.8933,106.8514,-85.3563,130.5281,27.7338,-0.1162,0.2061
1779744290567,2,Pitching Mound.Drive,,Delivery,pitch.1,701365,-0.775,-0.4912,3.3728,1.6599,-3.6621,-3.4278,0.1033,0.0468
1779744290567,2,Pitching Mound.Parent,,Delivery,pitch.1,699823,3.7634,-57.3429,110.9893,-82.4253,126.819,25.0641,-0.1087,0.201
1779744290568,2,11.0000004b,Drive,Delivery,pitch.1,701366,-0.3832,-0.3269,2.5003,1.7982,-2.3688,-3.9047,0.0901,0.0684
1779744290568,2,12.00000015,Lower Delivery,Delivery,pitch.1,701447,6.7704,-55.6977,103.974,-116.0619,126.4171,32.9163,-0.1157,-0.1062
1779744290568,2,12.00000018,Upper Delivery,Delivery,pitch.1,702134,-0.4748,-0.5375,0.9094,-0.0148,0.0802,-0.575,0.0,0.0
1779744290568,2,Pitching Mound.Delivery,,Delivery,pitch.1,700500,6.2957,-56.2352,104.8834,-81.0347,126.4972,29.8779,-0.1147,0.2288
1779744290568,2,Pitching Mound.Drive,,Delivery,pitch.1,701366,-0.3832,-0.3269,2.5003,1.7982,-2.3688,-3.9047,0.0901,0.0684
1779744290568,2,Pitching Mound.Parent,,Delivery,pitch.1,699824,5.5206,-56.7264,108.2563,-79.3748,122.8351,26.4501,-0.1079,0.2232
1779744290569,2,11.0000004b,Drive,Delivery,pitch.1,701367,0.0437,-0.0436,2.0752,1.7544,-2.9182,-3.8361,0.0,0.0
1779744290569,2,12.00000015,Lower Delivery,Delivery,pitch.1,701448,7.053,-55.4468,105.3097,-113.0806,121.0921,33.3798,-0.1094,-0.1021
1779744290569,2,12.00000018,Upper Delivery,Delivery,pitch.1,702135,-0.0875,-0.3407,0.4922,0.127,0.2931,-1.6804,0.0,0.0
1779744290569,2,Pitching Mound.Delivery,,Delivery,pitch.1,700501,6.9655,-55.7875,105.8019,-77.3157,121.3851,29.2716,-0.1089,0.2352
1779744290569,2,Pitching Mound.Drive,,Delivery,pitch.1,701367,0.0437,-0.0436,2.0752,1.7544,-2.9182,-3.8361,0.0,0.0
1779744290569,2,Pitching Mound.Parent,,Delivery,pitch.1,699825,6.5823,-56.1144,108.3022,-75.5175,119.0164,25.3669,-0.1043,0.2313
1779744290570,2,11.0000004b,Drive,Delivery,pitch.1,701368,0.2355,-0.0635,1.6293,2.0206,-2.2624,-3.9072,0.0,0.0
1779744290570,2,12.00000015,Lower Delivery,Delivery,pitch.1,701449,7.3956,-55.3825,107.9011,-105.8657,115.2993,33.6441,-0.1017,-0.0933
1779744290570,2,12.00000018,Upper Delivery,Delivery,pitch.1,702136,0.0209,-0.1454,0.4616,0.233,0.4523,-2.5072,0.0,0.0
1779744290570,2,Pitching Mound.Delivery,,Delivery,pitch.1,700502,7.4164,-55.5279,108.3627,-69.1033,115.7516,28.6294,-0.1012,0.2442
1779744290570,2,Pitching Mound.Drive,,Delivery,pitch.1,701368,0.2355,-0.0635,1.6293,2.0206,-2.2624,-3.9072,0.0,0.0
1779744290570,2,Pitching Mound.Parent,,Delivery,pitch.1,699826,7.4601,-55.5715,110.4379,-67.3489,112.8333,24.7933,-0.0993,0.2396
1779744290571,2,11.0000004b,Drive,Delivery,pitch.1,701369,0.3484,0.0007,1.4444,1.4519,-0.441,-3.3961,0.0,0.0
1779744290571,2,12.00000015,Lower Delivery,Delivery,pitch.1,701450,7.2781,-54.7996,110.267,-94.8516,112.0297,34.2936,-0.0966,-0.0818
1779744290571,2,12.00000018,Upper Delivery,Delivery,pitch.1,702137,0.1704,-0.1479,1.4642,-5.6854,0.0433,-4.1245,0.0,0.0
1779744290571,2,Pitching Mound.Delivery,,Delivery,pitch.1,700503,7.4485,-54.9475,111.7312,-63.544,112.0729,27.7525,-0.0954,0.2503
1779744290571,2,Pitching Mound.Drive,,Delivery,pitch.1,701369,0.3484,0.0007,1.4444,1.4519,-0.441,-3.3961,0.0,0.0
1779744290571,2,Pitching Mound.Parent,,Delivery,pitch.1,699827,7.684,-55.011,113.3605,-61.5234,109.8105,23.8453,-0.094,0.2467
1779744290572,2,11.0000004b,Drive,Delivery,pitch.1,701370,0.4659,0.1333,1.3932,1.3469,-0.2937,-3.0222,0.0,0.0
1779744290572,2,12.00000015,Lower Delivery,Delivery,pitch.1,701451,7.0743,-53.4375,114.4684,-82.9689,106.032,35.6261,-0.0881,-0.069
1779744290572,2,12.00000018,Upper Delivery,Delivery,pitch.1,702138,0.4336,-0.0624,3.5496,-1.5754,-0.525,-3.6689,0.0141,-0.0422
1779744290572,2,Pitching Mound.Delivery,,Delivery,pitch.1,700504,7.5078,-53.4999,118.0179,-46.8319,105.507,29.6993,-0.085,0.2514
1779744290572,2,Pitching Mound.Drive,,Delivery,pitch.1,701370,0.4659,0.1333,1.3932,1.3469,-0.2937,-3.0222,0.0,0.0
1779744290572,2,Pitching Mound.Parent,,Delivery,pitch.1,699828,7.8562,-53.4992,119.4624,-45.38,105.066,26.3032,-0.084,0.2484
1779744290573,2,11.0000004b,Drive,Delivery,pitch.1,701371,0.4847,0.2156,1.1818,1.2727,-0.0181,-2.6389,0.0,0.0
1779744290573,2,12.00000015,Lower Delivery,Delivery,pitch.1,701452,7.4776,-54.4003,117.603,-73.8061,107.5574,37.1957,-0.087,-0.0597
1779744290573,2,12.00000018,Upper Delivery,Delivery,pitch.1,702139,0.7301,0.2968,4.9541,-3.9295,-0.1866,-4.6699,0.0036,-0.0755
1779744290573,2,Pitching Mound.Delivery,,Delivery,pitch.1,700505,8.2077,-54.1035,122.5571,-39.4349,107.3709,30.2317,-0.0833,0.2522
1779744290573,2,Pitching Mound.Drive,,Delivery,pitch.1,701371,0.4847,0.2156,1.1818,1.2727,-0.0181,-2.6389,0.0,0.0
1779744290573,2,Pitching Mound.Parent,,Delivery,pitch.1,699829,8.6736,-53.9702,123.9503,-38.088,107.0771,27.2095,-0.0824,0.2493
1779744290574,2,11.0000004b,Drive,Delivery,pitch.1,701372,0.6134,0.2429,0.8386,0.9978,0.1784,-2.1017,0.0,0.0
1779744290574,2,12.00000015,Lower Delivery,Delivery,pitch.1,701453,7.816,-56.3313,120.6966,-71.7042,116.804,38.7535,-0.0921,-0.0565
1779744290574,2,12.00000018,Upper Delivery,Delivery,pitch.1,702140,0.5965,0.8629,5.955,-3.0175,-1.746,-4.8679,0.0279,-0.0482
1779744290574,2,Pitching Mound.Delivery,,Delivery,pitch.1,700506,8.4125,-55.4684,126.6517,-35.7095,115.0581,31.4309,-0.0864,0.2519
1779744290574,2,Pitching Mound.Drive,,Delivery,pitch.1,701372,0.6134,0.2429,0.8386,0.9978,0.1784,-2.1017,0.0,0.0
1779744290574,2,Pitching Mound.Parent,,Delivery,pitch.1,699830,8.8972,-55.2528,127.8335,-34.4369,115.04,28.7921,-0.0856,0.2496
1779744290575,2,11.0000004b,Drive,Delivery,pitch.1,701373,0.5911,0.222,0.5603,0.7085,0.3938,-1.8255,0.0,0.0
1779744290575,2,12.00000015,Lower Delivery,Delivery,pitch.1,701454,9.0034,-58.1874,123.6843,-67.4583,124.0134,40.0314,-0.0954,-0.0519
1779744290575,2,12.00000018,Upper Delivery,Delivery,pitch.1,702141,0.7778,1.2788,8.2241,-2.3593,-2.8381,-4.9328,0.0328,-0.0273
1779744290575,2,Pitching Mound.Delivery,,Delivery,pitch.1,700507,9.7812,-56.9086,131.9084,-30.5611,121.1754,32.3019,-0.0874,0.2473
1779744290575,2,Pitching Mound.Drive,,Delivery,pitch.1,701373,0.5911,0.222,0.5603,0.7085,0.3938,-1.8255,0.0,0.0
1779744290575,2,Pitching Mound.Parent,,Delivery,pitch.1,699831,10.3946,-56.6658,132.747,-29.5632,121.3538,30.2002,-0.0868,0.2457
1779744290576,2,11.0000004b,Drive,Delivery,pitch.1,701374,0.6336,0.2219,0.6568,0.4142,1.2355,-1.4724,0.0,0.0
1779744290576,2,12.00000015,Lower Delivery,Delivery,pitch.1,701455,9.4655,-59.6744,123.1581,-74.0459,136.0464,40.9749,-0.1051,-0.0572
1779744290576,2,12.00000018,Upper Delivery,Delivery,pitch.1,702142,0.8697,1.3279,7.1294,0.2996,-1.2123,-4.8216,0.0162,0.004
1779744290576,2,Pitching Mound.Delivery,,Delivery,pitch.1,700508,10.3351,-58.3465,130.2875,-34.2966,134.8341,33.2307,-0.0984,0.2489
1779744290576,2,Pitching Mound.Drive,,Delivery,pitch.1,701374,0.6336,0.2219,0.6568,0.4142,1.2355,-1.4724,0.0,0.0
1779744290576,2,Pitching Mound.Parent,,Delivery,pitch.1,699832,10.9262,-58.1245,130.8477,-33.5881,135.2278,31.4052,-0.098,0.2479
1779744290577,2,11.0000004b,Drive,Delivery,pitch.1,701375,0.614,0.206,0.8433,0.257,1.0969,-1.118,0.0,0.0
1779744290577,2,12.00000015,Lower Delivery,Delivery,pitch.1,701456,10.0425,-61.2342,120.0074,-86.2077,153.8347,41.5333,-0.1219,-0.0683
1779744290577,2,12.00000018,Upper Delivery,Delivery,pitch.1,702143,0.6594,1.4421,7.728,-1.2775,2.8807,-4.5346,-0.0355,-0.0157
1779744290577,2,Pitching Mound.Delivery,,Delivery,pitch.1,700509,10.7019,-59.7921,127.7354,-49.3103,156.7154,33.8085,-0.1167,0.2337
1779744290577,2,Pitching Mound.Drive,,Delivery,pitch.1,701375,0.614,0.206,0.8433,0.257,1.0969,-1.118,0.0,0.0
1779744290577,2,Pitching Mound.Parent,,Delivery,pitch.1,699833,11.3355,-59.5702,128.3922,-48.8961,157.9508,32.3361,-0.1161,0.2325
1779744290578,2,11.0000004b,Drive,Delivery,pitch.1,701376,0.5224,0.1526,0.844,0.1496,0.7031,-0.9116,0.0,0.0
1779744290578,2,12.00000015,Lower Delivery,Delivery,pitch.1,701457,10.7511,-62.4778,116.9268,-92.2401,164.9041,41.5828,-0.1342,-0.075
1779744290578,2,12.00000018,Upper Delivery,Delivery,pitch.1,702144,-0.9631,0.8071,6.3339,-3.8217,5.2315,-4.2829,-0.0786,-0.0574
1779744290578,2,Pitching Mound.Delivery,,Delivery,pitch.1,700510,9.788,-61.6706,123.2607,-58.4602,170.1357,33.317,-0.1313,0.2309
1779744290578,2,Pitching Mound.Drive,,Delivery,pitch.1,701376,0.5224,0.1526,0.844,0.1496,0.7031,-0.9116,0.0,0.0
1779744290578,2,Pitching Mound.Parent,,Delivery,pitch.1,699834,10.402,-61.4646,124.1039,-58.2032,171.2325,32.1991,-0.1304,0.2294
1779744290579,2,11.0000004b,Drive,Delivery,pitch.1,701377,0.4028,0.1015,0.7531,0.1063,0.479,-0.7984,0.0,0.0
1779744290579,2,12.00000015,Lower Delivery,Delivery,pitch.1,701458,11.358,-63.5895,114.899,-98.0963,175.7988,41.8835,-0.1456,-0.0812
1779744290579,2,12.00000015,Lower Delivery,Delivery,pitch.1,701459,11.6831,-64.7238,115.0688,-101.6673,178.2566,41.3825,-0.1474,-0.084
1779744290579,2,12.00000018,Upper Delivery,Delivery,pitch.1,702145,-0.6499,0.7978,3.594,-1.852,3.5892,-5.1369,-0.095,-0.049
1779744290579,2,Pitching Mound.Delivery,,Delivery,pitch.1,700511,10.7081,-62.7916,118.493,-62.1046,179.388,32.6639,-0.144,0.2391
1779744290579,2,Pitching Mound.Drive,,Delivery,pitch.1,701377,0.4028,0.1015,0.7531,0.1063,0.479,-0.7984,0.0,0.0
1779744290579,2,Pitching Mound.Parent,,Delivery,pitch.1,699835,11.2305,-62.6391,119.337,-61.955,180.0911,31.7523,-0.143,0.2374
1779744290580,2,11.0000004b,Drive,Delivery,pitch.1,701378,0.3245,0.0445,0.6299,0.0858,0.3105,-0.6776,0.0,0.0
1779744290580,2,12.00000015,Lower Delivery,Delivery,pitch.1,701460,11.4217,-65.2022,113.898,-103.5437,183.3504,40.3932,-0.1531,-0.0865
1779744290580,2,12.00000018,Upper Delivery,Delivery,pitch.1,702146,0.3468,0.662,2.0765,-3.2022,1.5482,-5.4226,0.0,0.0
1779744290580,2,Pitching Mound.Delivery,,Delivery,pitch.1,700512,12.0298,-64.0618,117.1453,-66.4521,179.8048,32.1056,-0.1448,0.2454
1779744290580,2,Pitching Mound.Drive,,Delivery,pitch.1,701378,0.3245,0.0445,0.6299,0.0858,0.3105,-0.6776,0.0,0.0
1779744290580,2,Pitching Mound.Parent,,Delivery,pitch.1,699836,12.4326,-63.9603,117.8984,-66.3458,180.2838,31.3072,-0.1438,0.2438
1779744290581,2,11.0000004b,Drive,Delivery,pitch.1,701379,0.2137,-0.0067,0.4393,0.0909,0.244,-0.5855,0.0,0.0
1779744290581,2,12.00000018,Upper Delivery,Delivery,pitch.1,702147,0.8476,-0.0445,1.2084,-8.3675,2.1139,-5.8383,0.0,0.0
1779744290581,2,Pitching Mound.Delivery,,Delivery,pitch.1,700513,12.2693,-65.2467,115.1064,-73.5968,185.4643,30.9597,-0.1515,0.2473
1779744290581,2,Pitching Mound.Drive,,Delivery,pitch.1,701379,0.2137,-0.0067,0.4393,0.0909,0.244,-0.5855,0.0,0.0
1779744290581,2,Pitching Mound.Parent,,Delivery,pitch.1,699837,12.5938,-65.2023,115.7363,-73.5109,185.7747,30.2821,-0.1507,0.2459
1779744290582,2,11.0000004b,Drive,Delivery,pitch.1,701380,0.0767,-0.0477,0.1392,0.1262,-0.0806,-0.5429,0.0,0.0
1779744290582,2,12.00000015,Lower Delivery,Delivery,pitch.1,701461,11.3305,-65.6995,114.9623,-98.3678,177.6246,39.9442,-0.147,-0.0814
1779744290582,2,12.00000015,Lower Delivery,Delivery,pitch.1,701462,11.3106,-65.6347,115.9631,-99.3632,178.0897,39.1415,-0.1461,-0.0815
1779744290582,2,12.00000018,Upper Delivery,Delivery,pitch.1,702148,0.4976,0.3827,0.6786,-7.0901,1.7143,-4.7213,0.0,0.0
1779744290582,2,Pitching Mound.Delivery,,Delivery,pitch.1,700514,11.8281,-65.3167,115.6409,-66.6015,179.3389,31.5396,-0.1461,0.2551
1779744290582,2,Pitching Mound.Drive,,Delivery,pitch.1,701380,0.0767,-0.0477,0.1392,0.1262,-0.0806,-0.5429,0.0,0.0
1779744290582,2,Pitching Mound.Parent,,Delivery,pitch.1,699838,12.0418,-65.3235,116.0802,-66.5106,179.5829,30.9541,-0.1456,0.2541
1779744290583,2,11.0000004b,Drive,Delivery,pitch.1,701381,0.0087,-0.0347,0.0605,0.1323,-0.0944,-0.6439,0.0,0.0
1779744290583,2,12.00000015,Lower Delivery,Delivery,pitch.1,701463,11.1374,-65.4651,117.8624,-100.577,176.1633,38.6262,-0.1422,-0.0812
1779744290583,2,12.00000018,Upper Delivery,Delivery,pitch.1,702149,0.5892,0.1976,0.2226,0.333,0.6025,-3.2871,0.0,0.0
1779744290583,2,Pitching Mound.Delivery,,Delivery,pitch.1,700515,11.8998,-65.4371,116.1857,-59.6784,178.6922,32.2091,-0.1458,0.2573
1779744290583,2,Pitching Mound.Drive,,Delivery,pitch.1,701381,0.0087,-0.0347,0.0605,0.1323,-0.0944,-0.6439,0.0,0.0
1779744290583,2,Pitching Mound.Parent,,Delivery,pitch.1,699839,11.9764,-65.4848,116.3249,-59.5522,178.6116,31.6662,-0.1456,0.257
1779744290584,2,11.0000004b,Drive,Delivery,pitch.1,701382,-0.0269,-0.147,0.3376,0.1081,-0.1224,-0.7074,0.0,0.0
1779744290584,2,12.00000015,Lower Delivery,Delivery,pitch.1,701464,9.9038,-64.7597,117.312,-98.9626,174.7054,38.6707,-0.1417,-0.0802
1779744290584,2,12.00000018,Upper Delivery,Delivery,pitch.1,702150,0.9914,0.2214,-0.0248,0.2922,0.5411,-2.9685,0.0,0.0
1779744290584,2,Pitching Mound.Delivery,,Delivery,pitch.1,700516,12.1288,-65.2438,117.8376,-60.2033,176.7044,32.208,-0.1422,0.2589
1779744290584,2,Pitching Mound.Drive,,Delivery,pitch.1,701382,-0.0269,-0.147,0.3376,0.1081,-0.1224,-0.7074,0.0,0.0
1779744290584,2,Pitching Mound.Parent,,Delivery,pitch.1,699840,12.1375,-65.2785,117.8981,-60.0709,176.61,31.5642,-0.1421,0.2588
1779744290585,2,11.0000004b,Drive,Delivery,pitch.1,701383,-0.2048,-0.3323,0.8059,0.123,-0.2258,-0.892,0.0,0.0
1779744290585,2,12.00000015,Lower Delivery,Delivery,pitch.1,701465,8.9031,-64.242,119.709,-101.3798,172.1676,38.7469,-0.1368,-0.0806
1779744290585,2,12.00000018,Upper Delivery,Delivery,pitch.1,702151,0.8405,-0.0699,-0.3823,0.1883,0.3852,-2.1588,0.0,0.0
1779744290585,2,12.00000018,Upper Delivery,Delivery,pitch.1,702152,0.982,-0.1669,-0.7432,0.127,0.2931,-1.6807,0.0,0.0
1779744290585,2,Pitching Mound.Delivery,,Delivery,pitch.1,700517,10.7443,-64.8296,116.9297,-58.7582,175.0906,33.4304,-0.1421,0.2617
1779744290585,2,Pitching Mound.Delivery,,Delivery,pitch.1,700518,9.8852,-64.4089,118.9659,-60.2991,172.4607,34.373,-0.1377,0.2632
1779744290585,2,Pitching Mound.Drive,,Delivery,pitch.1,701383,-0.2048,-0.3323,0.8059,0.123,-0.2258,-0.892,0.0,0.0
1779744290585,2,Pitching Mound.Parent,,Delivery,pitch.1,699841,10.7174,-64.9766,117.2673,-58.6501,174.9682,32.723,-0.1417,0.261
1779744290585,2,Pitching Mound.Parent,,Delivery,pitch.1,699842,9.6804,-64.7412,119.7718,-60.1761,172.2349,33.481,-0.1367,0.2614
1779744290586,2,11.0000004b,Drive,Delivery,pitch.1,701384,-0.3692,-0.425,1.2354,0.2308,-0.7637,-1.0661,0.0,0.0
1779744290586,2,12.00000015,Lower Delivery,Delivery,pitch.1,701466,9.1494,-63.2672,130.3416,-106.7637,153.4142,39.9238,-0.112,-0.0779
1779744290586,2,12.00000018,Upper Delivery,Delivery,pitch.1,702153,1.1135,-0.243,-0.8354,0.0854,0.2306,-1.3564,0.0,0.0
1779744290586,2,Pitching Mound.Delivery,,Delivery,pitch.1,700519,10.2629,-63.5102,129.5062,-62.0781,153.6449,35.8351,-0.1127,0.266
1779744290586,2,Pitching Mound.Drive,,Delivery,pitch.1,701384,-0.3692,-0.425,1.2354,0.2308,-0.7637,-1.0661,0.0,0.0
1779744290586,2,Pitching Mound.Parent,,Delivery,pitch.1,699843,9.8937,-63.9352,130.7416,-61.8473,152.8812,34.7691,-0.1116,0.2634
1779744290587,2,11.0000004b,Drive,Delivery,pitch.1,701385,-0.5577,-0.4666,1.6952,0.509,-1.4101,-1.3,0.0,0.0
1779744290587,2,12.00000015,Lower Delivery,Delivery,pitch.1,701467,8.9005,-61.6746,138.4865,-110.8461,151.4789,40.0195,-0.1041,-0.0761
1779744290587,2,12.00000018,Upper Delivery,Delivery,pitch.1,702154,1.0344,-0.4284,-1.0983,0.0817,0.225,-1.3272,0.0,0.0
1779744290587,2,Pitching Mound.Delivery,,Delivery,pitch.1,700520,9.9349,-62.103,137.3882,-63.3056,151.7039,36.0178,-0.1049,0.2687
1779744290587,2,Pitching Mound.Drive,,Delivery,pitch.1,701385,-0.5577,-0.4666,1.6952,0.509,-1.4101,-1.3,0.0,0.0
1779744290587,2,Pitching Mound.Parent,,Delivery,pitch.1,699844,9.3772,-62.5697,139.0834,-62.7965,150.2938,34.7178,-0.1036,0.2654
1779744290588,2,11.0000004b,Drive,Delivery,pitch.1,701386,-0.7032,-0.5301,2.0014,0.5094,-1.5211,-1.3536,0.0,0.0
1779744290588,2,12.00000015,Lower Delivery,Delivery,pitch.1,701468,8.6738,-60.077,140.1696,-109.9879,159.1263,39.4084,-0.108,-0.0746
1779744290588,2,12.00000018,Upper Delivery,Delivery,pitch.1,702155,0.6899,-0.6225,-1.2782,0.0715,0.2097,-1.2479,0.0,0.0
1779744290588,2,Pitching Mound.Delivery,,Delivery,pitch.1,700521,9.3637,-60.6995,138.8913,-61.8241,159.336,35.4459,-0.109,0.2709
1779744290588,2,Pitching Mound.Drive,,Delivery,pitch.1,701386,-0.7032,-0.5301,2.0014,0.5094,-1.5211,-1.3536,0.0,0.0
1779744290588,2,Pitching Mound.Parent,,Delivery,pitch.1,699845,8.6605,-61.2296,140.8927,-61.3148,157.8149,34.0924,-0.1074,0.2671
1779744290589,2,11.0000004b,Drive,Delivery,pitch.1,701387,-0.7887,-0.5028,2.1623,0.6383,-1.7279,-1.3962,0.076,0.0281
1779744290589,2,12.00000015,Lower Delivery,Delivery,pitch.1,701469,7.9091,-58.3628,139.4735,-116.0091,157.8471,40.8453,-0.1077,-0.0791
1779744290589,2,12.00000018,Upper Delivery,Delivery,pitch.1,702156,0.2717,-0.9478,-1.798,0.0333,0.1524,-0.9503,0.0,0.0
1779744290589,2,Pitching Mound.Delivery,,Delivery,pitch.1,700522,8.1808,-59.3105,137.6755,-67.9434,157.9995,37.2983,-0.1091,0.2687
1779744290589,2,Pitching Mound.Drive,,Delivery,pitch.1,701387,-0.7887,-0.5028,2.1623,0.6383,-1.7279,-1.3962,0.076,0.0281
1779744290589,2,Pitching Mound.Parent,,Delivery,pitch.1,699846,7.3921,-59.8133,139.8378,-67.3051,156.2716,35.9021,-0.1062,0.265
1779744290590,2,11.0000004b,Drive,Delivery,pitch.1,701388,-0.7979,-0.4193,2.239,0.8173,-1.9255,-1.3558,0.0818,0.0347
1779744290590,2,12.00000018,Upper Delivery,Delivery,pitch.1,702157,0.1348,-0.7369,-0.6606,0.1464,0.3222,-1.8315,0.0,0.0
1779744290590,2,Pitching Mound.Drive,,Delivery,pitch.1,701388,-0.7979,-0.4193,2.239,0.8173,-1.9255,-1.3558,0.0818,0.0347
1779744290591,2,11.0000004b,Drive,Delivery,pitch.1,701389,-0.812,-0.3105,2.2627,0.8912,-1.9389,-1.3789,0.0815,0.0375
1779744290591,2,12.00000015,Lower Delivery,Delivery,pitch.1,701470,8.2807,-56.6863,155.4024,-122.5297,153.5498,41.4845,-0.094,-0.075
1779744290591,2,12.00000018,Upper Delivery,Delivery,pitch.1,702158,0.1849,-0.7715,-0.8135,0.1338,0.3033,-1.7334,0.0,0.0
1779744290591,2,Pitching Mound.Delivery,,Delivery,pitch.1,700523,8.4155,-57.4232,154.7418,-69.3219,153.872,36.8834,-0.0944,0.2676
1779744290591,2,Pitching Mound.Drive,,Delivery,pitch.1,701389,-0.812,-0.3105,2.2627,0.8912,-1.9389,-1.3789,0.0815,0.0375
1779744290591,2,Pitching Mound.Parent,,Delivery,pitch.1,699847,7.6176,-57.8425,156.9808,-68.5046,151.9465,35.5275,-0.0919,0.2643
1779744290592,2,11.0000004b,Drive,Delivery,pitch.1,701390,-0.7997,-0.2114,2.254,0.8761,-1.8334,-1.3905,0.0774,0.037
1779744290592,2,12.00000015,Lower Delivery,Delivery,pitch.1,701471,8.0477,-55.8798,161.6783,-128.6791,155.0263,41.2576,-0.0912,-0.0757
1779744290592,2,12.00000018,Upper Delivery,Delivery,pitch.1,702159,-0.09,-0.7285,-0.8379,0.29,0.5379,-2.9515,0.0,0.0
1779744290592,2,Pitching Mound.Delivery,,Delivery,pitch.1,700524,8.2326,-56.6513,160.8647,-73.2981,155.3296,36.8508,-0.0917,0.2673
1779744290592,2,Pitching Mound.Drive,,Delivery,pitch.1,701390,-0.7997,-0.2114,2.254,0.8761,-1.8334,-1.3905,0.0774,0.037
1779744290592,2,Pitching Mound.Parent,,Delivery,pitch.1,699848,7.4206,-56.9618,163.1275,-72.4069,153.3907,35.4718,-0.0893,0.2642
1779744290593,2,11.0000004b,Drive,Delivery,pitch.1,701391,-0.7589,-0.1298,2.1446,0.8372,-1.4809,-1.3815,0.0657,0.0371
1779744290593,2,12.00000015,Lower Delivery,Delivery,pitch.1,701472,7.9454,-55.4566,167.5912,-136.3337,154.5579,40.7782,-0.0877,-0.0774
1779744290593,2,12.00000015,Lower Delivery,Delivery,pitch.1,701473,7.4783,-54.9335,166.5909,-136.0914,148.6281,39.7141,-0.0849,-0.0777
1779744290593,2,12.00000018,Upper Delivery,Delivery,pitch.1,702160,-0.0624,-0.7938,-0.8401,0.3538,0.6337,-3.4493,0.0,0.0
1779744290593,2,Pitching Mound.Delivery,,Delivery,pitch.1,700525,7.8554,-56.185,166.7533,-78.7778,155.0958,35.0946,-0.0882,0.2656
1779744290593,2,Pitching Mound.Delivery,,Delivery,pitch.1,700526,7.4159,-55.7273,165.7508,-78.811,149.2618,33.7009,-0.0853,0.2653
1779744290593,2,Pitching Mound.Drive,,Delivery,pitch.1,701391,-0.7589,-0.1298,2.1446,0.8372,-1.4809,-1.3815,0.0657,0.0371
1779744290593,2,Pitching Mound.Parent,,Delivery,pitch.1,699849,7.0557,-56.3965,169.0073,-77.9017,153.2624,33.7041,-0.086,0.2626
1779744290593,2,Pitching Mound.Parent,,Delivery,pitch.1,699850,6.657,-55.8571,167.8953,-77.9739,147.7809,32.3194,-0.0834,0.2624
1779744290594,2,11.0000004b,Drive,Delivery,pitch.1,701392,-0.6583,-0.095,1.9526,0.8103,-1.0223,-1.3132,0.0,0.0
1779744290594,2,12.00000015,Lower Delivery,Delivery,pitch.1,701474,7.178,-55.0391,173.1335,-140.106,144.2297,38.3647,-0.0792,-0.077
1779744290594,2,12.00000018,Upper Delivery,Delivery,pitch.1,702161,-1.3058,-1.5201,-1.0489,-1.5771,1.4213,-3.5617,0.0,0.0
1779744290594,2,Pitching Mound.Delivery,,Delivery,pitch.1,700527,5.8722,-56.5592,172.0845,-82.4611,145.651,31.9186,-0.0797,0.2667
1779744290594,2,Pitching Mound.Drive,,Delivery,pitch.1,701392,-0.6583,-0.095,1.9526,0.8103,-1.0223,-1.3132,0.0,0.0
1779744290594,2,Pitching Mound.Parent,,Delivery,pitch.1,699851,5.214,-56.6542,174.0371,-81.6507,144.6287,30.6054,-0.0788,0.2637
1779744290595,2,11.0000004b,Drive,Delivery,pitch.1,701393,-0.4987,-0.0492,1.6347,0.6212,-0.6385,-1.2203,0.0,0.0
1779744290595,2,12.00000015,Lower Delivery,Delivery,pitch.1,701475,6.4244,-55.1923,178.5594,-148.3018,146.5465,36.3872,-0.0781,-0.079
1779744290595,2,12.00000018,Upper Delivery,Delivery,pitch.1,702162,-1.6967,-1.4649,2.9128,-0.8412,-2.5473,-4.9683,0.0832,-0.0275
1779744290595,2,Pitching Mound.Delivery,,Delivery,pitch.1,700528,4.7277,-56.6572,181.4722,-89.4232,143.9992,28.6577,-0.0755,0.2509
1779744290595,2,Pitching Mound.Drive,,Delivery,pitch.1,701393,-0.4987,-0.0492,1.6347,0.6212,-0.6385,-1.2203,0.0,0.0
1779744290595,2,Pitching Mound.Parent,,Delivery,pitch.1,699852,4.229,-56.7064,183.1069,-88.802,143.3607,27.4374,-0.0748,0.2487
1779744290596,2,11.0000004b,Drive,Delivery,pitch.1,701394,-0.3255,0.0227,1.063,0.2936,-0.552,-1.0423,0.0,0.0
1779744290596,2,Pitching Mound.Drive,,Delivery,pitch.1,701394,-0.3255,0.0227,1.063,0.2936,-0.552,-1.0423,0.0,0.0
1779744290597,2,11.0000004b,Drive,Delivery,pitch.1,701395,-0.1824,0.0314,0.8452,0.0642,-0.3238,-0.9886,0.0,0.0
1779744290597,2,12.00000015,Lower Delivery,Delivery,pitch.1,701476,5.6798,-55.9674,183.9968,-160.2269,146.6301,34.1737,-0.0758,-0.0828
1779744290597,2,12.00000015,Lower Delivery,Delivery,pitch.1,701477,5.058,-56.2821,185.041,-159.1488,146.6344,32.8635,-0.0754,-0.0818
1779744290597,2,12.00000018,Upper Delivery,Delivery,pitch.1,702164,-1.0838,-0.5298,1.2338,-3.1724,-3.6229,-4.1406,0.0,0.0
1779744290597,2,12.00000018,Upper Delivery,Delivery,pitch.1,702163,-1.5675,-0.8482,1.3444,-3.7017,-1.5139,-3.8838,0.0,0.0
1779744290597,2,Pitching Mound.Delivery,,Delivery,pitch.1,700529,4.1124,-56.8156,185.3412,-101.8268,145.1162,27.8258,-0.0753,0.2528
1779744290597,2,Pitching Mound.Delivery,,Delivery,pitch.1,700530,3.9742,-56.812,186.2748,-99.8268,143.0115,26.6346,-0.0749,0.2542
1779744290597,2,Pitching Mound.Drive,,Delivery,pitch.1,701395,-0.1824,0.0314,0.8452,0.0642,-0.3238,-0.9886,0.0,0.0
1779744290597,2,Pitching Mound.Parent,,Delivery,pitch.1,699853,3.7868,-56.7929,186.4042,-101.5332,144.5643,26.7835,-0.0748,0.2514
1779744290597,2,Pitching Mound.Parent,,Delivery,pitch.1,699854,3.7917,-56.7806,187.1199,-99.7626,142.6877,25.646,-0.0745,0.2531
1779744290598,2,11.0000004b,Drive,Delivery,pitch.1,701396,-0.0527,0.048,0.5026,0.31,-0.2676,-0.9098,0.0,0.0
1779744290598,2,12.00000015,Lower Delivery,Delivery,pitch.1,701478,4.314,-57.2658,185.0555,-166.6109,148.3062,30.0035,-0.0762,-0.0856
1779744290598,2,12.00000018,Upper Delivery,Delivery,pitch.1,702165,-0.8166,-0.3859,1.0369,-4.6308,1.0458,-3.73,0.0,0.0
1779744290598,2,Pitching Mound.Delivery,,Delivery,pitch.1,700531,3.4974,-57.6517,186.0925,-108.6755,149.352,24.529,-0.0758,0.251
1779744290598,2,Pitching Mound.Drive,,Delivery,pitch.1,701396,-0.0527,0.048,0.5026,0.31,-0.2676,-0.9098,0.0,0.0
1779744290598,2,Pitching Mound.Parent,,Delivery,pitch.1,699855,3.4447,-57.6037,186.595,-108.3655,149.0845,23.6192,-0.0756,0.2504
1779744290599,2,11.0000004b,Drive,Delivery,pitch.1,701397,0.0115,0.0398,0.2895,0.285,-0.2097,-0.9235,0.0,0.0
1779744290599,2,12.00000015,Lower Delivery,Delivery,pitch.1,701479,3.9027,-58.4095,182.7075,-172.6688,158.4874,27.768,-0.0825,-0.0899
1779744290599,2,Pitching Mound.Drive,,Delivery,pitch.1,701397,0.0115,0.0398,0.2895,0.285,-0.2097,-0.9235,0.0,0.0
1779744290600,2,11.0000004b,Drive,Delivery,pitch.1,701398,0.0134,0.0096,0.0851,0.1482,-0.2,-0.9205,0.0,0.0
1779744290600,2,12.00000015,Lower Delivery,Delivery,pitch.1,701480,3.2671,-59.4501,180.14,-176.6098,166.507,26.214,-0.0879,-0.0933
1779744290600,2,12.00000018,Upper Delivery,Delivery,pitch.1,702166,-0.4933,-0.0262,0.9688,-1.0784,1.4329,-2.5647,0.0,0.0
1779744290600,2,12.00000018,Upper Delivery,Delivery,pitch.1,702167,-0.3778,-0.0424,0.5938,0.2523,0.5101,-2.7582,0.0,0.0
1779744290600,2,Pitching Mound.Delivery,,Delivery,pitch.1,700533,2.8893,-59.4925,180.7338,-115.3118,167.0171,22.2166,-0.0876,0.2448
1779744290600,2,Pitching Mound.Delivery,,Delivery,pitch.1,700532,3.4094,-58.4357,183.6762,-111.9561,159.9203,23.7087,-0.0821,0.247
1779744290600,2,Pitching Mound.Drive,,Delivery,pitch.1,701398,0.0134,0.0096,0.0851,0.1482,-0.2,-0.9205,0.0,0.0
1779744290600,2,Pitching Mound.Parent,,Delivery,pitch.1,699857,2.9027,-59.4829,180.8189,-115.1636,166.8171,21.2961,-0.0876,0.2447
1779744290600,2,Pitching Mound.Parent,,Delivery,pitch.1,699856,3.4209,-58.3959,183.9658,-111.6711,159.7106,22.7852,-0.082,0.2466
1779744290601,2,11.0000004b,Drive,Delivery,pitch.1,701399,0.015,-0.0028,0.0558,0.1017,-0.2793,-0.957,0.0,0.0
1779744290601,2,12.00000015,Lower Delivery,Delivery,pitch.1,701481,3.1261,-60.6732,177.828,-178.0148,173.7783,25.142,-0.093,-0.0952
1779744290601,2,12.00000018,Upper Delivery,Delivery,pitch.1,702168,-0.6172,0.34,1.9812,-0.2771,0.7592,-2.2697,0.0,0.0
1779744290601,2,Pitching Mound.Delivery,,Delivery,pitch.1,700534,2.5089,-60.3331,179.8092,-118.504,174.5375,21.5996,-0.0919,0.2383
1779744290601,2,Pitching Mound.Drive,,Delivery,pitch.1,701399,0.015,-0.0028,0.0558,0.1017,-0.2793,-0.957,0.0,0.0
1779744290601,2,Pitching Mound.Parent,,Delivery,pitch.1,699858,2.5239,-60.336,179.865,-118.4023,174.2582,20.6426,-0.0919,0.2383
1779744290602,2,11.0000004b,Drive,Delivery,pitch.1,701400,0.0226,-0.0183,0.0634,0.1751,-0.4098,-0.9806,0.0,0.0
1779744290602,2,12.00000015,Lower Delivery,Delivery,pitch.1,701482,2.8342,-61.435,177.2415,-180.3034,179.5897,24.0834,-0.0964,-0.0968
1779744290602,2,Pitching Mound.Drive,,Delivery,pitch.1,701400,0.0226,-0.0183,0.0634,0.1751,-0.4098,-0.9806,0.0,0.0
1779744290603,2,11.0000004b,Drive,Delivery,pitch.1,701401,0.0354,-0.043,0.1088,0.2962,-0.5783,-1.0268,0.0,0.0
1779744290603,2,12.00000015,Lower Delivery,Delivery,pitch.1,701483,3.172,-62.0138,175.961,-180.2256,184.9078,24.6665,-0.1,-0.0974
1779744290603,2,12.00000018,Upper Delivery,Delivery,pitch.1,702169,-0.1144,0.4181,1.1039,0.159,0.3412,-1.9303,0.0,0.0
1779744290603,2,12.00000018,Upper Delivery,Delivery,pitch.1,702170,0.0154,0.4911,0.906,0.1687,0.3557,-2.0056,0.0,0.0
1779744290603,2,Pitching Mound.Delivery,,Delivery,pitch.1,700535,2.7199,-61.0169,178.3454,-120.2576,179.9309,21.1506,-0.0958,0.2396
1779744290603,2,Pitching Mound.Delivery,,Delivery,pitch.1,700536,3.1874,-61.5227,176.867,-120.5382,185.2634,21.5876,-0.0995,0.2396
1779744290603,2,Pitching Mound.Drive,,Delivery,pitch.1,701401,0.0354,-0.043,0.1088,0.2962,-0.5783,-1.0268,0.0,0.0
1779744290603,2,Pitching Mound.Parent,,Delivery,pitch.1,699859,2.7425,-61.0352,178.4089,-120.0825,179.521,20.17,-0.0958,0.2395
1779744290603,2,Pitching Mound.Parent,,Delivery,pitch.1,699860,3.2228,-61.5658,176.9758,-120.2421,184.6852,20.5608,-0.0994,0.2394
1779744290604,2,11.0000004b,Drive,Delivery,pitch.1,701402,0.062,-0.1105,0.2098,0.2748,-0.5771,-1.0463,0.0,0.0
1779744290604,2,12.00000015,Lower Delivery,Delivery,pitch.1,701484,3.4564,-62.403,176.5152,-186.5455,193.3758,25.528,-0.1042,-0.1005
1779744290604,2,12.00000018,Upper Delivery,Delivery,pitch.1,702171,-0.1595,0.7024,1.7931,0.2447,0.4698,-2.5981,0.0,0.0
1779744290604,2,Pitching Mound.Delivery,,Delivery,pitch.1,700537,3.297,-61.7006,178.3083,-126.8953,193.8456,21.7005,-0.1032,0.2336
1779744290604,2,Pitching Mound.Drive,,Delivery,pitch.1,701402,0.062,-0.1105,0.2098,0.2748,-0.5771,-1.0463,0.0,0.0
1779744290604,2,Pitching Mound.Parent,,Delivery,pitch.1,699861,3.3589,-61.8111,178.5182,-126.6205,193.2686,20.6542,-0.103,0.2334
1779744290605,2,11.0000004b,Drive,Delivery,pitch.1,701403,0.0836,-0.1592,0.3001,0.2768,-0.5829,-1.0669,0.0,0.0
1779744290605,2,12.00000015,Lower Delivery,Delivery,pitch.1,701485,4.0454,-62.4853,177.2511,-186.8237,202.8522,27.8812,-0.1089,-0.1003
1779744290605,2,12.00000018,Upper Delivery,Delivery,pitch.1,702172,-0.0429,0.8821,1.8886,-0.3434,0.0155,-2.8305,0.0,0.0
1779744290605,2,Pitching Mound.Delivery,,Delivery,pitch.1,700538,4.0025,-61.6032,179.1397,-127.5439,202.8677,23.6607,-0.1077,0.2336
1779744290605,2,Pitching Mound.Drive,,Delivery,pitch.1,701403,0.0836,-0.1592,0.3001,0.2768,-0.5829,-1.0669,0.0,0.0
1779744290605,2,Pitching Mound.Parent,,Delivery,pitch.1,699862,4.0861,-61.7624,179.4398,-127.2671,202.2848,22.5938,-0.1075,0.2332
1779744290606,2,11.0000004b,Drive,Delivery,pitch.1,701404,0.0956,-0.1996,0.3923,0.2489,-0.6101,-1.0741,0.0,0.0
1779744290606,2,12.00000015,Lower Delivery,Delivery,pitch.1,701486,4.5724,-62.1868,177.6161,-185.1416,208.6668,31.134,-0.1118,-0.0992
1779744290606,2,12.00000018,Upper Delivery,Delivery,pitch.1,702173,-0.0078,0.7016,1.5824,-4.5637,-5.3934,-4.2298,0.0,0.0
1779744290606,2,Pitching Mound.Delivery,,Delivery,pitch.1,700539,4.5646,-61.4852,179.1986,-129.8538,203.2734,25.3469,-0.1108,0.2357
1779744290606,2,Pitching Mound.Drive,,Delivery,pitch.1,701404,0.0956,-0.1996,0.3923,0.2489,-0.6101,-1.0741,0.0,0.0
1779744290606,2,Pitching Mound.Parent,,Delivery,pitch.1,699863,4.6602,-61.6848,179.5908,-129.6049,202.6633,24.2729,-0.1105,0.2352
1779744290607,2,11.0000004b,Drive,Delivery,pitch.1,701405,0.0677,-0.2202,0.4776,0.3032,-0.7724,-1.0981,0.0,0.0
1779744290607,2,12.00000015,Lower Delivery,Delivery,pitch.1,701487,5.7642,-62.0386,178.3333,-185.8635,214.6355,34.8342,-0.1145,-0.0991
1779744290607,2,Pitching Mound.Drive,,Delivery,pitch.1,701405,0.0677,-0.2202,0.4776,0.3032,-0.7724,-1.0981,0.0,0.0
1779744290608,2,11.0000004b,Drive,Delivery,pitch.1,701406,0.0232,-0.2321,0.5784,0.363,-0.8578,-1.1156,0.0,0.0
1779744290608,2,12.00000015,Lower Delivery,Delivery,pitch.1,701488,6.4826,-61.4463,179.5245,-186.5888,216.4368,38.4053,-0.1147,-0.0989
1779744290608,2,12.00000018,Upper Delivery,Delivery,pitch.1,702174,-0.1586,0.6794,2.3321,-0.9578,-0.3635,-4.1471,0.0148,-0.0391
1779744290608,2,12.00000018,Upper Delivery,Delivery,pitch.1,702175,-0.4004,1.0615,3.0834,-6.4792,-4.3332,-5.4038,0.1337,-0.1999
1779744290608,2,Pitching Mound.Delivery,,Delivery,pitch.1,700540,5.6056,-61.3593,180.6654,-126.9809,214.272,28.6734,-0.1128,0.2329
1779744290608,2,Pitching Mound.Delivery,,Delivery,pitch.1,700541,6.0823,-60.3847,182.6079,-133.078,212.1036,30.6613,-0.1105,0.2279
1779744290608,2,Pitching Mound.Drive,,Delivery,pitch.1,701406,0.0232,-0.2321,0.5784,0.363,-0.8578,-1.1156,0.0,0.0
1779744290608,2,Pitching Mound.Parent,,Delivery,pitch.1,699864,5.6733,-61.5795,181.1429,-126.6777,213.4996,27.5753,-0.1125,0.2322
1779744290608,2,Pitching Mound.Parent,,Delivery,pitch.1,699865,6.1054,-60.6168,183.1863,-132.7151,211.2458,29.5457,-0.1101,0.2272
1779744290609,2,11.0000004b,Drive,Delivery,pitch.1,701407,-0.0378,-0.2154,0.6194,0.3284,-0.9442,-1.1165,0.0,0.0
1779744290609,2,12.00000015,Lower Delivery,Delivery,pitch.1,701489,7.4122,-60.8069,179.0473,-184.6056,212.726,42.4227,-0.113,-0.0981
1779744290609,2,12.00000018,Upper Delivery,Delivery,pitch.1,702176,0.4134,0.4802,1.9111,-6.0099,1.2691,-6.1459,0.0,0.0
1779744290609,2,Pitching Mound.Delivery,,Delivery,pitch.1,700542,7.8256,-60.3267,180.9584,-130.3892,213.9951,33.8972,-0.1118,0.2358
1779744290609,2,Pitching Mound.Drive,,Delivery,pitch.1,701407,-0.0378,-0.2154,0.6194,0.3284,-0.9442,-1.1165,0.0,0.0
1779744290609,2,Pitching Mound.Parent,,Delivery,pitch.1,699866,7.7878,-60.5421,181.5778,-130.0608,213.0509,32.7807,-0.1114,0.235
1779744290610,2,11.0000004b,Drive,Delivery,pitch.1,701408,-0.1161,-0.1637,0.6133,0.3742,-0.7521,-1.1147,0.0,0.0
1779744290610,2,12.00000015,Lower Delivery,Delivery,pitch.1,701490,8.3279,-60.0764,179.4952,-183.6323,210.6116,45.818,-0.1116,-0.0973
1779744290610,2,12.00000018,Upper Delivery,Delivery,pitch.1,702177,0.3803,0.0437,0.9563,-12.1026,1.4828,-7.6216,0.0,0.0
1779744290610,2,Pitching Mound.Delivery,,Delivery,pitch.1,700543,8.7082,-60.0327,180.4514,-135.0316,212.0944,35.4942,-0.111,0.2396
1779744290610,2,Pitching Mound.Drive,,Delivery,pitch.1,701408,-0.1161,-0.1637,0.6133,0.3742,-0.7521,-1.1147,0.0,0.0
1779744290610,2,Pitching Mound.Parent,,Delivery,pitch.1,699867,8.5921,-60.1964,181.0647,-134.6574,211.3423,34.3796,-0.1107,0.2388
1779744290611,2,11.0000004b,Drive,Delivery,pitch.1,701409,-0.1867,-0.0873,0.7294,0.352,-0.73,-1.129,0.0,0.0
1779744290611,2,12.00000015,Lower Delivery,Delivery,pitch.1,701491,8.8424,-59.3319,179.7702,-186.2615,209.159,47.6661,-0.1107,-0.0986
1779744290611,2,12.00000018,Upper Delivery,Delivery,pitch.1,702178,0.5669,-0.2505,1.8188,-6.5846,2.9619,-7.8636,0.0,0.0
1779744290611,2,Pitching Mound.Delivery,,Delivery,pitch.1,700544,9.4093,-59.5824,181.589,-132.3427,212.1209,36.9888,-0.1096,0.2356
1779744290611,2,Pitching Mound.Drive,,Delivery,pitch.1,701409,-0.1867,-0.0873,0.7294,0.352,-0.73,-1.129,0.0,0.0
1779744290611,2,Pitching Mound.Parent,,Delivery,pitch.1,699868,9.2226,-59.6698,182.3185,-131.9907,211.3909,35.8599,-0.1091,0.2347
1779744290612,2,11.0000004b,Drive,Delivery,pitch.1,701410,-0.2488,-0.0821,0.7749,0.3503,-0.7777,-1.0901,0.0,0.0
1779744290612,2,12.00000015,Lower Delivery,Delivery,pitch.1,701492,9.3944,-58.9983,181.1708,-187.9091,207.5082,48.8907,-0.109,-0.0987
1779744290612,2,Pitching Mound.Drive,,Delivery,pitch.1,701410,-0.2488,-0.0821,0.7749,0.3503,-0.7777,-1.0901,0.0,0.0
1779744290613,2,11.0000004b,Drive,Delivery,pitch.1,701411,-0.2993,-0.0694,0.855,0.3393,-0.6443,-1.1082,0.0,0.0
1779744290613,2,12.00000015,Lower Delivery,Delivery,pitch.1,701493,9.5239,-58.4199,182.9377,-189.0128,206.2227,49.1194,-0.1072,-0.0983
1779744290613,2,12.00000018,Upper Delivery,Delivery,pitch.1,702179,1.6032,-0.1209,1.4737,-5.168,6.1588,-7.4089,0.0,0.0
1779744290613,2,12.00000018,Upper Delivery,Delivery,pitch.1,702180,1.6444,0.3336,1.0043,-1.171,2.5446,-6.2026,0.0,0.0
1779744290613,2,Pitching Mound.Delivery,,Delivery,pitch.1,700545,10.9976,-59.1192,182.6445,-131.9801,213.667,38.8329,-0.1081,0.2366
1779744290613,2,Pitching Mound.Delivery,,Delivery,pitch.1,700546,11.1683,-58.0863,183.9419,-128.3265,208.7674,40.2378,-0.1067,0.2385
1779744290613,2,Pitching Mound.Drive,,Delivery,pitch.1,701411,-0.2993,-0.0694,0.855,0.3393,-0.6443,-1.1082,0.0,0.0
1779744290613,2,Pitching Mound.Parent,,Delivery,pitch.1,699869,10.7488,-59.2013,183.4194,-131.6298,212.8893,37.7428,-0.1076,0.2356
1779744290613,2,Pitching Mound.Parent,,Delivery,pitch.1,699870,10.869,-58.1557,184.7969,-127.9872,208.1231,39.1296,-0.1062,0.2374
1779744290614,2,11.0000004b,Drive,Delivery,pitch.1,701412,-0.3345,-0.0558,0.9735,0.3449,-0.4926,-1.1174,0.0,0.0
1779744290614,2,12.00000015,Lower Delivery,Delivery,pitch.1,701494,9.5238,-58.3224,185.7005,-193.7841,204.7608,48.2445,-0.1049,-0.0993
1779744290614,2,12.00000018,Upper Delivery,Delivery,pitch.1,702181,1.2514,0.6652,0.6942,0.4858,0.8319,-4.4782,0.0,0.0
1779744290614,2,Pitching Mound.Delivery,,Delivery,pitch.1,700547,10.7751,-57.6572,186.3947,-130.3963,205.5927,40.9536,-0.1045,0.2386
1779744290614,2,Pitching Mound.Drive,,Delivery,pitch.1,701412,-0.3345,-0.0558,0.9735,0.3449,-0.4926,-1.1174,0.0,0.0
1779744290614,2,Pitching Mound.Parent,,Delivery,pitch.1,699871,10.4407,-57.7129,187.3682,-130.0513,205.1001,39.8363,-0.104,0.2373
1779744290615,2,11.0000004b,Drive,Delivery,pitch.1,701413,-0.3519,-0.043,1.0268,0.3407,-0.501,-1.114,0.0,0.0
1779744290615,2,12.00000015,Lower Delivery,Delivery,pitch.1,701495,9.3547,-58.194,188.1053,-199.6682,202.9229,46.1993,-0.1026,-0.101
1779744290615,2,12.00000018,Upper Delivery,Delivery,pitch.1,702182,1.2515,0.5654,1.0696,0.3096,0.5673,-3.1044,0.0,0.0
1779744290615,2,Pitching Mound.Delivery,,Delivery,pitch.1,700548,10.6062,-57.6285,189.1749,-135.7665,203.4903,40.3398,-0.102,0.2357
1779744290615,2,Pitching Mound.Drive,,Delivery,pitch.1,701413,-0.3519,-0.043,1.0268,0.3407,-0.501,-1.114,0.0,0.0
1779744290615,2,Pitching Mound.Parent,,Delivery,pitch.1,699872,10.2543,-57.6716,190.2016,-135.4258,202.9893,39.2257,-0.1015,0.2345
1779744290616,2,11.0000004b,Drive,Delivery,pitch.1,701414,-0.3457,-0.0336,0.9716,0.2543,-0.5224,-1.1122,0.0,0.0
1779744290616,2,12.00000015,Lower Delivery,Delivery,pitch.1,701496,8.8161,-57.9708,190.179,-204.5437,202.8604,44.066,-0.1015,-0.1023
1779744290616,2,12.00000018,Upper Delivery,Delivery,pitch.1,702183,0.9996,0.3426,1.3911,0.12,0.2825,-1.6258,0.0,0.0
1779744290616,2,Pitching Mound.Delivery,,Delivery,pitch.1,700549,9.8158,-57.6282,191.5702,-140.2358,203.143,39.7825,-0.1007,0.2335
1779744290616,2,Pitching Mound.Drive,,Delivery,pitch.1,701414,-0.3457,-0.0336,0.9716,0.2543,-0.5224,-1.1122,0.0,0.0
1779744290616,2,Pitching Mound.Parent,,Delivery,pitch.1,699873,9.4701,-57.6619,192.5418,-139.9815,202.6205,38.6703,-0.1002,0.2323
1779744290617,2,11.0000004b,Drive,Delivery,pitch.1,701415,-0.3336,-0.0226,0.965,0.2462,-0.5049,-1.1067,0.0,0.0
1779744290617,2,12.00000015,Lower Delivery,Delivery,pitch.1,701497,8.11,-58.1621,193.1302,-211.5145,202.2127,41.0635,-0.0996,-0.1042
1779744290617,2,12.00000018,Upper Delivery,Delivery,pitch.1,702184,0.641,-0.1658,0.1622,0.1045,0.2593,-1.5054,0.0,0.0
1779744290617,2,Pitching Mound.Delivery,,Delivery,pitch.1,700550,8.751,-58.3279,193.2923,-145.8008,202.4721,37.0186,-0.0995,0.2353
1779744290617,2,Pitching Mound.Drive,,Delivery,pitch.1,701415,-0.3336,-0.0226,0.965,0.2462,-0.5049,-1.1067,0.0,0.0
1779744290617,2,Pitching Mound.Parent,,Delivery,pitch.1,699874,8.4175,-58.3505,194.2573,-145.5546,201.9671,35.9119,-0.099,0.2342
1779744290618,2,11.0000004b,Drive,Delivery,pitch.1,701416,-0.3152,-0.0302,0.8872,0.152,-0.6596,-1.0931,0.0,0.0
1779744290618,2,12.00000015,Lower Delivery,Delivery,pitch.1,701498,7.3938,-58.3232,195.0535,-219.3733,202.0978,38.4743,-0.0986,-0.107
1779744290618,2,12.00000018,Upper Delivery,Delivery,pitch.1,702185,0.667,0.021,0.293,0.0102,0.1177,-0.77,0.0,0.0
1779744290618,2,Pitching Mound.Delivery,,Delivery,pitch.1,700551,8.0608,-58.3022,195.3465,-153.1445,202.2155,35.4172,-0.0984,0.2322
1779744290618,2,Pitching Mound.Drive,,Delivery,pitch.1,701416,-0.3152,-0.0302,0.8872,0.152,-0.6596,-1.0931,0.0,0.0
1779744290618,2,Pitching Mound.Parent,,Delivery,pitch.1,699875,7.7455,-58.3323,196.2337,-152.9925,201.5559,34.3241,-0.098,0.2311
1779744290619,2,11.0000004b,Drive,Delivery,pitch.1,701417,-0.2771,-0.0258,0.825,0.1712,-0.3971,-1.0467,0.0,0.0
1779744290619,2,12.00000015,Lower Delivery,Delivery,pitch.1,701499,6.7819,-58.2989,197.0185,-224.9524,201.8378,35.7579,-0.0975,-0.1086
1779744290619,2,12.00000018,Upper Delivery,Delivery,pitch.1,702186,0.1509,-0.4773,-0.8503,-0.0884,-0.0304,-0.0012,0.0,0.0
1779744290619,2,Pitching Mound.Delivery,,Delivery,pitch.1,700552,6.9328,-58.7762,196.1682,-157.7654,201.8075,33.5021,-0.0979,0.2339
1779744290619,2,Pitching Mound.Drive,,Delivery,pitch.1,701417,-0.2771,-0.0258,0.825,0.1712,-0.3971,-1.0467,0.0,0.0
1779744290619,2,Pitching Mound.Parent,,Delivery,pitch.1,699876,6.6557,-58.802,196.9933,-157.5942,201.4103,32.4555,-0.0975,0.2329
1779744290620,2,11.0000004b,Drive,Delivery,pitch.1,701418,-0.2399,-0.0332,0.7858,0.1887,-0.4619,-1.0196,0.0,0.0
1779744290620,2,12.00000015,Lower Delivery,Delivery,pitch.1,701500,6.1934,-58.4731,198.469,-229.9855,201.1885,33.4562,-0.0964,-0.1102
1779744290620,2,12.00000018,Upper Delivery,Delivery,pitch.1,702187,-0.0773,-0.8173,-1.9898,-0.0884,-0.0304,-0.0012,0.0,0.0
1779744290620,2,Pitching Mound.Delivery,,Delivery,pitch.1,700553,6.1161,-59.2904,196.4793,-161.9179,201.1582,31.323,-0.0974,0.2355
1779744290620,2,Pitching Mound.Drive,,Delivery,pitch.1,701418,-0.2399,-0.0332,0.7858,0.1887,-0.4619,-1.0196,0.0,0.0
1779744290620,2,Pitching Mound.Parent,,Delivery,pitch.1,699877,5.8762,-59.3236,197.2651,-161.7291,200.6962,30.3033,-0.097,0.2346
1779744290621,2,11.0000004b,Drive,Delivery,pitch.1,701419,-0.1969,-0.0423,0.6882,0.2034,-0.4101,-1.0102,0.0,0.0
1779744290621,2,12.00000015,Lower Delivery,Delivery,pitch.1,701501,5.8442,-58.6941,199.1786,-232.4659,202.2528,31.7839,-0.0966,-0.111
1779744290621,2,12.00000018,Upper Delivery,Delivery,pitch.1,702188,-0.1301,-1.3884,-1.5579,-0.0794,-0.017,-0.0708,0.0,0.0
1779744290621,2,Pitching Mound.Delivery,,Delivery,pitch.1,700554,5.714,-60.0825,197.6207,-164.2949,202.2358,29.6818,-0.0974,0.2335
1779744290621,2,Pitching Mound.Drive,,Delivery,pitch.1,701419,-0.1969,-0.0423,0.6882,0.2034,-0.4101,-1.0102,0.0,0.0
1779744290621,2,Pitching Mound.Parent,,Delivery,pitch.1,699878,5.5171,-60.1248,198.3089,-164.0915,201.8257,28.6716,-0.097,0.2326
1779744290622,2,11.0000004b,Drive,Delivery,pitch.1,701420,-0.1687,-0.0579,0.5646,0.1808,-0.4139,-0.9807,0.0,0.0
1779744290622,2,12.00000015,Lower Delivery,Delivery,pitch.1,701502,5.6098,-58.8418,200.4343,-234.4073,203.8782,30.744,-0.0968,-0.1113
1779744290622,2,12.00000018,Upper Delivery,Delivery,pitch.1,702189,-0.0686,-0.8144,-0.7842,0.0082,0.1146,-0.7538,0.0,0.0
1779744290622,2,Pitching Mound.Delivery,,Delivery,pitch.1,700555,5.5412,-59.6563,199.6501,-165.9849,203.9928,28.0595,-0.0971,0.231
1779744290622,2,Pitching Mound.Drive,,Delivery,pitch.1,701420,-0.1687,-0.0579,0.5646,0.1808,-0.4139,-0.9807,0.0,0.0
1779744290622,2,Pitching Mound.Parent,,Delivery,pitch.1,699879,5.3725,-59.7142,200.2147,-165.8041,203.5789,27.0788,-0.0969,0.2303
1779744290623,2,11.0000004b,Drive,Delivery,pitch.1,701421,-0.106,-0.0549,0.4483,0.1993,-0.4317,-0.9574,0.0,0.0
1779744290623,2,12.00000015,Lower Delivery,Delivery,pitch.1,701503,5.451,-59.1258,200.3065,-236.2869,205.8139,30.4208,-0.0977,-0.1122
1779744290623,2,12.00000018,Upper Delivery,Delivery,pitch.1,702190,-0.142,-0.3566,-0.7741,-0.0078,0.0907,-0.6297,0.0,0.0
1779744290623,2,Pitching Mound.Delivery,,Delivery,pitch.1,700556,5.3089,-59.4825,199.5324,-167.9273,205.9045,27.8895,-0.0981,0.23
1779744290623,2,Pitching Mound.Drive,,Delivery,pitch.1,701421,-0.106,-0.0549,0.4483,0.1993,-0.4317,-0.9574,0.0,0.0
1779744290623,2,Pitching Mound.Parent,,Delivery,pitch.1,699880,5.203,-59.5374,199.9807,-167.728,205.4728,26.932,-0.0979,0.2295
1779744290624,2,11.0000004b,Drive,Delivery,pitch.1,701422,-0.0804,-0.0586,0.3981,0.221,-0.5046,-0.9291,0.0,0.0
1779744290624,2,12.00000015,Lower Delivery,Delivery,pitch.1,701504,5.5517,-59.3168,200.3178,-236.8741,207.9949,30.7299,-0.0988,-0.1125
1779744290624,2,12.00000018,Upper Delivery,Delivery,pitch.1,702191,-0.5334,0.231,0.5486,0.07,0.2075,-1.236,0.0,0.0
1779744290624,2,Pitching Mound.Delivery,,Delivery,pitch.1,700557,5.0184,-59.0858,200.8664,-168.8825,208.2023,27.425,-0.0985,0.226
1779744290624,2,Pitching Mound.Drive,,Delivery,pitch.1,701422,-0.0804,-0.0586,0.3981,0.221,-0.5046,-0.9291,0.0,0.0
1779744290624,2,Pitching Mound.Parent,,Delivery,pitch.1,699881,4.938,-59.1444,201.2645,-168.6616,207.6977,26.4958,-0.0983,0.2255
1779744290625,2,11.0000004b,Drive,Delivery,pitch.1,701423,-0.0452,-0.069,0.3598,0.2668,-0.5344,-0.9296,0.0,0.0
1779744290625,2,12.00000015,Lower Delivery,Delivery,pitch.1,701505,5.4602,-59.5087,200.0088,-235.7046,207.5739,31.3547,-0.0987,-0.1121
1779744290625,2,12.00000018,Upper Delivery,Delivery,pitch.1,702192,-0.6136,-0.0524,-0.6058,0.2683,0.5053,-2.7825,0.0,0.0
1779744290625,2,Pitching Mound.Delivery,,Delivery,pitch.1,700558,4.8467,-59.5611,199.403,-167.2273,208.0792,26.507,-0.099,0.2296
1779744290625,2,Pitching Mound.Drive,,Delivery,pitch.1,701423,-0.0452,-0.069,0.3598,0.2668,-0.5344,-0.9296,0.0,0.0
1779744290625,2,Pitching Mound.Parent,,Delivery,pitch.1,699882,4.8015,-59.6301,199.7627,-166.9605,207.5447,25.5775,-0.0988,0.2292
1779744290626,2,11.0000004b,Drive,Delivery,pitch.1,701424,-0.0329,-0.0936,0.334,0.2688,-0.6051,-0.9314,0.0,0.0
1779744290626,2,12.00000015,Lower Delivery,Delivery,pitch.1,701506,5.6298,-59.7854,199.1572,-233.1554,210.0915,32.3177,-0.1004,-0.1114
1779744290626,2,12.00000018,Upper Delivery,Delivery,pitch.1,702193,-0.425,0.1587,0.7946,0.3283,0.5954,-3.2503,0.0,0.0
1779744290626,2,Pitching Mound.Delivery,,Delivery,pitch.1,700559,5.2048,-59.6267,199.9518,-165.3838,210.6869,27.0088,-0.1,0.2264
1779744290626,2,Pitching Mound.Drive,,Delivery,pitch.1,701424,-0.0329,-0.0936,0.334,0.2688,-0.6051,-0.9314,0.0,0.0
1779744290626,2,Pitching Mound.Parent,,Delivery,pitch.1,699883,5.1719,-59.7204,200.2858,-165.1151,210.0818,26.0774,-0.0998,0.226
1779744290627,2,11.0000004b,Drive,Delivery,pitch.1,701425,-0.0185,-0.1025,0.3384,0.3137,-0.6202,-0.9261,0.0,0.0
1779744290627,2,12.00000015,Lower Delivery,Delivery,pitch.1,701507,5.8739,-59.9084,197.7044,-231.5367,210.0878,33.4703,-0.1011,-0.1114
1779744290627,2,12.00000018,Upper Delivery,Delivery,pitch.1,702194,-0.0858,0.0935,-0.0529,0.4621,0.7963,-4.2935,0.0,0.0
1779744290627,2,Pitching Mound.Delivery,,Delivery,pitch.1,700560,5.7881,-59.8149,197.6515,-163.8372,210.8841,27.1506,-0.1011,0.2287
1779744290627,2,Pitching Mound.Drive,,Delivery,pitch.1,701425,-0.0185,-0.1025,0.3384,0.3137,-0.6202,-0.9261,0.0,0.0
1779744290627,2,Pitching Mound.Parent,,Delivery,pitch.1,699884,5.7696,-59.9174,197.9899,-163.5235,210.2639,26.2244,-0.1009,0.2284
1779744290628,2,11.0000004b,Drive,Delivery,pitch.1,701426,-0.0081,-0.0952,0.3117,0.2864,-0.568,-0.9361,0.0,0.0
1779744290628,2,12.00000015,Lower Delivery,Delivery,pitch.1,701508,6.3824,-59.8373,196.7515,-229.0353,214.9428,35.2572,-0.1039,-0.1107
1779744290628,2,12.00000018,Upper Delivery,Delivery,pitch.1,702195,-0.1859,0.0713,0.1958,-1.616,0.8735,-5.675,0.0,0.0
1779744290628,2,Pitching Mound.Delivery,,Delivery,pitch.1,700561,6.1965,-59.766,196.9473,-163.8223,215.8163,27.349,-0.1038,0.2287
1779744290628,2,Pitching Mound.Drive,,Delivery,pitch.1,701426,-0.0081,-0.0952,0.3117,0.2864,-0.568,-0.9361,0.0,0.0
1779744290628,2,Pitching Mound.Parent,,Delivery,pitch.1,699885,6.1884,-59.8611,197.259,-163.536,215.2483,26.413,-0.1037,0.2283
1779744290629,2,11.0000004b,Drive,Delivery,pitch.1,701427,-0.008,-0.0668,0.3519,0.3636,-0.5202,-0.9787,0.0,0.0
1779744290629,2,12.00000015,Lower Delivery,Delivery,pitch.1,701509,6.47,-60.0193,195.399,-227.5938,214.4059,36.4197,-0.1044,-0.1108
1779744290629,2,12.00000018,Upper Delivery,Delivery,pitch.1,702196,-0.1726,0.2191,0.6613,-5.0886,-0.0529,-6.3092,0.0,0.0
1779744290629,2,Pitching Mound.Delivery,,Delivery,pitch.1,700562,6.2974,-59.8002,196.0603,-166.4716,214.3529,27.852,-0.104,0.2273
1779744290629,2,Pitching Mound.Drive,,Delivery,pitch.1,701427,-0.008,-0.0668,0.3519,0.3636,-0.5202,-0.9787,0.0,0.0
1779744290629,2,Pitching Mound.Parent,,Delivery,pitch.1,699886,6.2894,-59.867,196.4122,-166.108,213.8327,26.8734,-0.1038,0.2269
1779744290630,2,11.0000004b,Drive,Delivery,pitch.1,701428,-0.0161,-0.0496,0.3844,0.34,-0.461,-1.0237,0.0,0.0
1779744290630,2,12.00000015,Lower Delivery,Delivery,pitch.1,701510,6.6571,-60.0789,194.2242,-225.595,214.162,37.4175,-0.1049,-0.1105
1779744290630,2,12.00000018,Upper Delivery,Delivery,pitch.1,702197,-0.4361,0.4683,1.8701,-7.7486,-0.9177,-6.2152,0.0,0.0
1779744290630,2,Pitching Mound.Delivery,,Delivery,pitch.1,700563,6.221,-59.6107,196.0943,-167.9432,213.2443,28.7907,-0.1039,0.2241
1779744290630,2,Pitching Mound.Drive,,Delivery,pitch.1,701428,-0.0161,-0.0496,0.3844,0.34,-0.461,-1.0237,0.0,0.0
1779744290630,2,Pitching Mound.Parent,,Delivery,pitch.1,699887,6.2049,-59.6603,196.4787,-167.6032,212.7834,27.7669,-0.1037,0.2236
1779744290631,2,11.0000004b,Drive,Delivery,pitch.1,701429,-0.0291,-0.0455,0.4175,0.3251,-0.3375,-1.0473,0.0,0.0
1779744290631,2,12.00000015,Lower Delivery,Delivery,pitch.1,701511,6.9697,-60.2135,193.7205,-224.5175,214.7547,38.4151,-0.1055,-0.1103
1779744290631,2,12.00000018,Upper Delivery,Delivery,pitch.1,702198,-0.6521,0.7806,3.1341,-6.1821,-1.0516,-5.6338,0.0319,-0.1876
1779744290631,2,Pitching Mound.Delivery,,Delivery,pitch.1,700564,6.3176,-59.433,196.8546,-165.9002,213.7031,30.1899,-0.1033,0.2177
1779744290631,2,Pitching Mound.Drive,,Delivery,pitch.1,701429,-0.0291,-0.0455,0.4175,0.3251,-0.3375,-1.0473,0.0,0.0
1779744290631,2,Pitching Mound.Parent,,Delivery,pitch.1,699888,6.2885,-59.4784,197.2721,-165.5751,213.3656,29.1426,-0.1031,0.2172
1779744290632,2,11.0000004b,Drive,Delivery,pitch.1,701430,-0.0446,-0.0442,0.4955,0.3504,-0.2437,-1.0747,0.0,0.0
1779744290632,2,12.00000015,Lower Delivery,Delivery,pitch.1,701512,6.9011,-60.2112,193.0815,-222.2357,212.3632,38.3191,-0.1046,-0.1095
1779744290632,2,12.00000018,Upper Delivery,Delivery,pitch.1,702199,-0.2655,0.8003,2.4153,-4.6411,-1.4656,-4.2048,0.0577,-0.1828
1779744290632,2,Pitching Mound.Delivery,,Delivery,pitch.1,700565,6.6356,-59.4109,195.4969,-162.0503,210.8976,31.6777,-0.1026,0.2212
1779744290632,2,Pitching Mound.Drive,,Delivery,pitch.1,701430,-0.0446,-0.0442,0.4955,0.3504,-0.2437,-1.0747,0.0,0.0
1779744290632,2,Pitching Mound.Parent,,Delivery,pitch.1,699889,6.591,-59.4551,195.9924,-161.6999,210.6539,30.603,-0.1024,0.2206
1779744290633,2,11.0000004b,Drive,Delivery,pitch.1,701431,-0.0645,-0.043,0.5265,0.3382,-0.143,-1.0902,0.0,0.0
1779744290633,2,12.00000015,Lower Delivery,Delivery,pitch.1,701513,6.8792,-60.1761,192.7617,-223.7089,211.4544,37.9388,-0.1044,-0.1104
1779744290633,2,12.00000018,Upper Delivery,Delivery,pitch.1,702200,-0.4276,1.0122,3.3935,-7.8441,-1.9386,-3.8737,0.0543,-0.2199
1779744290633,2,Pitching Mound.Delivery,,Delivery,pitch.1,700566,6.4516,-59.1639,196.1552,-167.1678,209.5158,31.5808,-0.1016,0.2159
1779744290633,2,Pitching Mound.Drive,,Delivery,pitch.1,701431,-0.0645,-0.043,0.5265,0.3382,-0.143,-1.0902,0.0,0.0
1779744290633,2,Pitching Mound.Parent,,Delivery,pitch.1,699890,6.3871,-59.2069,196.6818,-166.8297,209.3728,30.4906,-0.1013,0.2154
1779744290634,2,11.0000004b,Drive,Delivery,pitch.1,701432,-0.0875,-0.0417,0.5663,0.3467,-0.1443,-1.1329,0.0,0.0
1779744290634,2,12.00000015,Lower Delivery,Delivery,pitch.1,701514,6.7918,-60.2305,192.4624,-224.8156,209.6841,37.238,-0.1036,-0.1111
1779744290634,2,12.00000018,Upper Delivery,Delivery,pitch.1,702201,-0.2915,1.0512,3.0816,-6.3193,-2.1032,-3.1605,0.0649,-0.1951
1779744290634,2,Pitching Mound.Delivery,,Delivery,pitch.1,700567,6.5002,-59.1793,195.544,-166.7454,207.5809,31.6692,-0.101,0.2168
1779744290634,2,Pitching Mound.Drive,,Delivery,pitch.1,701432,-0.0875,-0.0417,0.5663,0.3467,-0.1443,-1.1329,0.0,0.0
1779744290634,2,Pitching Mound.Parent,,Delivery,pitch.1,699891,6.4127,-59.221,196.1102,-166.3987,207.4366,30.5363,-0.1007,0.2162
1779744290635,2,11.0000004b,Drive,Delivery,pitch.1,701433,-0.1038,-0.043,0.6028,0.3489,-0.0407,-1.1503,0.0,0.0
1779744290635,2,12.00000015,Lower Delivery,Delivery,pitch.1,701515,6.4925,-60.143,191.7186,-226.3125,207.2201,35.8463,-0.1028,-0.1123
1779744290635,2,12.00000018,Upper Delivery,Delivery,pitch.1,702202,-0.1782,0.8401,1.6547,-2.1827,1.7424,-2.2449,0.0,0.0
1779744290635,2,Pitching Mound.Delivery,,Delivery,pitch.1,700568,6.3143,-59.3029,193.3734,-163.8734,208.9625,31.3333,-0.1019,0.2228
1779744290635,2,Pitching Mound.Drive,,Delivery,pitch.1,701433,-0.1038,-0.043,0.6028,0.3489,-0.0407,-1.1503,0.0,0.0
1779744290635,2,Pitching Mound.Parent,,Delivery,pitch.1,699892,6.2105,-59.3458,193.9762,-163.5245,208.9217,30.183,-0.1016,0.2222
1779744290636,2,11.0000004b,Drive,Delivery,pitch.1,701434,-0.1187,-0.0485,0.6115,0.3167,-0.1161,-1.156,0.0,0.0
1779744290636,2,12.00000015,Lower Delivery,Delivery,pitch.1,701516,5.9442,-60.085,191.4678,-227.9843,202.6501,34.0702,-0.1007,-0.1133
1779744290636,2,12.00000018,Upper Delivery,Delivery,pitch.1,702203,0.0158,0.3435,0.9697,0.022,0.1353,-0.8616,0.0,0.0
1779744290636,2,Pitching Mound.Delivery,,Delivery,pitch.1,700569,5.96,-59.7414,192.4375,-163.1929,202.7855,31.193,-0.1002,0.2239
1779744290636,2,Pitching Mound.Drive,,Delivery,pitch.1,701434,-0.1187,-0.0485,0.6115,0.3167,-0.1161,-1.156,0.0,0.0
1779744290636,2,Pitching Mound.Parent,,Delivery,pitch.1,699893,5.8414,-59.79,193.049,-162.8762,202.6693,30.037,-0.0999,0.2232
1779744290637,2,11.0000004b,Drive,Delivery,pitch.1,701435,-0.1327,-0.0488,0.6652,0.3028,-0.0698,-1.1327,0.0,0.0
1779744290637,2,12.00000015,Lower Delivery,Delivery,pitch.1,701517,5.4122,-59.9398,190.8074,-229.9788,200.0818,32.0675,-0.0998,-0.1147
1779744290637,2,12.00000018,Upper Delivery,Delivery,pitch.1,702204,-0.5403,-0.5922,0.6678,0.0322,0.1507,-0.9412,0.0,0.0
1779744290637,2,Pitching Mound.Delivery,,Delivery,pitch.1,700570,4.8719,-60.532,191.4752,-165.2992,200.2325,29.1024,-0.0994,0.2234
1779744290637,2,Pitching Mound.Drive,,Delivery,pitch.1,701435,-0.1327,-0.0488,0.6652,0.3028,-0.0698,-1.1327,0.0,0.0
1779744290637,2,Pitching Mound.Parent,,Delivery,pitch.1,699894,4.7392,-60.5808,192.1404,-164.9964,200.1627,27.9697,-0.0991,0.2226
1779744290638,2,11.0000004b,Drive,Delivery,pitch.1,701437,-0.1379,-0.0576,0.6227,0.2357,-0.3018,-1.148,0.0,0.0
1779744290638,2,11.0000004b,Drive,Delivery,pitch.1,701436,-0.1336,-0.05,0.6088,0.2551,-0.1386,-1.134,0.0,0.0
1779744290638,2,12.00000015,Lower Delivery,Delivery,pitch.1,701518,4.7963,-59.8741,190.7727,-230.0462,192.4439,29.8667,-0.096,-0.1147
1779744290638,2,12.00000018,Upper Delivery,Delivery,pitch.1,702205,-0.0715,-0.2154,0.0501,0.0622,0.1957,-1.1751,0.0,0.0
1779744290638,2,Pitching Mound.Delivery,,Delivery,pitch.1,700571,4.7247,-60.0895,190.8228,-165.1383,192.6397,27.0365,-0.0959,0.2251
1779744290638,2,Pitching Mound.Drive,,Delivery,pitch.1,701437,-0.1379,-0.0576,0.6227,0.2357,-0.3018,-1.148,0.0,0.0
1779744290638,2,Pitching Mound.Drive,,Delivery,pitch.1,701436,-0.1336,-0.05,0.6088,0.2551,-0.1386,-1.134,0.0,0.0
1779744290638,2,Pitching Mound.Parent,,Delivery,pitch.1,699895,4.5911,-60.1395,191.4316,-164.8832,192.5011,25.9025,-0.0956,0.2244
1779744290639,2,11.0000004b,Drive,Delivery,pitch.1,701438,-0.129,-0.0585,0.6153,0.2261,-0.3964,-1.1201,0.0,0.0
1779744290639,2,12.00000015,Lower Delivery,Delivery,pitch.1,701519,4.168,-59.6958,190.5716,-231.7882,188.6373,27.113,-0.0942,-0.1157
1779744290639,2,12.00000018,Upper Delivery,Delivery,pitch.1,702206,-0.2394,-0.3179,0.978,0.0334,0.1526,-0.9509,0.0,0.0
1779744290639,2,Pitching Mound.Delivery,,Delivery,pitch.1,700572,3.9286,-60.0137,191.5496,-167.2929,188.7898,24.6636,-0.0937,0.2214
1779744290639,2,Pitching Mound.Drive,,Delivery,pitch.1,701438,-0.129,-0.0585,0.6153,0.2261,-0.3964,-1.1201,0.0,0.0
1779744290639,2,Pitching Mound.Parent,,Delivery,pitch.1,699896,3.7907,-60.0712,192.1723,-167.0572,188.4881,23.5156,-0.0934,0.2207
1779744290640,2,11.0000004b,Drive,Delivery,pitch.1,701439,-0.1146,-0.0561,0.5243,0.2073,-0.5458,-1.0845,0.0,0.0
1779744290640,2,12.00000015,Lower Delivery,Delivery,pitch.1,701520,3.313,-59.608,192.4084,-230.2919,181.8448,24.7731,-0.0899,-0.1139
1779744290640,2,12.00000018,Upper Delivery,Delivery,pitch.1,702207,0.2214,-0.3642,0.2524,0.1702,0.3579,-2.0171,0.0,0.0
1779744290640,2,Pitching Mound.Delivery,,Delivery,pitch.1,700573,3.5344,-59.9721,192.6608,-164.7887,182.2027,21.7048,-0.0898,0.2254
1779744290640,2,Pitching Mound.Drive,,Delivery,pitch.1,701439,-0.1146,-0.0561,0.5243,0.2073,-0.5458,-1.0845,0.0,0.0
1779744290640,2,Pitching Mound.Parent,,Delivery,pitch.1,699897,3.4055,-60.0306,193.276,-164.5627,181.8063,20.5848,-0.0895,0.2247
1779744290641,2,11.0000004b,Drive,Delivery,pitch.1,701440,-0.1015,-0.0578,0.4976,0.1724,-0.7322,-1.0561,0.0,0.0
1779744290641,2,12.00000015,Lower Delivery,Delivery,pitch.1,701521,2.5617,-59.559,191.7349,-228.448,175.3683,22.2244,-0.087,-0.1133
1779744290641,2,12.00000018,Upper Delivery,Delivery,pitch.1,702208,0.6598,0.2725,0.2139,0.0702,0.2078,-1.2375,0.0,0.0
1779744290641,2,Pitching Mound.Delivery,,Delivery,pitch.1,700574,3.2215,-59.2865,191.9488,-163.2607,175.576,20.3402,-0.0869,0.226
1779744290641,2,Pitching Mound.Drive,,Delivery,pitch.1,701440,-0.1015,-0.0578,0.4976,0.1724,-0.7322,-1.0561,0.0,0.0
1779744290641,2,Pitching Mound.Parent,,Delivery,pitch.1,699898,3.1069,-59.3426,192.4732,-163.0534,175.0302,19.2557,-0.0867,0.2254
1779744290642,2,11.0000004b,Drive,Delivery,pitch.1,701441,-0.0928,-0.0638,0.5139,0.2038,-0.8222,-1.0322,0.0,0.0
1779744290642,2,12.00000015,Lower Delivery,Delivery,pitch.1,701522,1.8494,-59.6851,191.7815,-225.2223,169.1817,19.1318,-0.0839,-0.1117
1779744290642,2,12.00000018,Upper Delivery,Delivery,pitch.1,702209,0.6417,0.0698,0.5759,-0.0031,0.0977,-0.6664,0.0,0.0
1779744290642,2,Pitching Mound.Delivery,,Delivery,pitch.1,700575,2.4911,-59.6153,192.3574,-160.2154,169.2794,18.0548,-0.0837,0.2266
1779744290642,2,Pitching Mound.Drive,,Delivery,pitch.1,701441,-0.0928,-0.0638,0.5139,0.2038,-0.8222,-1.0322,0.0,0.0
1779744290642,2,Pitching Mound.Parent,,Delivery,pitch.1,699899,2.3895,-59.6731,192.8551,-160.043,168.5472,16.9988,-0.0835,0.226
1779744290643,2,11.0000004b,Drive,Delivery,pitch.1,701442,-0.0811,-0.0613,0.5047,0.1981,-0.8409,-1.0061,0.0,0.0
1779744290643,2,12.00000015,Lower Delivery,Delivery,pitch.1,701523,1.0652,-59.8009,190.7138,-221.8493,161.3904,16.856,-0.0805,-0.1107
1779744290643,2,12.00000018,Upper Delivery,Delivery,pitch.1,702210,0.5579,-0.0831,0.1767,0.0645,0.1992,-1.1931,0.0,0.0
1779744290643,2,Pitching Mound.Delivery,,Delivery,pitch.1,700576,1.6232,-59.884,190.8904,-157.0022,161.5896,15.4904,-0.0804,0.2288
1779744290643,2,Pitching Mound.Drive,,Delivery,pitch.1,701442,-0.0811,-0.0613,0.5047,0.1981,-0.8409,-1.0061,0.0,0.0
1779744290643,2,Pitching Mound.Parent,,Delivery,pitch.1,699900,1.5304,-59.9478,191.4043,-156.7984,160.7674,14.4582,-0.0802,0.2282
1779744290644,2,11.0000004b,Drive,Delivery,pitch.1,701443,-0.0739,-0.0596,0.5216,0.1623,-0.8112,-0.9724,0.0,0.0
1779744290644,2,12.00000015,Lower Delivery,Delivery,pitch.1,701524,0.3344,-59.8993,189.5224,-218.6324,157.4691,13.4634,-0.079,-0.1097
1779744290644,2,12.00000018,Upper Delivery,Delivery,pitch.1,702211,0.5093,-0.1264,-0.0735,0.048,0.1744,-1.0642,0.0,0.0
1779744290644,2,Pitching Mound.Delivery,,Delivery,pitch.1,700577,0.8436,-60.0258,189.4489,-154.1218,157.6434,12.4586,-0.0791,0.2305
1779744290644,2,Pitching Mound.Drive,,Delivery,pitch.1,701443,-0.0739,-0.0596,0.5216,0.1623,-0.8112,-0.9724,0.0,0.0
1779744290644,2,Pitching Mound.Parent,,Delivery,pitch.1,699901,0.7625,-60.0871,189.9535,-153.9238,156.8026,11.4525,-0.0789,0.2299
1779744290645,2,11.0000004b,Drive,Delivery,pitch.1,701444,-0.0678,-0.057,0.4987,0.1928,-0.712,-0.9413,0.0,0.0
1779744290645,2,12.00000015,Lower Delivery,Delivery,pitch.1,701525,-0.4003,-59.9751,187.7653,-215.468,152.6954,10.5535,-0.0774,-0.1092
1779744290645,2,12.00000018,Upper Delivery,Delivery,pitch.1,702212,0.5076,-0.1423,-0.0583,0.057,0.188,-1.1348,0.0,0.0
1779744290645,2,Pitching Mound.Delivery,,Delivery,pitch.1,700578,0.1074,-60.1173,187.707,-151.551,152.8834,9.7274,-0.0774,0.231
1779744290645,2,Pitching Mound.Drive,,Delivery,pitch.1,701444,-0.0678,-0.057,0.4987,0.1928,-0.712,-0.9413,0.0,0.0
1779744290645,2,Pitching Mound.Parent,,Delivery,pitch.1,699902,0.0334,-60.1769,188.2285,-151.3887,152.0722,8.7549,-0.0772,0.2304
1779744290646,2,11.0000004b,Drive,Delivery,pitch.1,701445,-0.0577,-0.0555,0.5024,0.185,-0.7766,-0.9495,0.0,0.0
1779744290646,2,12.00000015,Lower Delivery,Delivery,pitch.1,701526,-1.2866,-60.2713,185.3002,-211.217,147.4768,8.1912,-0.0757,-0.1084
1779744290646,2,12.00000018,Upper Delivery,Delivery,pitch.1,702213,0.3285,-0.3368,-0.1889,0.1092,0.2663,-1.5415,0.0,0.0
1779744290646,2,Pitching Mound.Delivery,,Delivery,pitch.1,700579,-0.9581,-60.6081,185.1113,-148.0416,147.7431,7.1989,-0.0758,0.2321
1779744290646,2,Pitching Mound.Drive,,Delivery,pitch.1,701445,-0.0577,-0.0555,0.5024,0.185,-0.7766,-0.9495,0.0,0.0
1779744290646,2,Pitching Mound.Parent,,Delivery,pitch.1,699903,-1.0259,-60.6651,185.61,-147.8488,147.0311,6.2576,-0.0756,0.2315
1779744290647,2,11.0000004b,Drive,Delivery,pitch.1,701446,-0.0551,-0.0507,0.4958,0.147,-0.7206,-0.9679,0.0,0.0
1779744290647,2,12.00000015,Lower Delivery,Delivery,pitch.1,701527,-2.2338,-60.5727,182.0129,-208.4308,142.992,5.4629,-0.0747,-0.1089
1779744290647,2,12.00000018,Upper Delivery,Delivery,pitch.1,702214,0.0721,-0.5658,-0.5253,0.0418,0.1652,-1.0166,0.0,0.0
1779744290647,2,Pitching Mound.Delivery,,Delivery,pitch.1,700580,-2.1617,-61.1385,181.4876,-146.326,143.1572,5.2303,-0.075,0.2327
1779744290647,2,Pitching Mound.Drive,,Delivery,pitch.1,701446,-0.0551,-0.0507,0.4958,0.147,-0.7206,-0.9679,0.0,0.0
1779744290647,2,Pitching Mound.Parent,,Delivery,pitch.1,699904,-2.2194,-61.194,181.99,-146.141,142.3806,4.2808,-0.0747,0.2321
1779744290648,2,11.0000004b,Drive,Delivery,pitch.1,701447,-0.0655,-0.0479,0.4961,0.2413,-0.6662,-0.967,0.0,0.0
1779744290648,2,12.00000015,Lower Delivery,Delivery,pitch.1,701528,-3.1821,-60.6321,180.076,-208.0499,138.2221,3.1677,-0.073,-0.1099
1779744290648,2,12.00000018,Upper Delivery,Delivery,pitch.1,702215,0.0498,-0.7159,-0.2725,0.0926,0.2414,-1.4122,0.0,0.0
1779744290648,2,Pitching Mound.Delivery,,Delivery,pitch.1,700581,-3.1323,-61.3481,179.8035,-146.6388,138.4635,2.8543,-0.0731,0.231
1779744290648,2,Pitching Mound.Drive,,Delivery,pitch.1,701447,-0.0655,-0.0479,0.4961,0.2413,-0.6662,-0.967,0.0,0.0
1779744290648,2,Pitching Mound.Parent,,Delivery,pitch.1,699905,-3.1874,-61.3988,180.2994,-146.4918,137.743,1.8864,-0.0729,0.2303
1779744290649,2,11.0000004b,Drive,Delivery,pitch.1,701448,-0.0694,-0.0464,0.4765,0.2525,-0.6216,-0.9869,0.0,0.0
1779744290649,2,12.00000015,Lower Delivery,Delivery,pitch.1,701529,-4.2135,-61.0887,176.0226,-201.144,132.6396,1.0784,-0.0717,-0.1087
1779744290649,2,12.00000018,Upper Delivery,Delivery,pitch.1,702216,-0.9442,-1.3997,-0.5761,0.0372,0.1582,-0.9804,0.0,0.0
1779744290649,2,Pitching Mound.Delivery,,Delivery,pitch.1,700582,-5.1576,-62.4884,175.4465,-141.0632,132.7978,1.2095,-0.0719,0.2332
1779744290649,2,Pitching Mound.Drive,,Delivery,pitch.1,701448,-0.0694,-0.0464,0.4765,0.2525,-0.6216,-0.9869,0.0,0.0
1779744290649,2,Pitching Mound.Parent,,Delivery,pitch.1,699906,-5.2231,-62.5363,175.9425,-140.8219,132.1316,0.2425,-0.0717,0.2325
1779744290650,2,11.0000004b,Drive,Delivery,pitch.1,701449,-0.0921,-0.0545,0.5109,0.2574,-0.5616,-0.9646,0.0,0.0
1779744290650,2,12.00000015,Lower Delivery,Delivery,pitch.1,701530,-4.7003,-61.4264,173.8444,-194.1888,131.7179,-0.7055,-0.0721,-0.1063
1779744290650,2,12.00000018,Upper Delivery,Delivery,pitch.1,702217,-1.3421,-1.4246,-1.0558,0.1049,0.26,-1.5086,0.0,0.0
1779744290650,2,Pitching Mound.Delivery,,Delivery,pitch.1,700583,-6.0424,-62.851,172.7887,-134.6178,131.9778,-1.0723,-0.0725,0.2372
1779744290650,2,Pitching Mound.Drive,,Delivery,pitch.1,701449,-0.0921,-0.0545,0.5109,0.2574,-0.5616,-0.9646,0.0,0.0
1779744290650,2,Pitching Mound.Parent,,Delivery,pitch.1,699907,-6.1118,-62.8973,173.2652,-134.3653,131.3562,-2.0592,-0.0723,0.2366
1779744290651,2,11.0000004b,Drive,Delivery,pitch.1,701450,-0.0993,-0.0519,0.5419,0.3856,-0.4795,-0.9825,0.0,0.0
1779744290651,2,12.00000015,Lower Delivery,Delivery,pitch.1,701531,-5.8643,-61.7216,169.7401,-192.818,125.262,-2.3158,-0.0702,-0.1081
1779744290651,2,12.00000018,Upper Delivery,Delivery,pitch.1,702218,-0.7404,-0.5554,-0.4607,-0.0884,-0.0304,-0.0012,0.0,0.0
1779744290651,2,Pitching Mound.Delivery,,Delivery,pitch.1,700584,-6.6048,-62.277,169.2794,-135.0381,125.2316,-0.5749,-0.0704,0.2335
1779744290651,2,Pitching Mound.Drive,,Delivery,pitch.1,701450,-0.0993,-0.0519,0.5419,0.3856,-0.4795,-0.9825,0.0,0.0
1779744290651,2,Pitching Mound.Parent,,Delivery,pitch.1,699908,-6.6969,-62.3315,169.7903,-134.7807,124.67,-1.5395,-0.0702,0.2328
1779744290652,2,12.00000015,Lower Delivery,Delivery,pitch.1,701532,-6.9942,-61.9039,164.8455,-189.3441,124.3888,-2.6835,-0.0718,-0.1093
1779744290652,2,12.00000018,Upper Delivery,Delivery,pitch.1,702219,-1.4954,-0.492,2.4705,-0.0257,0.0938,-1.0288,-0.0036,-0.001
1779744290652,2,Pitching Mound.Delivery,,Delivery,pitch.1,700585,-8.4896,-62.3959,167.316,-134.1623,124.4826,-1.8427,-0.0708,0.2223
1779744290652,2,Pitching Mound.Parent,,Delivery,pitch.1,699909,-8.5888,-62.4478,167.8579,-133.7767,124.0031,-2.8252,-0.0705,0.2216
1779744290653,2,11.0000004b,Drive,Delivery,pitch.1,701451,-0.1109,-0.0509,0.6747,0.4038,-0.4711,-1.0237,0.0,0.0
1779744290653,2,12.00000015,Lower Delivery,Delivery,pitch.1,701533,-7.5983,-61.9928,162.5847,-179.4827,123.1271,-2.4821,-0.072,-0.105
1779744290653,2,12.00000018,Upper Delivery,Delivery,pitch.1,702220,-1.2247,-0.2859,0.613,-0.0884,-0.0304,-0.0012,0.0,0.0
1779744290653,2,Pitching Mound.Delivery,,Delivery,pitch.1,700586,-8.823,-62.2787,163.1977,-124.5007,123.0967,-0.3163,-0.0718,0.2328
1779744290653,2,Pitching Mound.Drive,,Delivery,pitch.1,701451,-0.1109,-0.0509,0.6747,0.4038,-0.4711,-1.0237,0.0,0.0
1779744290653,2,Pitching Mound.Parent,,Delivery,pitch.1,699910,-8.9339,-62.3296,163.8724,-124.0968,122.6257,-1.34,-0.0715,0.2319
1779744290654,2,11.0000004b,Drive,Delivery,pitch.1,701452,-0.1112,-0.0461,0.6448,0.407,-0.3778,-0.9806,0.0,0.0
1779744290654,2,11.0000004b,Drive,Delivery,pitch.1,701453,-0.109,-0.0479,0.671,0.4196,-0.4443,-1.0086,0.0,0.0
1779744290654,2,12.00000015,Lower Delivery,Delivery,pitch.1,701534,-9.2374,-62.0149,157.7298,-179.3783,118.2597,-1.9242,-0.0713,-0.1082
1779744290654,2,12.00000018,Upper Delivery,Delivery,pitch.1,702221,-1.1578,0.0592,2.528,0.0314,0.1495,-0.9349,-0.0056,0.0012
1779744290654,2,Pitching Mound.Delivery,,Delivery,pitch.1,700587,-10.3952,-61.9557,160.2578,-126.5783,118.4091,-0.1121,-0.0703,0.2228
1779744290654,2,Pitching Mound.Drive,,Delivery,pitch.1,701452,-0.1112,-0.0461,0.6448,0.407,-0.3778,-0.9806,0.0,0.0
1779744290654,2,Pitching Mound.Drive,,Delivery,pitch.1,701453,-0.109,-0.0479,0.671,0.4196,-0.4443,-1.0086,0.0,0.0
1779744290654,2,Pitching Mound.Parent,,Delivery,pitch.1,699911,-10.5064,-62.0018,160.9026,-126.1713,118.0314,-1.0926,-0.07,0.2219
1779744290655,2,11.0000004b,Drive,Delivery,pitch.1,701454,-0.1103,-0.0461,0.6847,0.4128,-0.4848,-1.0243,0.0,0.0
1779744290655,2,12.00000015,Lower Delivery,Delivery,pitch.1,701535,-10.0792,-61.5544,157.0661,-174.3616,114.4773,0.6418,-0.0693,-0.1056
1779744290655,2,12.00000018,Upper Delivery,Delivery,pitch.1,702222,-0.7866,0.1706,1.4546,-0.8062,-0.7098,-1.5446,0.0,0.0
1779744290655,2,Pitching Mound.Delivery,,Delivery,pitch.1,700588,-10.8658,-61.3837,158.5207,-122.2599,113.7675,2.2568,-0.0687,0.2291
1779744290655,2,Pitching Mound.Drive,,Delivery,pitch.1,701454,-0.1103,-0.0461,0.6847,0.4128,-0.4848,-1.0243,0.0,0.0
1779744290655,2,Pitching Mound.Parent,,Delivery,pitch.1,699912,-10.9748,-61.4316,159.1917,-121.8403,113.3232,1.2482,-0.0684,0.2282
1779744290656,2,11.0000004b,Drive,Delivery,pitch.1,701455,-0.0982,-0.0415,0.739,0.3831,-0.4658,-1.0392,0.0,0.0
1779744290656,2,12.00000015,Lower Delivery,Delivery,pitch.1,701536,-11.536,-61.1077,154.0125,-170.1322,111.3632,2.2556,-0.0688,-0.1051
1779744290656,2,12.00000018,Upper Delivery,Delivery,pitch.1,702223,-0.2843,0.2862,1.0642,-1.9397,-1.6779,-2.1041,0.0,0.0
1779744290656,2,Pitching Mound.Delivery,,Delivery,pitch.1,700589,-11.8203,-60.8215,155.0766,-120.0694,109.6852,3.9771,-0.0683,0.231
1779744290656,2,Pitching Mound.Drive,,Delivery,pitch.1,701455,-0.0982,-0.0415,0.739,0.3831,-0.4658,-1.0392,0.0,0.0
1779744290656,2,Pitching Mound.Parent,,Delivery,pitch.1,699913,-11.9305,-60.8676,155.7613,-119.6566,109.2005,2.9527,-0.068,0.23
1779744290657,2,12.00000015,Lower Delivery,Delivery,pitch.1,701537,-12.632,-60.491,151.964,-165.8516,107.7771,4.4717,-0.0675,-0.1038
1779744290657,2,12.00000018,Upper Delivery,Delivery,pitch.1,702224,-0.0601,0.2401,0.4904,-2.5106,-2.2603,-2.3459,0.0,0.0
1779744290657,2,Pitching Mound.Delivery,,Delivery,pitch.1,700590,-12.6921,-60.2509,152.4544,-116.8611,105.5168,6.4002,-0.0673,0.2343
1779744290657,2,Pitching Mound.Parent,,Delivery,pitch.1,699914,-12.7903,-60.2924,153.1934,-116.478,105.051,5.361,-0.0669,0.2332
1779744290658,2,11.0000004b,Drive,Delivery,pitch.1,701457,-0.0657,-0.0316,0.5696,0.3524,-0.5049,-1.0747,0.0,0.0
1779744290658,2,11.0000004b,Drive,Delivery,pitch.1,701456,-0.0819,-0.038,0.6106,0.3308,-0.5443,-1.0443,0.0,0.0
1779744290658,2,12.00000015,Lower Delivery,Delivery,pitch.1,701538,-13.7868,-60.0395,148.9967,-160.9867,105.3653,6.8173,-0.0673,-0.1028
1779744290658,2,12.00000018,Upper Delivery,Delivery,pitch.1,702225,-0.3963,0.5046,1.8554,-3.52,-3.0487,-2.7769,0.0,0.0
1779744290658,2,Pitching Mound.Delivery,,Delivery,pitch.1,700591,-14.1831,-59.5349,150.852,-114.4787,102.3166,8.5932,-0.0664,0.2301
1779744290658,2,Pitching Mound.Drive,,Delivery,pitch.1,701457,-0.0657,-0.0316,0.5696,0.3524,-0.5049,-1.0747,0.0,0.0
1779744290658,2,Pitching Mound.Drive,,Delivery,pitch.1,701456,-0.0819,-0.038,0.6106,0.3308,-0.5443,-1.0443,0.0,0.0
1779744290658,2,Pitching Mound.Parent,,Delivery,pitch.1,699915,-14.265,-59.5729,151.4627,-114.1478,101.7723,7.5489,-0.0662,0.2292
1779744290659,2,11.0000004b,Drive,Delivery,pitch.1,701458,-0.0427,-0.0314,0.4574,0.3254,-0.6061,-1.0708,0.0,0.0
1779744290659,2,12.00000015,Lower Delivery,Delivery,pitch.1,701539,-14.8647,-59.3032,147.1486,-158.3763,101.323,9.2336,-0.0655,-0.1024
1779744290659,2,12.00000018,Upper Delivery,Delivery,pitch.1,702226,-0.2414,0.4193,1.2799,-4.3355,-3.4683,-2.9433,0.0,0.0
1779744290659,2,Pitching Mound.Delivery,,Delivery,pitch.1,700592,-15.106,-58.8839,148.4285,-113.1164,97.8547,11.2622,-0.0649,0.2326
1779744290659,2,Pitching Mound.Drive,,Delivery,pitch.1,701458,-0.0427,-0.0314,0.4574,0.3254,-0.6061,-1.0708,0.0,0.0
1779744290659,2,Pitching Mound.Parent,,Delivery,pitch.1,699916,-15.1718,-58.9156,148.9981,-112.7641,97.3498,10.1875,-0.0647,0.2317
1779744290660,2,11.0000004b,Drive,Delivery,pitch.1,701459,-0.0096,-0.026,0.3137,0.3198,-0.62,-1.0649,0.0,0.0
1779744290660,2,12.00000015,Lower Delivery,Delivery,pitch.1,701540,-15.9869,-58.3323,145.4525,-153.8355,98.1617,11.3473,-0.0642,-0.1006
1779744290660,2,12.00000018,Upper Delivery,Delivery,pitch.1,702227,-0.0157,0.2788,0.522,-1.3284,-0.8081,-2.516,0.0,0.0
1779744290660,2,Pitching Mound.Delivery,,Delivery,pitch.1,700593,-16.0026,-58.0535,145.9745,-105.8876,97.3535,14.2614,-0.064,0.2373
1779744290660,2,Pitching Mound.Drive,,Delivery,pitch.1,701459,-0.0096,-0.026,0.3137,0.3198,-0.62,-1.0649,0.0,0.0
1779744290660,2,Pitching Mound.Parent,,Delivery,pitch.1,699917,-16.0453,-58.0849,146.4318,-105.5622,96.7475,13.1907,-0.0638,0.2366
1779744290661,2,11.0000004b,Drive,Delivery,pitch.1,701460,-0.0019,-0.0257,0.308,0.2895,-0.6256,-1.0327,0.0,0.0
1779744290661,2,12.00000015,Lower Delivery,Delivery,pitch.1,701541,-17.3336,-57.6618,144.2115,-151.4054,95.0964,13.6548,-0.0627,-0.0999
1779744290661,2,12.00000018,Upper Delivery,Delivery,pitch.1,702228,-0.0238,0.2841,0.3831,-1.6041,-1.5957,-2.3002,0.0,0.0
1779744290661,2,Pitching Mound.Delivery,,Delivery,pitch.1,700594,-17.3574,-57.3777,144.5946,-104.1079,93.5006,17.24,-0.0626,0.2386
1779744290661,2,Pitching Mound.Drive,,Delivery,pitch.1,701460,-0.0019,-0.0257,0.308,0.2895,-0.6256,-1.0327,0.0,0.0
1779744290661,2,Pitching Mound.Parent,,Delivery,pitch.1,699918,-17.367,-57.4037,144.9083,-103.788,92.8806,16.1751,-0.0624,0.2381
1779744290662,2,11.0000004b,Drive,Delivery,pitch.1,701461,0.0155,-0.0252,0.3282,0.2642,-0.5478,-1.0234,0.0,0.0
1779744290662,2,12.00000015,Lower Delivery,Delivery,pitch.1,701542,-18.0389,-57.1067,141.7548,-147.2368,93.7197,13.8407,-0.0629,-0.0988
1779744290662,2,12.00000018,Upper Delivery,Delivery,pitch.1,702229,-0.0349,0.2265,0.349,0.0767,0.2176,-1.2886,0.0,0.0
1779744290662,2,Pitching Mound.Delivery,,Delivery,pitch.1,700595,-18.0738,-56.8802,142.1039,-99.0821,93.9373,18.6735,-0.0627,0.2398
1779744290662,2,Pitching Mound.Drive,,Delivery,pitch.1,701461,0.0155,-0.0252,0.3282,0.2642,-0.5478,-1.0234,0.0,0.0
1779744290662,2,Pitching Mound.Parent,,Delivery,pitch.1,699919,-18.0758,-56.9059,142.4119,-98.7926,93.3117,17.6408,-0.0626,0.2392
1779744290663,2,11.0000004b,Drive,Delivery,pitch.1,701462,0.0115,-0.0349,0.3329,0.1936,-0.6868,-1.0008,0.0,0.0
1779744290663,2,12.00000015,Lower Delivery,Delivery,pitch.1,701543,-18.8893,-56.5231,140.3598,-142.9565,90.3202,14.4401,-0.0612,-0.0969
1779744290663,2,12.00000018,Upper Delivery,Delivery,pitch.1,702230,0.0072,0.2889,0.8404,-0.009,0.0888,-0.6198,0.0,0.0
1779744290663,2,Pitching Mound.Delivery,,Delivery,pitch.1,700596,-18.8821,-56.2342,141.2001,-95.529,90.409,20.2452,-0.0609,0.2396
1779744290663,2,Pitching Mound.Drive,,Delivery,pitch.1,701462,0.0115,-0.0349,0.3329,0.1936,-0.6868,-1.0008,0.0,0.0
1779744290663,2,Pitching Mound.Parent,,Delivery,pitch.1,699920,-18.8666,-56.2594,141.5283,-95.2647,89.8612,19.2218,-0.0607,0.2391
1779744290664,2,11.0000004b,Drive,Delivery,pitch.1,701463,0.0059,-0.0382,0.394,0.2276,-0.747,-1.0265,0.0,0.0
1779744290664,2,12.00000015,Lower Delivery,Delivery,pitch.1,701544,-19.8136,-56.0642,139.0926,-138.8186,88.4169,14.7926,-0.0605,-0.0949
1779744290664,2,12.00000018,Upper Delivery,Delivery,pitch.1,702231,-0.1137,-0.1939,0.0948,-0.0884,-0.0304,-0.0012,0.0,0.0
1779744290664,2,Pitching Mound.Delivery,,Delivery,pitch.1,700597,-19.9273,-56.2581,139.1874,-91.6478,88.3865,21.4893,-0.0604,0.2447
1779744290664,2,Pitching Mound.Drive,,Delivery,pitch.1,701463,0.0059,-0.0382,0.394,0.2276,-0.747,-1.0265,0.0,0.0
1779744290664,2,Pitching Mound.Parent,,Delivery,pitch.1,699921,-19.9157,-56.293,139.5203,-91.4542,87.6997,20.4885,-0.0603,0.2441
1779744290665,2,11.0000004b,Drive,Delivery,pitch.1,701464,0.0019,-0.0407,0.4088,0.1552,-0.7555,-1.0184,0.0,0.0
1779744290665,2,12.00000015,Lower Delivery,Delivery,pitch.1,701545,-20.6279,-55.3589,137.4385,-136.5194,85.3807,15.0074,-0.0591,-0.0945
1779744290665,2,12.00000018,Upper Delivery,Delivery,pitch.1,702232,-0.076,-0.0419,0.0182,0.0365,0.1571,-0.9746,0.0,0.0
1779744290665,2,Pitching Mound.Delivery,,Delivery,pitch.1,700598,-20.7039,-55.4007,137.4567,-89.7601,85.5378,21.0204,-0.0591,0.2454
1779744290665,2,Pitching Mound.Drive,,Delivery,pitch.1,701464,0.0019,-0.0407,0.4088,0.1552,-0.7555,-1.0184,0.0,0.0
1779744290665,2,Pitching Mound.Parent,,Delivery,pitch.1,699922,-20.698,-55.4389,137.8507,-89.5324,84.7908,19.9939,-0.0589,0.2447
1779744290666,2,11.0000004b,Drive,Delivery,pitch.1,701465,0.0012,-0.0427,0.4377,0.1659,-0.8146,-1.0213,0.0,0.0
1779744290666,2,12.00000015,Lower Delivery,Delivery,pitch.1,701546,-21.4221,-54.9095,136.7368,-133.9899,83.21,15.5913,-0.0579,-0.0932
1779744290666,2,12.00000018,Upper Delivery,Delivery,pitch.1,702233,-0.4337,-0.202,-0.2101,-0.0007,0.1013,-0.6849,0.0,0.0
1779744290666,2,Pitching Mound.Delivery,,Delivery,pitch.1,700599,-21.8558,-55.1115,136.5267,-87.4286,83.3113,22.0424,-0.058,0.2477
1779744290666,2,Pitching Mound.Drive,,Delivery,pitch.1,701465,0.0012,-0.0427,0.4377,0.1659,-0.8146,-1.0213,0.0,0.0
1779744290666,2,Pitching Mound.Parent,,Delivery,pitch.1,699923,-21.8539,-55.1522,136.9355,-87.2735,82.5558,21.024,-0.0578,0.2469
1779744290667,2,11.0000004b,Drive,Delivery,pitch.1,701466,-0.0139,-0.0455,0.4584,0.1438,-0.7227,-0.9911,0.0,0.0
1779744290667,2,12.00000015,Lower Delivery,Delivery,pitch.1,701547,-22.1009,-54.1877,134.7108,-129.5924,82.2554,15.7274,-0.0581,-0.0915
1779744290667,2,12.00000018,Upper Delivery,Delivery,pitch.1,702234,0.0675,-0.0035,-0.2767,-0.062,0.0092,-0.2065,0.0,0.0
1779744290667,2,Pitching Mound.Delivery,,Delivery,pitch.1,700600,-22.0334,-54.1911,134.4341,-83.7587,82.2646,23.0582,-0.0582,0.2497
1779744290667,2,Pitching Mound.Drive,,Delivery,pitch.1,701466,-0.0139,-0.0455,0.4584,0.1438,-0.7227,-0.9911,0.0,0.0
1779744290667,2,Pitching Mound.Parent,,Delivery,pitch.1,699924,-22.0322,-54.2338,134.8718,-83.5928,81.45,22.0369,-0.058,0.2489
1779744290668,2,11.0000004b,Drive,Delivery,pitch.1,701467,-0.0252,-0.0447,0.4672,0.1743,-0.7648,-0.9896,0.0,0.0
1779744290668,2,12.00000015,Lower Delivery,Delivery,pitch.1,701548,-22.7597,-53.6947,133.9933,-128.588,81.4505,16.4804,-0.0578,-0.0913
1779744290668,2,12.00000018,Upper Delivery,Delivery,pitch.1,702235,0.5833,0.318,0.0839,-0.6557,0.4918,-0.3676,0.0,0.0
1779744290668,2,Pitching Mound.Delivery,,Delivery,pitch.1,700601,-22.1764,-53.3767,134.0772,-83.7145,81.9423,24.0495,-0.0578,0.2483
1779744290668,2,Pitching Mound.Drive,,Delivery,pitch.1,701467,-0.0252,-0.0447,0.4672,0.1743,-0.7648,-0.9896,0.0,0.0
1779744290668,2,Pitching Mound.Parent,,Delivery,pitch.1,699925,-22.1903,-53.4222,134.5357,-83.5707,81.2196,23.0584,-0.0576,0.2475
1779744290669,2,11.0000004b,Drive,Delivery,pitch.1,701468,-0.0504,-0.0491,0.4869,0.1696,-0.6666,-0.9772,0.0,0.0
1779744290669,2,12.00000015,Lower Delivery,Delivery,pitch.1,701549,-23.5345,-53.3563,132.7563,-127.6726,79.077,16.9886,-0.0567,-0.0915
1779744290669,2,12.00000018,Upper Delivery,Delivery,pitch.1,702236,0.5857,0.1386,-0.0392,-0.0884,-0.0304,-0.0012,0.0,0.0
1779744290669,2,Pitching Mound.Delivery,,Delivery,pitch.1,700602,-22.9488,-53.2177,132.717,-82.6105,79.0467,25.1882,-0.0567,0.2487
1779744290669,2,Pitching Mound.Drive,,Delivery,pitch.1,701468,-0.0504,-0.0491,0.4869,0.1696,-0.6666,-0.9772,0.0,0.0
1779744290669,2,Pitching Mound.Parent,,Delivery,pitch.1,699926,-22.974,-53.2624,133.1842,-82.4363,78.2818,24.1986,-0.0565,0.2478
1779744290670,2,11.0000004b,Drive,Delivery,pitch.1,701469,-0.0568,-0.048,0.5346,0.0958,-0.6883,-1.0053,0.0,0.0
1779744290670,2,12.00000015,Lower Delivery,Delivery,pitch.1,701550,-24.258,-52.6369,132.4818,-128.0432,78.6696,18.037,-0.0565,-0.0919
1779744290670,2,12.00000018,Upper Delivery,Delivery,pitch.1,702237,0.5595,-0.0399,0.2459,-0.0884,-0.0304,-0.0012,0.0,0.0
1779744290670,2,Pitching Mound.Delivery,,Delivery,pitch.1,700603,-23.6986,-52.6768,132.7277,-83.1713,78.6392,26.4738,-0.0564,0.247
1779744290670,2,Pitching Mound.Drive,,Delivery,pitch.1,701469,-0.0568,-0.048,0.5346,0.0958,-0.6883,-1.0053,0.0,0.0
1779744290670,2,Pitching Mound.Parent,,Delivery,pitch.1,699927,-23.7489,-52.726,133.2145,-83.0018,77.9726,25.4966,-0.0562,0.2461
1779744290671,2,11.0000004b,Drive,Delivery,pitch.1,701470,-0.0886,-0.0504,0.5935,0.1756,-0.6159,-0.9951,0.0,0.0
1779744290671,2,12.00000015,Lower Delivery,Delivery,pitch.1,701551,-24.6649,-52.1987,130.7159,-124.7353,76.0373,18.1571,-0.0553,-0.0908
1779744290671,2,12.00000018,Upper Delivery,Delivery,pitch.1,702238,0.5475,-0.0566,0.2667,-0.0884,-0.0304,-0.0012,0.0,0.0
1779744290671,2,Pitching Mound.Delivery,,Delivery,pitch.1,700604,-24.1174,-52.2552,130.9827,-80.471,76.007,26.7281,-0.0552,0.248
1779744290671,2,Pitching Mound.Drive,,Delivery,pitch.1,701470,-0.0886,-0.0504,0.5935,0.1756,-0.6159,-0.9951,0.0,0.0
1779744290671,2,Pitching Mound.Parent,,Delivery,pitch.1,699928,-24.1741,-52.3032,131.5173,-80.3752,75.3187,25.7229,-0.055,0.247
1779744290672,2,11.0000004b,Drive,Delivery,pitch.1,701471,-0.1175,-0.0538,0.653,0.1937,-0.5717,-1.0275,0.0,0.0
1779744290672,2,12.00000015,Lower Delivery,Delivery,pitch.1,701552,-25.3284,-51.7355,129.5742,-122.4606,77.4636,18.5956,-0.0569,-0.0899
1779744290672,2,12.00000018,Upper Delivery,Delivery,pitch.1,702239,0.4804,-0.0225,0.3625,-0.0884,-0.0304,-0.0012,0.0,0.0
1779744290672,2,Pitching Mound.Delivery,,Delivery,pitch.1,700605,-24.8481,-51.7581,129.9367,-78.617,77.4332,27.3694,-0.0567,0.2484
1779744290672,2,Pitching Mound.Drive,,Delivery,pitch.1,701471,-0.1175,-0.0538,0.653,0.1937,-0.5717,-1.0275,0.0,0.0
1779744290672,2,Pitching Mound.Parent,,Delivery,pitch.1,699929,-24.9366,-51.8084,130.5302,-78.4414,76.8173,26.3743,-0.0565,0.2473
1779744290673,2,11.0000004b,Drive,Delivery,pitch.1,701472,-0.1261,-0.0561,0.7057,0.2072,-0.6014,-1.0535,0.0,0.0
1779744290673,2,12.00000015,Lower Delivery,Delivery,pitch.1,701553,-25.6442,-51.2731,129.0325,-121.5051,78.0135,18.501,-0.0575,-0.0896
1779744290673,2,12.00000018,Upper Delivery,Delivery,pitch.1,702240,0.4637,-0.0554,0.2788,-0.0884,-0.0304,-0.0012,0.0,0.0
1779744290673,2,Pitching Mound.Delivery,,Delivery,pitch.1,700606,-25.1804,-51.3285,129.3113,-77.8172,77.9831,27.3765,-0.0574,0.2491
1779744290673,2,Pitching Mound.Drive,,Delivery,pitch.1,701472,-0.1261,-0.0561,0.7057,0.2072,-0.6014,-1.0535,0.0,0.0
1779744290673,2,Pitching Mound.Parent,,Delivery,pitch.1,699930,-25.2979,-51.3823,129.9643,-77.6235,77.4114,26.349,-0.0571,0.2479
1779744290674,2,11.0000004b,Drive,Delivery,pitch.1,701473,-0.1329,-0.0529,0.7007,0.2582,-0.5283,-1.0637,0.0,0.0
1779744290674,2,12.00000015,Lower Delivery,Delivery,pitch.1,701554,-26.1819,-50.8381,127.9086,-119.183,78.7025,18.9614,-0.0585,-0.0886
1779744290674,2,12.00000018,Upper Delivery,Delivery,pitch.1,702241,0.3759,-0.1397,0.1541,-0.0678,0.0004,-0.1612,0.0,0.0
1779744290674,2,Pitching Mound.Delivery,,Delivery,pitch.1,700607,-25.806,-50.9778,128.0626,-75.8143,78.703,27.8299,-0.0585,0.2506
1779744290674,2,Pitching Mound.Drive,,Delivery,pitch.1,701473,-0.1329,-0.0529,0.7007,0.2582,-0.5283,-1.0637,0.0,0.0
1779744290674,2,Pitching Mound.Parent,,Delivery,pitch.1,699931,-25.9321,-51.0339,128.7684,-75.6071,78.1016,26.7764,-0.0581,0.2493
1779744290675,2,11.0000004b,Drive,Delivery,pitch.1,701474,-0.1376,-0.0539,0.732,0.2399,-0.5499,-1.0649,0.0,0.0
1779744290675,2,12.00000015,Lower Delivery,Delivery,pitch.1,701555,-26.5529,-50.226,126.8238,-117.5528,78.9744,18.7319,-0.0592,-0.0882
1779744290675,2,12.00000018,Upper Delivery,Delivery,pitch.1,702242,0.1789,-0.3007,0.0652,-0.0475,0.031,-0.32,0.0,0.0
1779744290675,2,Pitching Mound.Delivery,,Delivery,pitch.1,700608,-26.3739,-50.5266,126.889,-74.5024,79.0054,27.5007,-0.0592,0.2515
1779744290675,2,Pitching Mound.Drive,,Delivery,pitch.1,701474,-0.1376,-0.0539,0.732,0.2399,-0.5499,-1.0649,0.0,0.0
1779744290675,2,Pitching Mound.Parent,,Delivery,pitch.1,699932,-26.5068,-50.5795,127.5897,-74.2442,78.4771,26.437,-0.0589,0.2501
1779744290676,2,11.0000004b,Drive,Delivery,pitch.1,701475,-0.1423,-0.0564,0.7518,0.254,-0.575,-1.0551,0.0,0.0
1779744290676,2,12.00000015,Lower Delivery,Delivery,pitch.1,701556,-26.7601,-49.6502,125.8407,-112.6221,80.4293,18.5928,-0.0608,-0.0851
1779744290676,2,12.00000018,Upper Delivery,Delivery,pitch.1,702243,0.0533,-0.8218,0.127,-0.0194,0.0733,-0.5393,0.0,0.0
1779744290676,2,Pitching Mound.Delivery,,Delivery,pitch.1,700609,-26.7068,-50.472,125.9677,-69.8988,80.5026,27.1701,-0.0607,0.2543
1779744290676,2,Pitching Mound.Drive,,Delivery,pitch.1,701475,-0.1423,-0.0564,0.7518,0.254,-0.575,-1.0551,0.0,0.0
1779744290676,2,Pitching Mound.Parent,,Delivery,pitch.1,699933,-26.8444,-50.5259,126.6997,-69.6589,79.9527,26.1051,-0.0604,0.2528
1779744290677,2,11.0000004b,Drive,Delivery,pitch.1,701476,-0.1492,-0.053,0.8014,0.2686,-0.4788,-1.0457,0.0,0.0
1779744290677,2,12.00000015,Lower Delivery,Delivery,pitch.1,701557,-26.8774,-49.2386,124.3953,-110.78,78.9299,17.944,-0.0604,-0.0847
1779744290677,2,12.00000018,Upper Delivery,Delivery,pitch.1,702244,0.0985,-0.9011,0.1572,-0.0342,0.051,-0.4239,0.0,0.0
1779744290677,2,Pitching Mound.Delivery,,Delivery,pitch.1,700610,-26.7789,-50.1397,124.5525,-68.5732,78.981,26.6918,-0.0603,0.2545
1779744290677,2,Pitching Mound.Drive,,Delivery,pitch.1,701476,-0.1492,-0.053,0.8014,0.2686,-0.4788,-1.0457,0.0,0.0
1779744290677,2,Pitching Mound.Parent,,Delivery,pitch.1,699934,-26.9212,-50.1962,125.3043,-68.3192,78.406,25.6367,-0.0599,0.253
1779744290678,2,11.0000004b,Drive,Delivery,pitch.1,701477,-0.1302,-0.0527,0.7379,0.2231,-0.5603,-1.0665,0.0,0.0
1779744290678,2,12.00000015,Lower Delivery,Delivery,pitch.1,701558,-27.1092,-48.8103,122.8185,-108.1541,79.7083,17.2681,-0.0617,-0.0838
1779744290678,2,12.00000018,Upper Delivery,Delivery,pitch.1,702245,-0.5353,-0.7466,-0.2009,0.018,0.1294,-0.8307,0.0,0.0
1779744290678,2,Pitching Mound.Delivery,,Delivery,pitch.1,700611,-27.6445,-49.5569,122.6177,-66.3095,79.8377,25.4725,-0.0618,0.2572
1779744290678,2,Pitching Mound.Drive,,Delivery,pitch.1,701477,-0.1302,-0.0527,0.7379,0.2231,-0.5603,-1.0665,0.0,0.0
1779744290678,2,Pitching Mound.Parent,,Delivery,pitch.1,699935,-27.7937,-49.6098,123.4191,-66.0409,79.3588,24.4268,-0.0614,0.2555
1779744290679,2,11.0000004b,Drive,Delivery,pitch.1,701478,-0.1216,-0.053,0.7363,0.2109,-0.5611,-1.0788,0.0,0.0
1779744290679,2,12.00000015,Lower Delivery,Delivery,pitch.1,701559,-27.0677,-48.0954,122.3446,-105.4905,78.2954,16.2249,-0.0609,-0.082
1779744290679,2,12.00000018,Upper Delivery,Delivery,pitch.1,702246,-0.0597,-0.0656,0.0085,0.0842,0.2288,-1.3469,0.0,0.0
1779744290679,2,Pitching Mound.Delivery,,Delivery,pitch.1,700612,-27.1274,-48.161,122.3531,-63.812,78.5242,24.0607,-0.0609,0.2579
1779744290679,2,Pitching Mound.Drive,,Delivery,pitch.1,701478,-0.1216,-0.053,0.7363,0.2109,-0.5611,-1.0788,0.0,0.0
1779744290679,2,Pitching Mound.Parent,,Delivery,pitch.1,699936,-27.2576,-48.2136,123.091,-63.5889,77.964,22.9942,-0.0605,0.2564
1779744290680,2,11.0000004b,Drive,Delivery,pitch.1,701479,-0.1161,-0.0519,0.7561,0.234,-0.5755,-1.056,0.0,0.0
1779744290680,2,12.00000015,Lower Delivery,Delivery,pitch.1,701560,-27.2449,-47.2479,121.2194,-103.3445,79.2047,14.9123,-0.0622,-0.0811
1779744290680,2,12.00000018,Upper Delivery,Delivery,pitch.1,702247,-0.1537,0.0786,0.3252,0.0073,0.1133,-0.7472,0.0,0.0
1779744290680,2,Pitching Mound.Delivery,,Delivery,pitch.1,700613,-27.3986,-47.1692,121.5446,-62.2332,79.318,23.3761,-0.062,0.2573
1779744290680,2,Pitching Mound.Drive,,Delivery,pitch.1,701479,-0.1161,-0.0519,0.7561,0.234,-0.5755,-1.056,0.0,0.0
1779744290680,2,Pitching Mound.Parent,,Delivery,pitch.1,699937,-27.5202,-47.2222,122.2809,-62.0223,78.7569,22.2973,-0.0616,0.2557
1779744290681,2,11.0000004b,Drive,Delivery,pitch.1,701480,-0.0936,-0.0481,0.6543,0.2705,-0.6271,-1.0561,0.0,0.0
1779744290681,2,12.00000015,Lower Delivery,Delivery,pitch.1,701561,-27.161,-46.4172,120.2298,-100.4331,78.9202,13.7447,-0.0624,-0.0795
1779744290681,2,12.00000018,Upper Delivery,Delivery,pitch.1,702248,-0.7103,0.4147,1.5702,0.0808,0.2237,-1.3201,0.0,0.0
1779744290681,2,Pitching Mound.Delivery,,Delivery,pitch.1,700614,-27.8713,-46.0025,121.8001,-60.008,79.1438,21.4178,-0.0616,0.2528
1779744290681,2,Pitching Mound.Drive,,Delivery,pitch.1,701480,-0.0936,-0.0481,0.6543,0.2705,-0.6271,-1.0561,0.0,0.0
1779744290681,2,Pitching Mound.Parent,,Delivery,pitch.1,699938,-27.9874,-46.0544,122.5561,-59.774,78.5683,20.3618,-0.0613,0.2512
1779744290682,2,11.0000004b,Drive,Delivery,pitch.1,701481,-0.0739,-0.0434,0.623,0.2984,-0.5481,-1.0288,0.0,0.0
1779744290682,2,12.00000015,Lower Delivery,Delivery,pitch.1,701562,-27.0575,-45.6538,118.2739,-97.1769,76.1728,12.7865,-0.0613,-0.0782
1779744290682,2,12.00000018,Upper Delivery,Delivery,pitch.1,702249,-0.8753,0.3945,2.0412,-0.0097,0.1853,-1.7101,0.0,0.0
1779744290682,2,Pitching Mound.Delivery,,Delivery,pitch.1,700615,-27.9327,-45.2593,120.315,-57.6675,76.3581,19.9784,-0.0602,0.2516
1779744290682,2,Pitching Mound.Drive,,Delivery,pitch.1,701481,-0.0739,-0.0434,0.623,0.2984,-0.5481,-1.0288,0.0,0.0
1779744290682,2,Pitching Mound.Parent,,Delivery,pitch.1,699939,-28.0263,-45.3074,120.9693,-57.397,75.7311,18.9223,-0.0599,0.2503
1779744290683,2,11.0000004b,Drive,Delivery,pitch.1,701482,-0.0531,-0.0407,0.5831,0.2817,-0.595,-1.0189,0.0,0.0
1779744290683,2,12.00000015,Lower Delivery,Delivery,pitch.1,701563,-26.8328,-44.766,117.7269,-96.0659,76.1936,11.852,-0.0616,-0.0776
1779744290683,2,12.00000018,Upper Delivery,Delivery,pitch.1,702250,-0.8184,0.4167,2.6013,-0.0336,0.1724,-1.7828,-0.0063,-0.0012
1779744290683,2,Pitching Mound.Delivery,,Delivery,pitch.1,700616,-27.6512,-44.3492,120.3282,-56.9568,76.3661,18.9142,-0.0604,0.2493
1779744290683,2,Pitching Mound.Drive,,Delivery,pitch.1,701482,-0.0531,-0.0407,0.5831,0.2817,-0.595,-1.0189,0.0,0.0
1779744290683,2,Pitching Mound.Parent,,Delivery,pitch.1,699940,-27.7251,-44.3926,120.9512,-56.6584,75.818,17.8854,-0.0601,0.248
1779744290684,2,11.0000004b,Drive,Delivery,pitch.1,701483,-0.0316,-0.0323,0.5751,0.2303,-0.638,-1.0267,0.0,0.0
1779744290684,2,12.00000015,Lower Delivery,Delivery,pitch.1,701564,-26.5504,-43.7651,116.7294,-93.1943,74.6739,11.1,-0.0609,-0.0759
1779744290684,2,12.00000018,Upper Delivery,Delivery,pitch.1,702251,-0.6996,0.3526,2.2269,0.1033,0.2575,-1.4958,-0.011,0.0044
1779744290684,2,Pitching Mound.Delivery,,Delivery,pitch.1,700617,-27.25,-43.4126,118.9563,-54.1602,74.9314,18.3934,-0.0599,0.2528
1779744290684,2,Pitching Mound.Drive,,Delivery,pitch.1,701483,-0.0316,-0.0323,0.5751,0.2303,-0.638,-1.0267,0.0,0.0
1779744290684,2,Pitching Mound.Parent,,Delivery,pitch.1,699941,-27.3031,-43.4533,119.5395,-53.8784,74.3364,17.3746,-0.0596,0.2516
1779744290685,2,11.0000004b,Drive,Delivery,pitch.1,701484,-0.0301,-0.0317,0.582,0.2386,-0.6743,-1.0321,0.0,0.0
1779744290685,2,12.00000015,Lower Delivery,Delivery,pitch.1,701565,-26.3034,-42.8171,115.1796,-92.2697,72.7447,10.6856,-0.0601,-0.0762
1779744290685,2,12.00000018,Upper Delivery,Delivery,pitch.1,702252,-0.5393,0.2416,1.4188,0.0836,0.2279,-1.3423,0.0,0.0
1779744290685,2,Pitching Mound.Delivery,,Delivery,pitch.1,700618,-26.8427,-42.5756,116.5984,-53.5074,72.9727,18.1032,-0.0594,0.2564
1779744290685,2,Pitching Mound.Drive,,Delivery,pitch.1,701484,-0.0301,-0.0317,0.582,0.2386,-0.6743,-1.0321,0.0,0.0
1779744290685,2,Pitching Mound.Parent,,Delivery,pitch.1,699942,-26.8743,-42.6078,117.1735,-53.2771,72.3346,17.0765,-0.0591,0.2552
1779744290686,2,11.0000004b,Drive,Delivery,pitch.1,701485,-0.0288,-0.0315,0.5564,0.1894,-0.7669,-1.0061,0.0,0.0
1779744290686,2,12.00000015,Lower Delivery,Delivery,pitch.1,701566,-25.7834,-41.804,114.2781,-91.2945,71.8252,9.5968,-0.0598,-0.076
1779744290686,2,12.00000018,Upper Delivery,Delivery,pitch.1,702253,-0.4462,0.166,0.9631,0.0764,0.217,-1.2858,0.0,0.0
1779744290686,2,Pitching Mound.Delivery,,Delivery,pitch.1,700619,-26.2296,-41.638,115.2413,-52.691,72.0422,16.9257,-0.0593,0.259
1779744290686,2,Pitching Mound.Drive,,Delivery,pitch.1,701485,-0.0288,-0.0315,0.5564,0.1894,-0.7669,-1.0061,0.0,0.0
1779744290686,2,Pitching Mound.Parent,,Delivery,pitch.1,699943,-26.2597,-41.6697,115.8232,-52.4525,71.3679,15.8937,-0.059,0.2577
1779744290687,2,11.0000004b,Drive,Delivery,pitch.1,701486,-0.0139,-0.0294,0.5128,0.193,-0.8192,-1.0281,0.0,0.0
1779744290687,2,12.00000015,Lower Delivery,Delivery,pitch.1,701567,-25.5351,-40.7289,113.5375,-90.085,73.3398,9.1767,-0.0614,-0.0755
1779744290687,2,12.00000018,Upper Delivery,Delivery,pitch.1,702254,-0.4954,0.1913,1.0361,0.0573,0.1884,-1.137,0.0,0.0
1779744290687,2,Pitching Mound.Delivery,,Delivery,pitch.1,700620,-26.0305,-40.5376,114.5736,-51.7773,73.5282,16.5532,-0.0609,0.2591
1779744290687,2,Pitching Mound.Drive,,Delivery,pitch.1,701486,-0.0139,-0.0294,0.5128,0.193,-0.8192,-1.0281,0.0,0.0
1779744290687,2,Pitching Mound.Parent,,Delivery,pitch.1,699944,-26.0594,-40.5691,115.13,-51.5879,72.7613,15.5471,-0.0606,0.2578
1779744290688,2,11.0000004b,Drive,Delivery,pitch.1,701487,-0.0161,-0.0317,0.493,0.1809,-0.8687,-1.0157,0.0,0.0
1779744290688,2,12.00000015,Lower Delivery,Delivery,pitch.1,701568,-25.1333,-39.6176,113.4039,-87.8618,72.336,8.18,-0.0607,-0.0737
1779744290688,2,12.00000018,Upper Delivery,Delivery,pitch.1,702255,-0.6209,0.3262,1.4141,0.0862,0.2318,-1.3622,0.0,0.0
1779744290688,2,Pitching Mound.Delivery,,Delivery,pitch.1,700621,-25.7542,-39.2915,114.818,-49.6991,72.5678,15.1521,-0.0599,0.2588
1779744290688,2,Pitching Mound.Drive,,Delivery,pitch.1,701487,-0.0161,-0.0317,0.493,0.1809,-0.8687,-1.0157,0.0,0.0
1779744290688,2,Pitching Mound.Parent,,Delivery,pitch.1,699945,-25.7681,-39.3209,115.3308,-49.5061,71.7485,14.124,-0.0597,0.2577
1779744290689,2,11.0000004b,Drive,Delivery,pitch.1,701488,-0.022,-0.033,0.4905,0.2198,-0.7787,-0.9941,0.0,0.0
1779744290689,2,12.00000015,Lower Delivery,Delivery,pitch.1,701569,-24.5629,-38.413,112.9795,-86.2924,71.6336,7.2739,-0.0603,-0.0727
1779744290689,2,12.00000018,Upper Delivery,Delivery,pitch.1,702256,-0.5916,0.1685,1.1273,0.0496,0.1768,-1.0768,0.0,0.0
1779744290689,2,Pitching Mound.Delivery,,Delivery,pitch.1,700622,-25.1545,-38.2445,114.1068,-48.2131,71.8104,14.3473,-0.0597,0.2613
1779744290689,2,Pitching Mound.Drive,,Delivery,pitch.1,701488,-0.022,-0.033,0.4905,0.2198,-0.7787,-0.9941,0.0,0.0
1779744290689,2,Pitching Mound.Parent,,Delivery,pitch.1,699946,-25.1706,-38.2762,114.5998,-48.0322,70.9417,13.3316,-0.0595,0.2602
1779744290690,2,11.0000004b,Drive,Delivery,pitch.1,701489,-0.0208,-0.0346,0.4772,0.1793,-0.846,-1.0304,0.0,0.0
1779744290690,2,12.00000015,Lower Delivery,Delivery,pitch.1,701570,-24.1869,-37.1128,113.0976,-85.3517,73.1489,6.527,-0.0615,-0.0718
1779744290690,2,12.00000018,Upper Delivery,Delivery,pitch.1,702257,-0.5276,0.1041,0.9851,0.0642,0.1988,-1.1911,0.0,0.0
1779744290690,2,Pitching Mound.Delivery,,Delivery,pitch.1,700623,-24.7145,-37.0087,114.0826,-47.1692,73.3477,13.3801,-0.061,0.263
1779744290690,2,Pitching Mound.Drive,,Delivery,pitch.1,701489,-0.0208,-0.0346,0.4772,0.1793,-0.846,-1.0304,0.0,0.0
1779744290690,2,Pitching Mound.Parent,,Delivery,pitch.1,699947,-24.7365,-37.0417,114.5731,-46.9493,72.569,12.386,-0.0607,0.2618
1779744290691,2,11.0000004b,Drive,Delivery,pitch.1,701490,-0.0255,-0.0367,0.4793,0.2095,-0.8359,-1.0226,0.0,0.0
1779744290691,2,12.00000015,Lower Delivery,Delivery,pitch.1,701571,-23.8503,-35.8824,112.8655,-83.8671,71.476,5.774,-0.0602,-0.0707
1779744290691,2,12.00000018,Upper Delivery,Delivery,pitch.1,702258,-0.36,-0.0499,0.335,0.0655,0.2007,-1.201,0.0,0.0
1779744290691,2,Pitching Mound.Delivery,,Delivery,pitch.1,700624,-24.2103,-35.9323,113.2004,-45.5412,71.6767,12.5597,-0.0601,0.2675
1779744290691,2,Pitching Mound.Drive,,Delivery,pitch.1,701490,-0.0255,-0.0367,0.4793,0.2095,-0.8359,-1.0226,0.0,0.0
1779744290691,2,Pitching Mound.Parent,,Delivery,pitch.1,699948,-24.2311,-35.9669,113.6776,-45.362,70.8307,11.5293,-0.0598,0.2664
1779744290692,2,11.0000004b,Drive,Delivery,pitch.1,701491,-0.0269,-0.0359,0.491,0.2323,-0.7733,-0.9942,0.0,0.0
1779744290692,2,12.00000015,Lower Delivery,Delivery,pitch.1,701572,-23.3769,-34.6138,112.4232,-84.3873,67.6353,4.6017,-0.0572,-0.0714
1779744290692,2,12.00000018,Upper Delivery,Delivery,pitch.1,702259,-0.1031,-0.0139,-0.0013,0.0563,0.1868,-1.1289,0.0,0.0
1779744290692,2,Pitching Mound.Delivery,,Delivery,pitch.1,700625,-23.4801,-34.6277,112.4219,-46.1067,67.8221,11.3859,-0.0572,0.2686
1779744290692,2,Pitching Mound.Drive,,Delivery,pitch.1,701491,-0.0269,-0.0359,0.491,0.2323,-0.7733,-0.9942,0.0,0.0
1779744290692,2,Pitching Mound.Parent,,Delivery,pitch.1,699949,-23.5056,-34.6644,112.9012,-45.8973,66.9862,10.3633,-0.057,0.2675
1779744290693,2,11.0000004b,Drive,Delivery,pitch.1,701492,-0.0294,-0.0391,0.4534,0.2242,-0.8301,-1.0127,0.0,0.0
1779744290693,2,12.00000015,Lower Delivery,Delivery,pitch.1,701573,-22.669,-33.4538,111.628,-82.6362,68.1139,3.7902,-0.058,-0.0704
1779744290693,2,12.00000018,Upper Delivery,Delivery,pitch.1,702260,-0.1931,-0.1494,0.159,0.0248,0.1396,-0.8836,0.0,0.0
1779744290693,2,Pitching Mound.Delivery,,Delivery,pitch.1,700626,-22.8621,-33.6031,111.787,-44.712,68.2535,10.5484,-0.058,0.2687
1779744290693,2,Pitching Mound.Drive,,Delivery,pitch.1,701492,-0.0294,-0.0391,0.4534,0.2242,-0.8301,-1.0127,0.0,0.0
1779744290693,2,Pitching Mound.Parent,,Delivery,pitch.1,699950,-22.8891,-33.6391,112.278,-44.4797,67.4802,9.5542,-0.0577,0.2675
1779744290694,2,11.0000004b,Drive,Delivery,pitch.1,701493,-0.0417,-0.0378,0.4981,0.2518,-0.7647,-1.004,0.0,0.0
1779744290694,2,12.00000015,Lower Delivery,Delivery,pitch.1,701574,-22.2209,-32.2834,110.7191,-81.2766,65.7389,3.0716,-0.0565,-0.0698
1779744290694,2,12.00000018,Upper Delivery,Delivery,pitch.1,702261,-0.4353,-0.2619,-0.1291,0.0398,0.1621,-1.0008,0.0,0.0
1779744290694,2,Pitching Mound.Delivery,,Delivery,pitch.1,700627,-22.6562,-32.5453,110.5901,-43.5484,65.9011,9.4779,-0.0565,0.2709
1779744290694,2,Pitching Mound.Drive,,Delivery,pitch.1,701493,-0.0417,-0.0378,0.4981,0.2518,-0.7647,-1.004,0.0,0.0
1779744290694,2,Pitching Mound.Parent,,Delivery,pitch.1,699951,-22.6856,-32.5844,111.0434,-43.3242,65.071,8.4652,-0.0563,0.2698
1779744290695,2,11.0000004b,Drive,Delivery,pitch.1,701494,-0.0473,-0.0455,0.5015,0.1937,-0.8221,-0.9749,0.0,0.0
1779744290695,2,12.00000015,Lower Delivery,Delivery,pitch.1,701575,-22.0047,-31.173,109.6292,-81.1552,65.8888,2.5311,-0.0572,-0.0704
1779744290695,2,12.00000018,Upper Delivery,Delivery,pitch.1,702262,-0.2365,-0.2406,-0.0673,0.0604,0.193,-1.1612,0.0,0.0
1779744290695,2,Pitching Mound.Delivery,,Delivery,pitch.1,700628,-22.2413,-31.4136,109.5619,-43.798,66.0818,8.7711,-0.0572,0.27
1779744290695,2,Pitching Mound.Drive,,Delivery,pitch.1,701494,-0.0473,-0.0455,0.5015,0.1937,-0.8221,-0.9749,0.0,0.0
1779744290695,2,Pitching Mound.Parent,,Delivery,pitch.1,699952,-22.2829,-31.4514,110.0601,-43.5463,65.3171,7.7671,-0.057,0.2687
1779744290696,2,11.0000004b,Drive,Delivery,pitch.1,701495,-0.0548,-0.0523,0.4524,0.1701,-0.7765,-0.9674,0.0,0.0
1779744290696,2,12.00000015,Lower Delivery,Delivery,pitch.1,701576,-21.5084,-29.9975,108.0123,-79.3809,63.9936,2.4763,-0.0564,-0.0699
1779744290696,2,12.00000018,Upper Delivery,Delivery,pitch.1,702263,-0.015,-0.0862,0.0817,0.0588,0.1907,-1.1488,0.0,0.0
1779744290696,2,Pitching Mound.Delivery,,Delivery,pitch.1,700629,-21.5235,-30.0838,108.094,-42.6257,64.1843,8.6353,-0.0563,0.2696
1779744290696,2,Pitching Mound.Drive,,Delivery,pitch.1,701495,-0.0548,-0.0523,0.4524,0.1701,-0.7765,-0.9674,0.0,0.0
1779744290696,2,Pitching Mound.Parent,,Delivery,pitch.1,699953,-21.5708,-30.1293,108.5956,-42.4319,63.3622,7.6604,-0.0561,0.2684
1779744290697,2,11.0000004b,Drive,Delivery,pitch.1,701496,-0.0557,-0.0607,0.4878,0.1621,-0.8073,-0.9892,0.0,0.0
1779744290697,2,12.00000015,Lower Delivery,Delivery,pitch.1,701577,-21.1716,-28.8588,104.8031,-78.9189,61.3313,1.5654,-0.0557,-0.0716
1779744290697,2,12.00000018,Upper Delivery,Delivery,pitch.1,702264,0.0776,0.0432,0.1531,0.0629,0.1968,-1.1809,0.0,0.0
1779744290697,2,Pitching Mound.Delivery,,Delivery,pitch.1,700630,-21.094,-28.8156,104.9562,-43.275,61.5282,7.6092,-0.0556,0.2675
1779744290697,2,Pitching Mound.Drive,,Delivery,pitch.1,701496,-0.0557,-0.0607,0.4878,0.1621,-0.8073,-0.9892,0.0,0.0
1779744290697,2,Pitching Mound.Parent,,Delivery,pitch.1,699954,-21.1488,-28.8679,105.4085,-43.1048,60.7516,6.6418,-0.0554,0.2663
1779744290698,2,11.0000004b,Drive,Delivery,pitch.1,701497,-0.054,-0.0507,0.4618,0.113,-0.7813,-0.9702,0.0,0.0
1779744290698,2,12.00000015,Lower Delivery,Delivery,pitch.1,701578,-20.6033,-27.7388,98.6955,-75.6879,59.4853,1.2196,-0.0573,-0.073
1779744290698,2,12.00000018,Upper Delivery,Delivery,pitch.1,702265,0.1122,0.044,0.2137,0.0659,0.2013,-1.204,0.0,0.0
1779744290698,2,Pitching Mound.Delivery,,Delivery,pitch.1,700631,-20.4911,-27.6948,98.9093,-42.1382,59.6866,7.0589,-0.0572,0.2657
1779744290698,2,Pitching Mound.Drive,,Delivery,pitch.1,701497,-0.054,-0.0507,0.4618,0.113,-0.7813,-0.9702,0.0,0.0
1779744290698,2,Pitching Mound.Parent,,Delivery,pitch.1,699955,-20.5451,-27.7455,99.3711,-42.0252,58.9053,6.0887,-0.0569,0.2645
1779744290699,2,11.0000004b,Drive,Delivery,pitch.1,701498,-0.0416,-0.0415,0.4017,0.106,-0.7473,-0.9648,0.0,0.0
1779744290699,2,12.00000015,Lower Delivery,Delivery,pitch.1,701579,-20.2937,-26.6791,95.5572,-76.7361,58.1626,0.6495,-0.0579,-0.0764
1779744290699,2,12.00000018,Upper Delivery,Delivery,pitch.1,702266,0.1419,0.0042,0.244,0.0686,0.2053,-1.2251,0.0,0.0
1779744290699,2,Pitching Mound.Delivery,,Delivery,pitch.1,700632,-20.1518,-26.6749,95.8011,-44.2611,58.368,6.3725,-0.0578,0.2621
1779744290699,2,Pitching Mound.Drive,,Delivery,pitch.1,701498,-0.0416,-0.0415,0.4017,0.106,-0.7473,-0.9648,0.0,0.0
1779744290699,2,Pitching Mound.Parent,,Delivery,pitch.1,699956,-20.1934,-26.7164,96.2028,-44.155,57.6207,5.4077,-0.0575,0.261
1779744290700,2,11.0000004b,Drive,Delivery,pitch.1,701499,-0.0414,-0.0443,0.4155,0.1089,-0.7148,-0.9621,0.0,0.0
1779744290700,2,12.00000015,Lower Delivery,Delivery,pitch.1,701580,-19.7342,-25.4967,93.476,-75.7206,57.8437,0.3539,-0.0589,-0.0771
1779744290700,2,12.00000018,Upper Delivery,Delivery,pitch.1,702267,0.1237,-0.1025,0.2832,0.0451,0.1701,-1.042,0.0,0.0
1779744290700,2,Pitching Mound.Delivery,,Delivery,pitch.1,700633,-19.6105,-25.5992,93.7592,-43.9899,58.0137,6.0636,-0.0587,0.2611
1779744290700,2,Pitching Mound.Drive,,Delivery,pitch.1,701499,-0.0414,-0.0443,0.4155,0.1089,-0.7148,-0.9621,0.0,0.0
1779744290700,2,Pitching Mound.Parent,,Delivery,pitch.1,699957,-19.6518,-25.6435,94.1746,-43.881,57.299,5.1015,-0.0584,0.26
1779744290701,2,11.0000004b,Drive,Delivery,pitch.1,701500,-0.0409,-0.051,0.42,0.0775,-0.6924,-0.9854,0.0,0.0
1779744290701,2,12.00000015,Lower Delivery,Delivery,pitch.1,701581,-19.5901,-24.7375,91.5065,-73.7313,57.8777,-0.167,-0.0602,-0.0767
1779744290701,2,12.00000018,Upper Delivery,Delivery,pitch.1,702268,0.0259,-0.1958,0.2476,0.0394,0.1616,-0.9978,0.0,0.0
1779744290701,2,Pitching Mound.Delivery,,Delivery,pitch.1,700634,-19.5642,-24.9333,91.7541,-42.6638,58.0393,5.5045,-0.06,0.2617
1779744290701,2,Pitching Mound.Drive,,Delivery,pitch.1,701500,-0.0409,-0.051,0.42,0.0775,-0.6924,-0.9854,0.0,0.0
1779744290701,2,Pitching Mound.Parent,,Delivery,pitch.1,699958,-19.6051,-24.9843,92.1741,-42.5863,57.3469,4.5192,-0.0597,0.2605
1779744290702,2,11.0000004b,Drive,Delivery,pitch.1,701501,-0.0265,-0.0482,0.3737,0.0611,-0.6613,-0.9874,0.0,0.0
1779744290702,2,12.00000015,Lower Delivery,Delivery,pitch.1,701582,-19.448,-23.8307,89.8354,-71.6776,55.3295,-0.8779,-0.0586,-0.0759
1779744290702,2,12.00000018,Upper Delivery,Delivery,pitch.1,702269,-0.1295,-0.1299,0.2317,0.075,0.2149,-1.2748,0.0,0.0
1779744290702,2,Pitching Mound.Delivery,,Delivery,pitch.1,700635,-19.5775,-23.9606,90.0671,-41.1374,55.5444,4.4156,-0.0584,0.2625
1779744290702,2,Pitching Mound.Drive,,Delivery,pitch.1,701501,-0.0265,-0.0482,0.3737,0.0611,-0.6613,-0.9874,0.0,0.0
1779744290702,2,Pitching Mound.Parent,,Delivery,pitch.1,699959,-19.604,-24.0088,90.4408,-41.0763,54.8831,3.4281,-0.0582,0.2615
1779744290703,2,11.0000004b,Drive,Delivery,pitch.1,701502,-0.0293,-0.05,0.37,0.0546,-0.6172,-0.9676,0.0,0.0
1779744290703,2,12.00000015,Lower Delivery,Delivery,pitch.1,701583,-19.1323,-22.9689,88.9796,-71.3883,56.635,-1.4092,-0.0605,-0.0763
1779744290703,2,12.00000018,Upper Delivery,Delivery,pitch.1,702270,-0.256,-0.2514,0.176,0.0493,0.1765,-1.075,0.0,0.0
1779744290703,2,Pitching Mound.Delivery,,Delivery,pitch.1,700636,-19.3883,-23.2203,89.1556,-41.1457,56.8115,3.9337,-0.0604,0.2625
1779744290703,2,Pitching Mound.Drive,,Delivery,pitch.1,701502,-0.0293,-0.05,0.37,0.0546,-0.6172,-0.9676,0.0,0.0
1779744290703,2,Pitching Mound.Parent,,Delivery,pitch.1,699960,-19.4176,-23.2703,89.5255,-41.0911,56.1943,2.9661,-0.0602,0.2614
1779744290704,2,11.0000004b,Drive,Delivery,pitch.1,701503,-0.0151,-0.0476,0.3083,0.0556,-0.6287,-0.9488,0.0,0.0
1779744290704,2,12.00000015,Lower Delivery,Delivery,pitch.1,701584,-18.9796,-22.174,87.5843,-69.0254,55.591,-1.9149,-0.0604,-0.075
1779744290704,2,12.00000018,Upper Delivery,Delivery,pitch.1,702271,-0.3053,-0.0969,0.2838,0.1106,0.2684,-1.5524,0.0,0.0
1779744290704,2,Pitching Mound.Delivery,,Delivery,pitch.1,700637,-19.2849,-22.2708,87.8681,-39.2327,55.8594,2.882,-0.0602,0.2631
1779744290704,2,Pitching Mound.Drive,,Delivery,pitch.1,701503,-0.0151,-0.0476,0.3083,0.0556,-0.6287,-0.9488,0.0,0.0
1779744290704,2,Pitching Mound.Parent,,Delivery,pitch.1,699961,-19.3,-22.3185,88.1764,-39.1771,55.2307,1.9332,-0.06,0.2622
1779744290705,2,11.0000004b,Drive,Delivery,pitch.1,701504,-0.0137,-0.0494,0.3504,0.0538,-0.5955,-0.9734,0.0,0.0
1779744290705,2,12.00000015,Lower Delivery,Delivery,pitch.1,701585,-18.5535,-21.4702,85.473,-67.9418,54.4118,-2.2221,-0.0606,-0.0756
1779744290705,2,12.00000018,Upper Delivery,Delivery,pitch.1,702272,-0.0616,0.0151,0.0102,0.1244,0.2892,-1.6603,0.0,0.0
1779744290705,2,Pitching Mound.Delivery,,Delivery,pitch.1,700638,-18.6151,-21.4552,85.4831,-38.76,54.701,2.4049,-0.0606,0.2643
1779744290705,2,Pitching Mound.Drive,,Delivery,pitch.1,701504,-0.0137,-0.0494,0.3504,0.0538,-0.5955,-0.9734,0.0,0.0
1779744290705,2,Pitching Mound.Parent,,Delivery,pitch.1,699962,-18.6288,-21.5045,85.8336,-38.7062,54.1056,1.4314,-0.0603,0.2632
1779744290706,2,11.0000004b,Drive,Delivery,pitch.1,701505,0.0006,-0.0422,0.3005,0.055,-0.5887,-0.9414,0.0,0.0
1779744290706,2,12.00000015,Lower Delivery,Delivery,pitch.1,701586,-18.5393,-20.7377,84.8486,-69.277,56.8322,-2.6265,-0.0637,-0.0777
1779744290706,2,12.00000018,Upper Delivery,Delivery,pitch.1,702273,-0.0829,0.0136,0.0359,0.11,0.2676,-1.5483,0.0,0.0
1779744290706,2,Pitching Mound.Delivery,,Delivery,pitch.1,700639,-18.6222,-20.7241,84.8845,-40.3306,57.0999,2.1003,-0.0637,0.2621
1779744290706,2,Pitching Mound.Drive,,Delivery,pitch.1,701505,0.0006,-0.0422,0.3005,0.055,-0.5887,-0.9414,0.0,0.0
1779744290706,2,Pitching Mound.Parent,,Delivery,pitch.1,699963,-18.6217,-20.7663,85.185,-40.2757,56.5111,1.1589,-0.0635,0.2612
1779744290707,2,11.0000004b,Drive,Delivery,pitch.1,701506,-0.0015,-0.0334,0.3828,0.0925,-0.6502,-0.9765,0.0,0.0
1779744290707,2,12.00000015,Lower Delivery,Delivery,pitch.1,701587,-18.2848,-19.9987,82.526,-69.8003,55.2701,-3.0033,-0.0637,-0.0805
1779744290707,2,12.00000018,Upper Delivery,Delivery,pitch.1,702274,-0.12,0.0125,0.0681,0.0861,0.2316,-1.3613,0.0,0.0
1779744290707,2,Pitching Mound.Delivery,,Delivery,pitch.1,700640,-18.4047,-19.9862,82.5941,-41.6785,55.5017,1.8114,-0.0637,0.259
1779744290707,2,Pitching Mound.Drive,,Delivery,pitch.1,701506,-0.0015,-0.0334,0.3828,0.0925,-0.6502,-0.9765,0.0,0.0
1779744290707,2,Pitching Mound.Parent,,Delivery,pitch.1,699964,-18.4062,-20.0196,82.977,-41.586,54.8515,0.8349,-0.0634,0.2579
1779744290708,2,11.0000004b,Drive,Delivery,pitch.1,701507,-0.0009,-0.031,0.4204,0.1341,-0.627,-0.9801,0.0,0.0
1779744290708,2,12.00000015,Lower Delivery,Delivery,pitch.1,701588,-17.9535,-19.2827,80.7712,-68.3962,55.1323,-3.0552,-0.0649,-0.0806
1779744290708,2,12.00000018,Upper Delivery,Delivery,pitch.1,702275,-0.2222,-0.0115,0.1959,0.0692,0.2063,-1.2302,0.0,0.0
1779744290708,2,Pitching Mound.Delivery,,Delivery,pitch.1,700641,-18.1756,-19.2941,80.9671,-40.9314,55.3386,1.7432,-0.0648,0.258
1779744290708,2,Pitching Mound.Drive,,Delivery,pitch.1,701507,-0.0009,-0.031,0.4204,0.1341,-0.627,-0.9801,0.0,0.0
1779744290708,2,Pitching Mound.Parent,,Delivery,pitch.1,699965,-18.1765,-19.3251,81.3876,-40.7973,54.7116,0.7631,-0.0644,0.2567
1779744290709,2,11.0000004b,Drive,Delivery,pitch.1,701508,-0.0119,-0.0311,0.4828,0.1689,-0.5509,-0.9832,0.0,0.0
1779744290709,2,12.00000015,Lower Delivery,Delivery,pitch.1,701589,-17.5601,-18.5137,79.1369,-66.5698,52.7198,-3.1043,-0.0634,-0.08
1779744290709,2,12.00000018,Upper Delivery,Delivery,pitch.1,702276,-0.2783,-0.0116,0.2618,0.0432,0.1672,-1.027,0.0,0.0
1779744290709,2,Pitching Mound.Delivery,,Delivery,pitch.1,700642,-17.8384,-18.5253,79.3987,-39.7091,52.887,1.7445,-0.0632,0.258
1779744290709,2,Pitching Mound.Drive,,Delivery,pitch.1,701508,-0.0119,-0.0311,0.4828,0.1689,-0.5509,-0.9832,0.0,0.0
1779744290709,2,Pitching Mound.Parent,,Delivery,pitch.1,699966,-17.8503,-18.5563,79.8815,-39.5402,52.3361,0.7613,-0.0628,0.2564
1779744290710,2,11.0000004b,Drive,Delivery,pitch.1,701509,-0.0141,-0.0271,0.5697,0.2167,-0.5758,-0.9886,0.0,0.0
1779744290710,2,12.00000015,Lower Delivery,Delivery,pitch.1,701590,-17.3524,-17.8022,77.0768,-66.215,51.2795,-3.8957,-0.0633,-0.0817
1779744290710,2,12.00000018,Upper Delivery,Delivery,pitch.1,702277,-0.352,-0.0336,0.3534,0.0351,0.1551,-0.9641,0.0,0.0
1779744290710,2,Pitching Mound.Delivery,,Delivery,pitch.1,700643,-17.7044,-17.8358,77.4302,-40.0939,51.4346,0.9204,-0.063,0.2555
1779744290710,2,Pitching Mound.Drive,,Delivery,pitch.1,701509,-0.0141,-0.0271,0.5697,0.2167,-0.5758,-0.9886,0.0,0.0
1779744290710,2,Pitching Mound.Parent,,Delivery,pitch.1,699967,-17.7186,-17.8629,77.9999,-39.8773,50.8588,-0.0682,-0.0625,0.2537
1779744290711,2,11.0000004b,Drive,Delivery,pitch.1,701510,-0.0275,-0.0288,0.6321,0.2515,-0.4732,-0.9852,0.0,0.0
1779744290711,2,12.00000015,Lower Delivery,Delivery,pitch.1,701591,-17.1681,-17.254,76.7596,-67.1215,51.477,-4.0089,-0.0638,-0.0832
1779744290711,2,12.00000018,Upper Delivery,Delivery,pitch.1,702278,-0.4004,-0.0554,0.4144,0.0306,0.1483,-0.929,0.0,0.0
1779744290711,2,Pitching Mound.Delivery,,Delivery,pitch.1,700644,-17.5685,-17.3094,77.174,-41.1335,51.6253,0.7631,-0.0635,0.2536
1779744290711,2,Pitching Mound.Drive,,Delivery,pitch.1,701510,-0.0275,-0.0288,0.6321,0.2515,-0.4732,-0.9852,0.0,0.0
1779744290711,2,Pitching Mound.Parent,,Delivery,pitch.1,699968,-17.5959,-17.3382,77.8062,-40.882,51.1521,-0.222,-0.0629,0.2516
1779744290712,2,11.0000004b,Drive,Delivery,pitch.1,701511,-0.0347,-0.0329,0.6419,0.2325,-0.587,-0.9535,0.0,0.0
1779744290712,2,12.00000015,Lower Delivery,Delivery,pitch.1,701592,-16.5916,-16.4598,78.3825,-66.6411,51.5894,-4.1888,-0.0626,-0.0809
1779744290712,2,12.00000015,Lower Delivery,Delivery,pitch.1,701593,-16.2576,-15.7393,75.7656,-61.708,47.6553,-4.3149,-0.0598,-0.0775
1779744290712,2,12.00000018,Upper Delivery,Delivery,pitch.1,702279,-0.3804,-0.0472,0.3876,0.0217,0.1349,-0.8593,0.0,0.0
1779744290712,2,Pitching Mound.Delivery,,Delivery,pitch.1,700645,-16.9719,-16.507,78.7701,-40.1011,51.7243,0.4637,-0.0623,0.2562
1779744290712,2,Pitching Mound.Drive,,Delivery,pitch.1,701511,-0.0347,-0.0329,0.6419,0.2325,-0.587,-0.9535,0.0,0.0
1779744290712,2,Pitching Mound.Parent,,Delivery,pitch.1,699969,-17.0066,-16.5399,79.412,-39.8686,51.1372,-0.4898,-0.0618,0.2541
1779744290713,2,11.0000004b,Drive,Delivery,pitch.1,701512,-0.0491,-0.0352,0.6146,0.241,-0.556,-0.9472,0.0,0.0
1779744290713,2,12.00000018,Upper Delivery,Delivery,pitch.1,702280,-0.3724,-0.0474,0.3768,0.0203,0.1328,-0.8482,0.0,0.0
1779744290713,2,Pitching Mound.Delivery,,Delivery,pitch.1,700646,-16.63,-15.7867,76.1424,-36.0555,47.7881,0.2378,-0.0595,0.2595
1779744290713,2,Pitching Mound.Drive,,Delivery,pitch.1,701512,-0.0491,-0.0352,0.6146,0.241,-0.556,-0.9472,0.0,0.0
1779744290713,2,Pitching Mound.Parent,,Delivery,pitch.1,699970,-16.6791,-15.8219,76.757,-35.8145,47.2322,-0.7094,-0.0591,0.2575
1779744290714,2,11.0000004b,Drive,Delivery,pitch.1,701513,-0.0491,-0.0358,0.5871,0.2293,-0.5824,-0.9577,0.0,0.0
1779744290714,2,12.00000015,Lower Delivery,Delivery,pitch.1,701594,-15.9075,-14.9633,74.0291,-62.684,49.7142,-4.3424,-0.0639,-0.0806
1779744290714,2,12.00000018,Upper Delivery,Delivery,pitch.1,702281,-0.2852,-0.0218,0.2803,0.0175,0.1287,-0.8271,0.0,0.0
1779744290714,2,Pitching Mound.Delivery,,Delivery,pitch.1,700647,-16.1927,-14.9851,74.3093,-37.5919,49.8429,0.1421,-0.0636,0.2572
1779744290714,2,Pitching Mound.Drive,,Delivery,pitch.1,701513,-0.0491,-0.0358,0.5871,0.2293,-0.5824,-0.9577,0.0,0.0
1779744290714,2,Pitching Mound.Parent,,Delivery,pitch.1,699971,-16.2418,-15.021,74.8965,-37.3626,49.2606,-0.8155,-0.0631,0.2552
1779744290715,2,11.0000004b,Drive,Delivery,pitch.1,701514,-0.0452,-0.0374,0.5544,0.2311,-0.6271,-0.9819,0.0,0.0
1779744290715,2,12.00000015,Lower Delivery,Delivery,pitch.1,701595,-15.4478,-14.3769,71.4118,-58.6206,48.9479,-4.4627,-0.0652,-0.0781
1779744290715,2,12.00000018,Upper Delivery,Delivery,pitch.1,702282,-0.2137,-0.0152,0.2225,0.023,0.1369,-0.8695,0.0,0.0
1779744290715,2,Pitching Mound.Delivery,,Delivery,pitch.1,700648,-15.6614,-14.3922,71.6342,-34.3933,49.0847,-0.1526,-0.065,0.26
1779744290715,2,Pitching Mound.Drive,,Delivery,pitch.1,701514,-0.0452,-0.0374,0.5544,0.2311,-0.6271,-0.9819,0.0,0.0
1779744290715,2,Pitching Mound.Parent,,Delivery,pitch.1,699972,-15.7067,-14.4296,72.1886,-34.1622,48.4576,-1.1345,-0.0645,0.258
1779744290716,2,11.0000004b,Drive,Delivery,pitch.1,701515,-0.051,-0.0422,0.5676,0.2314,-0.6739,-1.0075,0.0,0.0
1779744290716,2,12.00000015,Lower Delivery,Delivery,pitch.1,701596,-14.8568,-13.5292,69.0779,-56.4563,47.0314,-4.6712,-0.0648,-0.0777
1779744290716,2,12.00000018,Upper Delivery,Delivery,pitch.1,702283,-0.1153,-0.0123,0.1413,0.0498,0.1772,-1.0789,0.0,0.0
1779744290716,2,Pitching Mound.Delivery,,Delivery,pitch.1,700649,-14.9721,-13.5415,69.2192,-32.968,47.2086,-0.738,-0.0646,0.261
1779744290716,2,Pitching Mound.Drive,,Delivery,pitch.1,701515,-0.051,-0.0422,0.5676,0.2314,-0.6739,-1.0075,0.0,0.0
1779744290716,2,Pitching Mound.Parent,,Delivery,pitch.1,699973,-15.0231,-13.5838,69.7868,-32.7367,46.5347,-1.7454,-0.0641,0.2589
1779744290717,2,11.0000004b,Drive,Delivery,pitch.1,701516,-0.0523,-0.0476,0.5926,0.1655,-0.8246,-1.0152,0.0,0.0
1779744290717,2,12.00000015,Lower Delivery,Delivery,pitch.1,701597,-14.064,-12.9362,67.1871,-53.5704,50.0458,-4.3613,-0.0709,-0.0758
1779744290717,2,12.00000018,Upper Delivery,Delivery,pitch.1,702284,-0.1797,-0.0665,0.1652,0.079,0.221,-1.3062,0.0,0.0
1779744290717,2,Pitching Mound.Delivery,,Delivery,pitch.1,700650,-14.2437,-13.0026,67.3523,-30.704,50.2668,-0.9469,-0.0707,0.2627
1779744290717,2,Pitching Mound.Drive,,Delivery,pitch.1,701516,-0.0523,-0.0476,0.5926,0.1655,-0.8246,-1.0152,0.0,0.0
1779744290717,2,Pitching Mound.Parent,,Delivery,pitch.1,699974,-14.296,-13.0502,67.9449,-30.5385,49.4422,-1.962,-0.0701,0.2604
1779744290718,2,11.0000004b,Drive,Delivery,pitch.1,701517,-0.0522,-0.0531,0.5368,0.1252,-0.7669,-1.0103,0.0,0.0
1779744290718,2,12.00000015,Lower Delivery,Delivery,pitch.1,701598,-13.27,-12.0673,64.3954,-50.2295,48.9349,-4.5094,-0.0723,-0.0742
1779744290718,2,12.00000018,Upper Delivery,Delivery,pitch.1,702285,-0.4001,-0.1548,0.394,0.1118,0.2703,-1.5623,0.0,0.0
1779744290718,2,Pitching Mound.Delivery,,Delivery,pitch.1,700651,-13.67,-12.2221,64.7894,-28.3572,49.2052,-1.696,-0.0719,0.2621
1779744290718,2,Pitching Mound.Drive,,Delivery,pitch.1,701517,-0.0522,-0.0531,0.5368,0.1252,-0.7669,-1.0103,0.0,0.0
1779744290718,2,Pitching Mound.Parent,,Delivery,pitch.1,699975,-13.7223,-12.2752,65.3263,-28.232,48.4383,-2.7063,-0.0713,0.26
1779744290719,2,11.0000004b,Drive,Delivery,pitch.1,701518,-0.0537,-0.0597,0.4996,0.1256,-0.8009,-0.9933,0.0,0.0
1779744290719,2,12.00000015,Lower Delivery,Delivery,pitch.1,701599,-12.6462,-11.1915,63.1878,-48.7065,49.3367,-3.8204,-0.0743,-0.0733
1779744290719,2,12.00000015,Lower Delivery,Delivery,pitch.1,701600,-11.7545,-10.2734,61.5969,-48.5976,49.1991,-3.7629,-0.076,-0.0751
1779744290719,2,12.00000018,Upper Delivery,Delivery,pitch.1,702286,-0.4874,-0.2463,-0.2716,0.1578,0.3393,-1.9207,0.0,0.0
1779744290719,2,Pitching Mound.Delivery,,Delivery,pitch.1,700652,-13.1336,-11.4378,62.9162,-26.9725,49.676,-1.6071,-0.0746,0.2693
1779744290719,2,Pitching Mound.Drive,,Delivery,pitch.1,701518,-0.0537,-0.0597,0.4996,0.1256,-0.8009,-0.9933,0.0,0.0
1779744290719,2,Pitching Mound.Parent,,Delivery,pitch.1,699976,-13.1873,-11.4975,63.4157,-26.8469,48.8751,-2.6004,-0.074,0.2672
1779744290720,2,11.0000004b,Drive,Delivery,pitch.1,701519,-0.0534,-0.0634,0.4839,0.1248,-0.794,-1.0343,0.0,0.0
1779744290720,2,12.00000015,Lower Delivery,Delivery,pitch.1,701601,-10.7829,-9.52,59.9036,-47.6006,48.6298,-3.5588,-0.0772,-0.0756
1779744290720,2,12.00000018,Upper Delivery,Delivery,pitch.1,702287,-0.3788,-0.1014,-0.4781,0.2083,0.4152,-2.3145,0.0,0.0
1779744290720,2,Pitching Mound.Delivery,,Delivery,pitch.1,700653,-12.1333,-10.3748,61.1188,-27.2838,49.6143,-2.2096,-0.0766,0.2697
1779744290720,2,Pitching Mound.Drive,,Delivery,pitch.1,701519,-0.0534,-0.0634,0.4839,0.1248,-0.794,-1.0343,0.0,0.0
1779744290720,2,Pitching Mound.Parent,,Delivery,pitch.1,699977,-12.1867,-10.4382,61.6027,-27.159,48.8203,-3.2439,-0.076,0.2676
1779744290721,2,11.0000004b,Drive,Delivery,pitch.1,701520,-0.0575,-0.0794,0.4876,0.1215,-0.7207,-1.0223,0.0,0.0
1779744290721,2,12.00000015,Lower Delivery,Delivery,pitch.1,701602,-9.6906,-8.7096,61.6547,-45.9472,48.8478,-3.2354,-0.0754,-0.0709
1779744290721,2,12.00000018,Upper Delivery,Delivery,pitch.1,702288,-0.1391,0.0337,-0.5472,0.242,0.4658,-2.5772,0.0,0.0
1779744290721,2,Pitching Mound.Delivery,,Delivery,pitch.1,700654,-10.922,-9.4863,59.3564,-26.8054,49.0956,-2.517,-0.0779,0.27
1779744290721,2,Pitching Mound.Drive,,Delivery,pitch.1,701520,-0.0575,-0.0794,0.4876,0.1215,-0.7207,-1.0223,0.0,0.0
1779744290721,2,Pitching Mound.Parent,,Delivery,pitch.1,699978,-10.9795,-9.5657,59.844,-26.6839,48.3749,-3.5393,-0.0773,0.2678
1779744290722,2,11.0000004b,Drive,Delivery,pitch.1,701521,-0.0347,-0.0652,0.4233,0.0908,-0.7174,-1.0177,0.0,0.0
1779744290722,2,12.00000015,Lower Delivery,Delivery,pitch.1,701603,-8.66,-7.8278,57.6547,-44.9838,47.8806,-2.8956,-0.079,-0.0742
1779744290722,2,12.00000018,Upper Delivery,Delivery,pitch.1,702289,0.0235,-0.0205,-0.4226,0.0194,0.2482,-2.9323,0.0,0.0
1779744290722,2,Pitching Mound.Delivery,,Delivery,pitch.1,700655,-9.6671,-8.7301,61.232,-24.8214,49.096,-2.8649,-0.0759,0.2733
1779744290722,2,Pitching Mound.Drive,,Delivery,pitch.1,701521,-0.0347,-0.0652,0.4233,0.0908,-0.7174,-1.0177,0.0,0.0
1779744290722,2,Pitching Mound.Parent,,Delivery,pitch.1,699979,-9.7019,-8.7953,61.6553,-24.7306,48.3786,-3.8826,-0.0754,0.2714
1779744290723,2,11.0000004b,Drive,Delivery,pitch.1,701522,-0.0369,-0.0561,0.4538,0.0566,-0.6964,-1.0261,0.0,0.0
1779744290723,2,12.00000015,Lower Delivery,Delivery,pitch.1,701604,-7.6652,-6.7545,55.0311,-43.6313,46.1227,-2.6646,-0.0797,-0.0754
1779744290723,2,12.00000018,Upper Delivery,Delivery,pitch.1,702290,-0.0221,-0.0869,-0.3549,-0.2845,-0.0677,-3.0784,0.0,0.0
1779744290723,2,Pitching Mound.Delivery,,Delivery,pitch.1,700656,-8.6821,-7.9147,57.2998,-25.545,47.8129,-3.037,-0.0795,0.2695
1779744290723,2,Pitching Mound.Drive,,Delivery,pitch.1,701522,-0.0369,-0.0561,0.4538,0.0566,-0.6964,-1.0261,0.0,0.0
1779744290723,2,Pitching Mound.Parent,,Delivery,pitch.1,699980,-8.719,-7.9708,57.7536,-25.4884,47.1165,-4.0632,-0.0789,0.2674
1779744290724,2,11.0000004b,Drive,Delivery,pitch.1,701523,-0.0281,-0.0543,0.4356,0.057,-0.7299,-1.0272,0.0,0.0
1779744290724,2,12.00000015,Lower Delivery,Delivery,pitch.1,701605,-6.6042,-5.5856,53.1474,-44.8874,46.9432,-2.3676,-0.084,-0.0803
1779744290724,2,12.00000018,Upper Delivery,Delivery,pitch.1,702291,-0.0253,-0.0955,-0.3721,-0.3422,-0.1222,-3.2064,0.0,0.0
1779744290724,2,Pitching Mound.Delivery,,Delivery,pitch.1,700657,-7.6905,-6.85,54.6591,-25.1365,46.0005,-3.2734,-0.0803,0.2687
1779744290724,2,Pitching Mound.Drive,,Delivery,pitch.1,701523,-0.0281,-0.0543,0.4356,0.057,-0.7299,-1.0272,0.0,0.0
1779744290724,2,Pitching Mound.Parent,,Delivery,pitch.1,699981,-7.7186,-6.9044,55.0947,-25.0794,45.2705,-4.3006,-0.0796,0.2666
1779744290725,2,11.0000004b,Drive,Delivery,pitch.1,701524,-0.0124,-0.0513,0.383,0.0554,-0.6389,-0.9707,0.0,0.0
1779744290725,2,12.00000015,Lower Delivery,Delivery,pitch.1,701606,-5.2769,-4.1229,51.0673,-42.4291,46.8246,-2.8379,-0.0872,-0.079
1779744290725,2,12.00000018,Upper Delivery,Delivery,pitch.1,702292,-0.0313,-0.1044,-0.3171,-0.538,-0.3076,-3.3176,0.0,0.0
1779744290725,2,Pitching Mound.Delivery,,Delivery,pitch.1,700658,-6.6355,-5.69,52.8304,-27.2475,46.6356,-3.4504,-0.0845,0.2633
1779744290725,2,Pitching Mound.Drive,,Delivery,pitch.1,701524,-0.0124,-0.0513,0.383,0.0554,-0.6389,-0.9707,0.0,0.0
1779744290725,2,Pitching Mound.Parent,,Delivery,pitch.1,699982,-6.6479,-5.7413,53.2134,-27.1922,45.9967,-4.4211,-0.0839,0.2614
1779744290726,2,11.0000004b,Drive,Delivery,pitch.1,701525,-0.0052,-0.0418,0.4081,0.0447,-0.6152,-0.9894,0.0,0.0
1779744290726,2,12.00000015,Lower Delivery,Delivery,pitch.1,701607,-4.136,-2.9141,50.8777,-45.7195,47.0349,-2.4634,-0.0879,-0.0855
1779744290726,2,12.00000018,Upper Delivery,Delivery,pitch.1,702293,-0.0325,-0.0873,-0.2233,-0.3082,-0.1967,-3.4032,0.0,0.0
1779744290726,2,Pitching Mound.Delivery,,Delivery,pitch.1,700659,-5.3094,-4.2102,50.844,-25.2985,46.6279,-4.458,-0.0876,0.2636
1779744290726,2,Pitching Mound.Drive,,Delivery,pitch.1,701525,-0.0052,-0.0418,0.4081,0.0447,-0.6152,-0.9894,0.0,0.0
1779744290726,2,Pitching Mound.Parent,,Delivery,pitch.1,699983,-5.3146,-4.252,51.2521,-25.2538,46.0127,-5.4474,-0.0869,0.2615
1779744290727,2,11.0000004b,Drive,Delivery,pitch.1,701526,-0.0023,-0.0375,0.3875,0.0472,-0.6221,-0.9631,0.0,0.0
1779744290727,2,12.00000015,Lower Delivery,Delivery,pitch.1,701608,-3.2724,-1.7012,47.9336,-41.9846,41.717,-1.9787,-0.0828,-0.0833
1779744290727,2,12.00000018,Upper Delivery,Delivery,pitch.1,702294,-0.0301,-0.0706,-0.1867,-0.1954,-0.2547,-3.4913,0.0,0.0
1779744290727,2,Pitching Mound.Delivery,,Delivery,pitch.1,700660,-4.1661,-2.9847,50.691,-28.553,46.7802,-4.5587,-0.0883,0.2567
1779744290727,2,Pitching Mound.Drive,,Delivery,pitch.1,701526,-0.0023,-0.0375,0.3875,0.0472,-0.6221,-0.9631,0.0,0.0
1779744290727,2,Pitching Mound.Parent,,Delivery,pitch.1,699984,-4.1684,-3.0222,51.0785,-28.5058,46.1581,-5.5218,-0.0876,0.2548
1779744290728,2,11.0000004b,Drive,Delivery,pitch.1,701527,0.0044,-0.0319,0.3802,0.0457,-0.5912,-0.9558,0.0,0.0
1779744290728,2,12.00000015,Lower Delivery,Delivery,pitch.1,701609,-2.2181,-0.53,47.2454,-45.1903,41.8076,-1.4738,-0.0842,-0.091
1779744290728,2,12.00000018,Upper Delivery,Delivery,pitch.1,702295,-0.0253,-0.0437,-0.1418,-0.3663,-0.5632,-3.4671,0.0,0.0
1779744290728,2,Pitching Mound.Delivery,,Delivery,pitch.1,700661,-3.2977,-1.7449,47.7917,-26.0053,41.1538,-4.3418,-0.083,0.2584
1779744290728,2,Pitching Mound.Drive,,Delivery,pitch.1,701527,0.0044,-0.0319,0.3802,0.0457,-0.5912,-0.9558,0.0,0.0
1779744290728,2,Pitching Mound.Parent,,Delivery,pitch.1,699985,-3.2933,-1.7768,48.1719,-25.9596,40.5626,-5.2976,-0.0824,0.2564
1779744290729,2,11.0000004b,Drive,Delivery,pitch.1,701528,0.0106,-0.0304,0.3683,0.0361,-0.5387,-0.9683,0.0,0.0
1779744290729,2,12.00000015,Lower Delivery,Delivery,pitch.1,701610,-1.4705,0.5755,47.41,-49.0194,40.4541,-0.7998,-0.0812,-0.0984
1779744290729,2,12.00000018,Upper Delivery,Delivery,pitch.1,702296,-0.0205,-0.0289,-0.1018,-0.2542,-0.766,-3.4825,0.0,0.0
1779744290729,2,Pitching Mound.Delivery,,Delivery,pitch.1,700662,-2.2386,-0.5589,47.1436,-29.3465,41.0416,-4.2091,-0.0844,0.2503
1779744290729,2,Pitching Mound.Drive,,Delivery,pitch.1,701528,0.0106,-0.0304,0.3683,0.0361,-0.5387,-0.9683,0.0,0.0
1779744290729,2,Pitching Mound.Parent,,Delivery,pitch.1,699986,-2.2281,-0.5893,47.512,-29.3103,40.5029,-5.1774,-0.0837,0.2483
1779744290730,2,11.0000004b,Drive,Delivery,pitch.1,701529,0.0114,-0.0313,0.3992,0.0527,-0.6949,-0.9933,0.0,0.0
1779744290730,2,12.00000015,Lower Delivery,Delivery,pitch.1,701611,-0.6995,1.7982,46.8648,-46.1109,40.573,-0.8905,-0.0824,-0.0936
1779744290730,2,12.00000018,Upper Delivery,Delivery,pitch.1,702297,-0.0154,-0.0208,-0.0916,-0.8794,-1.0256,-3.4198,0.0,0.0
1779744290730,2,12.00000018,Upper Delivery,Delivery,pitch.1,702298,0.0077,-0.0572,-0.0839,-1.3296,-1.2329,-3.3954,0.0,0.0
1779744290730,2,Pitching Mound.Delivery,,Delivery,pitch.1,700663,-1.4858,0.5547,47.3184,-33.7482,39.4285,-3.7248,-0.0813,0.2428
1779744290730,2,Pitching Mound.Delivery,,Delivery,pitch.1,700664,-0.6919,1.741,46.7809,-31.4779,39.34,-4.0454,-0.0825,0.2475
1779744290730,2,Pitching Mound.Drive,,Delivery,pitch.1,701529,0.0114,-0.0313,0.3992,0.0527,-0.6949,-0.9933,0.0,0.0
1779744290730,2,Pitching Mound.Parent,,Delivery,pitch.1,699987,-1.4745,0.5234,47.7177,-33.6955,38.7336,-4.7182,-0.0806,0.2407
1779744290731,2,11.0000004b,Drive,Delivery,pitch.1,701530,0.0297,-0.0173,0.3719,0.0814,-0.7646,-0.9421,0.0,0.0
1779744290731,2,12.00000015,Lower Delivery,Delivery,pitch.1,701612,0.2682,2.8553,49.2308,-49.3951,45.9809,-0.5189,-0.0888,-0.0954
1779744290731,2,Pitching Mound.Drive,,Delivery,pitch.1,701530,0.0297,-0.0173,0.3719,0.0814,-0.7646,-0.9421,0.0,0.0
1779744290731,2,Pitching Mound.Parent,,Delivery,pitch.1,699988,-0.6622,1.7237,47.1528,-31.3965,38.5754,-4.9876,-0.0819,0.2455
1779744290732,2,11.0000004b,Drive,Delivery,pitch.1,701531,0.0331,-0.0169,0.3923,0.0982,-0.8406,-0.954,0.0,0.0
1779744290732,2,11.0000004b,Drive,Delivery,pitch.1,701532,0.0294,-0.0187,0.4243,0.0938,-0.7603,-0.9517,0.0,0.0
1779744290732,2,12.00000015,Lower Delivery,Delivery,pitch.1,701613,1.0326,3.7366,50.7699,-54.4407,43.8312,-0.6555,-0.0821,-0.102
1779744290732,2,12.00000018,Upper Delivery,Delivery,pitch.1,702299,0.0734,-0.1607,-0.062,-1.1895,-1.3713,-3.442,0.0,0.0
1779744290732,2,Pitching Mound.Delivery,,Delivery,pitch.1,700665,0.3417,2.6946,49.1688,-33.825,44.6096,-4.0271,-0.089,0.2453
1779744290732,2,Pitching Mound.Drive,,Delivery,pitch.1,701531,0.0331,-0.0169,0.3923,0.0982,-0.8406,-0.954,0.0,0.0
1779744290732,2,Pitching Mound.Drive,,Delivery,pitch.1,701532,0.0294,-0.0187,0.4243,0.0938,-0.7603,-0.9517,0.0,0.0
1779744290732,2,Pitching Mound.Parent,,Delivery,pitch.1,699989,0.3748,2.6777,49.5611,-33.7268,43.769,-4.9811,-0.0883,0.2433
1779744290733,2,12.00000015,Lower Delivery,Delivery,pitch.1,701614,2.0323,4.6783,50.4364,-52.0255,50.1577,-0.6156,-0.0946,-0.0981
1779744290733,2,12.00000018,Upper Delivery,Delivery,pitch.1,702300,0.1962,-0.2489,-0.0252,-1.7185,-1.6514,-3.4215,0.0,0.0
1779744290733,2,12.00000018,Upper Delivery,Delivery,pitch.1,702301,0.2176,-0.3622,-0.1712,-2.4084,-2.1208,-3.5191,0.0,0.0
1779744290733,2,Pitching Mound.Delivery,,Delivery,pitch.1,700666,1.2288,3.4877,50.7447,-38.8888,42.1797,-4.3614,-0.0822,0.2383
1779744290733,2,Pitching Mound.Delivery,,Delivery,pitch.1,700667,2.2499,4.3161,50.2653,-37.2273,48.0369,-4.7517,-0.0949,0.2439
1779744290733,2,Pitching Mound.Parent,,Delivery,pitch.1,699990,1.2583,3.469,51.169,-38.7951,41.4194,-5.3131,-0.0815,0.2363
1779744290734,2,11.0000004b,Drive,Delivery,pitch.1,701533,0.0356,-0.021,0.3933,0.1277,-0.8658,-0.9819,0.0,0.0
1779744290734,2,12.00000015,Lower Delivery,Delivery,pitch.1,701615,2.4988,5.3825,53.0475,-56.0571,53.3379,-0.244,-0.0956,-0.1005
1779744290734,2,12.00000018,Upper Delivery,Delivery,pitch.1,702302,-0.1322,-0.1496,0.5841,-1.928,-1.8784,-3.5952,0.0,0.0
1779744290734,2,Pitching Mound.Delivery,,Delivery,pitch.1,700668,2.3667,5.2329,53.6316,-40.1475,51.4595,-4.7337,-0.0946,0.2332
1779744290734,2,Pitching Mound.Drive,,Delivery,pitch.1,701533,0.0356,-0.021,0.3933,0.1277,-0.8658,-0.9819,0.0,0.0
1779744290734,2,Pitching Mound.Parent,,Delivery,pitch.1,699991,2.2855,4.2951,50.6586,-37.0996,47.1711,-5.7336,-0.0942,0.242
1779744290735,2,11.0000004b,Drive,Delivery,pitch.1,701534,0.0353,-0.0151,0.4248,0.1187,-0.7588,-0.9555,0.0,0.0
1779744290735,2,12.00000015,Lower Delivery,Delivery,pitch.1,701616,3.2217,6.1909,54.0971,-60.5426,55.1221,0.0406,-0.0969,-0.1065
1779744290735,2,12.00000018,Upper Delivery,Delivery,pitch.1,702303,-0.1678,0.1778,0.3439,-1.7916,-2.0653,-3.8341,0.0,0.0
1779744290735,2,Pitching Mound.Delivery,,Delivery,pitch.1,700669,3.0539,6.3686,54.4409,-44.0581,53.0568,-4.9459,-0.0963,0.2299
1779744290735,2,Pitching Mound.Drive,,Delivery,pitch.1,701534,0.0353,-0.0151,0.4248,0.1187,-0.7588,-0.9555,0.0,0.0
1779744290735,2,Pitching Mound.Parent,,Delivery,pitch.1,699992,2.402,5.2178,54.0563,-40.0288,50.7007,-5.6891,-0.0939,0.2313
1779744290736,2,11.0000004b,Drive,Delivery,pitch.1,701535,0.0346,-0.0078,0.4169,0.1467,-0.664,-0.9508,0.0,0.0
1779744290736,2,12.00000015,Lower Delivery,Delivery,pitch.1,701617,3.4076,6.8105,54.3879,-58.7685,53.4526,1.3203,-0.0935,-0.1028
1779744290736,2,12.00000018,Upper Delivery,Delivery,pitch.1,702304,-0.002,0.1276,-0.0864,-1.5338,-1.9713,-4.0652,0.0,0.0
1779744290736,2,Pitching Mound.Delivery,,Delivery,pitch.1,700670,3.4056,6.9381,54.3015,-41.7811,51.4813,-3.9042,-0.0936,0.2381
1779744290736,2,Pitching Mound.Drive,,Delivery,pitch.1,701535,0.0346,-0.0078,0.4169,0.1467,-0.664,-0.9508,0.0,0.0
1779744290736,2,Pitching Mound.Parent,,Delivery,pitch.1,699993,3.0885,6.3608,54.8579,-43.9114,52.3928,-5.8967,-0.0956,0.2282
1779744290737,2,11.0000004b,Drive,Delivery,pitch.1,701536,0.0354,-0.0169,0.3933,0.1399,-0.7552,-0.9557,0.0,0.0
1779744290737,2,11.0000004b,Drive,Delivery,pitch.1,701537,0.0331,-0.0172,0.3936,0.1075,-0.6491,-0.938,0.0,0.0
1779744290737,2,12.00000015,Lower Delivery,Delivery,pitch.1,701618,3.7742,7.2924,54.3054,-58.5977,50.8471,1.3419,-0.0891,-0.1026
1779744290737,2,Pitching Mound.Drive,,Delivery,pitch.1,701536,0.0354,-0.0169,0.3933,0.1399,-0.7552,-0.9557,0.0,0.0
1779744290737,2,Pitching Mound.Drive,,Delivery,pitch.1,701537,0.0331,-0.0172,0.3936,0.1075,-0.6491,-0.938,0.0,0.0
1779744290737,2,Pitching Mound.Parent,,Delivery,pitch.1,699994,3.441,6.9212,54.6948,-41.6411,50.7261,-4.8599,-0.093,0.2364
1779744290738,2,11.0000004b,Drive,Delivery,pitch.1,701538,0.0383,-0.0198,0.3885,0.1054,-0.7011,-0.9556,0.0,0.0
1779744290738,2,12.00000015,Lower Delivery,Delivery,pitch.1,701619,4.572,7.7673,55.0934,-59.1591,51.1146,2.2565,-0.0883,-0.1021
1779744290738,2,12.00000018,Upper Delivery,Delivery,pitch.1,702305,-0.2696,0.2548,0.6772,-1.4699,-2.0368,-4.2722,0.0,0.0
1779744290738,2,Pitching Mound.Delivery,,Delivery,pitch.1,700671,3.5046,7.5472,54.9826,-41.834,48.8104,-4.3052,-0.088,0.2302
1779744290738,2,Pitching Mound.Drive,,Delivery,pitch.1,701538,0.0383,-0.0198,0.3885,0.1054,-0.7011,-0.9556,0.0,0.0
1779744290738,2,Pitching Mound.Parent,,Delivery,pitch.1,699995,3.5377,7.5299,55.3762,-41.7265,48.1613,-5.2432,-0.0873,0.2286
1779744290739,2,11.0000004b,Drive,Delivery,pitch.1,701539,0.0395,-0.0195,0.4052,0.1033,-0.8095,-0.9583,0.0,0.0
1779744290739,2,12.00000015,Lower Delivery,Delivery,pitch.1,701620,5.3048,7.9929,55.0052,-59.8933,50.9443,2.4316,-0.0881,-0.1036
1779744290739,2,12.00000018,Upper Delivery,Delivery,pitch.1,702306,-0.3534,0.2457,1.3367,-0.753,-3.3442,-4.5664,0.0,0.0
1779744290739,2,Pitching Mound.Delivery,,Delivery,pitch.1,700672,4.2185,8.013,56.43,-41.6349,47.7704,-3.9846,-0.0862,0.2242
1779744290739,2,Pitching Mound.Drive,,Delivery,pitch.1,701539,0.0395,-0.0195,0.4052,0.1033,-0.8095,-0.9583,0.0,0.0
1779744290739,2,Pitching Mound.Parent,,Delivery,pitch.1,699996,4.2568,7.9932,56.8186,-41.5295,47.0694,-4.9402,-0.0856,0.2226
1779744290740,2,11.0000004b,Drive,Delivery,pitch.1,701540,0.037,-0.0166,0.4336,0.0914,-0.785,-0.9554,0.0,0.0
1779744290740,2,12.00000015,Lower Delivery,Delivery,pitch.1,701621,5.8809,8.3338,54.3654,-61.0848,54.4918,2.7769,-0.0954,-0.1069
1779744290740,2,12.00000018,Upper Delivery,Delivery,pitch.1,702307,-0.4634,0.1202,1.136,0.1984,-4.7527,-4.6338,0.0,0.0
1779744290740,2,12.00000018,Upper Delivery,Delivery,pitch.1,702308,-0.4876,0.0654,1.1083,0.9482,-5.2115,-4.5036,0.0,0.0
1779744290740,2,Pitching Mound.Delivery,,Delivery,pitch.1,700673,4.8413,8.113,56.1412,-41.3794,46.1916,-4.1634,-0.0863,0.2248
1779744290740,2,Pitching Mound.Delivery,,Delivery,pitch.1,700674,5.3933,8.3992,55.4737,-42.0292,49.2803,-3.892,-0.0934,0.2217
1779744290740,2,Pitching Mound.Drive,,Delivery,pitch.1,701540,0.037,-0.0166,0.4336,0.0914,-0.785,-0.9554,0.0,0.0
1779744290740,2,Pitching Mound.Parent,,Delivery,pitch.1,699997,4.8809,8.0936,56.5464,-41.2761,45.3821,-5.1217,-0.0857,0.2231
1779744290740,2,Pitching Mound.Parent,,Delivery,pitch.1,699998,5.4303,8.3826,55.9073,-41.9378,48.4953,-4.8474,-0.0927,0.2199
1779744290741,2,11.0000004b,Drive,Delivery,pitch.1,701541,0.0305,-0.0248,0.387,0.0684,-0.7656,-0.9393,0.0,0.0
1779744290741,2,12.00000015,Lower Delivery,Delivery,pitch.1,701622,6.375,8.653,55.0717,-61.37,52.4368,3.2946,-0.0906,-0.106
1779744290741,2,12.00000018,Upper Delivery,Delivery,pitch.1,702309,-0.4682,0.0006,1.0414,0.7527,-4.5085,-4.3792,0.0,0.0
1779744290741,2,Pitching Mound.Delivery,,Delivery,pitch.1,700675,5.9068,8.6536,56.1131,-42.247,47.9283,-3.4112,-0.0889,0.2233
1779744290741,2,Pitching Mound.Drive,,Delivery,pitch.1,701541,0.0305,-0.0248,0.387,0.0684,-0.7656,-0.9393,0.0,0.0
1779744290741,2,Pitching Mound.Parent,,Delivery,pitch.1,699999,5.9373,8.6287,56.5001,-42.1786,47.1627,-4.3505,-0.0883,0.2218
1779744290742,2,11.0000004b,Drive,Delivery,pitch.1,701542,0.0254,-0.0228,0.3842,0.079,-0.842,-0.9479,0.0,0.0
1779744290742,2,12.00000015,Lower Delivery,Delivery,pitch.1,701623,6.9191,8.987,56.9175,-61.7563,52.7861,3.0632,-0.0882,-0.1032
1779744290742,2,12.00000018,Upper Delivery,Delivery,pitch.1,702310,-0.4581,-0.0688,1.1194,0.5665,-4.5394,-4.2979,0.0,0.0
1779744290742,2,Pitching Mound.Delivery,,Delivery,pitch.1,700676,6.461,8.9182,58.0369,-42.2185,48.2467,-3.7429,-0.0865,0.2257
1779744290742,2,Pitching Mound.Drive,,Delivery,pitch.1,701542,0.0254,-0.0228,0.3842,0.079,-0.842,-0.9479,0.0,0.0
1779744290742,2,Pitching Mound.Parent,,Delivery,pitch.1,700000,6.4865,8.8954,58.4211,-42.1395,47.4047,-4.6908,-0.086,0.2242
1779744290743,2,11.0000004b,Drive,Delivery,pitch.1,701543,0.0151,-0.033,0.3797,0.0803,-0.8737,-0.9321,0.0,0.0
1779744290743,2,12.00000015,Lower Delivery,Delivery,pitch.1,701624,7.444,9.2134,57.0448,-62.7367,52.7855,3.3595,-0.088,-0.1046
1779744290743,2,12.00000018,Upper Delivery,Delivery,pitch.1,702311,-0.4477,-0.1581,1.3539,0.3211,-4.2388,-4.2275,0.0,0.0
1779744290743,2,Pitching Mound.Delivery,,Delivery,pitch.1,700677,6.9962,9.0553,58.3987,-43.4807,48.5466,-3.5512,-0.086,0.222
1779744290743,2,Pitching Mound.Drive,,Delivery,pitch.1,701543,0.0151,-0.033,0.3797,0.0803,-0.8737,-0.9321,0.0,0.0
1779744290743,2,Pitching Mound.Parent,,Delivery,pitch.1,700001,7.0113,9.0224,58.7784,-43.4004,47.6729,-4.4833,-0.0854,0.2206
1779744290744,2,11.0000004b,Drive,Delivery,pitch.1,701544,0.0283,-0.0328,0.364,0.102,-0.9656,-0.9612,0.0,0.0
1779744290744,2,12.00000018,Upper Delivery,Delivery,pitch.1,702312,-0.3942,-0.184,1.4462,0.2967,-4.1367,-4.0969,0.0,0.0
1779744290744,2,Pitching Mound.Drive,,Delivery,pitch.1,701544,0.0283,-0.0328,0.364,0.102,-0.9656,-0.9612,0.0,0.0
1779744290745,2,11.0000004b,Drive,Delivery,pitch.1,701545,0.0318,-0.0414,0.3639,0.1601,-1.0011,-0.9791,0.0,0.0
1779744290745,2,12.00000015,Lower Delivery,Delivery,pitch.1,701625,7.9201,9.6337,57.8662,-65.352,51.9157,3.8001,-0.0853,-0.1074
1779744290745,2,12.00000015,Lower Delivery,Delivery,pitch.1,701626,8.0934,9.8511,58.9488,-64.4709,52.2049,3.8815,-0.0842,-0.104
1779744290745,2,12.00000018,Upper Delivery,Delivery,pitch.1,702313,-0.3444,-0.1884,1.4583,0.5254,-4.1448,-3.9781,0.0,0.0
1779744290745,2,Pitching Mound.Delivery,,Delivery,pitch.1,700678,7.5259,9.4497,59.3125,-45.8724,47.779,-3.1236,-0.0833,0.2186
1779744290745,2,Pitching Mound.Delivery,,Delivery,pitch.1,700679,7.749,9.6627,60.4071,-44.3987,48.0601,-2.9654,-0.0822,0.2221
1779744290745,2,Pitching Mound.Drive,,Delivery,pitch.1,701545,0.0318,-0.0414,0.3639,0.1601,-1.0011,-0.9791,0.0,0.0
1779744290745,2,Pitching Mound.Parent,,Delivery,pitch.1,700002,7.5542,9.4169,59.6765,-45.7704,46.8134,-4.0849,-0.0828,0.2173
1779744290745,2,Pitching Mound.Parent,,Delivery,pitch.1,700003,7.7809,9.6213,60.771,-44.2387,47.059,-3.9445,-0.0817,0.2207
1779744290746,2,11.0000004b,Drive,Delivery,pitch.1,701546,0.0359,-0.049,0.3795,0.1696,-1.0243,-0.9974,0.0,0.0
1779744290746,2,12.00000018,Upper Delivery,Delivery,pitch.1,702314,-0.2716,-0.1493,1.4669,0.6932,-3.9754,-3.8922,0.0,0.0
1779744290746,2,Pitching Mound.Drive,,Delivery,pitch.1,701546,0.0359,-0.049,0.3795,0.1696,-1.0243,-0.9974,0.0,0.0
1779744290747,2,11.0000004b,Drive,Delivery,pitch.1,701547,0.0338,-0.047,0.3894,0.1865,-1.071,-0.997,0.0,0.0
1779744290747,2,12.00000015,Lower Delivery,Delivery,pitch.1,701627,8.151,10.0877,61.8277,-63.8624,52.9371,3.595,-0.0814,-0.0983
1779744290747,2,12.00000018,Upper Delivery,Delivery,pitch.1,702315,-0.2823,-0.2,1.4586,1.4466,-4.4332,-3.804,0.0,0.0
1779744290747,2,Pitching Mound.Delivery,,Delivery,pitch.1,700680,7.8794,9.9384,63.2946,-42.6465,48.9617,-3.1608,-0.0796,0.2283
1779744290747,2,Pitching Mound.Drive,,Delivery,pitch.1,701547,0.0338,-0.047,0.3894,0.1865,-1.071,-0.997,0.0,0.0
1779744290747,2,Pitching Mound.Parent,,Delivery,pitch.1,700004,7.9153,9.8894,63.6741,-42.4769,47.9374,-4.1582,-0.0791,0.2269
1779744290748,2,11.0000004b,Drive,Delivery,pitch.1,701548,0.042,-0.0573,0.3397,0.2292,-1.0464,-0.9976,0.0,0.0
1779744290748,2,12.00000015,Lower Delivery,Delivery,pitch.1,701628,8.0548,10.2328,62.4331,-63.5207,52.1386,4.0053,-0.0794,-0.0968
1779744290748,2,12.00000018,Upper Delivery,Delivery,pitch.1,702316,-0.2294,-0.1794,0.9795,2.1372,-4.5873,-3.7456,0.0,0.0
1779744290748,2,Pitching Mound.Delivery,,Delivery,pitch.1,700681,7.7726,10.0328,63.8917,-41.3427,47.7053,-2.6334,-0.0776,0.2299
1779744290748,2,Pitching Mound.Drive,,Delivery,pitch.1,701548,0.042,-0.0573,0.3397,0.2292,-1.0464,-0.9976,0.0,0.0
1779744290748,2,Pitching Mound.Parent,,Delivery,pitch.1,700005,7.8063,9.9858,64.2811,-41.1563,46.6343,-3.6304,-0.0772,0.2285
1779744290749,2,11.0000004b,Drive,Delivery,pitch.1,701549,0.0403,-0.0595,0.3045,0.1956,-1.0338,-1.0105,0.0,0.0
1779744290749,2,12.00000015,Lower Delivery,Delivery,pitch.1,701629,7.9422,10.2366,62.5037,-63.215,52.0891,3.826,-0.0793,-0.0962
1779744290749,2,12.00000015,Lower Delivery,Delivery,pitch.1,701630,7.6297,10.2703,61.9217,-63.8245,51.9749,3.6971,-0.0798,-0.0981
1779744290749,2,12.00000018,Upper Delivery,Delivery,pitch.1,702317,-0.1983,-0.2943,0.5871,2.1483,-4.1856,-3.7138,0.0,0.0
1779744290749,2,Pitching Mound.Delivery,,Delivery,pitch.1,700682,7.7128,10.0572,63.4831,-40.1596,47.5017,-2.6979,-0.0781,0.2348
1779744290749,2,Pitching Mound.Delivery,,Delivery,pitch.1,700683,7.4314,9.976,62.5089,-40.8224,47.7893,-2.6782,-0.0791,0.2365
1779744290749,2,Pitching Mound.Drive,,Delivery,pitch.1,701549,0.0403,-0.0595,0.3045,0.1956,-1.0338,-1.0105,0.0,0.0
1779744290749,2,Pitching Mound.Parent,,Delivery,pitch.1,700006,7.7548,9.9999,63.8228,-39.9304,46.4554,-3.6955,-0.0776,0.2335
1779744290749,2,Pitching Mound.Parent,,Delivery,pitch.1,700007,7.4717,9.9165,62.8133,-40.6268,46.7555,-3.6887,-0.0787,0.2353
1779744290750,2,11.0000004b,Drive,Delivery,pitch.1,701550,0.0457,-0.0605,0.2921,0.1897,-0.9653,-0.9963,0.0,0.0
1779744290750,2,12.00000018,Upper Delivery,Delivery,pitch.1,702318,-0.19,-0.3526,0.6096,1.3302,-3.7778,-3.7108,0.0,0.0
1779744290750,2,Pitching Mound.Drive,,Delivery,pitch.1,701550,0.0457,-0.0605,0.2921,0.1897,-0.9653,-0.9963,0.0,0.0
1779744290751,2,11.0000004b,Drive,Delivery,pitch.1,701551,0.0475,-0.0467,0.2321,0.1796,-0.9593,-0.9708,0.0,0.0
1779744290751,2,12.00000015,Lower Delivery,Delivery,pitch.1,701631,7.1529,10.4208,61.0798,-63.3863,52.256,3.6192,-0.0814,-0.0987
1779744290751,2,12.00000018,Upper Delivery,Delivery,pitch.1,702319,-0.2127,-0.3823,0.8712,1.3792,-3.0629,-3.6362,0.0,0.0
1779744290751,2,Pitching Mound.Delivery,,Delivery,pitch.1,700684,6.9629,10.0681,61.6894,-41.4962,48.4782,-2.5882,-0.0806,0.2355
1779744290751,2,Pitching Mound.Drive,,Delivery,pitch.1,701551,0.0475,-0.0467,0.2321,0.1796,-0.9593,-0.9708,0.0,0.0
1779744290751,2,Pitching Mound.Parent,,Delivery,pitch.1,700008,7.0086,10.0076,61.9816,-41.3065,47.5129,-3.5845,-0.0802,0.2344
1779744290752,2,11.0000004b,Drive,Delivery,pitch.1,701552,0.0492,-0.041,0.2285,0.1769,-0.8835,-0.9785,0.0,0.0
1779744290752,2,12.00000015,Lower Delivery,Delivery,pitch.1,701633,6.0755,10.5776,59.3545,-63.0936,53.2309,3.2487,-0.0853,-0.1011
1779744290752,2,12.00000015,Lower Delivery,Delivery,pitch.1,701632,6.5831,10.5436,60.7817,-64.5279,52.1405,3.3389,-0.0816,-0.101
1779744290752,2,12.00000018,Upper Delivery,Delivery,pitch.1,702320,-0.1815,-0.3904,0.4254,0.1249,-1.6769,-3.3423,0.0,0.0
1779744290752,2,Pitching Mound.Delivery,,Delivery,pitch.1,700686,5.894,10.1872,59.7799,-42.9328,51.554,-2.221,-0.0847,0.2348
1779744290752,2,Pitching Mound.Delivery,,Delivery,pitch.1,700685,6.3704,10.1613,61.653,-42.7791,49.0775,-2.6078,-0.0805,0.2308
1779744290752,2,Pitching Mound.Drive,,Delivery,pitch.1,701552,0.0492,-0.041,0.2285,0.1769,-0.8835,-0.9785,0.0,0.0
1779744290752,2,Pitching Mound.Parent,,Delivery,pitch.1,700010,5.9432,10.1463,60.0084,-42.7559,50.6705,-3.1995,-0.0844,0.2339
1779744290752,2,Pitching Mound.Parent,,Delivery,pitch.1,700009,6.4179,10.1146,61.885,-42.5996,48.1183,-3.5787,-0.0801,0.23
1779744290753,2,11.0000004b,Drive,Delivery,pitch.1,701553,0.0521,-0.0306,0.2256,0.1558,-0.8669,-0.9859,0.0,0.0
1779744290753,2,12.00000015,Lower Delivery,Delivery,pitch.1,701634,5.4421,10.6322,58.4256,-65.7965,54.7676,2.9995,-0.0892,-0.1071
1779744290753,2,12.00000018,Upper Delivery,Delivery,pitch.1,702321,-0.112,-0.3992,0.4296,-0.1225,-0.8813,-3.1373,0.0,0.0
1779744290753,2,Pitching Mound.Delivery,,Delivery,pitch.1,700687,5.3301,10.233,58.8552,-46.2003,53.8863,-2.0262,-0.0885,0.2287
1779744290753,2,Pitching Mound.Drive,,Delivery,pitch.1,701553,0.0521,-0.0306,0.2256,0.1558,-0.8669,-0.9859,0.0,0.0
1779744290753,2,Pitching Mound.Parent,,Delivery,pitch.1,700011,5.3822,10.2023,59.0807,-46.0446,53.0194,-3.0121,-0.0882,0.2278
1779744290754,2,11.0000004b,Drive,Delivery,pitch.1,701554,0.0581,-0.0233,0.2398,0.1513,-0.7917,-0.9759,0.0,0.0
1779744290754,2,12.00000015,Lower Delivery,Delivery,pitch.1,701635,4.785,10.6499,57.9388,-61.6991,50.422,2.8436,-0.0828,-0.1013
1779744290754,2,12.00000018,Upper Delivery,Delivery,pitch.1,702322,-0.1578,-0.3881,0.3798,-0.4992,-0.4829,-2.9279,0.0,0.0
1779744290754,2,Pitching Mound.Delivery,,Delivery,pitch.1,700688,4.6272,10.2618,58.3186,-42.6282,49.9391,-1.7648,-0.0822,0.2349
1779744290754,2,Pitching Mound.Drive,,Delivery,pitch.1,701554,0.0581,-0.0233,0.2398,0.1513,-0.7917,-0.9759,0.0,0.0
1779744290754,2,Pitching Mound.Parent,,Delivery,pitch.1,700012,4.6853,10.2384,58.5584,-42.4769,49.1473,-2.7407,-0.0819,0.234
1779744290755,2,11.0000004b,Drive,Delivery,pitch.1,701555,0.0552,-0.0237,0.2269,0.1152,-0.7678,-0.967,0.0,0.0
1779744290755,2,12.00000015,Lower Delivery,Delivery,pitch.1,701636,4.2472,10.7475,58.4386,-65.0407,53.1997,2.6531,-0.0866,-0.1059
1779744290755,2,12.00000018,Upper Delivery,Delivery,pitch.1,702323,-0.2102,-0.3706,0.3097,-0.6341,-0.4531,-2.8538,0.0,0.0
1779744290755,2,Pitching Mound.Delivery,,Delivery,pitch.1,700689,4.037,10.3769,58.7483,-45.911,52.7466,-1.7162,-0.0861,0.2311
1779744290755,2,Pitching Mound.Drive,,Delivery,pitch.1,701555,0.0552,-0.0237,0.2269,0.1152,-0.7678,-0.967,0.0,0.0
1779744290755,2,Pitching Mound.Parent,,Delivery,pitch.1,700013,4.0922,10.3532,58.9751,-45.7957,51.9787,-2.6833,-0.0858,0.2302
1779744290756,2,11.0000004b,Drive,Delivery,pitch.1,701556,0.0486,-0.0245,0.2194,0.0769,-0.7211,-0.9312,0.0,0.0
1779744290756,2,12.00000015,Lower Delivery,Delivery,pitch.1,701637,3.7005,10.7973,58.8174,-62.5063,50.0504,2.648,-0.0809,-0.1011
1779744290756,2,12.00000018,Upper Delivery,Delivery,pitch.1,702324,-0.3285,-0.3373,0.1253,-0.8475,-0.6812,-2.8468,0.0,0.0
1779744290756,2,Pitching Mound.Delivery,,Delivery,pitch.1,700690,3.3719,10.46,58.9427,-43.3985,49.3692,-1.5686,-0.0808,0.2377
1779744290756,2,Pitching Mound.Drive,,Delivery,pitch.1,701556,0.0486,-0.0245,0.2194,0.0769,-0.7211,-0.9312,0.0,0.0
1779744290756,2,Pitching Mound.Parent,,Delivery,pitch.1,700014,3.4205,10.4355,59.1622,-43.3216,48.648,-2.4999,-0.0805,0.2368
1779744290757,2,11.0000004b,Drive,Delivery,pitch.1,701557,0.0352,-0.0237,0.2767,0.0694,-0.7246,-0.941,0.0,0.0
1779744290757,2,12.00000015,Lower Delivery,Delivery,pitch.1,701638,3.2329,10.7859,57.6447,-63.3893,48.6327,2.6981,-0.0803,-0.1046
1779744290757,2,12.00000018,Upper Delivery,Delivery,pitch.1,702325,-0.4962,-0.3102,0.4086,-1.0583,-0.8909,-2.8541,0.0,0.0
1779744290757,2,Pitching Mound.Delivery,,Delivery,pitch.1,700691,2.7367,10.4757,58.0533,-44.9873,47.7419,-1.4239,-0.0797,0.2313
1779744290757,2,Pitching Mound.Drive,,Delivery,pitch.1,701557,0.0352,-0.0237,0.2767,0.0694,-0.7246,-0.941,0.0,0.0
1779744290757,2,Pitching Mound.Parent,,Delivery,pitch.1,700015,2.7719,10.452,58.33,-44.9179,47.0173,-2.3649,-0.0793,0.2302
1779744290758,2,11.0000004b,Drive,Delivery,pitch.1,701558,0.0171,-0.0314,0.3365,0.0609,-0.7087,-0.9357,0.0,0.0
1779744290758,2,12.00000015,Lower Delivery,Delivery,pitch.1,701639,2.7932,10.8021,57.0265,-63.9285,50.1113,2.5041,-0.0836,-0.1066
1779744290758,2,12.00000018,Upper Delivery,Delivery,pitch.1,702326,-0.6037,-0.2812,0.5441,-1.079,-0.8413,-2.894,0.0,0.0
1779744290758,2,Pitching Mound.Delivery,,Delivery,pitch.1,700692,2.1896,10.5209,57.5706,-45.8035,49.27,-1.5449,-0.0828,0.2279
1779744290758,2,Pitching Mound.Drive,,Delivery,pitch.1,701558,0.0171,-0.0314,0.3365,0.0609,-0.7087,-0.9357,0.0,0.0
1779744290758,2,Pitching Mound.Parent,,Delivery,pitch.1,700016,2.2066,10.4895,57.907,-45.7426,48.5613,-2.4806,-0.0823,0.2266
1779744290759,2,11.0000004b,Drive,Delivery,pitch.1,701559,0.0002,-0.0304,0.3761,0.039,-0.5758,-0.9155,0.0,0.0
1779744290759,2,12.00000015,Lower Delivery,Delivery,pitch.1,701640,2.4885,10.7283,57.159,-64.0127,50.2708,2.4921,-0.0837,-0.1065
1779744290759,2,12.00000018,Upper Delivery,Delivery,pitch.1,702327,-0.7007,-0.2639,0.6151,-1.1768,-0.6315,-3.0401,0.0,0.0
1779744290759,2,Pitching Mound.Delivery,,Delivery,pitch.1,700693,1.7878,10.4644,57.7741,-45.9646,49.6393,-1.6324,-0.0828,0.2274
1779744290759,2,Pitching Mound.Drive,,Delivery,pitch.1,701559,0.0002,-0.0304,0.3761,0.039,-0.5758,-0.9155,0.0,0.0
1779744290759,2,Pitching Mound.Parent,,Delivery,pitch.1,700017,1.7881,10.434,58.1502,-45.9255,49.0635,-2.5479,-0.0822,0.2259
1779744290760,2,11.0000004b,Drive,Delivery,pitch.1,701560,-0.0105,-0.0318,0.4507,0.059,-0.646,-0.9136,0.0,0.0
1779744290760,2,12.00000015,Lower Delivery,Delivery,pitch.1,701641,2.1332,10.7603,57.6836,-64.5339,51.6911,2.3642,-0.0852,-0.1064
1779744290760,2,12.00000018,Upper Delivery,Delivery,pitch.1,702328,-0.718,-0.2484,0.6642,-1.3523,-0.5005,-3.0816,0.0,0.0
1779744290760,2,Pitching Mound.Delivery,,Delivery,pitch.1,700694,1.4152,10.5119,58.3478,-46.4996,51.1906,-1.6868,-0.0843,0.227
1779744290760,2,Pitching Mound.Drive,,Delivery,pitch.1,701560,-0.0105,-0.0318,0.4507,0.059,-0.646,-0.9136,0.0,0.0
1779744290760,2,Pitching Mound.Parent,,Delivery,pitch.1,700018,1.4047,10.4801,58.7985,-46.4406,50.5446,-2.6004,-0.0836,0.2253
1779744290761,2,11.0000004b,Drive,Delivery,pitch.1,701561,-0.0358,-0.0345,0.5847,0.0659,-0.6612,-0.9187,0.0,0.0
1779744290761,2,12.00000015,Lower Delivery,Delivery,pitch.1,701642,2.0793,10.7554,58.8088,-64.7323,53.4424,2.1607,-0.0864,-0.1047
1779744290761,2,12.00000018,Upper Delivery,Delivery,pitch.1,702329,-0.7613,-0.2261,0.7167,-1.2077,-0.5939,-3.1746,0.0,0.0
1779744290761,2,Pitching Mound.Delivery,,Delivery,pitch.1,700695,1.318,10.5294,59.5255,-46.1887,52.8485,-1.9797,-0.0854,0.2284
1779744290761,2,Pitching Mound.Drive,,Delivery,pitch.1,701561,-0.0358,-0.0345,0.5847,0.0659,-0.6612,-0.9187,0.0,0.0
1779744290761,2,Pitching Mound.Parent,,Delivery,pitch.1,700019,1.2822,10.4949,60.1102,-46.1228,52.1873,-2.8984,-0.0846,0.2261
1779744290762,2,11.0000004b,Drive,Delivery,pitch.1,701562,-0.0487,-0.0404,0.5941,0.1183,-0.7232,-0.9126,0.0,0.0
1779744290762,2,12.00000015,Lower Delivery,Delivery,pitch.1,701643,1.9776,10.6127,58.7948,-64.5912,52.706,2.0922,-0.0853,-0.1045
1779744290762,2,12.00000018,Upper Delivery,Delivery,pitch.1,702330,-0.712,-0.1569,0.5251,-0.9705,-0.5974,-3.251,0.0,0.0
1779744290762,2,Pitching Mound.Delivery,,Delivery,pitch.1,700696,1.2657,10.4559,59.3199,-45.75,52.1086,-2.0733,-0.0845,0.2304
1779744290762,2,Pitching Mound.Drive,,Delivery,pitch.1,701562,-0.0487,-0.0404,0.5941,0.1183,-0.7232,-0.9126,0.0,0.0
1779744290762,2,Pitching Mound.Parent,,Delivery,pitch.1,700020,1.2169,10.4155,59.9139,-45.6317,51.3854,-2.9859,-0.0837,0.2281
1779744290763,2,11.0000004b,Drive,Delivery,pitch.1,701563,-0.0613,-0.0394,0.6766,0.1208,-0.6877,-0.9106,0.0,0.0
1779744290763,2,12.00000015,Lower Delivery,Delivery,pitch.1,701644,1.7825,10.3162,59.7252,-64.8625,51.9034,2.1772,-0.0827,-0.1033
1779744290763,2,12.00000018,Upper Delivery,Delivery,pitch.1,702331,-0.6166,-0.1444,0.2751,-1.1631,-0.531,-3.41,0.0,0.0
1779744290763,2,Pitching Mound.Delivery,,Delivery,pitch.1,700697,1.1659,10.1718,60.0003,-45.8126,51.3724,-2.0485,-0.0823,0.234
1779744290763,2,Pitching Mound.Drive,,Delivery,pitch.1,701563,-0.0613,-0.0394,0.6766,0.1208,-0.6877,-0.9106,0.0,0.0
1779744290763,2,Pitching Mound.Parent,,Delivery,pitch.1,700021,1.1046,10.1324,60.6769,-45.6918,50.6847,-2.9591,-0.0814,0.2314
1779744290764,2,11.0000004b,Drive,Delivery,pitch.1,701564,-0.0599,-0.046,0.6151,0.1378,-0.7244,-0.8835,0.0,0.0
1779744290764,2,12.00000015,Lower Delivery,Delivery,pitch.1,701645,1.5994,10.0111,60.0954,-64.4939,51.3834,2.0068,-0.0813,-0.1021
1779744290764,2,12.00000018,Upper Delivery,Delivery,pitch.1,702332,-0.3859,-0.0928,0.2724,-0.6332,-0.414,-3.5948,0.0,0.0
1779744290764,2,Pitching Mound.Delivery,,Delivery,pitch.1,700698,1.2135,9.9182,60.3678,-44.7873,50.9695,-2.263,-0.081,0.2353
1779744290764,2,Pitching Mound.Drive,,Delivery,pitch.1,701564,-0.0599,-0.046,0.6151,0.1378,-0.7244,-0.8835,0.0,0.0
1779744290764,2,Pitching Mound.Parent,,Delivery,pitch.1,700022,1.1537,9.8722,60.9829,-44.6495,50.2451,-3.1465,-0.0802,0.2329
1779744290765,2,11.0000004b,Drive,Delivery,pitch.1,701565,-0.0627,-0.0443,0.6462,0.1318,-0.7567,-0.8728,0.0,0.0
1779744290765,2,12.00000015,Lower Delivery,Delivery,pitch.1,701646,1.4467,9.6237,59.5758,-63.2541,51.8008,1.9828,-0.0827,-0.101
1779744290765,2,12.00000018,Upper Delivery,Delivery,pitch.1,702333,-0.0737,0.0046,0.1253,-1.0157,-0.7171,-3.7059,0.0,0.0
1779744290765,2,Pitching Mound.Delivery,,Delivery,pitch.1,700699,1.3729,9.6283,59.7011,-44.0566,51.0837,-2.24,-0.0825,0.2378
1779744290765,2,Pitching Mound.Drive,,Delivery,pitch.1,701565,-0.0627,-0.0443,0.6462,0.1318,-0.7567,-0.8728,0.0,0.0
1779744290765,2,Pitching Mound.Parent,,Delivery,pitch.1,700023,1.3103,9.584,60.3473,-43.9249,50.327,-3.1128,-0.0817,0.2352
1779744290766,2,11.0000004b,Drive,Delivery,pitch.1,701566,-0.07,-0.0541,0.6058,0.1388,-0.7526,-0.8644,0.0,0.0
1779744290766,2,12.00000015,Lower Delivery,Delivery,pitch.1,701647,1.4139,9.3509,61.1435,-64.3481,53.426,2.3138,-0.0831,-0.1001
1779744290766,2,12.00000018,Upper Delivery,Delivery,pitch.1,702334,-0.0488,-0.0129,0.1268,-1.6134,-0.6218,-3.6803,0.0,0.0
1779744290766,2,Pitching Mound.Delivery,,Delivery,pitch.1,700700,1.3651,9.338,61.2703,-45.2158,52.8041,-1.8638,-0.083,0.2387
1779744290766,2,Pitching Mound.Drive,,Delivery,pitch.1,701566,-0.07,-0.0541,0.6058,0.1388,-0.7526,-0.8644,0.0,0.0
1779744290766,2,Pitching Mound.Parent,,Delivery,pitch.1,700024,1.2952,9.2839,61.876,-45.0769,52.0515,-2.7282,-0.0821,0.2363
1779744290767,2,11.0000004b,Drive,Delivery,pitch.1,701567,-0.0721,-0.0586,0.6216,0.1486,-0.8361,-0.8819,0.0,0.0
1779744290767,2,12.00000015,Lower Delivery,Delivery,pitch.1,701648,1.2013,8.7293,61.99,-63.5567,53.9235,2.8957,-0.0828,-0.0975
1779744290767,2,12.00000018,Upper Delivery,Delivery,pitch.1,702335,-0.044,-0.0298,0.1463,-1.9861,-1.1026,-3.6594,0.0,0.0
1779744290767,2,Pitching Mound.Delivery,,Delivery,pitch.1,700701,1.1574,8.6995,62.1363,-44.516,52.8209,-1.1871,-0.0826,0.2411
1779744290767,2,Pitching Mound.Drive,,Delivery,pitch.1,701567,-0.0721,-0.0586,0.6216,0.1486,-0.8361,-0.8819,0.0,0.0
1779744290767,2,Pitching Mound.Parent,,Delivery,pitch.1,700025,1.0852,8.6409,62.7578,-44.3673,51.9848,-2.069,-0.0817,0.2387
1779744290768,2,11.0000004b,Drive,Delivery,pitch.1,701568,-0.0574,-0.0739,0.5319,0.151,-0.9078,-0.8395,0.0,0.0
1779744290768,2,12.00000015,Lower Delivery,Delivery,pitch.1,701649,0.9768,8.3856,62.5406,-66.4432,56.7958,3.1595,-0.0864,-0.1011
1779744290768,2,12.00000018,Upper Delivery,Delivery,pitch.1,702336,-0.0414,-0.0609,0.3126,-2.3223,-1.1418,-3.5784,0.0,0.0
1779744290768,2,Pitching Mound.Delivery,,Delivery,pitch.1,700702,0.9353,8.3247,62.8532,-47.608,55.654,-0.765,-0.086,0.2361
1779744290768,2,Pitching Mound.Drive,,Delivery,pitch.1,701568,-0.0574,-0.0739,0.5319,0.151,-0.9078,-0.8395,0.0,0.0
1779744290768,2,Pitching Mound.Parent,,Delivery,pitch.1,700026,0.8779,8.2508,63.3851,-47.457,54.7462,-1.6045,-0.0852,0.2341
1779744290769,2,11.0000004b,Drive,Delivery,pitch.1,701569,-0.0465,-0.0723,0.4862,0.1227,-0.9039,-0.8537,0.0,0.0
1779744290769,2,12.00000015,Lower Delivery,Delivery,pitch.1,701650,0.7191,7.8571,63.4297,-67.0164,59.3455,3.824,-0.089,-0.1005
1779744290769,2,12.00000018,Upper Delivery,Delivery,pitch.1,702337,-0.1172,-0.1097,0.6183,-2.1081,-1.1001,-3.3762,0.0,0.0
1779744290769,2,Pitching Mound.Delivery,,Delivery,pitch.1,700703,0.602,7.7474,64.048,-47.7686,58.2454,0.1634,-0.0881,0.2339
1779744290769,2,Pitching Mound.Drive,,Delivery,pitch.1,701569,-0.0465,-0.0723,0.4862,0.1227,-0.9039,-0.8537,0.0,0.0
1779744290769,2,Pitching Mound.Parent,,Delivery,pitch.1,700027,0.5554,7.6751,64.5342,-47.6459,57.3415,-0.6903,-0.0875,0.2321
1779744290770,2,11.0000004b,Drive,Delivery,pitch.1,701570,-0.0291,-0.0774,0.4251,0.0976,-0.8662,-0.8525,0.0,0.0
1779744290770,2,12.00000015,Lower Delivery,Delivery,pitch.1,701651,0.5718,7.3841,63.5667,-64.7454,59.2566,4.5882,-0.0887,-0.0969
1779744290770,2,12.00000018,Upper Delivery,Delivery,pitch.1,702338,-0.2709,-0.1867,0.9321,-2.2388,-1.0542,-3.3498,0.0,0.0
1779744290770,2,Pitching Mound.Delivery,,Delivery,pitch.1,700704,0.3008,7.1974,64.4988,-45.6884,58.2025,0.9519,-0.0874,0.2347
1779744290770,2,Pitching Mound.Drive,,Delivery,pitch.1,701570,-0.0291,-0.0774,0.4251,0.0976,-0.8662,-0.8525,0.0,0.0
1779744290770,2,Pitching Mound.Parent,,Delivery,pitch.1,700028,0.2718,7.12,64.9238,-45.5908,57.3362,0.0995,-0.0868,0.2331
1779744290771,2,11.0000004b,Drive,Delivery,pitch.1,701571,-0.0113,-0.088,0.3318,0.097,-0.8641,-0.845,0.0,0.0
1779744290771,2,12.00000015,Lower Delivery,Delivery,pitch.1,701652,0.4649,6.8926,64.705,-65.6243,59.9092,5.2672,-0.0881,-0.0965
1779744290771,2,12.00000018,Upper Delivery,Delivery,pitch.1,702339,-0.2371,-0.1947,0.9081,-1.7836,-0.8968,-3.2447,0.0,0.0
1779744290771,2,Pitching Mound.Delivery,,Delivery,pitch.1,700705,0.2277,6.6978,65.613,-45.7169,59.0124,1.7838,-0.0869,0.2354
1779744290771,2,Pitching Mound.Drive,,Delivery,pitch.1,701571,-0.0113,-0.088,0.3318,0.097,-0.8641,-0.845,0.0,0.0
1779744290771,2,Pitching Mound.Parent,,Delivery,pitch.1,700029,0.2164,6.6098,65.9449,-45.6199,58.1483,0.9388,-0.0864,0.2343
1779744290772,2,11.0000004b,Drive,Delivery,pitch.1,701572,0.0094,-0.1024,0.2779,0.0807,-0.7553,-0.849,0.0,0.0
1779744290772,2,12.00000015,Lower Delivery,Delivery,pitch.1,701653,0.2742,6.3221,65.8068,-68.2918,62.9918,6.4339,-0.0911,-0.0987
1779744290772,2,12.00000018,Upper Delivery,Delivery,pitch.1,702340,-0.2479,-0.1926,0.8441,-1.4501,-0.9722,-3.2122,0.0,0.0
1779744290772,2,Pitching Mound.Delivery,,Delivery,pitch.1,700706,0.0262,6.1295,66.6508,-47.6546,62.0195,3.0442,-0.0899,0.2339
1779744290772,2,Pitching Mound.Drive,,Delivery,pitch.1,701572,0.0094,-0.1024,0.2779,0.0807,-0.7553,-0.849,0.0,0.0
1779744290772,2,Pitching Mound.Parent,,Delivery,pitch.1,700030,0.0357,6.0271,66.9287,-47.5739,61.2642,2.1952,-0.0895,0.2329
1779744290773,2,11.0000004b,Drive,Delivery,pitch.1,701573,0.0257,-0.095,0.2556,0.0684,-0.6342,-0.8547,0.0,0.0
1779744290773,2,12.00000015,Lower Delivery,Delivery,pitch.1,701654,0.1759,5.9057,66.4414,-67.5815,63.9591,7.2195,-0.0916,-0.0968
1779744290773,2,12.00000018,Upper Delivery,Delivery,pitch.1,702341,-0.2749,-0.2277,0.7473,-0.8663,-0.5378,-3.1554,0.0,0.0
1779744290773,2,Pitching Mound.Delivery,,Delivery,pitch.1,700707,-0.099,5.678,67.1887,-46.1119,63.4213,3.9108,-0.0906,0.2368
1779744290773,2,Pitching Mound.Drive,,Delivery,pitch.1,701573,0.0257,-0.095,0.2556,0.0684,-0.6342,-0.8547,0.0,0.0
1779744290773,2,Pitching Mound.Parent,,Delivery,pitch.1,700031,-0.0734,5.583,67.4442,-46.0434,62.7871,3.0561,-0.0902,0.2359
1779744290774,2,11.0000004b,Drive,Delivery,pitch.1,701574,0.0381,-0.1034,0.266,0.0665,-0.6634,-0.8697,0.0,0.0
1779744290774,2,12.00000015,Lower Delivery,Delivery,pitch.1,701655,0.1244,5.4296,67.1952,-66.9085,65.3291,7.6883,-0.0925,-0.0947
1779744290774,2,12.00000018,Upper Delivery,Delivery,pitch.1,702342,-0.3102,-0.2447,0.6526,-0.8455,-0.7347,-3.2006,0.0,0.0
1779744290774,2,Pitching Mound.Delivery,,Delivery,pitch.1,700708,-0.1858,5.1848,67.8479,-45.1296,64.5943,4.3399,-0.0916,0.2396
1779744290774,2,Pitching Mound.Drive,,Delivery,pitch.1,701574,0.0381,-0.1034,0.266,0.0665,-0.6634,-0.8697,0.0,0.0
1779744290774,2,Pitching Mound.Parent,,Delivery,pitch.1,700032,-0.1478,5.0814,68.1139,-45.0631,63.9309,3.4702,-0.0912,0.2387
1779744290775,2,11.0000004b,Drive,Delivery,pitch.1,701575,0.0497,-0.0963,0.2448,0.0707,-0.682,-0.8483,0.0,0.0
1779744290775,2,12.00000015,Lower Delivery,Delivery,pitch.1,701656,-0.0427,4.7249,68.029,-66.9319,61.7948,8.8824,-0.0864,-0.0936
1779744290775,2,12.00000018,Upper Delivery,Delivery,pitch.1,702343,-0.3374,-0.247,0.7145,-0.2472,-0.2065,-3.1504,0.0,0.0
1779744290775,2,Pitching Mound.Delivery,,Delivery,pitch.1,700709,-0.3801,4.4779,68.7435,-44.2921,61.5883,5.6318,-0.0855,0.2403
1779744290775,2,Pitching Mound.Drive,,Delivery,pitch.1,701575,0.0497,-0.0963,0.2448,0.0707,-0.682,-0.8483,0.0,0.0
1779744290775,2,Pitching Mound.Parent,,Delivery,pitch.1,700033,-0.3304,4.3816,68.9882,-44.2214,60.9064,4.7835,-0.0852,0.2395
1779744290776,2,11.0000004b,Drive,Delivery,pitch.1,701576,0.0596,-0.1068,0.263,0.0668,-0.661,-0.8738,0.0,0.0
1779744290776,2,12.00000018,Upper Delivery,Delivery,pitch.1,702344,-0.3796,-0.2763,0.7494,0.2695,0.5247,-3.1079,0.0,0.0
1779744290776,2,Pitching Mound.Drive,,Delivery,pitch.1,701576,0.0596,-0.1068,0.263,0.0668,-0.661,-0.8738,0.0,0.0
1779744290777,2,11.0000004b,Drive,Delivery,pitch.1,701577,0.0629,-0.1004,0.2554,0.0548,-0.5875,-0.851,0.0,0.0
1779744290777,2,12.00000015,Lower Delivery,Delivery,pitch.1,701658,-0.1587,4.001,70.6071,-66.4224,64.5076,9.801,-0.0869,-0.0895
1779744290777,2,12.00000015,Lower Delivery,Delivery,pitch.1,701657,-0.0918,4.4066,69.7129,-65.9284,62.4493,9.3513,-0.0852,-0.09
1779744290777,2,12.00000018,Upper Delivery,Delivery,pitch.1,702345,-0.4543,-0.2915,0.8388,0.3146,0.5749,-3.1439,0.0,0.0
1779744290777,2,Pitching Mound.Delivery,,Delivery,pitch.1,700711,-0.6131,3.7095,71.446,-42.3865,65.0825,6.5567,-0.0859,0.2436
1779744290777,2,Pitching Mound.Delivery,,Delivery,pitch.1,700710,-0.4714,4.1303,70.4623,-42.2113,62.974,6.1455,-0.0843,0.2438
1779744290777,2,Pitching Mound.Drive,,Delivery,pitch.1,701577,0.0629,-0.1004,0.2554,0.0548,-0.5875,-0.851,0.0,0.0
1779744290777,2,Pitching Mound.Parent,,Delivery,pitch.1,700035,-0.5502,3.6091,71.7013,-42.3317,64.495,5.7057,-0.0856,0.2427
1779744290777,2,Pitching Mound.Parent,,Delivery,pitch.1,700034,-0.4118,4.0235,70.7253,-42.1445,62.3131,5.2717,-0.084,0.2429
1779744290778,2,11.0000004b,Drive,Delivery,pitch.1,701578,0.0607,-0.0982,0.2476,0.0667,-0.6323,-0.8399,0.0,0.0
1779744290778,2,12.00000015,Lower Delivery,Delivery,pitch.1,701659,-0.1555,3.5714,71.77,-69.0646,66.0408,10.4344,-0.0875,-0.0915
1779744290778,2,12.00000018,Upper Delivery,Delivery,pitch.1,702346,-0.4355,-0.2682,0.9933,0.3144,0.5745,-3.1417,0.0,0.0
1779744290778,2,Pitching Mound.Delivery,,Delivery,pitch.1,700712,-0.591,3.3032,72.7634,-44.6862,66.6153,7.1975,-0.0863,0.2404
1779744290778,2,Pitching Mound.Drive,,Delivery,pitch.1,701578,0.0607,-0.0982,0.2476,0.0667,-0.6323,-0.8399,0.0,0.0
1779744290778,2,Pitching Mound.Parent,,Delivery,pitch.1,700036,-0.5303,3.205,73.011,-44.6195,65.983,6.3576,-0.086,0.2396
1779744290779,2,11.0000004b,Drive,Delivery,pitch.1,701579,0.0582,-0.0917,0.2357,0.0524,-0.5135,-0.8176,0.0,0.0
1779744290779,2,12.00000015,Lower Delivery,Delivery,pitch.1,701660,-0.0951,3.2096,72.9902,-68.4273,69.276,10.9126,-0.0903,-0.0892
1779744290779,2,12.00000018,Upper Delivery,Delivery,pitch.1,702347,-0.3523,-0.2165,0.8975,0.3233,0.5879,-3.2111,0.0,0.0
1779744290779,2,Pitching Mound.Delivery,,Delivery,pitch.1,700713,-0.4475,2.9931,73.8876,-43.5925,69.8638,7.6141,-0.0892,0.2436
1779744290779,2,Pitching Mound.Drive,,Delivery,pitch.1,701579,0.0582,-0.0917,0.2357,0.0524,-0.5135,-0.8176,0.0,0.0
1779744290779,2,Pitching Mound.Parent,,Delivery,pitch.1,700037,-0.3892,2.9014,74.1234,-43.5402,69.3503,6.7965,-0.0889,0.2429
1779744290780,2,11.0000004b,Drive,Delivery,pitch.1,701580,0.0591,-0.1108,0.2811,0.0728,-0.6336,-0.827,0.0,0.0
1779744290780,2,12.00000015,Lower Delivery,Delivery,pitch.1,701661,-0.0289,2.8346,75.486,-72.5526,69.8812,11.8487,-0.0881,-0.0914
1779744290780,2,12.00000018,Upper Delivery,Delivery,pitch.1,702348,-0.2477,-0.1425,0.4969,0.3316,0.6003,-3.2759,0.0,0.0
1779744290780,2,Pitching Mound.Delivery,,Delivery,pitch.1,700714,-0.2767,2.6921,75.983,-46.7247,70.4815,8.4984,-0.0875,0.2447
1779744290780,2,Pitching Mound.Drive,,Delivery,pitch.1,701580,0.0591,-0.1108,0.2811,0.0728,-0.6336,-0.827,0.0,0.0
1779744290780,2,Pitching Mound.Parent,,Delivery,pitch.1,700038,-0.2176,2.5812,76.2641,-46.6519,69.8479,7.6713,-0.0872,0.2438
1779744290781,2,11.0000004b,Drive,Delivery,pitch.1,701581,0.0453,-0.0922,0.2858,0.0696,-0.6592,-0.8258,0.0,0.0
1779744290781,2,12.00000015,Lower Delivery,Delivery,pitch.1,701662,0.0606,2.3847,76.9969,-72.1016,69.2222,12.7852,-0.0855,-0.0891
1779744290781,2,12.00000018,Upper Delivery,Delivery,pitch.1,702349,-0.2162,-0.1258,0.4131,0.3472,0.6238,-3.3978,0.0,0.0
1779744290781,2,Pitching Mound.Delivery,,Delivery,pitch.1,700715,-0.1557,2.2588,77.41,-45.7159,69.846,9.2933,-0.0851,0.2478
1779744290781,2,Pitching Mound.Drive,,Delivery,pitch.1,701581,0.0453,-0.0922,0.2858,0.0696,-0.6592,-0.8258,0.0,0.0
1779744290781,2,Pitching Mound.Parent,,Delivery,pitch.1,700039,-0.1104,2.1666,77.6958,-45.6463,69.1868,8.4674,-0.0848,0.2469
1779744290782,2,11.0000004b,Drive,Delivery,pitch.1,701582,0.0379,-0.0932,0.3007,0.0765,-0.724,-0.8568,0.0,0.0
1779744290782,2,12.00000015,Lower Delivery,Delivery,pitch.1,701663,0.3235,2.0882,78.6246,-73.1414,73.2924,13.8413,-0.0887,-0.0885
1779744290782,2,12.00000018,Upper Delivery,Delivery,pitch.1,702350,-0.2156,-0.0966,0.3582,0.3542,0.6344,-3.4526,0.0,0.0
1779744290782,2,Pitching Mound.Delivery,,Delivery,pitch.1,700716,0.1079,1.9916,78.9829,-46.1766,73.9268,10.2054,-0.0883,0.2488
1779744290782,2,Pitching Mound.Drive,,Delivery,pitch.1,701582,0.0379,-0.0932,0.3007,0.0765,-0.724,-0.8568,0.0,0.0
1779744290782,2,Pitching Mound.Parent,,Delivery,pitch.1,700040,0.1459,1.8984,79.2835,-46.1001,73.2028,9.3486,-0.0879,0.2479
1779744290783,2,11.0000004b,Drive,Delivery,pitch.1,701583,0.0326,-0.084,0.3712,0.0996,-0.6887,-0.8562,0.0,0.0
1779744290783,2,12.00000015,Lower Delivery,Delivery,pitch.1,701664,0.5088,1.5603,82.2476,-74.9246,74.7177,14.9623,-0.0864,-0.0867
1779744290783,2,12.00000018,Upper Delivery,Delivery,pitch.1,702351,-0.1787,-0.0644,0.2635,0.3565,0.6378,-3.4703,0.0,0.0
1779744290783,2,Pitching Mound.Delivery,,Delivery,pitch.1,700717,0.3301,1.496,82.5111,-46.6935,75.3555,11.2582,-0.0861,0.2514
1779744290783,2,Pitching Mound.Drive,,Delivery,pitch.1,701583,0.0326,-0.084,0.3712,0.0996,-0.6887,-0.8562,0.0,0.0
1779744290783,2,Pitching Mound.Parent,,Delivery,pitch.1,700041,0.3627,1.412,82.8823,-46.5939,74.6668,10.4021,-0.0858,0.2503
1779744290784,2,11.0000004b,Drive,Delivery,pitch.1,701584,0.0185,-0.0687,0.381,0.1166,-0.6673,-0.8677,0.0,0.0
1779744290784,2,12.00000015,Lower Delivery,Delivery,pitch.1,701665,0.7336,0.8725,82.6116,-76.6033,74.5395,15.9202,-0.0858,-0.0882
1779744290784,2,12.00000018,Upper Delivery,Delivery,pitch.1,702352,-0.1479,-0.0541,0.2168,0.3613,0.645,-3.5076,0.0,0.0
1779744290784,2,Pitching Mound.Delivery,,Delivery,pitch.1,700718,0.5857,0.8184,82.8284,-48.2278,75.1845,12.113,-0.0856,0.2502
1779744290784,2,Pitching Mound.Drive,,Delivery,pitch.1,701584,0.0185,-0.0687,0.381,0.1166,-0.6673,-0.8677,0.0,0.0
1779744290784,2,Pitching Mound.Parent,,Delivery,pitch.1,700042,0.6042,0.7497,83.2094,-48.1112,74.5172,11.2452,-0.0852,0.2491
1779744290785,2,11.0000004b,Drive,Delivery,pitch.1,701585,0.0157,-0.0648,0.4088,0.1399,-0.71,-0.8945,0.0,0.0
1779744290785,2,12.00000015,Lower Delivery,Delivery,pitch.1,701666,0.9345,0.2755,83.9982,-76.0735,78.8074,17.1512,-0.0893,-0.0862
1779744290785,2,12.00000018,Upper Delivery,Delivery,pitch.1,702353,-0.103,-0.0421,0.1452,0.3527,0.6321,-3.4406,0.0,0.0
1779744290785,2,Pitching Mound.Delivery,,Delivery,pitch.1,700719,0.8315,0.2335,84.1434,-47.2108,79.4394,13.3578,-0.0891,0.2528
1779744290785,2,Pitching Mound.Drive,,Delivery,pitch.1,701585,0.0157,-0.0648,0.4088,0.1399,-0.71,-0.8945,0.0,0.0
1779744290785,2,Pitching Mound.Parent,,Delivery,pitch.1,700043,0.8472,0.1686,84.5522,-47.0708,78.7294,12.4633,-0.0887,0.2516
1779744290786,2,11.0000004b,Drive,Delivery,pitch.1,701586,-0.0011,-0.0712,0.4278,0.1366,-0.6708,-0.8782,0.0,0.0
1779744290786,2,12.00000015,Lower Delivery,Delivery,pitch.1,701667,1.032,-0.7463,83.9813,-75.6233,78.9713,18.4443,-0.0895,-0.0857
1779744290786,2,12.00000018,Upper Delivery,Delivery,pitch.1,702354,-0.0704,-0.026,0.0857,0.3572,0.6389,-3.4761,0.0,0.0
1779744290786,2,Pitching Mound.Delivery,,Delivery,pitch.1,700720,0.9617,-0.7723,84.067,-46.7416,79.6102,14.5934,-0.0894,0.2537
1779744290786,2,Pitching Mound.Drive,,Delivery,pitch.1,701586,-0.0011,-0.0712,0.4278,0.1366,-0.6708,-0.8782,0.0,0.0
1779744290786,2,Pitching Mound.Parent,,Delivery,pitch.1,700044,0.9606,-0.8435,84.4948,-46.605,78.9394,13.7152,-0.0889,0.2524
1779744290787,2,11.0000004b,Drive,Delivery,pitch.1,701587,-0.0051,-0.0679,0.4831,0.1566,-0.6891,-0.9102,0.0,0.0
1779744290787,2,12.00000015,Lower Delivery,Delivery,pitch.1,701668,1.1152,-1.4205,84.8944,-75.3587,81.0487,19.513,-0.0908,-0.0844
1779744290787,2,12.00000018,Upper Delivery,Delivery,pitch.1,702355,-0.0665,-0.0264,0.0724,0.3695,0.6572,-3.5713,0.0,0.0
1779744290787,2,Pitching Mound.Delivery,,Delivery,pitch.1,700721,1.0487,-1.4469,84.9669,-46.1498,81.7059,15.5399,-0.0907,0.255
1779744290787,2,Pitching Mound.Drive,,Delivery,pitch.1,701587,-0.0051,-0.0679,0.4831,0.1566,-0.6891,-0.9102,0.0,0.0
1779744290787,2,Pitching Mound.Parent,,Delivery,pitch.1,700045,1.0436,-1.5148,85.45,-45.9932,81.0168,14.6298,-0.0902,0.2536
1779744290788,2,11.0000004b,Drive,Delivery,pitch.1,701588,-0.0156,-0.071,0.4922,0.157,-0.6879,-0.925,0.0,0.0
1779744290788,2,12.00000015,Lower Delivery,Delivery,pitch.1,701669,1.4081,-2.4001,86.95,-75.1377,83.4831,20.4937,-0.0913,-0.0822
1779744290788,2,12.00000018,Upper Delivery,Delivery,pitch.1,702356,-0.0641,-0.0286,0.0558,0.3775,0.6693,-3.634,0.0,0.0
1779744290788,2,Pitching Mound.Delivery,,Delivery,pitch.1,700722,1.344,-2.4288,87.0058,-45.2162,84.1524,16.3592,-0.0913,0.2574
1779744290788,2,Pitching Mound.Drive,,Delivery,pitch.1,701588,-0.0156,-0.071,0.4922,0.157,-0.6879,-0.925,0.0,0.0
1779744290788,2,Pitching Mound.Parent,,Delivery,pitch.1,700046,1.3284,-2.4997,87.4979,-45.0592,83.4645,15.4342,-0.0908,0.256
1779744290789,2,11.0000004b,Drive,Delivery,pitch.1,701589,-0.0082,-0.0691,0.4657,0.1691,-0.6242,-0.9404,0.0,0.0
1779744290789,2,12.00000015,Lower Delivery,Delivery,pitch.1,701670,1.5236,-3.4405,86.4934,-78.4176,83.4286,21.3867,-0.0918,-0.0862
1779744290789,2,12.00000018,Upper Delivery,Delivery,pitch.1,702357,-0.058,-0.0198,-0.1838,0.3729,0.6624,-3.5981,0.0,0.0
1779744290789,2,Pitching Mound.Delivery,,Delivery,pitch.1,700723,1.4656,-3.4603,86.3096,-48.5745,84.0909,17.2509,-0.092,0.255
1779744290789,2,Pitching Mound.Drive,,Delivery,pitch.1,701589,-0.0082,-0.0691,0.4657,0.1691,-0.6242,-0.9404,0.0,0.0
1779744290789,2,Pitching Mound.Parent,,Delivery,pitch.1,700047,1.4575,-3.5295,86.7753,-48.4054,83.4668,16.3105,-0.0915,0.2536
1779744290790,2,11.0000004b,Drive,Delivery,pitch.1,701590,0.0,-0.0592,0.4956,0.1849,-0.6431,-0.9705,0.0,0.0
1779744290790,2,12.00000015,Lower Delivery,Delivery,pitch.1,701671,1.5394,-4.6991,88.0767,-79.3033,82.6191,23.0961,-0.0892,-0.0857
1779744290790,2,12.00000018,Upper Delivery,Delivery,pitch.1,702358,-0.0629,-0.0194,-0.6991,0.3766,0.668,-3.627,0.0,0.0
1779744290790,2,Pitching Mound.Delivery,,Delivery,pitch.1,700724,1.4765,-4.7185,87.3775,-48.7429,83.2871,18.9244,-0.0899,0.2591
1779744290790,2,Pitching Mound.Drive,,Delivery,pitch.1,701590,0.0,-0.0592,0.4956,0.1849,-0.6431,-0.9705,0.0,0.0
1779744290790,2,Pitching Mound.Parent,,Delivery,pitch.1,700048,1.4765,-4.7777,87.8732,-48.558,82.644,17.9538,-0.0894,0.2576
1779744290791,2,11.0000004b,Drive,Delivery,pitch.1,701591,0.0071,-0.0515,0.4997,0.1496,-0.5547,-0.9714,0.0,0.0
1779744290791,2,12.00000015,Lower Delivery,Delivery,pitch.1,701672,1.5605,-5.7325,88.8499,-82.6046,81.9685,23.9218,-0.0878,-0.0884
1779744290791,2,12.00000018,Upper Delivery,Delivery,pitch.1,702359,-0.1161,-0.089,-0.1757,0.3786,0.671,-3.6427,0.0,0.0
1779744290791,2,Pitching Mound.Delivery,,Delivery,pitch.1,700725,1.4445,-5.8215,88.6742,-51.9573,82.6395,19.709,-0.0879,0.2527
1779744290791,2,Pitching Mound.Drive,,Delivery,pitch.1,701591,0.0071,-0.0515,0.4997,0.1496,-0.5547,-0.9714,0.0,0.0
1779744290791,2,Pitching Mound.Parent,,Delivery,pitch.1,700049,1.4515,-5.873,89.1739,-51.8078,82.0848,18.7376,-0.0874,0.2513
1779744290792,2,11.0000004b,Drive,Delivery,pitch.1,701592,0.0175,-0.0731,0.4125,0.1501,-0.5793,-0.9439,0.0,0.0
1779744290792,2,12.00000015,Lower Delivery,Delivery,pitch.1,701673,1.611,-6.8352,90.6637,-83.5472,84.2081,25.7219,-0.0884,-0.0877
1779744290792,2,12.00000018,Upper Delivery,Delivery,pitch.1,702360,-0.1656,-0.1492,0.3563,0.2749,0.5924,-3.7008,0.0,0.0
1779744290792,2,Pitching Mound.Delivery,,Delivery,pitch.1,700726,1.4454,-6.9845,91.02,-52.5677,84.8005,21.417,-0.088,0.25
1779744290792,2,Pitching Mound.Drive,,Delivery,pitch.1,701592,0.0175,-0.0731,0.4125,0.1501,-0.5793,-0.9439,0.0,0.0
1779744290792,2,Pitching Mound.Parent,,Delivery,pitch.1,700050,1.4628,-7.0575,91.4325,-52.4177,84.2212,20.4732,-0.0876,0.2489
1779744290793,2,11.0000004b,Drive,Delivery,pitch.1,701593,0.0342,-0.0594,0.4081,0.1122,-0.5414,-0.9169,0.0,0.0
1779744290793,2,12.00000015,Lower Delivery,Delivery,pitch.1,701674,1.6122,-7.5398,94.6785,-84.3237,88.5213,26.5275,-0.0889,-0.0847
1779744290793,2,12.00000018,Upper Delivery,Delivery,pitch.1,702361,-0.2302,-0.2095,0.5207,-0.4981,-0.0923,-3.7951,0.0,0.0
1779744290793,2,Pitching Mound.Delivery,,Delivery,pitch.1,700727,1.3819,-7.7493,95.1992,-52.8082,88.4289,22.1059,-0.0885,0.252
1779744290793,2,Pitching Mound.Drive,,Delivery,pitch.1,701593,0.0342,-0.0594,0.4081,0.1122,-0.5414,-0.9169,0.0,0.0
1779744290793,2,Pitching Mound.Parent,,Delivery,pitch.1,700051,1.4161,-7.8087,95.6074,-52.696,87.8875,21.189,-0.0881,0.2509
1779744290794,2,11.0000004b,Drive,Delivery,pitch.1,701594,0.0447,-0.0649,0.3353,0.1224,-0.6146,-0.8908,0.0,0.0
1779744290794,2,12.00000015,Lower Delivery,Delivery,pitch.1,701675,1.5598,-8.6474,99.2248,-86.514,90.1223,27.5801,-0.0864,-0.0829
1779744290794,2,12.00000018,Upper Delivery,Delivery,pitch.1,702362,-0.3121,-0.313,0.7118,-0.7734,-0.3203,-3.8276,0.0,0.0
1779744290794,2,Pitching Mound.Delivery,,Delivery,pitch.1,700728,1.2477,-8.9604,99.9366,-53.793,89.802,23.1161,-0.0858,0.2528
1779744290794,2,Pitching Mound.Drive,,Delivery,pitch.1,701594,0.0447,-0.0649,0.3353,0.1224,-0.6146,-0.8908,0.0,0.0
1779744290794,2,Pitching Mound.Parent,,Delivery,pitch.1,700052,1.2924,-9.0253,100.2719,-53.6706,89.1874,22.2253,-0.0855,0.252
1779744290795,2,11.0000004b,Drive,Delivery,pitch.1,701595,0.0474,-0.0961,0.324,0.0974,-0.6366,-0.9037,0.0,0.0
1779744290795,2,12.00000015,Lower Delivery,Delivery,pitch.1,701676,1.4453,-9.6877,99.0554,-87.9684,91.4418,28.9795,-0.0878,-0.0845
1779744290795,2,12.00000018,Upper Delivery,Delivery,pitch.1,702363,-0.4012,-0.3463,1.0701,-0.8956,-0.4,-3.894,0.0,0.0
1779744290795,2,Pitching Mound.Delivery,,Delivery,pitch.1,700729,1.0441,-10.034,100.1255,-55.549,91.0418,24.4577,-0.0869,0.2492
1779744290795,2,Pitching Mound.Drive,,Delivery,pitch.1,701595,0.0474,-0.0961,0.324,0.0974,-0.6366,-0.9037,0.0,0.0
1779744290795,2,Pitching Mound.Parent,,Delivery,pitch.1,700053,1.0915,-10.13,100.4495,-55.4516,90.4052,23.554,-0.0866,0.2484
1779744290796,2,11.0000004b,Drive,Delivery,pitch.1,701596,0.0517,-0.1187,0.2876,0.1023,-0.6405,-0.8862,0.0,0.0
1779744290796,2,12.00000015,Lower Delivery,Delivery,pitch.1,701677,1.5026,-10.5139,100.3692,-89.3959,95.7257,30.2607,-0.0907,-0.0847
1779744290796,2,12.00000018,Upper Delivery,Delivery,pitch.1,702364,-0.3991,-0.3171,0.8958,-0.6651,-0.2835,-3.9346,0.0,0.0
1779744290796,2,Pitching Mound.Delivery,,Delivery,pitch.1,700730,1.1035,-10.831,101.265,-56.24,95.4421,25.6795,-0.0899,0.25
1779744290796,2,Pitching Mound.Drive,,Delivery,pitch.1,701596,0.0517,-0.1187,0.2876,0.1023,-0.6405,-0.8862,0.0,0.0
1779744290796,2,Pitching Mound.Parent,,Delivery,pitch.1,700054,1.1552,-10.9497,101.5526,-56.1377,94.8016,24.7933,-0.0897,0.2493
1779744290797,2,11.0000004b,Drive,Delivery,pitch.1,701597,0.0552,-0.1097,0.2809,0.1192,-0.6852,-0.9089,0.0,0.0
1779744290797,2,12.00000015,Lower Delivery,Delivery,pitch.1,701678,1.3525,-11.2243,102.8365,-91.7748,98.1938,31.2155,-0.0908,-0.0849
1779744290797,2,12.00000018,Upper Delivery,Delivery,pitch.1,702365,-0.4311,-0.3271,0.6866,-0.7047,-0.2373,-3.8901,0.0,0.0
1779744290797,2,Pitching Mound.Delivery,,Delivery,pitch.1,700731,0.9214,-11.5514,103.5231,-57.7486,97.9565,26.7189,-0.0902,0.2512
1779744290797,2,Pitching Mound.Drive,,Delivery,pitch.1,701597,0.0552,-0.1097,0.2809,0.1192,-0.6852,-0.9089,0.0,0.0
1779744290797,2,Pitching Mound.Parent,,Delivery,pitch.1,700055,0.9766,-11.6611,103.8041,-57.6293,97.2713,25.8101,-0.09,0.2505
1779744290798,2,11.0000004b,Drive,Delivery,pitch.1,701598,0.0549,-0.1162,0.2683,0.1444,-0.7523,-0.8903,0.0,0.0
1779744290798,2,12.00000015,Lower Delivery,Delivery,pitch.1,701679,1.2796,-11.9211,103.4158,-88.7117,99.5425,32.497,-0.0916,-0.0816
1779744290798,2,12.00000018,Upper Delivery,Delivery,pitch.1,702366,-0.4452,-0.2976,0.3033,-0.3519,0.1224,-3.8505,0.0,0.0
1779744290798,2,Pitching Mound.Delivery,,Delivery,pitch.1,700732,0.8344,-12.2187,103.7191,-54.0054,99.6649,28.0601,-0.0913,0.2566
1779744290798,2,Pitching Mound.Drive,,Delivery,pitch.1,701598,0.0549,-0.1162,0.2683,0.1444,-0.7523,-0.8903,0.0,0.0
1779744290798,2,Pitching Mound.Parent,,Delivery,pitch.1,700056,0.8893,-12.3348,103.9873,-53.8611,98.9126,27.1698,-0.0911,0.256
1779744290799,2,11.0000004b,Drive,Delivery,pitch.1,701599,0.0576,-0.1088,0.2509,0.1526,-0.7499,-0.8989,0.0,0.0
1779744290799,2,12.00000015,Lower Delivery,Delivery,pitch.1,701680,1.4617,-12.7268,105.4357,-88.716,100.7194,33.3559,-0.0909,-0.08
1779744290799,2,12.00000018,Upper Delivery,Delivery,pitch.1,702367,-0.4732,-0.3049,0.2605,-0.1583,0.2501,-3.7858,0.0,0.0
1779744290799,2,Pitching Mound.Delivery,,Delivery,pitch.1,700733,0.9885,-13.0317,105.6961,-53.1147,100.9695,28.9122,-0.0907,0.2585
1779744290799,2,Pitching Mound.Drive,,Delivery,pitch.1,701599,0.0576,-0.1088,0.2509,0.1526,-0.7499,-0.8989,0.0,0.0
1779744290799,2,Pitching Mound.Parent,,Delivery,pitch.1,700057,1.0461,-13.1405,105.947,-52.9621,100.2196,28.0133,-0.0904,0.2579
1779744290800,2,11.0000004b,Drive,Delivery,pitch.1,701600,0.0586,-0.1129,0.2602,0.1234,-0.7926,-0.9125,0.0,0.0
1779744290800,2,12.00000015,Lower Delivery,Delivery,pitch.1,701681,1.4413,-13.5555,108.589,-88.7043,104.1971,34.6157,-0.0913,-0.0777
1779744290800,2,12.00000018,Upper Delivery,Delivery,pitch.1,702368,-0.4407,-0.3484,0.1376,0.1199,0.464,-3.6658,0.0,0.0
1779744290800,2,Pitching Mound.Delivery,,Delivery,pitch.1,700734,1.0006,-13.9039,108.7266,-51.7109,104.6612,30.3101,-0.0912,0.2615
1779744290800,2,Pitching Mound.Drive,,Delivery,pitch.1,701600,0.0586,-0.1129,0.2602,0.1234,-0.7926,-0.9125,0.0,0.0
1779744290800,2,Pitching Mound.Parent,,Delivery,pitch.1,700058,1.0593,-14.0168,108.9868,-51.5876,103.8686,29.3976,-0.0909,0.2609
1779744290801,2,11.0000004b,Drive,Delivery,pitch.1,701601,0.0506,-0.1338,0.3172,0.144,-0.8897,-0.9228,0.0,0.0
1779744290801,2,12.00000015,Lower Delivery,Delivery,pitch.1,701682,1.5227,-14.44,110.7949,-88.7859,105.2215,35.9187,-0.0903,-0.0762
1779744290801,2,12.00000018,Upper Delivery,Delivery,pitch.1,702369,-0.4868,-0.3775,0.1298,0.3674,0.6541,-3.5552,0.0,0.0
1779744290801,2,Pitching Mound.Delivery,,Delivery,pitch.1,700735,1.0359,-14.8175,110.9246,-50.7924,105.8756,31.6803,-0.0902,0.2631
1779744290801,2,Pitching Mound.Drive,,Delivery,pitch.1,701601,0.0506,-0.1338,0.3172,0.144,-0.8897,-0.9228,0.0,0.0
1779744290801,2,Pitching Mound.Parent,,Delivery,pitch.1,700059,1.0865,-14.9513,111.2418,-50.6484,104.9859,30.7575,-0.09,0.2623
1779744290802,2,11.0000004b,Drive,Delivery,pitch.1,701602,0.033,-0.1552,0.3808,0.1381,-0.9099,-0.9514,0.0,0.0
1779744290802,2,12.00000015,Lower Delivery,Delivery,pitch.1,701683,1.7257,-15.2022,112.9703,-90.2748,107.1688,37.1683,-0.0902,-0.076
1779744290802,2,12.00000018,Upper Delivery,Delivery,pitch.1,702370,-0.5197,-0.3401,0.1179,0.3507,0.629,-3.4249,0.0,0.0
1779744290802,2,Pitching Mound.Delivery,,Delivery,pitch.1,700736,1.206,-15.5423,113.0883,-51.5543,107.7978,32.9799,-0.0901,0.2634
1779744290802,2,Pitching Mound.Drive,,Delivery,pitch.1,701602,0.033,-0.1552,0.3808,0.1381,-0.9099,-0.9514,0.0,0.0
1779744290802,2,Pitching Mound.Parent,,Delivery,pitch.1,700060,1.239,-15.6975,113.4691,-51.4162,106.8879,32.0285,-0.0898,0.2625
1779744290803,2,11.0000004b,Drive,Delivery,pitch.1,701603,0.0154,-0.1482,0.372,0.1301,-0.8993,-0.9356,0.0,0.0
1779744290803,2,12.00000015,Lower Delivery,Delivery,pitch.1,701684,1.8149,-15.8151,112.9674,-88.1694,110.3239,38.339,-0.0929,-0.0742
1779744290803,2,12.00000018,Upper Delivery,Delivery,pitch.1,702371,-0.4696,-0.344,0.3203,0.3439,0.6188,-3.3717,0.0,0.0
1779744290803,2,Pitching Mound.Delivery,,Delivery,pitch.1,700737,1.3453,-16.1591,113.2876,-49.5255,110.9427,34.1905,-0.0926,0.264
1779744290803,2,Pitching Mound.Drive,,Delivery,pitch.1,701603,0.0154,-0.1482,0.372,0.1301,-0.8993,-0.9356,0.0,0.0
1779744290803,2,Pitching Mound.Parent,,Delivery,pitch.1,700061,1.3607,-16.3073,113.6596,-49.3955,110.0435,33.2549,-0.0923,0.2632
1779744290804,2,11.0000004b,Drive,Delivery,pitch.1,701604,0.0005,-0.1593,0.419,0.1296,-0.8719,-0.9583,0.0,0.0
1779744290804,2,12.00000015,Lower Delivery,Delivery,pitch.1,701685,2.0328,-16.7009,115.3298,-90.9976,111.9349,39.2658,-0.0923,-0.0751
1779744290804,2,12.00000018,Upper Delivery,Delivery,pitch.1,702372,-0.4668,-0.3462,0.4255,0.3417,0.6155,-3.3545,0.0,0.0
1779744290804,2,Pitching Mound.Delivery,,Delivery,pitch.1,700738,1.566,-17.0471,115.7552,-51.5885,112.5504,35.0614,-0.092,0.2627
1779744290804,2,Pitching Mound.Drive,,Delivery,pitch.1,701604,0.0005,-0.1593,0.419,0.1296,-0.8719,-0.9583,0.0,0.0
1779744290804,2,Pitching Mound.Parent,,Delivery,pitch.1,700062,1.5665,-17.2064,116.1743,-51.459,111.6785,34.103,-0.0917,0.2618
1779744290805,2,11.0000004b,Drive,Delivery,pitch.1,701605,0.0016,-0.156,0.4392,0.1339,-0.9058,-0.9396,0.0,0.0
1779744290805,2,12.00000015,Lower Delivery,Delivery,pitch.1,701686,2.2887,-17.4055,116.4858,-91.3995,114.3612,40.7031,-0.0934,-0.0746
1779744290805,2,12.00000018,Upper Delivery,Delivery,pitch.1,702373,-0.3825,-0.2887,0.6332,0.3337,0.6036,-3.2928,0.0,0.0
1779744290805,2,Pitching Mound.Delivery,,Delivery,pitch.1,700739,1.9062,-17.6942,117.119,-51.6758,114.9648,36.502,-0.0929,0.2621
1779744290805,2,Pitching Mound.Drive,,Delivery,pitch.1,701605,0.0016,-0.156,0.4392,0.1339,-0.9058,-0.9396,0.0,0.0
1779744290805,2,Pitching Mound.Parent,,Delivery,pitch.1,700063,1.9079,-17.8502,117.5582,-51.542,114.0589,35.5624,-0.0925,0.2611
1779744290806,2,11.0000004b,Drive,Delivery,pitch.1,701606,0.0015,-0.1508,0.3897,0.123,-0.7986,-0.9256,0.0,0.0
1779744290806,2,12.00000015,Lower Delivery,Delivery,pitch.1,701687,2.6562,-18.0103,117.0901,-91.6122,118.9462,42.2494,-0.0966,-0.0744
1779744290806,2,12.00000018,Upper Delivery,Delivery,pitch.1,702374,-0.26,-0.2042,0.436,0.3451,0.6207,-3.3817,0.0,0.0
1779744290806,2,Pitching Mound.Delivery,,Delivery,pitch.1,700740,2.3962,-18.2146,117.5261,-51.6047,119.5669,37.8762,-0.0963,0.2633
1779744290806,2,Pitching Mound.Drive,,Delivery,pitch.1,701606,0.0015,-0.1508,0.3897,0.123,-0.7986,-0.9256,0.0,0.0
1779744290806,2,Pitching Mound.Parent,,Delivery,pitch.1,700064,2.3977,-18.3653,117.9158,-51.4818,118.7682,36.9506,-0.096,0.2625
1779744290807,2,11.0000004b,Drive,Delivery,pitch.1,701607,-0.0181,-0.1601,0.4943,0.104,-0.7951,-0.9044,0.0,0.0
1779744290807,2,12.00000015,Lower Delivery,Delivery,pitch.1,701688,2.9526,-18.6925,118.3883,-92.7105,119.6126,43.6719,-0.0961,-0.0745
1779744290807,2,12.00000018,Upper Delivery,Delivery,pitch.1,702375,-0.3049,-0.192,0.4912,0.3538,0.6336,-3.4488,0.0,0.0
1779744290807,2,Pitching Mound.Delivery,,Delivery,pitch.1,700741,2.6477,-18.8845,118.8795,-52.2717,120.2463,39.1155,-0.0957,0.263
1779744290807,2,Pitching Mound.Drive,,Delivery,pitch.1,701607,-0.0181,-0.1601,0.4943,0.104,-0.7951,-0.9044,0.0,0.0
1779744290807,2,Pitching Mound.Parent,,Delivery,pitch.1,700065,2.6296,-19.0445,119.3738,-52.1678,119.4512,38.2111,-0.0953,0.2619
1779744290808,2,11.0000004b,Drive,Delivery,pitch.1,701608,-0.0225,-0.184,0.4711,0.0883,-0.8325,-0.9404,0.0,0.0
1779744290808,2,12.00000015,Lower Delivery,Delivery,pitch.1,701689,3.1831,-19.3497,119.5317,-93.579,122.4642,44.9978,-0.0975,-0.0745
1779744290808,2,12.00000018,Upper Delivery,Delivery,pitch.1,702376,-0.3045,-0.1708,0.4966,0.3625,0.6468,-3.5172,0.0,0.0
1779744290808,2,Pitching Mound.Delivery,,Delivery,pitch.1,700742,2.8785,-19.5205,120.0283,-52.7445,123.111,40.2948,-0.0971,0.263
1779744290808,2,Pitching Mound.Drive,,Delivery,pitch.1,701608,-0.0225,-0.184,0.4711,0.0883,-0.8325,-0.9404,0.0,0.0
1779744290808,2,Pitching Mound.Parent,,Delivery,pitch.1,700066,2.856,-19.7045,120.4995,-52.6562,122.2784,39.3544,-0.0967,0.262
1779744290809,2,11.0000004b,Drive,Delivery,pitch.1,701609,-0.0344,-0.1866,0.4876,0.0785,-0.7233,-0.9116,0.0,0.0
1779744290809,2,12.00000015,Lower Delivery,Delivery,pitch.1,701690,3.5523,-19.901,119.3114,-92.5241,127.3585,46.2369,-0.1015,-0.0738
1779744290809,2,12.00000018,Upper Delivery,Delivery,pitch.1,702377,-0.2065,-0.1241,0.3595,0.383,0.6776,-3.6773,0.0,0.0
1779744290809,2,Pitching Mound.Delivery,,Delivery,pitch.1,700743,3.3458,-20.0251,119.6708,-51.6974,128.0362,41.2817,-0.1012,0.2644
1779744290809,2,Pitching Mound.Drive,,Delivery,pitch.1,701609,-0.0344,-0.1866,0.4876,0.0785,-0.7233,-0.9116,0.0,0.0
1779744290809,2,Pitching Mound.Parent,,Delivery,pitch.1,700067,3.3114,-20.2117,120.1584,-51.6189,127.3129,40.3701,-0.1008,0.2633
1779744290810,2,11.0000004b,Drive,Delivery,pitch.1,701610,-0.0369,-0.1825,0.5006,0.0663,-0.6584,-0.9012,0.0,0.0
1779744290810,2,12.00000015,Lower Delivery,Delivery,pitch.1,701691,3.8387,-20.6511,120.9354,-94.9509,127.9048,47.3275,-0.1006,-0.0747
1779744290810,2,12.00000018,Upper Delivery,Delivery,pitch.1,702378,-0.1589,-0.1019,0.2887,0.3959,0.6969,-3.7774,0.0,0.0
1779744290810,2,Pitching Mound.Delivery,,Delivery,pitch.1,700744,3.6798,-20.753,121.2242,-53.5352,128.6017,42.191,-0.1004,0.2639
1779744290810,2,Pitching Mound.Drive,,Delivery,pitch.1,701610,-0.0369,-0.1825,0.5006,0.0663,-0.6584,-0.9012,0.0,0.0
1779744290810,2,Pitching Mound.Parent,,Delivery,pitch.1,700068,3.6429,-20.9354,121.7247,-53.4689,127.9434,41.2898,-0.1,0.2628
1779744290811,2,11.0000004b,Drive,Delivery,pitch.1,701611,-0.0334,-0.1947,0.4984,0.0691,-0.7026,-0.9153,0.0,0.0
1779744290811,2,12.00000015,Lower Delivery,Delivery,pitch.1,701692,4.0569,-21.1594,120.9526,-92.2925,130.8075,48.3529,-0.1029,-0.0726
1779744290811,2,12.00000018,Upper Delivery,Delivery,pitch.1,702379,-0.1026,-0.0709,0.1823,0.4147,0.7251,-3.9238,0.0,0.0
1779744290811,2,Pitching Mound.Delivery,,Delivery,pitch.1,700745,3.9543,-21.2303,121.135,-50.8159,131.5326,43.0148,-0.1027,0.2665
1779744290811,2,Pitching Mound.Drive,,Delivery,pitch.1,701611,-0.0334,-0.1947,0.4984,0.0691,-0.7026,-0.9153,0.0,0.0
1779744290811,2,Pitching Mound.Parent,,Delivery,pitch.1,700069,3.9209,-21.425,121.6334,-50.7468,130.83,42.0995,-0.1023,0.2654
1779744290812,2,11.0000004b,Drive,Delivery,pitch.1,701612,-0.0279,-0.2014,0.5161,0.0706,-0.6758,-0.9173,0.0,0.0
1779744290812,2,12.00000015,Lower Delivery,Delivery,pitch.1,701693,4.3294,-21.657,122.3812,-94.29,131.4572,49.3803,-0.1022,-0.0733
1779744290812,2,12.00000018,Upper Delivery,Delivery,pitch.1,702380,-0.0686,-0.0655,0.1605,0.4313,0.7501,-4.0536,0.0,0.0
1779744290812,2,Pitching Mound.Delivery,,Delivery,pitch.1,700746,4.2608,-21.7226,122.5418,-52.3036,132.2073,43.8314,-0.1021,0.2659
1779744290812,2,Pitching Mound.Drive,,Delivery,pitch.1,701612,-0.0279,-0.2014,0.5161,0.0706,-0.6758,-0.9173,0.0,0.0
1779744290812,2,Pitching Mound.Parent,,Delivery,pitch.1,700070,4.2329,-21.924,123.0579,-52.233,131.5315,42.9141,-0.1016,0.2648
1779744290813,2,11.0000004b,Drive,Delivery,pitch.1,701613,-0.0155,-0.1847,0.4695,0.0721,-0.7338,-0.9009,0.0,0.0
1779744290813,2,12.00000015,Lower Delivery,Delivery,pitch.1,701694,4.4828,-22.1831,122.6199,-93.9473,133.0431,50.5053,-0.1032,-0.0729
1779744290813,2,12.00000018,Upper Delivery,Delivery,pitch.1,702381,-0.0544,-0.0496,0.0794,-0.1464,0.5642,-4.1395,0.0,0.0
1779744290813,2,Pitching Mound.Delivery,,Delivery,pitch.1,700747,4.4284,-22.2327,122.6993,-52.4299,133.6073,44.8232,-0.1031,0.2667
1779744290813,2,Pitching Mound.Drive,,Delivery,pitch.1,701613,-0.0155,-0.1847,0.4695,0.0721,-0.7338,-0.9009,0.0,0.0
1779744290813,2,Pitching Mound.Parent,,Delivery,pitch.1,700071,4.4129,-22.4174,123.1687,-52.3579,132.8735,43.9223,-0.1028,0.2657
1779744290814,2,11.0000004b,Drive,Delivery,pitch.1,701614,0.0004,-0.1861,0.4727,0.0854,-0.7387,-0.8739,0.0,0.0
1779744290814,2,12.00000015,Lower Delivery,Delivery,pitch.1,701695,4.5794,-22.6236,124.02,-95.5527,135.3672,51.312,-0.1038,-0.0733
1779744290814,2,12.00000018,Upper Delivery,Delivery,pitch.1,702382,-0.0509,-0.0345,0.0298,-0.839,0.2886,-4.1677,0.0,0.0
1779744290814,2,Pitching Mound.Delivery,,Delivery,pitch.1,700748,4.5285,-22.6581,124.0498,-54.235,135.6558,45.5699,-0.1038,0.2666
1779744290814,2,Pitching Mound.Drive,,Delivery,pitch.1,701614,0.0004,-0.1861,0.4727,0.0854,-0.7387,-0.8739,0.0,0.0
1779744290814,2,Pitching Mound.Parent,,Delivery,pitch.1,700072,4.5289,-22.8443,124.5225,-54.1496,134.9171,44.696,-0.1034,0.2655
1779744290815,2,11.0000004b,Drive,Delivery,pitch.1,701615,0.0098,-0.1739,0.4968,0.104,-0.7496,-0.892,0.0,0.0
1779744290815,2,12.00000015,Lower Delivery,Delivery,pitch.1,701696,4.7625,-23.0807,125.2478,-96.1882,136.6649,52.189,-0.1038,-0.0731
1779744290815,2,12.00000018,Upper Delivery,Delivery,pitch.1,702383,-0.0504,-0.0491,0.0355,-0.6808,0.2447,-4.162,0.0,0.0
1779744290815,2,Pitching Mound.Delivery,,Delivery,pitch.1,700749,4.7121,-23.1299,125.2833,-54.2968,136.9095,46.3906,-0.1038,0.2668
1779744290815,2,Pitching Mound.Drive,,Delivery,pitch.1,701615,0.0098,-0.1739,0.4968,0.104,-0.7496,-0.892,0.0,0.0
1779744290815,2,Pitching Mound.Parent,,Delivery,pitch.1,700073,4.7219,-23.3038,125.7801,-54.1928,136.1599,45.4986,-0.1034,0.2657
1779744290816,2,11.0000004b,Drive,Delivery,pitch.1,701616,0.0234,-0.1763,0.4357,0.0829,-0.7452,-0.9029,0.0,0.0
1779744290816,2,12.00000015,Lower Delivery,Delivery,pitch.1,701697,4.8731,-23.5876,126.5,-96.9461,138.9251,52.9621,-0.1045,-0.0729
1779744290816,2,12.00000018,Upper Delivery,Delivery,pitch.1,702384,-0.0545,-0.0663,0.0474,-0.4885,0.198,-4.1118,0.0,0.0
1779744290816,2,Pitching Mound.Delivery,,Delivery,pitch.1,700750,4.8186,-23.6539,126.5474,-54.4407,139.1231,47.1749,-0.1044,0.2669
1779744290816,2,Pitching Mound.Drive,,Delivery,pitch.1,701616,0.0234,-0.1763,0.4357,0.0829,-0.7452,-0.9029,0.0,0.0
1779744290816,2,Pitching Mound.Parent,,Delivery,pitch.1,700074,4.8419,-23.8302,126.9831,-54.3578,138.3779,46.272,-0.1041,0.266
1779744290817,2,11.0000004b,Drive,Delivery,pitch.1,701617,0.0328,-0.1819,0.4366,0.0773,-0.7964,-0.8731,0.0,0.0
1779744290817,2,12.00000015,Lower Delivery,Delivery,pitch.1,701698,4.943,-23.9309,127.3634,-96.9124,139.7661,53.7175,-0.1044,-0.0724
1779744290817,2,12.00000018,Upper Delivery,Delivery,pitch.1,702385,-0.062,-0.0865,0.0467,-0.8874,-0.0587,-4.1241,0.0,0.0
1779744290817,2,Pitching Mound.Delivery,,Delivery,pitch.1,700751,4.881,-24.0174,127.4101,-54.5121,139.7074,47.8917,-0.1044,0.2674
1779744290817,2,Pitching Mound.Drive,,Delivery,pitch.1,701617,0.0328,-0.1819,0.4366,0.0773,-0.7964,-0.8731,0.0,0.0
1779744290817,2,Pitching Mound.Parent,,Delivery,pitch.1,700075,4.9138,-24.1993,127.8467,-54.4349,138.9111,47.0186,-0.104,0.2665
1779744290818,2,11.0000004b,Drive,Delivery,pitch.1,701618,0.0388,-0.1774,0.4259,0.1037,-0.8059,-0.862,0.0,0.0
1779744290818,2,12.00000015,Lower Delivery,Delivery,pitch.1,701699,5.1,-24.2694,128.7527,-98.0268,141.6136,54.4496,-0.1046,-0.0724
1779744290818,2,12.00000018,Upper Delivery,Delivery,pitch.1,702386,-0.0691,-0.1085,0.0105,-0.3118,0.3111,-4.0661,0.0,0.0
1779744290818,2,Pitching Mound.Delivery,,Delivery,pitch.1,700752,5.0309,-24.3779,128.7632,-54.5662,141.9247,48.6259,-0.1046,0.2675
1779744290818,2,Pitching Mound.Drive,,Delivery,pitch.1,701618,0.0388,-0.1774,0.4259,0.1037,-0.8059,-0.862,0.0,0.0
1779744290818,2,Pitching Mound.Parent,,Delivery,pitch.1,700076,5.0697,-24.5553,129.189,-54.4625,141.1189,47.7639,-0.1043,0.2666
1779744290819,2,11.0000004b,Drive,Delivery,pitch.1,701619,0.0465,-0.1847,0.4287,0.0728,-0.7193,-0.8447,0.0,0.0
1779744290819,2,12.00000015,Lower Delivery,Delivery,pitch.1,701700,4.9939,-24.4436,128.899,-99.1819,142.016,54.7337,-0.1048,-0.0732
1779744290819,2,12.00000018,Upper Delivery,Delivery,pitch.1,702387,-0.11,-0.1451,-0.0216,0.2309,0.5485,-3.9657,0.0,0.0
1779744290819,2,Pitching Mound.Delivery,,Delivery,pitch.1,700753,4.8839,-24.5888,128.8774,-55.1179,142.5645,49.0326,-0.1048,0.2669
1779744290819,2,Pitching Mound.Drive,,Delivery,pitch.1,701619,0.0465,-0.1847,0.4287,0.0728,-0.7193,-0.8447,0.0,0.0
1779744290819,2,Pitching Mound.Parent,,Delivery,pitch.1,700077,4.9304,-24.7734,129.3061,-55.0452,141.8452,48.1879,-0.1045,0.266
1779744290820,2,11.0000004b,Drive,Delivery,pitch.1,701620,0.0523,-0.1786,0.4037,0.0843,-0.7562,-0.8231,0.0,0.0
1779744290820,2,12.00000015,Lower Delivery,Delivery,pitch.1,701701,4.9863,-24.7096,130.3413,-100.7344,144.4597,55.39,-0.1054,-0.0735
1779744290820,2,12.00000018,Upper Delivery,Delivery,pitch.1,702388,-0.1445,-0.1785,-0.1468,0.3172,0.6236,-3.8263,0.0,0.0
1779744290820,2,Pitching Mound.Delivery,,Delivery,pitch.1,700754,4.8417,-24.888,130.1945,-56.0512,145.0834,49.8192,-0.1056,0.2672
1779744290820,2,Pitching Mound.Drive,,Delivery,pitch.1,701620,0.0523,-0.1786,0.4037,0.0843,-0.7562,-0.8231,0.0,0.0
1779744290820,2,Pitching Mound.Parent,,Delivery,pitch.1,700078,4.894,-25.0666,130.5983,-55.9669,144.3271,48.9962,-0.1052,0.2663
1779744290821,2,11.0000004b,Drive,Delivery,pitch.1,701621,0.055,-0.1861,0.4144,0.0804,-0.8223,-0.8337,0.0,0.0
1779744290821,2,12.00000015,Lower Delivery,Delivery,pitch.1,701702,4.9488,-24.9945,130.6607,-100.1359,144.7317,55.8223,-0.1054,-0.0729
1779744290821,2,12.00000018,Upper Delivery,Delivery,pitch.1,702389,-0.127,-0.1946,0.0267,0.3817,0.6868,-3.7797,0.0,0.0
1779744290821,2,Pitching Mound.Delivery,,Delivery,pitch.1,700755,4.8218,-25.1891,130.6874,-55.3387,145.4184,50.3169,-0.1054,0.267
1779744290821,2,Pitching Mound.Drive,,Delivery,pitch.1,701621,0.055,-0.1861,0.4144,0.0804,-0.8223,-0.8337,0.0,0.0
1779744290821,2,Pitching Mound.Parent,,Delivery,pitch.1,700079,4.8768,-25.3752,131.1018,-55.2583,144.5962,49.4832,-0.105,0.2661
1779744290822,2,11.0000004b,Drive,Delivery,pitch.1,701622,0.0524,-0.1963,0.4217,0.0582,-0.7138,-0.8253,0.0,0.0
1779744290822,2,12.00000015,Lower Delivery,Delivery,pitch.1,701703,4.848,-25.2641,132.0162,-100.7942,145.6841,56.1204,-0.105,-0.0726
1779744290822,2,12.00000018,Upper Delivery,Delivery,pitch.1,702390,-0.1315,-0.2217,0.1385,0.3868,0.6833,-3.7067,0.0,0.0
1779744290822,2,Pitching Mound.Delivery,,Delivery,pitch.1,700756,4.7165,-25.4857,132.1546,-55.569,146.3674,50.7207,-0.1049,0.2667
1779744290822,2,Pitching Mound.Drive,,Delivery,pitch.1,701622,0.0524,-0.1963,0.4217,0.0582,-0.7138,-0.8253,0.0,0.0
1779744290822,2,Pitching Mound.Parent,,Delivery,pitch.1,700080,4.7689,-25.682,132.5764,-55.5109,145.6536,49.8954,-0.1045,0.2659
1779744290823,2,11.0000004b,Drive,Delivery,pitch.1,701623,0.0507,-0.1865,0.4033,0.0739,-0.8555,-0.8317,0.0,0.0
1779744290823,2,12.00000015,Lower Delivery,Delivery,pitch.1,701704,4.7797,-25.4747,133.339,-102.5108,147.999,56.7115,-0.1056,-0.0731
1779744290823,2,12.00000018,Upper Delivery,Delivery,pitch.1,702391,-0.115,-0.2254,0.1743,0.3772,0.6688,-3.6315,0.0,0.0
1779744290823,2,Pitching Mound.Delivery,,Delivery,pitch.1,700757,4.6647,-25.7001,133.5133,-56.8576,148.6678,51.4158,-0.1055,0.2661
1779744290823,2,Pitching Mound.Drive,,Delivery,pitch.1,701623,0.0507,-0.1865,0.4033,0.0739,-0.8555,-0.8317,0.0,0.0
1779744290823,2,Pitching Mound.Parent,,Delivery,pitch.1,700081,4.7155,-25.8866,133.9166,-56.7837,147.8123,50.5841,-0.1051,0.2653
1779744290824,2,11.0000004b,Drive,Delivery,pitch.1,701624,0.041,-0.1983,0.4344,0.098,-0.914,-0.86,0.0,0.0
1779744290824,2,12.00000015,Lower Delivery,Delivery,pitch.1,701705,4.6272,-25.59,134.2344,-103.6662,147.9806,56.8335,-0.1049,-0.0735
1779744290824,2,12.00000018,Upper Delivery,Delivery,pitch.1,702392,-0.1984,-0.2877,0.337,0.3675,0.6544,-3.5564,0.0,0.0
1779744290824,2,Pitching Mound.Delivery,,Delivery,pitch.1,700758,4.4289,-25.8777,134.5714,-57.7735,148.635,51.6365,-0.1046,0.265
1779744290824,2,Pitching Mound.Drive,,Delivery,pitch.1,701624,0.041,-0.1983,0.4344,0.098,-0.914,-0.86,0.0,0.0
1779744290824,2,Pitching Mound.Parent,,Delivery,pitch.1,700082,4.4699,-26.076,135.0058,-57.6756,147.721,50.7765,-0.1043,0.2642
1779744290825,2,11.0000004b,Drive,Delivery,pitch.1,701625,0.0398,-0.1967,0.4361,0.1163,-0.926,-0.8472,0.0,0.0
1779744290825,2,12.00000015,Lower Delivery,Delivery,pitch.1,701706,4.5009,-25.7868,135.02,-105.1368,149.0506,57.1963,-0.105,-0.0741
1779744290825,2,12.00000018,Upper Delivery,Delivery,pitch.1,702393,-0.2997,-0.3468,0.5169,0.3582,0.6403,-3.4834,0.0,0.0
1779744290825,2,Pitching Mound.Delivery,,Delivery,pitch.1,700759,4.2011,-26.1336,135.5368,-59.0475,149.6909,52.0808,-0.1046,0.2636
1779744290825,2,Pitching Mound.Drive,,Delivery,pitch.1,701625,0.0398,-0.1967,0.4361,0.1163,-0.926,-0.8472,0.0,0.0
1779744290825,2,Pitching Mound.Parent,,Delivery,pitch.1,700083,4.2409,-26.3303,135.9729,-58.9312,148.7649,51.2336,-0.1043,0.2628
1779744290826,2,11.0000004b,Drive,Delivery,pitch.1,701626,0.0326,-0.1993,0.4442,0.1326,-0.9843,-0.8336,0.0,0.0
1779744290826,2,12.00000015,Lower Delivery,Delivery,pitch.1,701707,4.3689,-25.9334,135.4312,-104.7281,149.8318,57.6543,-0.1052,-0.0736
1779744290826,2,12.00000018,Upper Delivery,Delivery,pitch.1,702394,-0.4029,-0.4062,0.6101,0.3541,0.6341,-3.4513,0.0,0.0
1779744290826,2,Pitching Mound.Delivery,,Delivery,pitch.1,700760,3.966,-26.3396,136.0414,-58.5349,150.466,52.5806,-0.1048,0.2637
1779744290826,2,Pitching Mound.Drive,,Delivery,pitch.1,701626,0.0326,-0.1993,0.4442,0.1326,-0.9843,-0.8336,0.0,0.0
1779744290826,2,Pitching Mound.Parent,,Delivery,pitch.1,700084,3.9986,-26.5389,136.4855,-58.4023,149.4816,51.7471,-0.1044,0.2629
1779744290827,2,11.0000004b,Drive,Delivery,pitch.1,701627,0.0177,-0.2017,0.4682,0.1322,-0.8733,-0.806,0.0,0.0
1779744290827,2,12.00000015,Lower Delivery,Delivery,pitch.1,701708,4.2113,-25.9746,135.762,-105.105,150.7735,58.0336,-0.1056,-0.0736
1779744290827,2,12.00000018,Upper Delivery,Delivery,pitch.1,702395,-0.4268,-0.3456,0.6281,0.3498,0.6277,-3.4181,0.0,0.0
1779744290827,2,Pitching Mound.Delivery,,Delivery,pitch.1,700761,3.7844,-26.3202,136.3901,-58.8097,151.4013,53.0385,-0.1052,0.2636
1779744290827,2,Pitching Mound.Drive,,Delivery,pitch.1,701627,0.0177,-0.2017,0.4682,0.1322,-0.8733,-0.806,0.0,0.0
1779744290827,2,Pitching Mound.Parent,,Delivery,pitch.1,700085,3.8021,-26.5219,136.8584,-58.6775,150.528,52.2325,-0.1048,0.2627
1779744290828,2,11.0000004b,Drive,Delivery,pitch.1,701628,0.0173,-0.2005,0.4853,0.1727,-0.9228,-0.8448,0.0,0.0
1779744290828,2,12.00000015,Lower Delivery,Delivery,pitch.1,701709,4.1366,-26.1528,137.0764,-106.488,152.324,58.2513,-0.1057,-0.0739
1779744290828,2,12.00000018,Upper Delivery,Delivery,pitch.1,702396,-0.4693,-0.2793,0.5744,0.3473,0.6239,-3.3983,0.0,0.0
1779744290828,2,Pitching Mound.Delivery,,Delivery,pitch.1,700762,3.6673,-26.4321,137.6507,-59.73,152.9479,53.2869,-0.1053,0.2636
1779744290828,2,Pitching Mound.Drive,,Delivery,pitch.1,701628,0.0173,-0.2005,0.4853,0.1727,-0.9228,-0.8448,0.0,0.0
1779744290828,2,Pitching Mound.Parent,,Delivery,pitch.1,700086,3.6846,-26.6326,138.1361,-59.5573,152.0251,52.4421,-0.1049,0.2626
1779744290829,2,11.0000004b,Drive,Delivery,pitch.1,701629,0.0134,-0.1882,0.5702,0.1462,-0.9171,-0.8365,0.0,0.0
1779744290829,2,12.00000015,Lower Delivery,Delivery,pitch.1,701710,4.0216,-26.2397,137.6183,-107.2259,153.4138,58.4631,-0.106,-0.0741
1779744290829,2,12.00000018,Upper Delivery,Delivery,pitch.1,702397,-0.3829,-0.2707,0.6819,0.3206,0.5913,-3.4173,0.0,0.0
1779744290829,2,Pitching Mound.Delivery,,Delivery,pitch.1,700763,3.6387,-26.5104,138.3001,-60.3469,154.0051,53.5482,-0.1055,0.2629
1779744290829,2,Pitching Mound.Drive,,Delivery,pitch.1,701629,0.0134,-0.1882,0.5702,0.1462,-0.9171,-0.8365,0.0,0.0
1779744290829,2,Pitching Mound.Parent,,Delivery,pitch.1,700087,3.6521,-26.6986,138.8704,-60.2006,153.088,52.7117,-0.1051,0.2618
1779744290830,2,11.0000004b,Drive,Delivery,pitch.1,701630,0.0024,-0.1941,0.6354,0.1399,-0.9027,-0.8598,0.0,0.0
1779744290830,2,12.00000015,Lower Delivery,Delivery,pitch.1,701711,3.9218,-26.3167,137.9944,-107.6539,154.0095,58.618,-0.1062,-0.0742
1779744290830,2,12.00000018,Upper Delivery,Delivery,pitch.1,702398,-0.2537,-0.2484,0.5031,0.2902,0.5559,-3.4958,0.0,0.0
1779744290830,2,Pitching Mound.Delivery,,Delivery,pitch.1,700764,3.6681,-26.5651,138.4975,-60.6167,154.5655,53.7024,-0.1058,0.2636
1779744290830,2,Pitching Mound.Drive,,Delivery,pitch.1,701630,0.0024,-0.1941,0.6354,0.1399,-0.9027,-0.8598,0.0,0.0
1779744290830,2,Pitching Mound.Parent,,Delivery,pitch.1,700088,3.6705,-26.7592,139.1328,-60.4768,153.6628,52.8426,-0.1053,0.2624
1779744290831,2,11.0000004b,Drive,Delivery,pitch.1,701631,-0.0102,-0.1899,0.7073,0.131,-0.8583,-0.8728,0.0,0.0
1779744290831,2,12.00000015,Lower Delivery,Delivery,pitch.1,701712,3.8005,-26.3534,138.3545,-108.0668,153.9776,58.8733,-0.1059,-0.0743
1779744290831,2,12.00000018,Upper Delivery,Delivery,pitch.1,702399,-0.1931,-0.2,0.3996,0.2788,0.5441,-3.57,0.0,0.0
1779744290831,2,Pitching Mound.Delivery,,Delivery,pitch.1,700765,3.6074,-26.5534,138.7541,-60.8834,154.5217,53.9455,-0.1056,0.264
1779744290831,2,Pitching Mound.Drive,,Delivery,pitch.1,701631,-0.0102,-0.1899,0.7073,0.131,-0.8583,-0.8728,0.0,0.0
1779744290831,2,Pitching Mound.Parent,,Delivery,pitch.1,700089,3.5972,-26.7433,139.4614,-60.7524,153.6634,53.0727,-0.105,0.2626
1779744290832,2,11.0000004b,Drive,Delivery,pitch.1,701632,-0.0134,-0.1805,0.7525,0.1314,-0.8682,-0.8546,0.0,0.0
1779744290832,2,12.00000015,Lower Delivery,Delivery,pitch.1,701713,3.7095,-26.4113,138.6963,-108.621,154.3784,59.0036,-0.1059,-0.0745
1779744290832,2,12.00000018,Upper Delivery,Delivery,pitch.1,702400,-0.077,-0.1232,0.1937,0.2819,0.5479,-3.5671,0.0,0.0
1779744290832,2,Pitching Mound.Delivery,,Delivery,pitch.1,700766,3.6326,-26.5345,138.89,-61.2482,154.9263,54.1491,-0.1057,0.2647
1779744290832,2,Pitching Mound.Drive,,Delivery,pitch.1,701632,-0.0134,-0.1805,0.7525,0.1314,-0.8682,-0.8546,0.0,0.0
1779744290832,2,Pitching Mound.Parent,,Delivery,pitch.1,700090,3.6192,-26.715,139.6425,-61.1168,154.0581,53.2945,-0.1052,0.2632
1779744290833,2,11.0000004b,Drive,Delivery,pitch.1,701633,-0.0043,-0.1757,0.692,0.1458,-0.8395,-0.8435,0.0,0.0
1779744290833,2,12.00000015,Lower Delivery,Delivery,pitch.1,701714,3.6277,-26.4385,139.0287,-109.1019,154.8136,59.1549,-0.1059,-0.0747
1779744290833,2,12.00000018,Upper Delivery,Delivery,pitch.1,702401,-0.2622,-0.1928,0.434,0.3251,0.6015,-3.5584,0.0,0.0
1779744290833,2,Pitching Mound.Delivery,,Delivery,pitch.1,700767,3.3656,-26.6314,139.4627,-61.6546,155.4151,54.274,-0.1056,0.2635
1779744290833,2,Pitching Mound.Drive,,Delivery,pitch.1,701633,-0.0043,-0.1757,0.692,0.1458,-0.8395,-0.8435,0.0,0.0
1779744290833,2,Pitching Mound.Parent,,Delivery,pitch.1,700091,3.3613,-26.8071,140.1547,-61.5088,154.5756,53.4305,-0.1051,0.2622
1779744290834,2,11.0000004b,Drive,Delivery,pitch.1,701634,-0.0014,-0.1818,0.7174,0.1173,-0.7615,-0.8598,0.0,0.0
1779744290834,2,12.00000015,Lower Delivery,Delivery,pitch.1,701715,3.5585,-26.4421,139.1448,-109.5134,155.0982,59.3174,-0.106,-0.0749
1779744290834,2,12.00000018,Upper Delivery,Delivery,pitch.1,702402,-0.3656,-0.2453,0.5637,0.3445,0.6268,-3.5923,0.0,0.0
1779744290834,2,Pitching Mound.Delivery,,Delivery,pitch.1,700768,3.1929,-26.6874,139.7086,-62.0514,155.725,54.3909,-0.1056,0.2627
1779744290834,2,Pitching Mound.Drive,,Delivery,pitch.1,701634,-0.0014,-0.1818,0.7174,0.1173,-0.7615,-0.8598,0.0,0.0
1779744290834,2,Pitching Mound.Parent,,Delivery,pitch.1,700092,3.1915,-26.8691,140.426,-61.9341,154.9635,53.5311,-0.1051,0.2613
1779744290835,2,11.0000004b,Drive,Delivery,pitch.1,701635,-0.0068,-0.1587,0.6925,0.107,-0.7711,-0.8625,0.0,0.0
1779744290835,2,12.00000015,Lower Delivery,Delivery,pitch.1,701716,3.5053,-26.4377,139.3069,-109.8016,155.5401,59.4463,-0.1062,-0.075
1779744290835,2,12.00000018,Upper Delivery,Delivery,pitch.1,702403,-0.2745,-0.2019,0.4756,0.3482,0.6309,-3.5749,0.0,0.0
1779744290835,2,Pitching Mound.Delivery,,Delivery,pitch.1,700769,3.2308,-26.6397,139.7825,-62.2508,156.171,54.5862,-0.1059,0.263
1779744290835,2,Pitching Mound.Drive,,Delivery,pitch.1,701635,-0.0068,-0.1587,0.6925,0.107,-0.7711,-0.8625,0.0,0.0
1779744290835,2,Pitching Mound.Parent,,Delivery,pitch.1,700093,3.2239,-26.7984,140.4749,-62.1438,155.3998,53.7237,-0.1053,0.2617
1779744290836,2,11.0000004b,Drive,Delivery,pitch.1,701636,0.0022,-0.1486,0.6054,0.102,-0.7915,-0.8656,0.0,0.0
1779744290836,2,12.00000015,Lower Delivery,Delivery,pitch.1,701717,3.4477,-26.3979,139.5205,-110.0653,156.0201,59.539,-0.1064,-0.075
1779744290836,2,12.00000018,Upper Delivery,Delivery,pitch.1,702404,-0.064,-0.0906,0.2028,0.3686,0.656,-3.5648,0.0,0.0
1779744290836,2,Pitching Mound.Delivery,,Delivery,pitch.1,700770,3.3838,-26.4885,139.7233,-62.3287,156.6761,54.7802,-0.1062,0.2641
1779744290836,2,Pitching Mound.Drive,,Delivery,pitch.1,701636,0.0022,-0.1486,0.6054,0.102,-0.7915,-0.8656,0.0,0.0
1779744290836,2,Pitching Mound.Parent,,Delivery,pitch.1,700094,3.3859,-26.6371,140.3287,-62.2267,155.8846,53.9146,-0.1058,0.2629
1779744290837,2,11.0000004b,Drive,Delivery,pitch.1,701637,-0.0087,-0.1638,0.5934,0.0973,-0.7495,-0.8572,0.0,0.0
1779744290837,2,12.00000015,Lower Delivery,Delivery,pitch.1,701718,3.3971,-26.3569,139.6152,-110.1713,156.2117,59.6558,-0.1064,-0.0751
1779744290837,2,12.00000018,Upper Delivery,Delivery,pitch.1,702405,-0.1055,-0.1068,0.2379,0.3673,0.654,-3.5545,0.0,0.0
1779744290837,2,Pitching Mound.Delivery,,Delivery,pitch.1,700771,3.2916,-26.4637,139.8532,-62.4158,156.8657,54.9105,-0.1063,0.2639
1779744290837,2,Pitching Mound.Drive,,Delivery,pitch.1,701637,-0.0087,-0.1638,0.5934,0.0973,-0.7495,-0.8572,0.0,0.0
1779744290837,2,Pitching Mound.Parent,,Delivery,pitch.1,700095,3.2829,-26.6275,140.4466,-62.3184,156.1162,54.0532,-0.1058,0.2628
1779744290838,2,11.0000004b,Drive,Delivery,pitch.1,701638,0.0181,-0.1647,0.4526,0.0867,-0.8627,-0.879,0.0,0.0
1779744290838,2,11.0000004b,Drive,Delivery,pitch.1,701639,0.022,-0.1663,0.4318,0.0868,-0.8542,-0.8538,0.0,0.0
1779744290838,2,12.00000015,Lower Delivery,Delivery,pitch.1,701719,3.3356,-26.3148,139.7358,-110.7299,156.4964,59.6906,-0.1065,-0.0754
1779744290838,2,12.00000018,Upper Delivery,Delivery,pitch.1,702406,-0.0615,-0.0992,0.1716,0.3674,0.6542,-3.5555,0.0,0.0
1779744290838,2,Pitching Mound.Delivery,,Delivery,pitch.1,700772,3.2741,-26.414,139.9074,-62.9107,157.1506,54.9801,-0.1064,0.2639
1779744290838,2,Pitching Mound.Drive,,Delivery,pitch.1,701638,0.0181,-0.1647,0.4526,0.0867,-0.8627,-0.879,0.0,0.0
1779744290838,2,Pitching Mound.Drive,,Delivery,pitch.1,701639,0.022,-0.1663,0.4318,0.0868,-0.8542,-0.8538,0.0,0.0
1779744290838,2,Pitching Mound.Parent,,Delivery,pitch.1,700096,3.2921,-26.5786,140.36,-62.824,156.2879,54.1011,-0.1061,0.263
1779744290839,2,11.0000004b,Drive,Delivery,pitch.1,701640,0.0361,-0.1499,0.3983,0.0764,-0.8659,-0.8763,0.0,0.0
1779744290839,2,12.00000015,Lower Delivery,Delivery,pitch.1,701720,3.2694,-26.2141,139.8441,-110.966,156.5723,59.7718,-0.1065,-0.0755
1779744290839,2,12.00000018,Upper Delivery,Delivery,pitch.1,702407,-0.061,-0.1071,0.1753,0.3698,0.6577,-3.5737,0.0,0.0
1779744290839,2,Pitching Mound.Delivery,,Delivery,pitch.1,700773,3.2084,-26.3212,140.0194,-63.1088,157.23,55.0658,-0.1064,0.2638
1779744290839,2,Pitching Mound.Drive,,Delivery,pitch.1,701640,0.0361,-0.1499,0.3983,0.0764,-0.8659,-0.8763,0.0,0.0
1779744290839,2,Pitching Mound.Parent,,Delivery,pitch.1,700097,3.2305,-26.4875,140.4512,-63.022,156.3758,54.212,-0.106,0.2629
1779744290840,2,12.00000015,Lower Delivery,Delivery,pitch.1,701721,3.2098,-26.1125,139.8738,-111.139,156.6483,59.7614,-0.1065,-0.0756
1779744290840,2,12.00000018,Upper Delivery,Delivery,pitch.1,702408,-0.0601,-0.1158,0.1547,0.3723,0.6615,-3.5934,0.0,0.0
1779744290840,2,Pitching Mound.Delivery,,Delivery,pitch.1,700774,3.1497,-26.2284,140.0285,-63.2622,157.3098,55.0563,-0.1064,0.2637
1779744290840,2,Pitching Mound.Parent,,Delivery,pitch.1,700098,3.1858,-26.3782,140.4268,-63.1859,156.4439,54.18,-0.1061,0.263
1779744290841,2,11.0000004b,Drive,Delivery,pitch.1,701641,0.0521,-0.1413,0.3552,0.0797,-0.881,-0.862,0.0,0.0
1779744290841,2,11.0000004b,Drive,Delivery,pitch.1,701642,0.0644,-0.1423,0.3374,0.0517,-0.77,-0.8964,0.0,0.0
1779744290841,2,12.00000015,Lower Delivery,Delivery,pitch.1,701722,3.1388,-25.9987,140.2224,-111.2551,156.6071,59.7933,-0.1062,-0.0755
1779744290841,2,12.00000018,Upper Delivery,Delivery,pitch.1,702409,-0.0633,-0.1108,0.0969,0.376,0.6671,-3.6225,0.0,0.0
1779744290841,2,Pitching Mound.Delivery,,Delivery,pitch.1,700775,3.0756,-26.1095,140.3193,-63.2364,157.2742,55.0821,-0.1062,0.2641
1779744290841,2,Pitching Mound.Drive,,Delivery,pitch.1,701641,0.0521,-0.1413,0.3552,0.0797,-0.881,-0.862,0.0,0.0
1779744290841,2,Pitching Mound.Drive,,Delivery,pitch.1,701642,0.0644,-0.1423,0.3374,0.0517,-0.77,-0.8964,0.0,0.0
1779744290841,2,Pitching Mound.Parent,,Delivery,pitch.1,700099,3.1277,-26.2508,140.6745,-63.1567,156.3932,54.2201,-0.1059,0.2634
1779744290842,2,11.0000004b,Drive,Delivery,pitch.1,701643,0.0664,-0.1509,0.3537,0.0526,-0.8125,-0.9263,0.0,0.0
1779744290842,2,12.00000015,Lower Delivery,Delivery,pitch.1,701723,3.0478,-25.8691,140.4177,-111.3497,156.4134,59.7804,-0.106,-0.0754
1779744290842,2,12.00000018,Upper Delivery,Delivery,pitch.1,702410,-0.0641,-0.1083,0.078,0.3716,0.6605,-3.5883,0.0,0.0
1779744290842,2,Pitching Mound.Delivery,,Delivery,pitch.1,700776,2.9837,-25.9773,140.4957,-63.2626,157.0739,55.134,-0.1059,0.2642
1779744290842,2,Pitching Mound.Drive,,Delivery,pitch.1,701643,0.0664,-0.1509,0.3537,0.0526,-0.8125,-0.9263,0.0,0.0
1779744290842,2,Pitching Mound.Parent,,Delivery,pitch.1,700100,3.0481,-26.1197,140.8331,-63.2109,156.3039,54.2376,-0.1057,0.2636
1779744290843,2,11.0000004b,Drive,Delivery,pitch.1,701644,0.0716,-0.1549,0.3489,0.0559,-0.7897,-0.9125,0.0,0.0
1779744290843,2,12.00000015,Lower Delivery,Delivery,pitch.1,701724,2.9545,-25.7391,140.6953,-111.6105,156.2829,59.7413,-0.1057,-0.0755
1779744290843,2,12.00000018,Upper Delivery,Delivery,pitch.1,702411,-0.0671,-0.1244,0.0837,0.3752,0.6659,-3.6163,0.0,0.0
1779744290843,2,Pitching Mound.Delivery,,Delivery,pitch.1,700777,2.8874,-25.8635,140.779,-63.4273,156.9488,55.0977,-0.1056,0.2642
1779744290843,2,Pitching Mound.Drive,,Delivery,pitch.1,701644,0.0716,-0.1549,0.3489,0.0559,-0.7897,-0.9125,0.0,0.0
1779744290843,2,Pitching Mound.Parent,,Delivery,pitch.1,700101,2.9538,-26.0144,141.1327,-63.3747,156.1363,54.1714,-0.1053,0.2635
1779744290844,2,11.0000004b,Drive,Delivery,pitch.1,701645,0.0727,-0.147,0.3306,0.0604,-0.822,-0.8793,0.0,0.0
1779744290844,2,12.00000015,Lower Delivery,Delivery,pitch.1,701725,2.8441,-25.5903,140.9523,-111.8208,156.1063,59.6893,-0.1054,-0.0755
1779744290844,2,12.00000018,Upper Delivery,Delivery,pitch.1,702412,-0.0675,-0.1307,0.0859,0.369,0.6565,-3.5677,0.0,0.0
1779744290844,2,Pitching Mound.Delivery,,Delivery,pitch.1,700778,2.7767,-25.721,141.0382,-63.5573,156.7629,55.1316,-0.1053,0.2642
1779744290844,2,Pitching Mound.Drive,,Delivery,pitch.1,701645,0.0727,-0.147,0.3306,0.0604,-0.822,-0.8793,0.0,0.0
1779744290844,2,Pitching Mound.Parent,,Delivery,pitch.1,700102,2.8483,-25.876,141.3871,-63.5013,155.9731,54.2192,-0.105,0.2635
1779744290845,2,11.0000004b,Drive,Delivery,pitch.1,701646,0.0722,-0.1533,0.3416,0.0769,-1.0014,-0.8868,0.0,0.0
1779744290845,2,12.00000015,Lower Delivery,Delivery,pitch.1,701726,2.7077,-25.4048,141.1604,-111.8853,155.6656,59.5824,-0.1049,-0.0754
1779744290845,2,12.00000018,Upper Delivery,Delivery,pitch.1,702413,-0.0688,-0.1375,0.0755,0.3532,0.6329,-3.4448,0.0,0.0
1779744290845,2,Pitching Mound.Delivery,,Delivery,pitch.1,700779,2.6389,-25.5423,141.2359,-63.5632,156.2985,55.1937,-0.1048,0.2643
1779744290845,2,Pitching Mound.Drive,,Delivery,pitch.1,701646,0.0722,-0.1533,0.3416,0.0769,-1.0014,-0.8868,0.0,0.0
1779744290845,2,Pitching Mound.Parent,,Delivery,pitch.1,700103,2.7117,-25.6893,141.5665,-63.5028,155.4765,54.3143,-0.1046,0.2637
1779744290846,2,11.0000004b,Drive,Delivery,pitch.1,701647,0.0719,-0.1528,0.345,0.0787,-0.9748,-0.8836,0.0,0.0
1779744290846,2,12.00000015,Lower Delivery,Delivery,pitch.1,701727,2.57,-25.21,141.3676,-112.292,155.4223,59.5112,-0.1046,-0.0756
1779744290846,2,12.00000018,Upper Delivery,Delivery,pitch.1,702414,-0.0695,-0.1449,0.0687,0.3487,0.6261,-3.4094,0.0,0.0
1779744290846,2,Pitching Mound.Delivery,,Delivery,pitch.1,700780,2.5006,-25.355,141.4362,-63.9016,156.0483,55.2043,-0.1045,0.2641
1779744290846,2,Pitching Mound.Drive,,Delivery,pitch.1,701647,0.0719,-0.1528,0.345,0.0787,-0.9748,-0.8836,0.0,0.0
1779744290846,2,Pitching Mound.Parent,,Delivery,pitch.1,700104,2.5727,-25.5082,141.7778,-63.8247,155.0469,54.3175,-0.1043,0.2635
1779744290847,2,11.0000004b,Drive,Delivery,pitch.1,701648,0.065,-0.1584,0.3684,0.0996,-1.0514,-0.884,0.0,0.0
1779744290847,2,12.00000015,Lower Delivery,Delivery,pitch.1,701728,2.4353,-25.0027,141.481,-112.1367,154.8314,59.4575,-0.1041,-0.0754
1779744290847,2,12.00000018,Upper Delivery,Delivery,pitch.1,702415,-0.068,-0.147,0.0581,0.3581,0.6402,-3.483,0.0,0.0
1779744290847,2,Pitching Mound.Delivery,,Delivery,pitch.1,700781,2.3672,-25.1497,141.5391,-63.6948,155.4716,55.1234,-0.1041,0.2644
1779744290847,2,Pitching Mound.Drive,,Delivery,pitch.1,701648,0.065,-0.1584,0.3684,0.0996,-1.0514,-0.884,0.0,0.0
1779744290847,2,Pitching Mound.Parent,,Delivery,pitch.1,700105,2.4391,-25.3024,141.8841,-63.6161,154.4968,54.2399,-0.1038,0.2637
1779744290848,2,11.0000004b,Drive,Delivery,pitch.1,701649,0.0687,-0.1624,0.3605,0.0878,-1.0004,-0.8529,0.0,0.0
1779744290848,2,12.00000015,Lower Delivery,Delivery,pitch.1,701729,2.3129,-24.7916,141.6757,-112.1954,154.3232,59.3254,-0.1036,-0.0753
1779744290848,2,12.00000018,Upper Delivery,Delivery,pitch.1,702416,-0.0715,-0.1545,0.0625,0.3449,0.6203,-3.3794,0.0,0.0
1779744290848,2,Pitching Mound.Delivery,,Delivery,pitch.1,700782,2.2414,-24.9461,141.7383,-63.702,154.9435,55.1353,-0.1036,0.2644
1779744290848,2,Pitching Mound.Drive,,Delivery,pitch.1,701649,0.0687,-0.1624,0.3605,0.0878,-1.0004,-0.8529,0.0,0.0
1779744290848,2,Pitching Mound.Parent,,Delivery,pitch.1,700106,2.3064,-25.1046,142.1067,-63.6024,153.8921,54.2513,-0.1033,0.2637
1779744290849,2,11.0000004b,Drive,Delivery,pitch.1,701650,0.0514,-0.1698,0.3789,0.0817,-0.938,-0.8614,0.0,0.0
1779744290849,2,12.00000015,Lower Delivery,Delivery,pitch.1,701730,2.1997,-24.5645,141.9103,-112.0075,154.0044,59.2359,-0.1032,-0.0751
1779744290849,2,12.00000018,Upper Delivery,Delivery,pitch.1,702417,-0.0753,-0.1549,0.0505,0.3336,0.6034,-3.2917,0.0,0.0
1779744290849,2,Pitching Mound.Delivery,,Delivery,pitch.1,700783,2.1244,-24.7194,141.9609,-63.4415,154.6078,55.1707,-0.1032,0.2647
1779744290849,2,Pitching Mound.Drive,,Delivery,pitch.1,701650,0.0514,-0.1698,0.3789,0.0817,-0.938,-0.8614,0.0,0.0
1779744290849,2,Pitching Mound.Parent,,Delivery,pitch.1,700107,2.1931,-24.8819,142.3214,-63.3537,153.6074,54.3178,-0.1029,0.264
1779744290850,2,11.0000004b,Drive,Delivery,pitch.1,701651,0.0391,-0.1655,0.3823,0.0902,-0.9692,-0.8462,0.0,0.0
1779744290850,2,12.00000015,Lower Delivery,Delivery,pitch.1,701731,2.1192,-24.325,142.0938,-111.9199,153.5563,59.1015,-0.1028,-0.0749
1779744290850,2,12.00000018,Upper Delivery,Delivery,pitch.1,702418,-0.0718,-0.1302,0.0405,0.3361,0.6071,-3.311,0.0,0.0
1779744290850,2,Pitching Mound.Delivery,,Delivery,pitch.1,700784,2.0474,-24.4552,142.1343,-63.2856,154.1634,55.0456,-0.1028,0.2649
1779744290850,2,Pitching Mound.Drive,,Delivery,pitch.1,701651,0.0391,-0.1655,0.3823,0.0902,-0.9692,-0.8462,0.0,0.0
1779744290850,2,Pitching Mound.Parent,,Delivery,pitch.1,700108,2.0988,-24.6249,142.5132,-63.2039,153.2254,54.1842,-0.1025,0.2642
1779744290851,2,11.0000004b,Drive,Delivery,pitch.1,701652,0.0202,-0.1737,0.4392,0.0924,-0.909,-0.8111,0.0,0.0
1779744290851,2,12.00000015,Lower Delivery,Delivery,pitch.1,701732,1.9831,-24.0726,142.1414,-111.4973,153.117,58.9914,-0.1025,-0.0746
1779744290851,2,12.00000018,Upper Delivery,Delivery,pitch.1,702419,-0.0706,-0.1184,0.0427,0.3385,0.6108,-3.3301,0.0,0.0
1779744290851,2,Pitching Mound.Delivery,,Delivery,pitch.1,700785,1.9125,-24.1909,142.1841,-62.8452,153.7278,54.9631,-0.1024,0.2652
1779744290851,2,Pitching Mound.Drive,,Delivery,pitch.1,701652,0.0202,-0.1737,0.4392,0.0924,-0.909,-0.8111,0.0,0.0
1779744290851,2,Pitching Mound.Parent,,Delivery,pitch.1,700109,1.9517,-24.3564,142.5664,-62.755,152.7586,54.1168,-0.1022,0.2645
1779744290852,2,11.0000004b,Drive,Delivery,pitch.1,701653,0.0096,-0.1995,0.5092,0.1155,-1.0411,-0.8257,0.0,0.0
1779744290852,2,12.00000015,Lower Delivery,Delivery,pitch.1,701733,1.9541,-23.8106,142.3282,-111.9008,152.3559,58.7845,-0.1018,-0.0748
1779744290852,2,12.00000018,Upper Delivery,Delivery,pitch.1,702420,-0.0715,-0.1109,0.0508,0.3337,0.6035,-3.2922,0.0,0.0
1779744290852,2,Pitching Mound.Delivery,,Delivery,pitch.1,700786,1.8826,-23.9215,142.3791,-63.1928,152.9594,54.8035,-0.1018,0.265
1779744290852,2,Pitching Mound.Drive,,Delivery,pitch.1,701653,0.0096,-0.1995,0.5092,0.1155,-1.0411,-0.8257,0.0,0.0
1779744290852,2,Pitching Mound.Parent,,Delivery,pitch.1,700110,1.9027,-24.0952,142.8182,-63.1004,152.0504,53.9924,-0.1015,0.2642
1779744290853,2,11.0000004b,Drive,Delivery,pitch.1,701654,0.0011,-0.1872,0.5239,0.143,-0.9937,-0.8284,0.0,0.0
1779744290853,2,12.00000015,Lower Delivery,Delivery,pitch.1,701734,1.8903,-23.547,142.3451,-111.8629,151.9106,58.7033,-0.1015,-0.0748
1779744290853,2,12.00000018,Upper Delivery,Delivery,pitch.1,702421,-0.0731,-0.0995,0.0728,0.3383,0.6104,-3.3282,0.0,0.0
1779744290853,2,Pitching Mound.Delivery,,Delivery,pitch.1,700787,1.8173,-23.6465,142.4179,-63.152,152.521,54.7076,-0.1015,0.2649
1779744290853,2,Pitching Mound.Drive,,Delivery,pitch.1,701654,0.0011,-0.1872,0.5239,0.143,-0.9937,-0.8284,0.0,0.0
1779744290853,2,Pitching Mound.Parent,,Delivery,pitch.1,700111,1.8269,-23.846,142.9271,-63.0365,151.4799,53.8818,-0.1011,0.264
1779744290854,2,11.0000004b,Drive,Delivery,pitch.1,701655,-0.0044,-0.1879,0.5338,0.147,-1.0112,-0.8312,0.0,0.0
1779744290854,2,12.00000015,Lower Delivery,Delivery,pitch.1,701735,1.833,-23.2316,142.1044,-111.6216,150.9985,58.5256,-0.1011,-0.0747
1779744290854,2,12.00000018,Upper Delivery,Delivery,pitch.1,702422,-0.0735,-0.0959,0.1071,0.3549,0.6354,-3.4577,0.0,0.0
1779744290854,2,Pitching Mound.Delivery,,Delivery,pitch.1,700788,1.7595,-23.3275,142.2115,-62.9877,151.6338,54.4197,-0.101,0.2648
1779744290854,2,Pitching Mound.Drive,,Delivery,pitch.1,701655,-0.0044,-0.1879,0.5338,0.147,-1.0112,-0.8312,0.0,0.0
1779744290854,2,Pitching Mound.Parent,,Delivery,pitch.1,700112,1.7606,-23.5146,142.7354,-62.8446,150.6401,53.5913,-0.1006,0.2638
1779744290855,2,11.0000004b,Drive,Delivery,pitch.1,701656,0.0027,-0.1837,0.4517,0.1434,-1.0289,-0.8667,0.0,0.0
1779744290855,2,12.00000015,Lower Delivery,Delivery,pitch.1,701736,1.8287,-22.9661,142.1861,-111.696,150.9234,58.3798,-0.101,-0.0747
1779744290855,2,12.00000018,Upper Delivery,Delivery,pitch.1,702423,-0.0749,-0.0942,0.1304,0.3655,0.6512,-3.5401,0.0,0.0
1779744290855,2,Pitching Mound.Delivery,,Delivery,pitch.1,700789,1.7539,-23.0603,142.3164,-63.0316,151.5746,54.1924,-0.1009,0.2647
1779744290855,2,Pitching Mound.Drive,,Delivery,pitch.1,701656,0.0027,-0.1837,0.4517,0.1434,-1.0289,-0.8667,0.0,0.0
1779744290855,2,Pitching Mound.Parent,,Delivery,pitch.1,700113,1.7495,-23.2483,142.8502,-62.8846,150.5634,53.3612,-0.1005,0.2637
1779744290856,2,11.0000004b,Drive,Delivery,pitch.1,701657,-0.0049,-0.1858,0.4586,0.1248,-1.0058,-0.8436,0.0,0.0
1779744290856,2,12.00000015,Lower Delivery,Delivery,pitch.1,701737,1.7962,-22.5631,141.6386,-111.9074,150.0009,58.1655,-0.1007,-0.0752
1779744290856,2,12.00000018,Upper Delivery,Delivery,pitch.1,702424,-0.1645,-0.1144,0.2916,0.3792,0.6719,-3.6473,0.0,0.0
1779744290856,2,Pitching Mound.Delivery,,Delivery,pitch.1,700790,1.6317,-22.6775,141.9302,-63.4702,150.6727,53.8516,-0.1005,0.2636
1779744290856,2,Pitching Mound.Drive,,Delivery,pitch.1,701657,-0.0049,-0.1858,0.4586,0.1248,-1.0058,-0.8436,0.0,0.0
1779744290856,2,Pitching Mound.Parent,,Delivery,pitch.1,700114,1.6344,-22.8613,142.3819,-63.3268,149.6439,52.9849,-0.1002,0.2628
1779744290857,2,11.0000004b,Drive,Delivery,pitch.1,701658,0.0003,-0.1952,0.4879,0.1093,-0.9125,-0.8178,0.0,0.0
1779744290857,2,12.00000015,Lower Delivery,Delivery,pitch.1,701738,1.8389,-22.2872,141.7335,-111.7546,149.7808,58.0386,-0.1005,-0.075
1779744290857,2,12.00000018,Upper Delivery,Delivery,pitch.1,702425,-0.2023,-0.1212,0.352,0.3788,0.6712,-3.6438,0.0,0.0
1779744290857,2,Pitching Mound.Delivery,,Delivery,pitch.1,700791,1.6366,-22.4085,142.0855,-63.3061,150.452,53.7007,-0.1003,0.2635
1779744290857,2,Pitching Mound.Drive,,Delivery,pitch.1,701658,0.0003,-0.1952,0.4879,0.1093,-0.9125,-0.8178,0.0,0.0
1779744290857,2,Pitching Mound.Parent,,Delivery,pitch.1,700115,1.6317,-22.5942,142.5441,-63.1813,149.4462,52.8571,-0.1,0.2626
1779744290858,2,11.0000004b,Drive,Delivery,pitch.1,701659,0.0036,-0.2005,0.4873,0.0985,-0.9215,-0.8144,0.0,0.0
1779744290858,2,12.00000015,Lower Delivery,Delivery,pitch.1,701739,1.8285,-21.9152,141.3851,-111.3335,149.0413,57.9821,-0.1003,-0.0749
1779744290858,2,12.00000018,Upper Delivery,Delivery,pitch.1,702426,-0.2673,-0.0724,0.6755,0.3876,0.6845,-3.713,0.0,0.0
1779744290858,2,Pitching Mound.Delivery,,Delivery,pitch.1,700792,1.5613,-21.9876,142.0606,-63.1046,149.7258,53.5566,-0.0998,0.2622
1779744290858,2,Pitching Mound.Drive,,Delivery,pitch.1,701659,0.0036,-0.2005,0.4873,0.0985,-0.9215,-0.8144,0.0,0.0
1779744290858,2,Pitching Mound.Parent,,Delivery,pitch.1,700116,1.5616,-22.1829,142.5485,-62.9953,148.8132,52.7388,-0.0995,0.2613
1779744290859,2,11.0000004b,Drive,Delivery,pitch.1,701660,0.0047,-0.1965,0.4661,0.0764,-0.8051,-0.8237,0.0,0.0
1779744290859,2,12.00000015,Lower Delivery,Delivery,pitch.1,701740,1.8846,-21.5782,141.5917,-111.4327,147.7775,57.6034,-0.0993,-0.0749
1779744290859,2,12.00000018,Upper Delivery,Delivery,pitch.1,702427,-0.2697,-0.0581,0.7272,0.3903,0.6885,-3.7335,0.0,0.0
1779744290859,2,Pitching Mound.Delivery,,Delivery,pitch.1,700793,1.6149,-21.6363,142.3189,-63.1485,148.466,53.1374,-0.0988,0.262
1779744290859,2,Pitching Mound.Drive,,Delivery,pitch.1,701660,0.0047,-0.1965,0.4661,0.0764,-0.8051,-0.8237,0.0,0.0
1779744290859,2,Pitching Mound.Parent,,Delivery,pitch.1,700117,1.6185,-21.8369,142.8062,-63.0499,147.5445,52.323,-0.0984,0.2611
1779744290860,2,11.0000004b,Drive,Delivery,pitch.1,701661,0.0321,-0.1825,0.4105,0.0756,-0.7612,-0.776,0.0,0.0
1779744290860,2,12.00000015,Lower Delivery,Delivery,pitch.1,701741,1.966,-21.1281,141.182,-111.2447,146.6272,57.5702,-0.0988,-0.075
1779744290860,2,12.00000018,Upper Delivery,Delivery,pitch.1,702428,-0.2483,-0.0643,0.6515,0.3908,0.6893,-3.738,0.0,0.0
1779744290860,2,Pitching Mound.Delivery,,Delivery,pitch.1,700794,1.7177,-21.1924,141.8335,-63.0734,147.3165,53.0793,-0.0983,0.2623
1779744290860,2,Pitching Mound.Drive,,Delivery,pitch.1,701661,0.0321,-0.1825,0.4105,0.0756,-0.7612,-0.776,0.0,0.0
1779744290860,2,Pitching Mound.Parent,,Delivery,pitch.1,700118,1.7224,-21.3889,142.2996,-62.997,146.5114,52.2556,-0.098,0.2614
1779744290861,2,11.0000004b,Drive,Delivery,pitch.1,701662,0.0393,-0.185,0.4144,0.0787,-0.7583,-0.7659,0.0,0.0
1779744290861,2,12.00000015,Lower Delivery,Delivery,pitch.1,701742,1.946,-20.8082,140.6638,-110.8614,147.2442,57.4386,-0.0996,-0.075
1779744290861,2,12.00000018,Upper Delivery,Delivery,pitch.1,702429,-0.2577,-0.0646,0.7108,0.3858,0.6818,-3.6991,0.0,0.0
1779744290861,2,Pitching Mound.Delivery,,Delivery,pitch.1,700795,1.6883,-20.8728,141.3746,-62.8915,147.926,52.9902,-0.0991,0.262
1779744290861,2,Pitching Mound.Drive,,Delivery,pitch.1,701662,0.0393,-0.185,0.4144,0.0787,-0.7583,-0.7659,0.0,0.0
1779744290861,2,Pitching Mound.Parent,,Delivery,pitch.1,700119,1.7204,-21.0553,141.7851,-62.8159,147.1648,52.2142,-0.0988,0.2612
1779744290862,2,11.0000004b,Drive,Delivery,pitch.1,701663,0.0487,-0.1785,0.4038,0.0775,-0.7388,-0.7951,0.0,0.0
1779744290862,2,12.00000015,Lower Delivery,Delivery,pitch.1,701743,2.0236,-20.4554,140.8364,-111.1525,144.9816,57.2962,-0.0979,-0.0751
1779744290862,2,12.00000018,Upper Delivery,Delivery,pitch.1,702430,-0.2386,-0.0714,0.6554,0.3906,0.6889,-3.7359,0.0,0.0
1779744290862,2,12.00000018,Upper Delivery,Delivery,pitch.1,702431,-0.2374,-0.0656,0.6969,0.3932,0.6929,-3.7567,0.0,0.0
1779744290862,2,Pitching Mound.Delivery,,Delivery,pitch.1,700796,1.785,-20.5267,141.4918,-63.1004,145.6706,52.7912,-0.0975,0.2621
1779744290862,2,Pitching Mound.Drive,,Delivery,pitch.1,701663,0.0487,-0.1785,0.4038,0.0775,-0.7388,-0.7951,0.0,0.0
1779744290862,2,Pitching Mound.Parent,,Delivery,pitch.1,700120,1.8242,-20.7118,141.9062,-63.0218,144.9123,52.0253,-0.0972,0.2614
1779744290863,2,11.0000004b,Drive,Delivery,pitch.1,701664,0.0506,-0.1812,0.4241,0.0727,-0.6759,-0.767,0.0,0.0
1779744290863,2,12.00000015,Lower Delivery,Delivery,pitch.1,701744,2.1706,-19.9718,140.2717,-109.9629,145.5759,57.1302,-0.0987,-0.0746
1779744290863,2,Pitching Mound.Delivery,,Delivery,pitch.1,700797,1.9332,-20.0374,140.9686,-62.1143,146.2688,52.5548,-0.0982,0.2624
1779744290863,2,Pitching Mound.Drive,,Delivery,pitch.1,701664,0.0506,-0.1812,0.4241,0.0727,-0.6759,-0.767,0.0,0.0
1779744290863,2,Pitching Mound.Parent,,Delivery,pitch.1,700121,1.9818,-20.216,141.3724,-62.0368,145.53,51.7597,-0.098,0.2617
1779744290864,2,11.0000004b,Drive,Delivery,pitch.1,701665,0.0512,-0.1816,0.4208,0.0533,-0.5577,-0.7626,0.0,0.0
1779744290864,2,12.00000015,Lower Delivery,Delivery,pitch.1,701745,2.2764,-19.4162,140.2155,-110.1974,144.1577,57.0244,-0.0978,-0.0748
1779744290864,2,12.00000018,Upper Delivery,Delivery,pitch.1,702433,-0.0832,-0.0874,0.2306,0.38,0.6731,-3.6537,0.0,0.0
1779744290864,2,12.00000018,Upper Delivery,Delivery,pitch.1,702432,-0.1641,-0.1065,0.4006,0.384,0.6791,-3.6849,0.0,0.0
1779744290864,2,Pitching Mound.Delivery,,Delivery,pitch.1,700798,2.1122,-19.5228,140.6161,-62.2763,144.8368,52.5097,-0.0975,0.2635
1779744290864,2,Pitching Mound.Drive,,Delivery,pitch.1,701665,0.0512,-0.1816,0.4208,0.0533,-0.5577,-0.7626,0.0,0.0
1779744290864,2,Pitching Mound.Parent,,Delivery,pitch.1,700122,2.1628,-19.704,141.0402,-62.2036,144.1609,51.7428,-0.0972,0.2627
1779744290865,2,11.0000004b,Drive,Delivery,pitch.1,701666,0.0497,-0.1824,0.42,0.0433,-0.5392,-0.769,0.0,0.0
1779744290865,2,12.00000015,Lower Delivery,Delivery,pitch.1,701746,2.3523,-19.0684,139.9727,-110.4911,143.2216,56.9001,-0.0973,-0.0751
1779744290865,2,12.00000018,Upper Delivery,Delivery,pitch.1,702434,-0.0566,-0.0636,0.1646,0.3904,0.6887,-3.7347,0.0,0.0
1779744290865,2,Pitching Mound.Delivery,,Delivery,pitch.1,700799,2.2691,-19.1559,140.2033,-62.5988,143.8947,52.4183,-0.0972,0.2639
1779744290865,2,Pitching Mound.Drive,,Delivery,pitch.1,701666,0.0497,-0.1824,0.42,0.0433,-0.5392,-0.769,0.0,0.0
1779744290865,2,Pitching Mound.Parent,,Delivery,pitch.1,700123,2.3203,-19.3375,140.6242,-62.5455,143.337,51.6557,-0.0969,0.2631
1779744290866,2,11.0000004b,Drive,Delivery,pitch.1,701667,0.0492,-0.1948,0.486,0.0448,-0.5812,-0.7774,0.0,0.0
1779744290866,2,12.00000015,Lower Delivery,Delivery,pitch.1,701747,2.396,-18.569,139.6431,-110.5548,142.6587,56.5484,-0.0972,-0.0753
1779744290866,2,Pitching Mound.Delivery,,Delivery,pitch.1,700800,2.3394,-18.6325,139.8077,-62.7417,143.3474,51.9799,-0.0971,0.264
1779744290866,2,Pitching Mound.Drive,,Delivery,pitch.1,701667,0.0492,-0.1948,0.486,0.0448,-0.5812,-0.7774,0.0,0.0
1779744290866,2,Pitching Mound.Parent,,Delivery,pitch.1,700124,2.3891,-18.8149,140.2277,-62.6985,142.8082,51.2108,-0.0968,0.2632
1779744290867,2,11.0000004b,Drive,Delivery,pitch.1,701668,0.0384,-0.1841,0.5941,0.0346,-0.5603,-0.7839,0.0,0.0
1779744290867,2,12.00000015,Lower Delivery,Delivery,pitch.1,701748,2.5423,-18.1037,139.5116,-110.3965,142.0743,56.5433,-0.0969,-0.0753
1779744290867,2,12.00000018,Upper Delivery,Delivery,pitch.1,702435,-0.051,-0.0361,0.0757,0.3973,0.699,-3.7883,0.0,0.0
1779744290867,2,12.00000018,Upper Delivery,Delivery,pitch.1,702436,-0.0503,-0.0205,0.0198,0.402,0.7061,-3.8248,0.0,0.0
1779744290867,2,Pitching Mound.Delivery,,Delivery,pitch.1,700801,2.4913,-18.1397,139.5873,-62.591,142.7733,51.8734,-0.0968,0.2644
1779744290867,2,Pitching Mound.Drive,,Delivery,pitch.1,701668,0.0384,-0.1841,0.5941,0.0346,-0.5603,-0.7839,0.0,0.0
1779744290867,2,Pitching Mound.Parent,,Delivery,pitch.1,700125,2.5405,-18.3345,140.0733,-62.5462,142.1921,51.0959,-0.0965,0.2635
1779744290868,2,11.0000004b,Drive,Delivery,pitch.1,701669,0.043,-0.1855,0.5987,0.0371,-0.5515,-0.7832,0.0,0.0
1779744290868,2,12.00000015,Lower Delivery,Delivery,pitch.1,701749,2.7277,-17.5641,139.1546,-110.6665,141.466,56.3041,-0.0967,-0.0757
1779744290868,2,12.00000018,Upper Delivery,Delivery,pitch.1,702437,-0.0493,-0.0142,0.0047,0.4067,0.7132,-3.8617,0.0,0.0
1779744290868,2,Pitching Mound.Delivery,,Delivery,pitch.1,700802,2.6774,-17.5846,139.1743,-62.9587,142.1721,51.5347,-0.0967,0.2643
1779744290868,2,Pitching Mound.Drive,,Delivery,pitch.1,701669,0.043,-0.1855,0.5987,0.0371,-0.5515,-0.7832,0.0,0.0
1779744290868,2,Pitching Mound.Parent,,Delivery,pitch.1,700126,2.7159,-17.7687,139.7684,-62.9242,141.6118,50.7508,-0.0963,0.2631
1779744290869,2,11.0000004b,Drive,Delivery,pitch.1,701670,0.0333,-0.1898,0.6572,0.0543,-0.5816,-0.7803,0.0,0.0
1779744290869,2,12.00000015,Lower Delivery,Delivery,pitch.1,701750,2.8519,-17.1044,139.0636,-109.4928,139.8343,56.2831,-0.0957,-0.0749
1779744290869,2,12.00000015,Lower Delivery,Delivery,pitch.1,701751,2.9661,-16.599,138.7427,-110.4093,139.3381,56.1592,-0.0955,-0.0757
1779744290869,2,Pitching Mound.Delivery,,Delivery,pitch.1,700803,2.8025,-17.1186,139.0684,-61.8061,140.5474,51.435,-0.0957,0.2651
1779744290869,2,Pitching Mound.Drive,,Delivery,pitch.1,701670,0.0333,-0.1898,0.6572,0.0543,-0.5816,-0.7803,0.0,0.0
1779744290869,2,Pitching Mound.Parent,,Delivery,pitch.1,700127,2.8455,-17.3041,139.6671,-61.7689,139.9959,50.6518,-0.0952,0.2639
1779744290870,2,11.0000004b,Drive,Delivery,pitch.1,701671,0.0429,-0.1862,0.6081,0.0793,-0.6337,-0.7983,0.0,0.0
1779744290870,2,12.00000018,Upper Delivery,Delivery,pitch.1,702438,-0.0497,-0.0077,0.008,0.4103,0.7186,-3.8901,0.0,0.0
1779744290870,2,12.00000018,Upper Delivery,Delivery,pitch.1,702439,-0.0549,-0.0097,0.0054,0.4145,0.7249,-3.9228,0.0,0.0
1779744290870,2,Pitching Mound.Delivery,,Delivery,pitch.1,700804,2.9164,-16.6067,138.7507,-62.8292,140.0567,51.2437,-0.0955,0.2643
1779744290870,2,Pitching Mound.Drive,,Delivery,pitch.1,701671,0.0429,-0.1862,0.6081,0.0793,-0.6337,-0.7983,0.0,0.0
1779744290870,2,Pitching Mound.Parent,,Delivery,pitch.1,700128,2.9497,-16.7965,139.408,-62.7749,139.4751,50.4634,-0.0951,0.263
1779744290871,2,11.0000004b,Drive,Delivery,pitch.1,701672,0.0419,-0.1882,0.6526,0.0736,-0.6577,-0.8083,0.0,0.0
1779744290871,2,12.00000015,Lower Delivery,Delivery,pitch.1,701752,3.1484,-16.0031,138.6822,-109.4112,138.1578,56.0529,-0.0948,-0.0751
1779744290871,2,12.00000018,Upper Delivery,Delivery,pitch.1,702440,-0.057,-0.0093,0.0008,0.4283,0.7456,-4.0301,0.0,0.0
1779744290871,2,Pitching Mound.Delivery,,Delivery,pitch.1,700805,3.0935,-16.0128,138.6876,-61.8465,138.8827,51.0409,-0.0948,0.2649
1779744290871,2,Pitching Mound.Drive,,Delivery,pitch.1,701672,0.0419,-0.1882,0.6526,0.0736,-0.6577,-0.8083,0.0,0.0
1779744290871,2,Pitching Mound.Parent,,Delivery,pitch.1,700129,3.1364,-16.199,139.2957,-61.7672,138.249,50.2426,-0.0944,0.2638
1779744290872,2,11.0000004b,Drive,Delivery,pitch.1,701673,0.0368,-0.1866,0.6529,0.0648,-0.6797,-0.8035,0.0,0.0
1779744290872,2,12.00000015,Lower Delivery,Delivery,pitch.1,701753,3.282,-15.376,138.0946,-109.1661,137.0104,56.1153,-0.0944,-0.0752
1779744290872,2,Pitching Mound.Delivery,,Delivery,pitch.1,700806,3.225,-15.3853,138.0954,-61.7859,137.756,50.95,-0.0944,0.2648
1779744290872,2,Pitching Mound.Drive,,Delivery,pitch.1,701673,0.0368,-0.1866,0.6529,0.0648,-0.6797,-0.8035,0.0,0.0
1779744290872,2,Pitching Mound.Parent,,Delivery,pitch.1,700130,3.267,-15.5735,138.748,-61.7123,137.0983,50.1417,-0.0939,0.2635
1779744290873,2,11.0000004b,Drive,Delivery,pitch.1,701674,0.0395,-0.1784,0.6283,0.0578,-0.719,-0.7997,0.0,0.0
1779744290873,2,12.00000015,Lower Delivery,Delivery,pitch.1,701754,3.4329,-15.0393,137.3634,-108.7984,136.8772,56.0272,-0.0948,-0.0753
1779744290873,2,12.00000018,Upper Delivery,Delivery,pitch.1,702442,-0.0664,-0.0095,0.0076,0.4469,0.7736,-4.1756,0.0,0.0
1779744290873,2,12.00000018,Upper Delivery,Delivery,pitch.1,702441,-0.0669,-0.0153,0.0051,0.4396,0.7626,-4.1186,0.0,0.0
1779744290873,2,Pitching Mound.Delivery,,Delivery,pitch.1,700807,3.366,-15.0547,137.3685,-61.657,137.6398,50.7186,-0.0948,0.2646
1779744290873,2,Pitching Mound.Drive,,Delivery,pitch.1,701674,0.0395,-0.1784,0.6283,0.0578,-0.719,-0.7997,0.0,0.0
1779744290873,2,Pitching Mound.Parent,,Delivery,pitch.1,700131,3.4028,-15.2413,138.0214,-61.5922,136.9601,49.9151,-0.0943,0.2634
1779744290874,2,11.0000004b,Drive,Delivery,pitch.1,701675,0.0407,-0.1864,0.5878,0.0696,-0.7488,-0.8062,0.0,0.0
1779744290874,2,12.00000015,Lower Delivery,Delivery,pitch.1,701755,3.6495,-14.5293,137.2219,-108.6938,135.8023,56.1512,-0.0941,-0.0754
1779744290874,2,Pitching Mound.Delivery,,Delivery,pitch.1,700808,3.5831,-14.5389,137.2294,-61.594,136.5759,50.7122,-0.0941,0.2646
1779744290874,2,Pitching Mound.Drive,,Delivery,pitch.1,701675,0.0407,-0.1864,0.5878,0.0696,-0.7488,-0.8062,0.0,0.0
1779744290874,2,Pitching Mound.Parent,,Delivery,pitch.1,700132,3.6226,-14.7173,137.8577,-61.5362,135.8569,49.9125,-0.0937,0.2634
1779744290875,2,11.0000004b,Drive,Delivery,pitch.1,701676,0.0356,-0.1832,0.5525,0.0794,-0.7915,-0.8248,0.0,0.0
1779744290875,2,12.00000015,Lower Delivery,Delivery,pitch.1,701757,4.091,-13.604,136.2913,-109.7081,134.9167,56.0347,-0.0942,-0.0766
1779744290875,2,12.00000015,Lower Delivery,Delivery,pitch.1,701756,3.8379,-14.0522,136.7026,-109.5737,135.8793,56.2149,-0.0946,-0.0763
1779744290875,2,12.00000018,Upper Delivery,Delivery,pitch.1,702444,-0.0649,-0.0025,0.0098,0.4642,0.7996,-4.3103,0.0,0.0
1779744290875,2,12.00000018,Upper Delivery,Delivery,pitch.1,702443,-0.0666,-0.0091,0.0084,0.4557,0.7867,-4.2435,0.0,0.0
1779744290875,2,Pitching Mound.Delivery,,Delivery,pitch.1,700810,4.0261,-13.6065,136.3011,-62.9081,135.7163,50.3113,-0.0942,0.2634
1779744290875,2,Pitching Mound.Delivery,,Delivery,pitch.1,700809,3.7712,-14.0613,136.711,-62.642,136.666,50.6439,-0.0946,0.2637
1779744290875,2,Pitching Mound.Drive,,Delivery,pitch.1,701676,0.0356,-0.1832,0.5525,0.0794,-0.7915,-0.8248,0.0,0.0
1779744290875,2,Pitching Mound.Parent,,Delivery,pitch.1,700134,4.0617,-13.7897,136.8536,-62.8287,134.9248,49.4866,-0.0938,0.2623
1779744290875,2,Pitching Mound.Parent,,Delivery,pitch.1,700133,3.8119,-14.2477,137.2988,-62.5725,135.9172,49.8376,-0.0941,0.2626
1779744290876,2,11.0000004b,Drive,Delivery,pitch.1,701677,0.0403,-0.1757,0.5208,0.0814,-0.8322,-0.8107,0.0,0.0
1779744290876,2,12.00000015,Lower Delivery,Delivery,pitch.1,701758,4.3157,-13.1414,135.9924,-109.3159,134.3846,55.8709,-0.094,-0.0765
1779744290876,2,Pitching Mound.Drive,,Delivery,pitch.1,701677,0.0403,-0.1757,0.5208,0.0814,-0.8322,-0.8107,0.0,0.0
1779744290877,2,11.0000004b,Drive,Delivery,pitch.1,701678,0.0423,-0.1788,0.458,0.0792,-0.8099,-0.7898,0.0,0.0
1779744290877,2,12.00000018,Upper Delivery,Delivery,pitch.1,702445,-0.0639,-0.0022,0.0149,0.4644,0.7998,-4.3117,0.0,0.0
1779744290877,2,12.00000018,Upper Delivery,Delivery,pitch.1,702446,-0.0634,-0.0127,0.0528,0.4754,0.8163,-4.3974,0.0,0.0
1779744290877,2,Pitching Mound.Delivery,,Delivery,pitch.1,700811,4.2517,-13.1436,136.0073,-62.6191,135.1845,50.0701,-0.094,0.2635
1779744290877,2,Pitching Mound.Drive,,Delivery,pitch.1,701678,0.0423,-0.1788,0.458,0.0792,-0.8099,-0.7898,0.0,0.0
1779744290877,2,Pitching Mound.Parent,,Delivery,pitch.1,700135,4.292,-13.3192,136.5281,-62.5377,134.3523,49.2594,-0.0936,0.2625
1779744290878,2,11.0000004b,Drive,Delivery,pitch.1,701679,0.0267,-0.179,0.5294,0.0816,-0.8457,-0.8221,0.0,0.0
1779744290878,2,12.00000015,Lower Delivery,Delivery,pitch.1,701759,4.7004,-12.5994,135.008,-109.649,134.1786,56.0511,-0.0945,-0.0773
1779744290878,2,12.00000015,Lower Delivery,Delivery,pitch.1,701760,4.892,-12.0739,134.0594,-110.571,134.1085,56.195,-0.0952,-0.0785
1779744290878,2,12.00000018,Upper Delivery,Delivery,pitch.1,702447,-0.0636,-0.0293,0.1108,0.4712,0.8101,-4.3649,0.0,0.0
1779744290878,2,Pitching Mound.Delivery,,Delivery,pitch.1,700812,4.637,-12.6121,135.0608,-63.2888,134.995,50.034,-0.0945,0.2625
1779744290878,2,Pitching Mound.Delivery,,Delivery,pitch.1,700813,4.8283,-12.1033,134.1703,-64.5572,134.9185,50.1453,-0.0951,0.261
1779744290878,2,Pitching Mound.Drive,,Delivery,pitch.1,701679,0.0267,-0.179,0.5294,0.0816,-0.8457,-0.8221,0.0,0.0
1779744290878,2,Pitching Mound.Parent,,Delivery,pitch.1,700137,4.855,-12.2823,134.6997,-64.4757,134.0728,49.3231,-0.0947,0.26
1779744290878,2,Pitching Mound.Parent,,Delivery,pitch.1,700136,4.6793,-12.7908,135.5188,-63.2096,134.185,49.2441,-0.0942,0.2616
1779744290879,2,11.0000004b,Drive,Delivery,pitch.1,701680,0.0429,-0.1808,0.4359,0.0803,-0.8312,-0.8171,0.0,0.0
1779744290879,2,12.00000018,Upper Delivery,Delivery,pitch.1,702448,-0.2442,0.0801,1.1173,0.4843,0.8297,-4.4667,0.0,0.0
1779744290879,2,Pitching Mound.Drive,,Delivery,pitch.1,701680,0.0429,-0.1808,0.4359,0.0803,-0.8312,-0.8171,0.0,0.0
1779744290880,2,11.0000004b,Drive,Delivery,pitch.1,701681,0.0328,-0.173,0.4307,0.1016,-0.8945,-0.8361,0.0,0.0
1779744290880,2,12.00000015,Lower Delivery,Delivery,pitch.1,701761,5.205,-11.6804,133.2728,-109.9432,133.4946,55.4832,-0.0953,-0.0785
1779744290880,2,12.00000018,Upper Delivery,Delivery,pitch.1,702449,-0.3077,0.0988,1.3753,0.4864,0.8329,-4.4834,0.0,0.0
1779744290880,2,Pitching Mound.Delivery,,Delivery,pitch.1,700814,4.9608,-11.6003,134.3901,-64.5261,134.3243,49.1638,-0.0945,0.2565
1779744290880,2,Pitching Mound.Drive,,Delivery,pitch.1,701681,0.0328,-0.173,0.4307,0.1016,-0.8945,-0.8361,0.0,0.0
1779744290880,2,Pitching Mound.Parent,,Delivery,pitch.1,700138,5.0037,-11.7811,134.826,-64.4458,133.4931,48.3467,-0.0942,0.2557
1779744290881,2,11.0000004b,Drive,Delivery,pitch.1,701682,0.0192,-0.1794,0.4862,0.0936,-0.8555,-0.8221,0.0,0.0
1779744290881,2,12.00000015,Lower Delivery,Delivery,pitch.1,701762,5.5708,-11.3434,133.3856,-109.6782,132.7424,55.7039,-0.0947,-0.0782
1779744290881,2,Pitching Mound.Delivery,,Delivery,pitch.1,700815,5.2631,-11.2446,134.7609,-64.3083,133.5753,49.2217,-0.0937,0.2556
1779744290881,2,Pitching Mound.Drive,,Delivery,pitch.1,701682,0.0192,-0.1794,0.4862,0.0936,-0.8555,-0.8221,0.0,0.0
1779744290881,2,Pitching Mound.Parent,,Delivery,pitch.1,700139,5.2958,-11.4176,135.1916,-64.2066,132.6808,48.3856,-0.0934,0.2548
1779744290882,2,11.0000004b,Drive,Delivery,pitch.1,701683,0.019,-0.1767,0.5617,0.0912,-0.8233,-0.813,0.0,0.0
1779744290882,2,12.00000015,Lower Delivery,Delivery,pitch.1,701763,6.0552,-10.9628,131.5312,-110.8192,134.1456,55.5355,-0.097,-0.0801
1779744290882,2,12.00000018,Upper Delivery,Delivery,pitch.1,702451,-0.3776,0.0903,1.5013,0.2554,0.6569,-4.6018,0.0,0.0
1779744290882,2,12.00000018,Upper Delivery,Delivery,pitch.1,702450,-0.3394,0.0899,1.4152,0.4453,0.8042,-4.534,0.0,0.0
1779744290882,2,Pitching Mound.Delivery,,Delivery,pitch.1,700816,5.7159,-10.8729,132.9464,-66.1345,134.9498,48.8273,-0.096,0.2535
1779744290882,2,Pitching Mound.Drive,,Delivery,pitch.1,701683,0.019,-0.1767,0.5617,0.0912,-0.8233,-0.813,0.0,0.0
1779744290882,2,Pitching Mound.Parent,,Delivery,pitch.1,700140,5.735,-11.0523,133.4327,-66.0408,134.0943,48.0052,-0.0956,0.2525
1779744290883,2,11.0000004b,Drive,Delivery,pitch.1,701684,0.0186,-0.1777,0.6096,0.0892,-0.8013,-0.7962,0.0,0.0
1779744290883,2,12.00000015,Lower Delivery,Delivery,pitch.1,701764,6.2555,-10.4464,131.9724,-110.7659,132.9687,55.7801,-0.0958,-0.0798
1779744290883,2,12.00000018,Upper Delivery,Delivery,pitch.1,702452,-0.3911,0.0793,1.6162,0.5248,0.4671,-4.4706,0.0,0.0
1779744290883,2,Pitching Mound.Delivery,,Delivery,pitch.1,700817,5.8779,-10.3561,133.4736,-66.1503,133.6256,48.923,-0.0948,0.2534
1779744290883,2,Pitching Mound.Drive,,Delivery,pitch.1,701684,0.0186,-0.1777,0.6096,0.0892,-0.8013,-0.7962,0.0,0.0
1779744290883,2,Pitching Mound.Parent,,Delivery,pitch.1,700141,5.8969,-10.5328,134.0354,-66.0591,132.8022,48.11,-0.0944,0.2523
1779744290884,2,11.0000004b,Drive,Delivery,pitch.1,701685,0.0279,-0.187,0.5771,0.0887,-0.8062,-0.8139,0.0,0.0
1779744290884,2,12.00000015,Lower Delivery,Delivery,pitch.1,701765,6.6242,-10.1187,131.0452,-111.9823,133.6696,55.9152,-0.097,-0.0813
1779744290884,2,12.00000015,Lower Delivery,Delivery,pitch.1,701766,6.9545,-9.7919,131.0983,-112.0543,133.6568,56.0022,-0.097,-0.0813
1779744290884,2,12.00000018,Upper Delivery,Delivery,pitch.1,702453,-0.3917,0.0736,1.6131,0.7952,0.1843,-4.538,0.0,0.0
1779744290884,2,Pitching Mound.Delivery,,Delivery,pitch.1,700818,6.233,-10.0394,132.6613,-67.4516,134.1367,49.0593,-0.0959,0.2514
1779744290884,2,Pitching Mound.Delivery,,Delivery,pitch.1,700819,6.5628,-9.7183,132.7115,-67.2342,133.8412,48.9665,-0.0958,0.2514
1779744290884,2,Pitching Mound.Drive,,Delivery,pitch.1,701685,0.0279,-0.187,0.5771,0.0887,-0.8062,-0.8139,0.0,0.0
1779744290884,2,Pitching Mound.Parent,,Delivery,pitch.1,700142,6.2516,-10.2171,133.271,-67.3625,133.3354,48.2632,-0.0954,0.2503
1779744290884,2,Pitching Mound.Parent,,Delivery,pitch.1,700143,6.5907,-9.9053,133.2886,-67.1454,133.035,48.1526,-0.0954,0.2503
1779744290885,2,11.0000004b,Drive,Delivery,pitch.1,701686,0.0332,-0.1766,0.6282,0.0777,-0.8135,-0.8149,0.0,0.0
1779744290885,2,12.00000018,Upper Delivery,Delivery,pitch.1,702454,-0.3921,0.0793,1.6684,1.0094,0.0104,-4.4847,0.0,0.0
1779744290885,2,Pitching Mound.Drive,,Delivery,pitch.1,701686,0.0332,-0.1766,0.6282,0.0777,-0.8135,-0.8149,0.0,0.0
1779744290886,2,11.0000004b,Drive,Delivery,pitch.1,701687,0.0358,-0.1685,0.5649,0.0787,-0.8361,-0.795,0.0,0.0
1779744290886,2,12.00000015,Lower Delivery,Delivery,pitch.1,701767,7.2044,-9.4878,130.4746,-111.8338,133.4334,55.9214,-0.0973,-0.0815
1779744290886,2,12.00000018,Upper Delivery,Delivery,pitch.1,702455,-0.3946,0.0824,1.6884,1.0526,-0.1399,-4.5102,0.0,0.0
1779744290886,2,Pitching Mound.Delivery,,Delivery,pitch.1,700820,6.8123,-9.4085,132.143,-67.0303,133.4438,48.8539,-0.0961,0.2509
1779744290886,2,Pitching Mound.Drive,,Delivery,pitch.1,701687,0.0358,-0.1685,0.5649,0.0787,-0.8361,-0.795,0.0,0.0
1779744290886,2,Pitching Mound.Parent,,Delivery,pitch.1,700144,6.8454,-9.5851,132.7713,-66.9526,132.6303,48.039,-0.0956,0.2497
1779744290887,2,11.0000004b,Drive,Delivery,pitch.1,701688,0.037,-0.1716,0.6201,0.0744,-0.8307,-0.7833,0.0,0.0
1779744290887,2,12.00000015,Lower Delivery,Delivery,pitch.1,701768,7.4791,-9.2735,130.2599,-112.1485,133.7504,56.0315,-0.0977,-0.0819
1779744290887,2,12.00000015,Lower Delivery,Delivery,pitch.1,701769,7.7552,-8.8329,129.5939,-113.5694,132.9372,56.029,-0.0976,-0.0834
1779744290887,2,12.00000018,Upper Delivery,Delivery,pitch.1,702456,-0.4022,0.069,1.7138,0.9764,-0.2659,-4.561,0.0,0.0
1779744290887,2,Pitching Mound.Delivery,,Delivery,pitch.1,700821,7.0845,-9.1911,131.9483,-67.3816,133.6105,48.8442,-0.0964,0.2504
1779744290887,2,Pitching Mound.Delivery,,Delivery,pitch.1,700822,7.353,-8.7639,131.3078,-69.1137,132.6713,48.6945,-0.0963,0.2488
1779744290887,2,Pitching Mound.Drive,,Delivery,pitch.1,701688,0.037,-0.1716,0.6201,0.0744,-0.8307,-0.7833,0.0,0.0
1779744290887,2,Pitching Mound.Parent,,Delivery,pitch.1,700145,7.1203,-9.3596,132.5132,-67.3029,132.7744,48.0492,-0.096,0.2494
1779744290887,2,Pitching Mound.Parent,,Delivery,pitch.1,700146,7.3899,-8.9355,131.9278,-69.0394,131.8406,47.9112,-0.0959,0.2477
1779744290888,2,11.0000004b,Drive,Delivery,pitch.1,701689,0.0432,-0.1916,0.6184,0.0676,-0.7947,-0.8116,0.0,0.0
1779744290888,2,12.00000015,Lower Delivery,Delivery,pitch.1,701770,8.0395,-8.5603,129.2034,-113.1684,132.2215,55.9309,-0.0974,-0.0833
1779744290888,2,12.00000018,Upper Delivery,Delivery,pitch.1,702457,-0.3895,0.0606,1.7182,1.0939,-0.2419,-4.5378,0.0,0.0
1779744290888,2,Pitching Mound.Delivery,,Delivery,pitch.1,700823,7.65,-8.4997,130.9216,-68.7296,131.9796,48.5272,-0.0961,0.2488
1779744290888,2,Pitching Mound.Drive,,Delivery,pitch.1,701689,0.0432,-0.1916,0.6184,0.0676,-0.7947,-0.8116,0.0,0.0
1779744290888,2,Pitching Mound.Parent,,Delivery,pitch.1,700147,7.6932,-8.6913,131.54,-68.6619,131.1849,47.7156,-0.0956,0.2477
1779744290889,2,11.0000004b,Drive,Delivery,pitch.1,701690,0.0472,-0.1852,0.5567,0.064,-0.7434,-0.7946,0.0,0.0
1779744290889,2,12.00000018,Upper Delivery,Delivery,pitch.1,702458,-0.3923,0.0561,1.6885,1.0723,-0.3337,-4.5779,0.0,0.0
1779744290889,2,Pitching Mound.Drive,,Delivery,pitch.1,701690,0.0472,-0.1852,0.5567,0.064,-0.7434,-0.7946,0.0,0.0
1779744290890,2,11.0000004b,Drive,Delivery,pitch.1,701691,0.0614,-0.1668,0.5008,0.0742,-0.7186,-0.7937,0.0,0.0
1779744290890,2,12.00000015,Lower Delivery,Delivery,pitch.1,701771,8.3804,-8.2671,129.4632,-113.1645,132.332,56.3415,-0.0972,-0.0832
1779744290890,2,12.00000018,Upper Delivery,Delivery,pitch.1,702459,-0.3956,0.0402,1.7376,1.16,-0.4395,-4.5958,0.0,0.0
1779744290890,2,Pitching Mound.Delivery,,Delivery,pitch.1,700824,7.9881,-8.211,131.1517,-68.6488,131.9983,48.7809,-0.096,0.2492
1779744290890,2,Pitching Mound.Drive,,Delivery,pitch.1,701691,0.0614,-0.1668,0.5008,0.0742,-0.7186,-0.7937,0.0,0.0
1779744290890,2,Pitching Mound.Parent,,Delivery,pitch.1,700148,8.0353,-8.3962,131.7084,-68.5847,131.255,47.9862,-0.0956,0.2481
1779744290891,2,11.0000004b,Drive,Delivery,pitch.1,701692,0.0628,-0.1666,0.4724,0.0676,-0.7124,-0.7941,0.0,0.0
1779744290891,2,12.00000015,Lower Delivery,Delivery,pitch.1,701772,8.6721,-7.9815,128.2112,-112.8442,132.0143,56.3165,-0.098,-0.0837
1779744290891,2,12.00000015,Lower Delivery,Delivery,pitch.1,701773,9.0165,-7.5584,127.6827,-114.1718,132.6485,56.3885,-0.0988,-0.0851
1779744290891,2,12.00000018,Upper Delivery,Delivery,pitch.1,702460,-0.3803,0.0484,1.7484,0.9197,-0.8618,-4.672,0.0,0.0
1779744290891,2,Pitching Mound.Delivery,,Delivery,pitch.1,700825,8.2765,-7.9413,129.9488,-68.6832,131.5748,48.6377,-0.0966,0.2483
1779744290891,2,Pitching Mound.Delivery,,Delivery,pitch.1,700826,8.6361,-7.5099,129.4311,-70.4345,131.7867,48.5215,-0.0975,0.2469
1779744290891,2,Pitching Mound.Drive,,Delivery,pitch.1,701692,0.0628,-0.1666,0.4724,0.0676,-0.7124,-0.7941,0.0,0.0
1779744290891,2,Pitching Mound.Parent,,Delivery,pitch.1,700149,8.338,-8.1082,130.4496,-68.609,130.8563,47.844,-0.0963,0.2473
1779744290891,2,Pitching Mound.Parent,,Delivery,pitch.1,700150,8.6989,-7.6766,129.9035,-70.3669,131.0743,47.7275,-0.0971,0.246
1779744290892,2,11.0000004b,Drive,Delivery,pitch.1,701693,0.0613,-0.1814,0.428,0.1071,-0.8069,-0.8209,0.0,0.0
1779744290892,2,12.00000018,Upper Delivery,Delivery,pitch.1,702461,-0.3941,0.0374,1.8185,0.9059,-1.0702,-4.7708,0.0,0.0
1779744290892,2,Pitching Mound.Drive,,Delivery,pitch.1,701693,0.0613,-0.1814,0.428,0.1071,-0.8069,-0.8209,0.0,0.0
1779744290893,2,11.0000004b,Drive,Delivery,pitch.1,701694,0.0652,-0.1722,0.3929,0.1071,-0.7318,-0.8187,0.0,0.0
1779744290893,2,12.00000015,Lower Delivery,Delivery,pitch.1,701775,9.6937,-6.9593,126.2091,-114.3344,131.6242,56.7759,-0.0992,-0.0862
1779744290893,2,12.00000015,Lower Delivery,Delivery,pitch.1,701774,9.3535,-7.2047,127.7967,-115.0306,131.7149,56.7281,-0.098,-0.0856
1779744290893,2,12.00000018,Upper Delivery,Delivery,pitch.1,702462,-0.3712,0.0342,1.8659,1.0137,-0.9166,-4.7383,0.0,0.0
1779744290893,2,Pitching Mound.Delivery,,Delivery,pitch.1,700828,9.3225,-6.9251,128.075,-71.044,130.7076,48.6155,-0.0978,0.2452
1779744290893,2,Pitching Mound.Delivery,,Delivery,pitch.1,700827,8.9594,-7.1673,129.6152,-71.2921,130.6447,48.643,-0.0967,0.246
1779744290893,2,Pitching Mound.Drive,,Delivery,pitch.1,701694,0.0652,-0.1722,0.3929,0.1071,-0.7318,-0.8187,0.0,0.0
1779744290893,2,Pitching Mound.Parent,,Delivery,pitch.1,700152,9.3877,-7.0973,128.468,-70.9369,129.9757,47.7967,-0.0975,0.2444
1779744290893,2,Pitching Mound.Parent,,Delivery,pitch.1,700151,9.0207,-7.3487,130.0432,-71.1851,129.8378,47.8222,-0.0964,0.2452
1779744290894,2,11.0000004b,Drive,Delivery,pitch.1,701695,0.0594,-0.1816,0.4479,0.1797,-0.7742,-0.8279,0.0,0.0
1779744290894,2,12.00000018,Upper Delivery,Delivery,pitch.1,702463,-0.3476,0.0431,1.8631,0.9858,-1.116,-4.8189,0.0,0.0
1779744290894,2,Pitching Mound.Drive,,Delivery,pitch.1,701695,0.0594,-0.1816,0.4479,0.1797,-0.7742,-0.8279,0.0,0.0
1779744290895,2,11.0000004b,Drive,Delivery,pitch.1,701696,0.0645,-0.1729,0.4173,0.1615,-0.8103,-0.8458,0.0,0.0
1779744290895,2,12.00000015,Lower Delivery,Delivery,pitch.1,701777,10.181,-6.3209,126.835,-117.195,131.6775,56.9223,-0.0988,-0.0879
1779744290895,2,12.00000015,Lower Delivery,Delivery,pitch.1,701776,9.9369,-6.6315,127.1594,-116.5743,131.6095,56.9032,-0.0985,-0.0872
1779744290895,2,12.00000018,Upper Delivery,Delivery,pitch.1,702464,-0.3109,0.0532,1.7859,0.8649,-1.1639,-4.8992,0.0,0.0
1779744290895,2,Pitching Mound.Delivery,,Delivery,pitch.1,700830,9.8701,-6.2677,128.6209,-73.8134,130.5136,48.4559,-0.0974,0.2439
1779744290895,2,Pitching Mound.Delivery,,Delivery,pitch.1,700829,9.5893,-6.5884,129.0225,-72.9878,130.4935,48.5875,-0.097,0.2442
1779744290895,2,Pitching Mound.Drive,,Delivery,pitch.1,701696,0.0645,-0.1729,0.4173,0.1615,-0.8103,-0.8458,0.0,0.0
1779744290895,2,Pitching Mound.Parent,,Delivery,pitch.1,700154,9.9346,-6.4406,129.0382,-73.6519,129.7032,47.6101,-0.0971,0.2431
1779744290895,2,Pitching Mound.Parent,,Delivery,pitch.1,700153,9.6487,-6.7701,129.4704,-72.808,129.7193,47.7596,-0.0967,0.2434
1779744290896,2,11.0000004b,Drive,Delivery,pitch.1,701697,0.0548,-0.1743,0.4403,0.1889,-0.8394,-0.8193,0.0,0.0
1779744290896,2,12.00000018,Upper Delivery,Delivery,pitch.1,702465,-0.283,0.0643,1.6485,0.5351,-1.2926,-5.0111,0.0,0.0
1779744290896,2,Pitching Mound.Drive,,Delivery,pitch.1,701697,0.0548,-0.1743,0.4403,0.1889,-0.8394,-0.8193,0.0,0.0
1779744290897,2,11.0000004b,Drive,Delivery,pitch.1,701698,0.0543,-0.1915,0.5316,0.2019,-0.7486,-0.8279,0.0,0.0
1779744290897,2,12.00000015,Lower Delivery,Delivery,pitch.1,701778,10.3626,-6.0422,126.2427,-116.6472,131.1718,56.6796,-0.0988,-0.0879
1779744290897,2,12.00000015,Lower Delivery,Delivery,pitch.1,701779,10.6352,-5.7199,125.6935,-117.9812,132.1096,56.9869,-0.1,-0.0893
1779744290897,2,12.00000018,Upper Delivery,Delivery,pitch.1,702466,-0.2474,0.0741,1.6316,0.5985,-1.168,-5.0444,0.0,0.0
1779744290897,2,Pitching Mound.Delivery,,Delivery,pitch.1,700831,10.0796,-5.9778,127.8911,-73.75,129.8792,48.0491,-0.0976,0.2445
1779744290897,2,Pitching Mound.Delivery,,Delivery,pitch.1,700832,10.3878,-5.6458,127.3251,-75.2017,130.9416,48.2424,-0.0987,0.2431
1779744290897,2,Pitching Mound.Drive,,Delivery,pitch.1,701698,0.0543,-0.1915,0.5316,0.2019,-0.7486,-0.8279,0.0,0.0
1779744290897,2,Pitching Mound.Parent,,Delivery,pitch.1,700155,10.1345,-6.1522,128.3314,-73.5611,129.0398,47.2298,-0.0972,0.2436
1779744290897,2,Pitching Mound.Parent,,Delivery,pitch.1,700156,10.4421,-5.8373,127.8567,-74.9998,130.1929,47.4145,-0.0983,0.2421
1779744290898,2,11.0000004b,Drive,Delivery,pitch.1,701699,0.049,-0.1971,0.5626,0.2085,-0.762,-0.8351,0.0,0.0
1779744290898,2,12.00000018,Upper Delivery,Delivery,pitch.1,702467,-0.2057,0.0895,1.4818,0.6917,-1.0057,-5.0672,0.0,0.0
1779744290898,2,Pitching Mound.Drive,,Delivery,pitch.1,701699,0.049,-0.1971,0.5626,0.2085,-0.762,-0.8351,0.0,0.0
1779744290899,2,11.0000004b,Drive,Delivery,pitch.1,701700,0.0496,-0.1943,0.5603,0.1781,-0.7688,-0.8166,0.0,0.0
1779744290899,2,12.00000015,Lower Delivery,Delivery,pitch.1,701780,10.8077,-5.4252,125.9386,-118.1859,130.6102,56.7987,-0.0987,-0.0893
1779744290899,2,12.00000015,Lower Delivery,Delivery,pitch.1,701781,10.9739,-5.1298,126.0214,-118.7459,130.9309,56.9643,-0.0988,-0.0896
1779744290899,2,12.00000018,Upper Delivery,Delivery,pitch.1,702468,-0.1747,0.0979,1.4326,0.6664,-0.9895,-5.1418,0.0,0.0
1779744290899,2,Pitching Mound.Delivery,,Delivery,pitch.1,700833,10.6021,-5.3356,127.4204,-75.1788,129.6045,47.9869,-0.0975,0.2439
1779744290899,2,Pitching Mound.Delivery,,Delivery,pitch.1,700834,10.7993,-5.0318,127.4541,-75.7194,129.9414,48.032,-0.0977,0.2437
1779744290899,2,Pitching Mound.Drive,,Delivery,pitch.1,701700,0.0496,-0.1943,0.5603,0.1781,-0.7688,-0.8166,0.0,0.0
1779744290899,2,Pitching Mound.Parent,,Delivery,pitch.1,700157,10.651,-5.5327,127.983,-74.9703,128.8426,47.1517,-0.0971,0.2428
1779744290899,2,Pitching Mound.Parent,,Delivery,pitch.1,700158,10.8488,-5.2261,128.0144,-75.5412,129.1725,47.2154,-0.0973,0.2427
1779744290900,2,11.0000004b,Drive,Delivery,pitch.1,701701,0.0362,-0.2151,0.6525,0.1676,-0.7772,-0.8004,0.0,0.0
1779744290900,2,12.00000015,Lower Delivery,Delivery,pitch.1,701782,11.164,-4.8759,125.8744,-119.3187,131.6611,56.9616,-0.0995,-0.0902
1779744290900,2,12.00000018,Upper Delivery,Delivery,pitch.1,702469,-0.1685,0.1126,1.5388,0.6238,-1.013,-5.0954,0.0,0.0
1779744290900,2,Pitching Mound.Delivery,,Delivery,pitch.1,700835,10.9955,-4.7633,127.4132,-76.4209,130.648,48.0131,-0.0983,0.2427
1779744290900,2,Pitching Mound.Drive,,Delivery,pitch.1,701701,0.0362,-0.2151,0.6525,0.1676,-0.7772,-0.8004,0.0,0.0
1779744290900,2,Pitching Mound.Parent,,Delivery,pitch.1,700159,11.0317,-4.9784,128.0658,-76.2533,129.8708,47.2127,-0.0978,0.2415
1779744290901,2,11.0000004b,Drive,Delivery,pitch.1,701702,0.026,-0.2182,0.6871,0.1513,-0.7881,-0.8061,0.0,0.0
1779744290901,2,12.00000015,Lower Delivery,Delivery,pitch.1,701783,11.3405,-4.5896,125.3182,-119.8133,131.5323,57.0764,-0.0998,-0.091
1779744290901,2,12.00000018,Upper Delivery,Delivery,pitch.1,702470,-0.0981,0.1377,1.0907,0.3463,-1.2401,-5.1809,0.0,0.0
1779744290901,2,Pitching Mound.Delivery,,Delivery,pitch.1,700836,11.2424,-4.4519,126.4089,-77.2297,130.2922,48.0064,-0.099,0.244
1779744290901,2,Pitching Mound.Drive,,Delivery,pitch.1,701702,0.026,-0.2182,0.6871,0.1513,-0.7881,-0.8061,0.0,0.0
1779744290901,2,Pitching Mound.Parent,,Delivery,pitch.1,700160,11.2684,-4.6701,127.096,-77.0784,129.5041,47.2003,-0.0984,0.2426
1779744290902,2,11.0000004b,Drive,Delivery,pitch.1,701703,0.0358,-0.2176,0.7255,0.1319,-0.8077,-0.8365,0.0,0.0
1779744290902,2,12.00000015,Lower Delivery,Delivery,pitch.1,701784,11.4954,-4.3714,125.1016,-120.1537,132.0194,57.1933,-0.1004,-0.0914
1779744290902,2,12.00000018,Upper Delivery,Delivery,pitch.1,702471,-0.127,0.1359,1.3241,0.3663,-1.3804,-5.185,0.0,0.0
1779744290902,2,Pitching Mound.Delivery,,Delivery,pitch.1,700837,11.3685,-4.2354,126.4258,-77.703,130.639,48.0567,-0.0993,0.2425
1779744290902,2,Pitching Mound.Drive,,Delivery,pitch.1,701703,0.0358,-0.2176,0.7255,0.1319,-0.8077,-0.8365,0.0,0.0
1779744290902,2,Pitching Mound.Parent,,Delivery,pitch.1,700161,11.4043,-4.453,127.1512,-77.5712,129.8313,47.2202,-0.0988,0.2411
1779744290903,2,11.0000004b,Drive,Delivery,pitch.1,701704,0.0375,-0.2218,0.6373,0.1124,-0.7455,-0.7915,0.0,0.0
1779744290903,2,12.00000015,Lower Delivery,Delivery,pitch.1,701785,11.6358,-4.1721,124.9588,-120.4228,131.958,57.3455,-0.1005,-0.0917
1779744290903,2,12.00000018,Upper Delivery,Delivery,pitch.1,702472,-0.1248,0.1415,1.083,0.3294,-1.3872,-5.2043,0.0,0.0
1779744290903,2,Pitching Mound.Delivery,,Delivery,pitch.1,700838,11.511,-4.0306,126.0417,-77.9756,130.5708,48.1426,-0.0996,0.2433
1779744290903,2,Pitching Mound.Drive,,Delivery,pitch.1,701704,0.0375,-0.2218,0.6373,0.1124,-0.7455,-0.7915,0.0,0.0
1779744290903,2,Pitching Mound.Parent,,Delivery,pitch.1,700162,11.5485,-4.2524,126.679,-77.8632,129.8253,47.3511,-0.0991,0.242
1779744290904,2,11.0000004b,Drive,Delivery,pitch.1,701705,0.0357,-0.2163,0.6372,0.0856,-0.746,-0.8066,0.0,0.0
1779744290904,2,12.00000015,Lower Delivery,Delivery,pitch.1,701786,11.7936,-4.0041,124.6807,-120.579,131.6327,57.4583,-0.1004,-0.092
1779744290904,2,12.00000018,Upper Delivery,Delivery,pitch.1,702473,-0.1385,0.1401,1.1515,0.2305,-1.4772,-5.2216,0.0,0.0
1779744290904,2,Pitching Mound.Delivery,,Delivery,pitch.1,700839,11.6551,-3.864,125.8322,-78.3486,130.1555,48.1799,-0.0995,0.2426
1779744290904,2,Pitching Mound.Drive,,Delivery,pitch.1,701705,0.0357,-0.2163,0.6372,0.0856,-0.746,-0.8066,0.0,0.0
1779744290904,2,Pitching Mound.Parent,,Delivery,pitch.1,700163,11.6909,-4.0803,126.4694,-78.2629,129.4095,47.3732,-0.099,0.2414
1779744290905,2,11.0000004b,Drive,Delivery,pitch.1,701706,0.042,-0.2222,0.6025,0.0762,-0.7323,-0.7966,0.0,0.0
1779744290905,2,12.00000015,Lower Delivery,Delivery,pitch.1,701787,11.9611,-3.8351,124.4012,-120.8442,131.7169,57.6277,-0.1007,-0.0924
1779744290905,2,12.00000018,Upper Delivery,Delivery,pitch.1,702474,-0.1639,0.1308,1.5228,0.1044,-1.5945,-5.2379,0.0,0.0
1779744290905,2,Pitching Mound.Delivery,,Delivery,pitch.1,700840,11.7972,-3.7043,125.924,-78.9612,130.1224,48.2673,-0.0995,0.2405
1779744290905,2,Pitching Mound.Drive,,Delivery,pitch.1,701706,0.042,-0.2222,0.6025,0.0762,-0.7323,-0.7966,0.0,0.0
1779744290905,2,Pitching Mound.Parent,,Delivery,pitch.1,700164,11.8393,-3.9265,126.5265,-78.885,129.3901,47.4707,-0.099,0.2393
1779744290906,2,11.0000004b,Drive,Delivery,pitch.1,701707,0.0426,-0.2046,0.6223,0.0537,-0.6614,-0.8192,0.0,0.0
1779744290906,2,12.00000015,Lower Delivery,Delivery,pitch.1,701788,12.1267,-3.6838,124.4326,-120.7824,131.9304,57.8023,-0.1009,-0.0923
1779744290906,2,12.00000018,Upper Delivery,Delivery,pitch.1,702475,-0.1936,0.1194,1.5037,0.0902,-1.554,-5.1641,0.0,0.0
1779744290906,2,Pitching Mound.Delivery,,Delivery,pitch.1,700841,11.9331,-3.5644,125.9363,-78.8963,130.3764,48.4492,-0.0997,0.2406
1779744290906,2,Pitching Mound.Drive,,Delivery,pitch.1,701707,0.0426,-0.2046,0.6223,0.0537,-0.6614,-0.8192,0.0,0.0
1779744290906,2,Pitching Mound.Parent,,Delivery,pitch.1,700165,11.9757,-3.7689,126.5586,-78.8426,129.715,47.6301,-0.0992,0.2395
1779744290907,2,11.0000004b,Drive,Delivery,pitch.1,701708,0.058,-0.2139,0.5115,0.0392,-0.6646,-0.8284,0.0,0.0
1779744290907,2,12.00000015,Lower Delivery,Delivery,pitch.1,701789,12.311,-3.5666,124.242,-120.8841,131.9788,57.9619,-0.1011,-0.0926
1779744290907,2,12.00000018,Upper Delivery,Delivery,pitch.1,702476,-0.1942,0.1105,1.4886,-0.0015,-1.443,-5.1558,0.0,0.0
1779744290907,2,Pitching Mound.Delivery,,Delivery,pitch.1,700842,12.1168,-3.4561,125.7306,-79.1495,130.5358,48.5543,-0.0999,0.2405
1779744290907,2,Pitching Mound.Drive,,Delivery,pitch.1,701708,0.058,-0.2139,0.5115,0.0392,-0.6646,-0.8284,0.0,0.0
1779744290907,2,Pitching Mound.Parent,,Delivery,pitch.1,700166,12.1748,-3.6701,126.2421,-79.1103,129.8712,47.7259,-0.0995,0.2395
1779744290908,2,11.0000004b,Drive,Delivery,pitch.1,701709,0.0543,-0.2215,0.5837,0.0634,-0.8062,-0.8512,0.0,0.0
1779744290908,2,12.00000015,Lower Delivery,Delivery,pitch.1,701790,12.4876,-3.4448,124.1019,-121.2136,132.1161,58.1198,-0.1013,-0.0929
1779744290908,2,12.00000018,Upper Delivery,Delivery,pitch.1,702477,-0.2226,0.101,1.5208,0.0038,-1.492,-5.1597,0.0,0.0
1779744290908,2,Pitching Mound.Delivery,,Delivery,pitch.1,700843,12.2649,-3.3438,125.6227,-79.5322,130.6241,48.6386,-0.1,0.24
1779744290908,2,Pitching Mound.Drive,,Delivery,pitch.1,701709,0.0543,-0.2215,0.5837,0.0634,-0.8062,-0.8512,0.0,0.0
1779744290908,2,Pitching Mound.Parent,,Delivery,pitch.1,700167,12.3192,-3.5653,126.2064,-79.4688,129.8178,47.7874,-0.0996,0.2389
1779744290909,2,11.0000004b,Drive,Delivery,pitch.1,701710,0.061,-0.2029,0.6027,0.0731,-0.7501,-0.8715,0.0,0.0
1779744290909,2,12.00000015,Lower Delivery,Delivery,pitch.1,701791,12.6403,-3.3431,123.9811,-121.3664,132.6224,58.2411,-0.1018,-0.0931
1779744290909,2,12.00000018,Upper Delivery,Delivery,pitch.1,702478,-0.2518,0.0843,1.574,0.063,-1.6031,-5.1867,0.0,0.0
1779744290909,2,Pitching Mound.Delivery,,Delivery,pitch.1,700844,12.3884,-3.2588,125.555,-79.685,131.0193,48.671,-0.1005,0.2395
1779744290909,2,Pitching Mound.Drive,,Delivery,pitch.1,701710,0.061,-0.2029,0.6027,0.0731,-0.7501,-0.8715,0.0,0.0
1779744290909,2,Pitching Mound.Parent,,Delivery,pitch.1,700168,12.4495,-3.4618,126.1577,-79.6119,130.2692,47.7995,-0.1,0.2384
1779744290910,2,11.0000004b,Drive,Delivery,pitch.1,701711,0.0657,-0.2089,0.5908,0.0735,-0.7878,-0.8614,0.0,0.0
1779744290910,2,12.00000015,Lower Delivery,Delivery,pitch.1,701792,12.8156,-3.2662,123.8895,-121.5605,132.8777,58.3517,-0.102,-0.0933
1779744290910,2,12.00000018,Upper Delivery,Delivery,pitch.1,702479,-0.2805,0.0796,1.5142,-0.0036,-1.6939,-5.196,0.0,0.0
1779744290910,2,Pitching Mound.Delivery,,Delivery,pitch.1,700845,12.5351,-3.1866,125.4036,-79.9565,131.1837,48.7031,-0.1008,0.2396
1779744290910,2,Pitching Mound.Drive,,Delivery,pitch.1,701711,0.0657,-0.2089,0.5908,0.0735,-0.7878,-0.8614,0.0,0.0
1779744290910,2,Pitching Mound.Parent,,Delivery,pitch.1,700169,12.6007,-3.3955,125.9945,-79.883,130.396,47.8417,-0.1003,0.2385
1779744290911,2,11.0000004b,Drive,Delivery,pitch.1,701712,0.0637,-0.1978,0.5868,0.0732,-0.7818,-0.8749,0.0,0.0
1779744290911,2,12.00000015,Lower Delivery,Delivery,pitch.1,701793,12.9702,-3.1909,123.7847,-121.8568,133.0581,58.4771,-0.1023,-0.0936
1779744290911,2,12.00000018,Upper Delivery,Delivery,pitch.1,702480,-0.2862,0.0751,1.5977,-0.088,-1.945,-5.1981,0.0,0.0
1779744290911,2,Pitching Mound.Delivery,,Delivery,pitch.1,700846,12.684,-3.1159,125.3824,-80.4013,131.1131,48.7718,-0.101,0.2389
1779744290911,2,Pitching Mound.Drive,,Delivery,pitch.1,701712,0.0637,-0.1978,0.5868,0.0732,-0.7818,-0.8749,0.0,0.0
1779744290911,2,Pitching Mound.Parent,,Delivery,pitch.1,700170,12.7477,-3.3137,125.9692,-80.3281,130.3313,47.8969,-0.1005,0.2378
1779744290912,2,11.0000004b,Drive,Delivery,pitch.1,701713,0.0621,-0.1981,0.6225,0.0863,-0.8228,-0.8615,0.0,0.0
1779744290912,2,12.00000015,Lower Delivery,Delivery,pitch.1,701794,13.1317,-3.1463,123.6557,-122.019,133.4057,58.6336,-0.1026,-0.0939
1779744290912,2,12.00000018,Upper Delivery,Delivery,pitch.1,702481,-0.3111,0.0664,1.641,-0.0632,-1.9023,-5.2066,0.0,0.0
1779744290912,2,Pitching Mound.Delivery,,Delivery,pitch.1,700847,12.8206,-3.0799,125.2967,-80.5971,131.5034,48.8565,-0.1013,0.2385
1779744290912,2,Pitching Mound.Drive,,Delivery,pitch.1,701713,0.0621,-0.1981,0.6225,0.0863,-0.8228,-0.8615,0.0,0.0
1779744290912,2,Pitching Mound.Parent,,Delivery,pitch.1,700171,12.8827,-3.278,125.9192,-80.5108,130.6806,47.995,-0.1008,0.2373
1779744290913,2,11.0000004b,Drive,Delivery,pitch.1,701714,0.0585,-0.2036,0.5772,0.0877,-0.8445,-0.8453,0.0,0.0
1779744290913,2,12.00000015,Lower Delivery,Delivery,pitch.1,701795,13.2907,-3.0944,123.6484,-122.4621,133.7742,58.7545,-0.1029,-0.0942
1779744290913,2,12.00000018,Upper Delivery,Delivery,pitch.1,702482,-0.299,0.0665,1.5428,-0.07,-1.8137,-5.1705,0.0,0.0
1779744290913,2,Pitching Mound.Delivery,,Delivery,pitch.1,700848,12.9917,-3.0279,125.1913,-81.0162,131.9605,48.9635,-0.1017,0.2386
1779744290913,2,Pitching Mound.Drive,,Delivery,pitch.1,701714,0.0585,-0.2036,0.5772,0.0877,-0.8445,-0.8453,0.0,0.0
1779744290913,2,Pitching Mound.Parent,,Delivery,pitch.1,700172,13.0501,-3.2314,125.7685,-80.9285,131.1159,48.1182,-0.1012,0.2375
1779744290914,2,11.0000004b,Drive,Delivery,pitch.1,701715,0.0514,-0.2043,0.5852,0.1156,-0.8366,-0.8469,0.0,0.0
1779744290914,2,12.00000015,Lower Delivery,Delivery,pitch.1,701796,13.454,-3.0812,123.5673,-122.6778,133.8626,58.8523,-0.1031,-0.0944
1779744290914,2,12.00000018,Upper Delivery,Delivery,pitch.1,702483,-0.3255,0.0634,1.7015,-0.1396,-2.0617,-5.1557,0.0,0.0
1779744290914,2,Pitching Mound.Delivery,,Delivery,pitch.1,700849,13.1285,-3.0178,125.2688,-81.383,131.8009,49.0116,-0.1017,0.2376
1779744290914,2,Pitching Mound.Drive,,Delivery,pitch.1,701715,0.0514,-0.2043,0.5852,0.1156,-0.8366,-0.8469,0.0,0.0
1779744290914,2,Pitching Mound.Parent,,Delivery,pitch.1,700173,13.1799,-3.2221,125.854,-81.2675,130.9643,48.1647,-0.1012,0.2365
1779744290915,2,11.0000004b,Drive,Delivery,pitch.1,701716,0.0496,-0.2006,0.5366,0.1363,-0.8588,-0.8392,0.0,0.0
1779744290915,2,12.00000015,Lower Delivery,Delivery,pitch.1,701797,13.6045,-3.067,123.5659,-122.8929,134.1697,58.9838,-0.1033,-0.0946
1779744290915,2,12.00000018,Upper Delivery,Delivery,pitch.1,702484,-0.3009,0.0713,1.6406,-0.1521,-2.0331,-5.189,0.0,0.0
1779744290915,2,Pitching Mound.Delivery,,Delivery,pitch.1,700850,13.3035,-2.9957,125.2065,-81.5903,132.1365,49.067,-0.1019,0.2377
1779744290915,2,Pitching Mound.Drive,,Delivery,pitch.1,701716,0.0496,-0.2006,0.5366,0.1363,-0.8588,-0.8392,0.0,0.0
1779744290915,2,Pitching Mound.Parent,,Delivery,pitch.1,700174,13.3531,-3.1963,125.7431,-81.454,131.2778,48.2278,-0.1015,0.2367
1779744290916,2,11.0000004b,Drive,Delivery,pitch.1,701717,0.0516,-0.2027,0.5021,0.152,-0.9486,-0.851,0.0,0.0
1779744290916,2,12.00000015,Lower Delivery,Delivery,pitch.1,701798,13.7138,-3.0732,123.4587,-123.4652,134.4829,59.1129,-0.1036,-0.0951
1779744290916,2,12.00000018,Upper Delivery,Delivery,pitch.1,702485,-0.3023,0.0755,1.7918,-0.1142,-1.9709,-5.1357,0.0,0.0
1779744290916,2,Pitching Mound.Delivery,,Delivery,pitch.1,700851,13.4115,-2.9976,125.2505,-82.2126,132.5121,49.2117,-0.1021,0.2365
1779744290916,2,Pitching Mound.Drive,,Delivery,pitch.1,701717,0.0516,-0.2027,0.5021,0.152,-0.9486,-0.851,0.0,0.0
1779744290916,2,Pitching Mound.Parent,,Delivery,pitch.1,700175,13.4631,-3.2003,125.7526,-82.0607,131.5635,48.3607,-0.1017,0.2356
1779744290917,2,11.0000004b,Drive,Delivery,pitch.1,701718,0.0478,-0.1987,0.4716,0.1577,-0.9793,-0.8418,0.0,0.0
1779744290917,2,12.00000015,Lower Delivery,Delivery,pitch.1,701799,13.8504,-3.0566,123.3929,-123.5183,134.4201,59.2861,-0.1036,-0.0952
1779744290917,2,12.00000018,Upper Delivery,Delivery,pitch.1,702486,-0.3073,0.0736,1.832,-0.0663,-1.8873,-5.1521,0.0,0.0
1779744290917,2,Pitching Mound.Delivery,,Delivery,pitch.1,700852,13.5432,-2.983,125.2249,-82.2539,132.5328,49.3204,-0.1021,0.2362
1779744290917,2,Pitching Mound.Drive,,Delivery,pitch.1,701718,0.0478,-0.1987,0.4716,0.1577,-0.9793,-0.8418,0.0,0.0
1779744290917,2,Pitching Mound.Parent,,Delivery,pitch.1,700176,13.5909,-3.1817,125.6965,-82.0962,131.5535,48.4786,-0.1017,0.2353
1779744290918,2,11.0000004b,Drive,Delivery,pitch.1,701719,0.0499,-0.2009,0.4677,0.1585,-0.9667,-0.8502,0.0,0.0
1779744290918,2,11.0000004b,Drive,Delivery,pitch.1,701720,0.0503,-0.1899,0.4318,0.1229,-0.921,-0.8137,0.0,0.0
1779744290918,2,12.00000015,Lower Delivery,Delivery,pitch.1,701800,13.9628,-3.0416,123.3976,-123.781,134.5928,59.4174,-0.1038,-0.0954
1779744290918,2,12.00000018,Upper Delivery,Delivery,pitch.1,702487,-0.3285,0.0652,1.9973,0.215,-1.8011,-5.121,0.0,0.0
1779744290918,2,Pitching Mound.Delivery,,Delivery,pitch.1,700853,13.6343,-2.9764,125.3949,-82.2899,132.7917,49.4373,-0.1021,0.2353
1779744290918,2,Pitching Mound.Drive,,Delivery,pitch.1,701719,0.0499,-0.2009,0.4677,0.1585,-0.9667,-0.8502,0.0,0.0
1779744290918,2,Pitching Mound.Drive,,Delivery,pitch.1,701720,0.0503,-0.1899,0.4318,0.1229,-0.921,-0.8137,0.0,0.0
1779744290918,2,Pitching Mound.Parent,,Delivery,pitch.1,700177,13.6842,-3.1773,125.8625,-82.1314,131.825,48.5871,-0.1017,0.2344
1779744290919,2,11.0000004b,Drive,Delivery,pitch.1,701721,0.0519,-0.1731,0.3823,0.1127,-1.0033,-0.7726,0.0,0.0
1779744290919,2,12.00000015,Lower Delivery,Delivery,pitch.1,701801,14.0497,-3.008,123.2816,-123.9866,134.6262,59.5814,-0.1039,-0.0957
1779744290919,2,12.00000018,Upper Delivery,Delivery,pitch.1,702488,-0.3085,0.0742,2.0768,0.2218,-1.6044,-5.1637,0.0,0.0
1779744290919,2,Pitching Mound.Delivery,,Delivery,pitch.1,700854,13.7412,-2.9339,125.3584,-82.5552,133.0219,49.5359,-0.1022,0.2346
1779744290919,2,Pitching Mound.Drive,,Delivery,pitch.1,701721,0.0519,-0.1731,0.3823,0.1127,-1.0033,-0.7726,0.0,0.0
1779744290919,2,Pitching Mound.Parent,,Delivery,pitch.1,700178,13.7915,-3.1238,125.7902,-82.4323,132.1009,48.7222,-0.1018,0.2338
1779744290920,2,11.0000004b,Drive,Delivery,pitch.1,701722,0.0546,-0.1784,0.4055,0.1378,-0.9521,-0.7887,0.0,0.0
1779744290920,2,12.00000015,Lower Delivery,Delivery,pitch.1,701802,14.1357,-2.9944,123.1871,-124.1879,134.6334,59.7327,-0.104,-0.0959
1779744290920,2,12.00000018,Upper Delivery,Delivery,pitch.1,702489,-0.28,0.0821,2.1322,0.4597,-1.4986,-5.1404,0.0669,0.0205
1779744290920,2,Pitching Mound.Delivery,,Delivery,pitch.1,700855,13.8557,-2.9124,125.3194,-82.5695,133.1348,49.691,-0.1011,0.2345
1779744290920,2,Pitching Mound.Drive,,Delivery,pitch.1,701722,0.0546,-0.1784,0.4055,0.1378,-0.9521,-0.7887,0.0,0.0
1779744290920,2,Pitching Mound.Parent,,Delivery,pitch.1,700179,13.9076,-3.0855,125.7017,-82.4568,132.1315,48.9183,-0.1008,0.2338
1779744290921,2,11.0000004b,Drive,Delivery,pitch.1,701723,0.0586,-0.1769,0.3926,0.1306,-0.8991,-0.7711,0.0,0.0
1779744290921,2,12.00000015,Lower Delivery,Delivery,pitch.1,701803,14.2183,-2.979,123.177,-124.4204,134.7461,59.8282,-0.1041,-0.0961
1779744290921,2,12.00000018,Upper Delivery,Delivery,pitch.1,702490,-0.2044,0.1082,1.8883,0.2656,-1.4266,-5.1411,0.0,0.0
1779744290921,2,Pitching Mound.Delivery,,Delivery,pitch.1,700856,14.0139,-2.8708,125.0654,-82.9166,133.3195,49.7834,-0.1025,0.2351
1779744290921,2,Pitching Mound.Drive,,Delivery,pitch.1,701723,0.0586,-0.1769,0.3926,0.1306,-0.8991,-0.7711,0.0,0.0
1779744290921,2,Pitching Mound.Parent,,Delivery,pitch.1,700180,14.0685,-3.0492,125.4708,-82.7789,132.3674,48.9947,-0.1022,0.2343
1779744290922,2,11.0000004b,Drive,Delivery,pitch.1,701724,0.0586,-0.1782,0.394,0.1182,-0.8442,-0.7748,0.0,0.0
1779744290922,2,12.00000015,Lower Delivery,Delivery,pitch.1,701804,14.3176,-2.9318,123.1744,-124.4969,134.6973,60.0067,-0.104,-0.0962
1779744290922,2,12.00000018,Upper Delivery,Delivery,pitch.1,702491,-0.204,0.0964,1.9521,0.1671,-1.2444,-5.1464,0.0,0.0
1779744290922,2,Pitching Mound.Delivery,,Delivery,pitch.1,700857,14.1136,-2.8354,125.1265,-83.1143,133.4529,49.9229,-0.1024,0.2347
1779744290922,2,Pitching Mound.Drive,,Delivery,pitch.1,701724,0.0586,-0.1782,0.394,0.1182,-0.8442,-0.7748,0.0,0.0
1779744290922,2,Pitching Mound.Parent,,Delivery,pitch.1,700181,14.1722,-3.0123,125.5192,-82.9837,132.5538,49.1518,-0.1021,0.234
1779744290923,2,11.0000004b,Drive,Delivery,pitch.1,701725,0.0545,-0.1879,0.4215,0.1102,-0.7928,-0.8089,0.0,0.0
1779744290923,2,12.00000015,Lower Delivery,Delivery,pitch.1,701805,14.3972,-2.8921,123.1905,-124.6982,134.8972,60.1026,-0.1042,-0.0963
1779744290923,2,12.00000018,Upper Delivery,Delivery,pitch.1,702492,-0.1549,0.1166,1.6821,0.2582,-1.2355,-5.1526,0.0,0.0
1779744290923,2,Pitching Mound.Delivery,,Delivery,pitch.1,700858,14.2423,-2.7755,124.8726,-83.1271,133.6617,50.0023,-0.1028,0.2358
1779744290923,2,Pitching Mound.Drive,,Delivery,pitch.1,701725,0.0545,-0.1879,0.4215,0.1102,-0.7928,-0.8089,0.0,0.0
1779744290923,2,Pitching Mound.Parent,,Delivery,pitch.1,700182,14.3009,-2.9537,125.2666,-83.0089,132.8175,49.2275,-0.1024,0.2351
1779744290924,2,11.0000004b,Drive,Delivery,pitch.1,701726,0.0596,-0.1775,0.3822,0.0861,-0.779,-0.8044,0.0,0.0
1779744290924,2,12.00000015,Lower Delivery,Delivery,pitch.1,701806,14.4239,-2.8779,123.1487,-124.8252,134.8355,60.2603,-0.1042,-0.0964
1779744290924,2,12.00000018,Upper Delivery,Delivery,pitch.1,702493,-0.1278,0.1279,1.6166,0.3592,-1.1878,-5.2183,0.0,0.0
1779744290924,2,Pitching Mound.Delivery,,Delivery,pitch.1,700859,14.2961,-2.75,124.7653,-83.1451,133.6477,50.0944,-0.1028,0.236
1779744290924,2,Pitching Mound.Drive,,Delivery,pitch.1,701726,0.0596,-0.1775,0.3822,0.0861,-0.779,-0.8044,0.0,0.0
1779744290924,2,Pitching Mound.Parent,,Delivery,pitch.1,700183,14.3506,-2.9379,125.1868,-83.0349,132.8548,49.2855,-0.1025,0.2352
1779744290925,2,11.0000004b,Drive,Delivery,pitch.1,701727,0.059,-0.1937,0.4336,0.104,-0.7912,-0.7938,0.0,0.0
1779744290925,2,12.00000015,Lower Delivery,Delivery,pitch.1,701807,14.4423,-2.8667,123.2858,-125.0092,134.9383,60.419,-0.1041,-0.0965
1779744290925,2,12.00000018,Upper Delivery,Delivery,pitch.1,702494,-0.1288,0.1141,1.4883,0.3729,-0.9802,-5.2725,0.0,0.0
1779744290925,2,Pitching Mound.Delivery,,Delivery,pitch.1,700860,14.3135,-2.7526,124.774,-83.2251,133.958,50.1923,-0.1029,0.2366
1779744290925,2,Pitching Mound.Drive,,Delivery,pitch.1,701727,0.059,-0.1937,0.4336,0.104,-0.7912,-0.7938,0.0,0.0
1779744290925,2,Pitching Mound.Parent,,Delivery,pitch.1,700184,14.3731,-2.9301,125.1563,-83.139,133.179,49.3879,-0.1026,0.2359
1779744290926,2,11.0000004b,Drive,Delivery,pitch.1,701728,0.059,-0.1858,0.4169,0.0682,-0.6969,-0.8029,0.0,0.0
1779744290926,2,12.00000015,Lower Delivery,Delivery,pitch.1,701808,14.4507,-2.8549,123.3059,-125.1516,134.9968,60.4926,-0.1041,-0.0966
1779744290926,2,12.00000018,Upper Delivery,Delivery,pitch.1,702495,-0.1236,0.1164,1.3841,0.49,-1.1637,-5.2675,0.0,0.0
1779744290926,2,Pitching Mound.Delivery,,Delivery,pitch.1,700861,14.3271,-2.7386,124.69,-83.2082,133.8331,50.2699,-0.103,0.237
1779744290926,2,Pitching Mound.Drive,,Delivery,pitch.1,701728,0.059,-0.1858,0.4169,0.0682,-0.6969,-0.8029,0.0,0.0
1779744290926,2,Pitching Mound.Parent,,Delivery,pitch.1,700185,14.3861,-2.9323,125.1236,-83.1042,133.0419,49.4761,-0.1026,0.2361
1779744290927,2,11.0000004b,Drive,Delivery,pitch.1,701729,0.0424,-0.1943,0.4514,0.0798,-0.7326,-0.8303,0.0,0.0
1779744290927,2,12.00000015,Lower Delivery,Delivery,pitch.1,701809,14.4734,-2.854,123.4744,-125.3617,135.0212,60.5968,-0.104,-0.0966
1779744290927,2,12.00000018,Upper Delivery,Delivery,pitch.1,702496,-0.1315,0.1212,1.3538,0.4868,-1.3101,-5.2642,0.0,0.0
1779744290927,2,Pitching Mound.Delivery,,Delivery,pitch.1,700862,14.3419,-2.7328,124.8282,-83.3538,133.7111,50.3669,-0.1029,0.2371
1779744290927,2,Pitching Mound.Drive,,Delivery,pitch.1,701729,0.0424,-0.1943,0.4514,0.0798,-0.7326,-0.8303,0.0,0.0
1779744290927,2,Pitching Mound.Parent,,Delivery,pitch.1,700186,14.4009,-2.9186,125.245,-83.2856,133.0142,49.564,-0.1026,0.2363
1779744290928,2,11.0000004b,Drive,Delivery,pitch.1,701730,0.0476,-0.1831,0.4316,0.0928,-0.7675,-0.8198,0.0,0.0
1779744290928,2,12.00000015,Lower Delivery,Delivery,pitch.1,701810,14.4792,-2.847,123.6098,-125.7389,135.3684,60.7206,-0.1042,-0.0968
1779744290928,2,12.00000018,Upper Delivery,Delivery,pitch.1,702497,-0.1486,0.1201,1.3584,0.4766,-1.4324,-5.2457,0.0,0.0
1779744290928,2,Pitching Mound.Delivery,,Delivery,pitch.1,700863,14.3306,-2.7269,124.9682,-83.6969,133.936,50.5015,-0.103,0.2369
1779744290928,2,Pitching Mound.Drive,,Delivery,pitch.1,701730,0.0476,-0.1831,0.4316,0.0928,-0.7675,-0.8198,0.0,0.0
1779744290928,2,Pitching Mound.Parent,,Delivery,pitch.1,700187,14.373,-2.9212,125.4197,-83.6171,133.2034,49.6712,-0.1027,0.236
1779744290929,2,11.0000004b,Drive,Delivery,pitch.1,701731,0.0453,-0.1948,0.4621,0.0976,-0.6767,-0.8317,0.0,0.0
1779744290929,2,12.00000015,Lower Delivery,Delivery,pitch.1,701811,14.4901,-2.8578,123.7158,-126.1773,135.7941,60.8432,-0.1044,-0.097
1779744290929,2,12.00000018,Upper Delivery,Delivery,pitch.1,702498,-0.1439,0.1242,1.06,0.3168,-1.5062,-5.2545,0.0,0.0
1779744290929,2,Pitching Mound.Delivery,,Delivery,pitch.1,700864,14.3462,-2.7335,124.7757,-84.1576,134.2879,50.6132,-0.1035,0.238
1779744290929,2,Pitching Mound.Drive,,Delivery,pitch.1,701731,0.0453,-0.1948,0.4621,0.0976,-0.6767,-0.8317,0.0,0.0
1779744290929,2,Pitching Mound.Parent,,Delivery,pitch.1,700188,14.3938,-2.9167,125.2073,-84.0648,133.5204,49.7934,-0.1032,0.2372
1779744290930,2,11.0000004b,Drive,Delivery,pitch.1,701732,0.0391,-0.1962,0.4479,0.075,-0.679,-0.8359,0.0,0.0
1779744290930,2,12.00000015,Lower Delivery,Delivery,pitch.1,701812,14.5063,-2.8926,123.9421,-126.2562,136.0212,60.9727,-0.1044,-0.0969
1779744290930,2,12.00000018,Upper Delivery,Delivery,pitch.1,702499,-0.1906,0.1158,1.4182,0.17,-1.789,-5.2792,0.0,0.0
1779744290930,2,Pitching Mound.Delivery,,Delivery,pitch.1,700865,14.3157,-2.7768,125.3603,-84.4281,134.2323,50.6966,-0.1032,0.2365
1779744290930,2,Pitching Mound.Drive,,Delivery,pitch.1,701732,0.0391,-0.1962,0.4479,0.075,-0.679,-0.8359,0.0,0.0
1779744290930,2,Pitching Mound.Parent,,Delivery,pitch.1,700189,14.361,-2.9716,125.8225,-84.3305,133.5555,49.8649,-0.1028,0.2356
1779744290931,2,11.0000004b,Drive,Delivery,pitch.1,701733,0.0399,-0.2086,0.4628,0.0793,-0.7882,-0.8171,0.0,0.0
1779744290931,2,12.00000015,Lower Delivery,Delivery,pitch.1,701813,14.5196,-2.9324,123.9942,-126.5887,136.2979,61.1509,-0.1046,-0.0971
1779744290931,2,12.00000018,Upper Delivery,Delivery,pitch.1,702500,-0.2218,0.1093,1.3657,0.1408,-1.661,-5.3096,0.0,0.0
1779744290931,2,Pitching Mound.Delivery,,Delivery,pitch.1,700866,14.2978,-2.8231,125.3599,-84.7542,134.6369,50.8291,-0.1034,0.2365
1779744290931,2,Pitching Mound.Drive,,Delivery,pitch.1,701733,0.0399,-0.2086,0.4628,0.0793,-0.7882,-0.8171,0.0,0.0
1779744290931,2,Pitching Mound.Parent,,Delivery,pitch.1,700190,14.3369,-3.0192,125.8078,-84.6792,133.9579,49.9933,-0.1031,0.2357
1779744290932,2,11.0000004b,Drive,Delivery,pitch.1,701734,0.0373,-0.1992,0.4765,0.068,-0.7588,-0.8539,0.0,0.0
1779744290932,2,12.00000015,Lower Delivery,Delivery,pitch.1,701814,14.5678,-2.962,124.0019,-126.8328,136.5707,61.3646,-0.1048,-0.0973
1779744290932,2,12.00000018,Upper Delivery,Delivery,pitch.1,702501,-0.2901,0.084,1.6245,0.0951,-1.8994,-5.3517,0.0,0.0
1779744290932,2,Pitching Mound.Delivery,,Delivery,pitch.1,700867,14.2776,-2.878,125.6264,-85.1295,134.6713,50.9612,-0.1034,0.2352
1779744290932,2,Pitching Mound.Drive,,Delivery,pitch.1,701734,0.0373,-0.1992,0.4765,0.068,-0.7588,-0.8539,0.0,0.0
1779744290932,2,Pitching Mound.Parent,,Delivery,pitch.1,700191,14.3175,-3.0866,126.0892,-85.0501,133.8831,50.1441,-0.103,0.2343
1779744290933,2,11.0000004b,Drive,Delivery,pitch.1,701735,0.0446,-0.205,0.431,0.06,-0.7216,-0.8278,0.0,0.0
1779744290933,2,12.00000015,Lower Delivery,Delivery,pitch.1,701815,14.6278,-3.0085,124.1206,-126.947,137.0715,61.5022,-0.1051,-0.0973
1779744290933,2,12.00000018,Upper Delivery,Delivery,pitch.1,702502,-0.3468,0.0689,1.8345,-0.1338,-2.3348,-5.3655,0.0,0.0
1779744290933,2,Pitching Mound.Delivery,,Delivery,pitch.1,700868,14.281,-2.9396,125.9552,-85.5035,134.7366,51.0454,-0.1035,0.2342
1779744290933,2,Pitching Mound.Drive,,Delivery,pitch.1,701735,0.0446,-0.205,0.431,0.06,-0.7216,-0.8278,0.0,0.0
1779744290933,2,Pitching Mound.Parent,,Delivery,pitch.1,700192,14.3182,-3.1387,126.4316,-85.4356,133.9778,50.1915,-0.1031,0.2333
1779744290934,2,11.0000004b,Drive,Delivery,pitch.1,701736,0.0452,-0.2033,0.4229,0.0628,-0.7942,-0.8114,0.0,0.0
1779744290934,2,12.00000015,Lower Delivery,Delivery,pitch.1,701816,14.7208,-3.0748,124.1583,-127.0413,137.2955,61.7089,-0.1052,-0.0973
1779744290934,2,12.00000018,Upper Delivery,Delivery,pitch.1,702503,-0.4009,0.0564,1.986,-0.2379,-2.5768,-5.3738,0.0,0.0
1779744290934,2,Pitching Mound.Delivery,,Delivery,pitch.1,700869,14.32,-3.0184,126.1443,-85.7407,134.7187,51.1937,-0.1035,0.2335
1779744290934,2,Pitching Mound.Drive,,Delivery,pitch.1,701736,0.0452,-0.2033,0.4229,0.0628,-0.7942,-0.8114,0.0,0.0
1779744290934,2,Pitching Mound.Parent,,Delivery,pitch.1,700193,14.3645,-3.2234,126.5753,-85.6807,133.9972,50.3659,-0.1032,0.2327
1779744290935,2,11.0000004b,Drive,Delivery,pitch.1,701737,0.0458,-0.2068,0.4248,0.0638,-0.8104,-0.8255,0.0,0.0
1779744290935,2,12.00000015,Lower Delivery,Delivery,pitch.1,701817,14.8099,-3.1099,124.2117,-127.0543,137.5591,61.9273,-0.1054,-0.0973
1779744290935,2,12.00000018,Upper Delivery,Delivery,pitch.1,702504,-0.4078,0.0532,1.9273,-0.3417,-2.6466,-5.3801,0.0,0.0
1779744290935,2,Pitching Mound.Delivery,,Delivery,pitch.1,700870,14.402,-3.0568,126.1389,-85.8193,134.9126,51.3732,-0.1037,0.2338
1779744290935,2,Pitching Mound.Drive,,Delivery,pitch.1,701737,0.0458,-0.2068,0.4248,0.0638,-0.8104,-0.8255,0.0,0.0
1779744290935,2,Pitching Mound.Parent,,Delivery,pitch.1,700194,14.4473,-3.2601,126.5618,-85.7565,134.1184,50.5618,-0.1034,0.233
1779744290936,2,11.0000004b,Drive,Delivery,pitch.1,701738,0.0618,-0.1882,0.3754,0.0424,-0.6763,-0.8197,0.0,0.0
1779744290936,2,12.00000015,Lower Delivery,Delivery,pitch.1,701818,14.9256,-3.1787,124.2008,-127.0737,137.912,62.1219,-0.1056,-0.0973
1779744290936,2,12.00000018,Upper Delivery,Delivery,pitch.1,702505,-0.4118,0.0486,1.9604,-0.4823,-2.4564,-5.405,0.0,0.0
1779744290936,2,Pitching Mound.Delivery,,Delivery,pitch.1,700871,14.5138,-3.1301,126.1612,-85.9943,135.4556,51.5022,-0.104,0.2336
1779744290936,2,Pitching Mound.Drive,,Delivery,pitch.1,701738,0.0618,-0.1882,0.3754,0.0424,-0.6763,-0.8197,0.0,0.0
1779744290936,2,Pitching Mound.Parent,,Delivery,pitch.1,700195,14.5596,-3.3369,126.586,-85.9306,134.6452,50.6767,-0.1036,0.2328
1779744290937,2,11.0000004b,Drive,Delivery,pitch.1,701739,0.0544,-0.2031,0.3882,0.0508,-0.7352,-0.8147,0.0,0.0
1779744290937,2,12.00000015,Lower Delivery,Delivery,pitch.1,701819,15.055,-3.2397,124.212,-127.245,138.2815,62.3331,-0.1059,-0.0975
1779744290937,2,12.00000018,Upper Delivery,Delivery,pitch.1,702506,-0.4387,0.0363,2.08,-0.3561,-2.2799,-5.4171,0.0,0.0
1779744290937,2,Pitching Mound.Delivery,,Delivery,pitch.1,700872,14.6162,-3.2034,126.292,-86.0762,136.0016,51.6481,-0.1042,0.233
1779744290937,2,Pitching Mound.Drive,,Delivery,pitch.1,701739,0.0544,-0.2031,0.3882,0.0508,-0.7352,-0.8147,0.0,0.0
1779744290937,2,Pitching Mound.Parent,,Delivery,pitch.1,700196,14.6781,-3.3916,126.6674,-86.0338,135.3253,50.8284,-0.1039,0.2323
1779744290938,2,11.0000004b,Drive,Delivery,pitch.1,701740,0.0614,-0.1944,0.3748,0.0429,-0.6663,-0.7978,0.0,0.0
1779744290938,2,12.00000015,Lower Delivery,Delivery,pitch.1,701820,15.1646,-3.2841,124.3393,-127.5278,138.7971,62.533,-0.1062,-0.0976
1779744290938,2,12.00000018,Upper Delivery,Delivery,pitch.1,702507,-0.4045,0.0534,2.0856,-0.365,-2.158,-5.4229,0.0,0.0
1779744290938,2,Pitching Mound.Delivery,,Delivery,pitch.1,700873,14.7601,-3.2308,126.4249,-86.3265,136.6391,51.8167,-0.1044,0.2328
1779744290938,2,Pitching Mound.Drive,,Delivery,pitch.1,701740,0.0614,-0.1944,0.3748,0.0429,-0.6663,-0.7978,0.0,0.0
1779744290938,2,Pitching Mound.Parent,,Delivery,pitch.1,700197,14.8144,-3.4339,126.8131,-86.2756,135.9039,51.0019,-0.1041,0.2321
1779744290939,2,12.00000015,Lower Delivery,Delivery,pitch.1,701821,15.3019,-3.3231,124.4463,-127.7994,139.1303,62.6894,-0.1064,-0.0977
1779744290939,2,12.00000018,Upper Delivery,Delivery,pitch.1,702508,-0.4018,0.0555,2.0711,-0.5041,-2.1939,-5.4896,0.0,0.0
1779744290939,2,Pitching Mound.Delivery,,Delivery,pitch.1,700874,14.9001,-3.2676,126.5174,-86.696,136.9364,51.8606,-0.1046,0.2328
1779744290939,2,Pitching Mound.Parent,,Delivery,pitch.1,700198,14.9615,-3.462,126.8922,-86.6531,136.27,51.0627,-0.1043,0.2321
1779744290940,2,11.0000004b,Drive,Delivery,pitch.1,701741,0.0633,-0.1961,0.3285,0.035,-0.6285,-0.8266,0.0,0.0
1779744290940,2,12.00000015,Lower Delivery,Delivery,pitch.1,701822,15.4365,-3.3261,124.6223,-128.7262,139.9276,62.8789,-0.1068,-0.0983
1779744290940,2,12.00000018,Upper Delivery,Delivery,pitch.1,702509,-0.3988,0.0435,2.1432,-0.1305,-1.9905,-5.444,0.0883,-0.0058
1779744290940,2,Pitching Mound.Delivery,,Delivery,pitch.1,700875,15.0378,-3.2826,126.7656,-87.2138,137.9371,52.051,-0.1035,0.2318
1779744290940,2,Pitching Mound.Drive,,Delivery,pitch.1,701741,0.0633,-0.1961,0.3285,0.035,-0.6285,-0.8266,0.0,0.0
1779744290940,2,Pitching Mound.Parent,,Delivery,pitch.1,700199,15.1011,-3.4787,127.0941,-87.1788,137.3086,51.2243,-0.1032,0.2312
1779744290941,2,11.0000004b,Drive,Delivery,pitch.1,701742,0.0602,-0.1946,0.3377,0.0299,-0.5674,-0.8037,0.0,0.0
1779744290941,2,12.00000015,Lower Delivery,Delivery,pitch.1,701823,15.5304,-3.361,124.4087,-128.3536,139.527,63.0831,-0.1067,-0.0981
1779744290941,2,12.00000018,Upper Delivery,Delivery,pitch.1,702510,-0.3696,0.0536,2.1456,-0.0609,-1.9436,-5.3867,0.0862,-0.0027
1779744290941,2,Pitching Mound.Delivery,,Delivery,pitch.1,700876,15.1608,-3.3074,126.5544,-86.8451,137.5834,52.2904,-0.1034,0.2319
1779744290941,2,Pitching Mound.Drive,,Delivery,pitch.1,701742,0.0602,-0.1946,0.3377,0.0299,-0.5674,-0.8037,0.0,0.0
1779744290941,2,Pitching Mound.Parent,,Delivery,pitch.1,700200,15.221,-3.5021,126.8921,-86.8152,137.016,51.4867,-0.1031,0.2313
1779744290942,2,11.0000004b,Drive,Delivery,pitch.1,701744,0.0648,-0.1971,0.3255,0.0191,-0.4767,-0.7938,0.0,0.0
1779744290942,2,11.0000004b,Drive,Delivery,pitch.1,701743,0.0604,-0.1955,0.3436,0.0294,-0.5689,-0.801,0.0,0.0
1779744290942,2,12.00000015,Lower Delivery,Delivery,pitch.1,701824,15.6394,-3.3884,124.4315,-128.7633,139.9809,63.2407,-0.107,-0.0984
1779744290942,2,12.00000018,Upper Delivery,Delivery,pitch.1,702511,-0.3612,0.0484,2.1268,0.0307,-1.8836,-5.3393,0.0842,0.0014
1779744290942,2,Pitching Mound.Delivery,,Delivery,pitch.1,700877,15.2782,-3.34,126.5583,-87.149,138.0973,52.4613,-0.1038,0.2318
1779744290942,2,Pitching Mound.Drive,,Delivery,pitch.1,701744,0.0648,-0.1971,0.3255,0.0191,-0.4767,-0.7938,0.0,0.0
1779744290942,2,Pitching Mound.Drive,,Delivery,pitch.1,701743,0.0604,-0.1955,0.3436,0.0294,-0.5689,-0.801,0.0,0.0
1779744290942,2,Pitching Mound.Parent,,Delivery,pitch.1,700201,15.3385,-3.5355,126.9019,-87.1196,137.5285,51.6602,-0.1035,0.2312
1779744290943,2,11.0000004b,Drive,Delivery,pitch.1,701745,0.0599,-0.2055,0.3635,0.035,-0.5953,-0.787,0.0,0.0
1779744290943,2,12.00000015,Lower Delivery,Delivery,pitch.1,701825,15.7356,-3.3905,124.508,-129.2172,140.2773,63.3032,-0.1072,-0.0987
1779744290943,2,12.00000018,Upper Delivery,Delivery,pitch.1,702512,-0.3206,0.0631,2.0194,0.0375,-1.7834,-5.3184,0.0,0.0
1779744290943,2,Pitching Mound.Delivery,,Delivery,pitch.1,700878,15.415,-3.3274,126.5274,-87.5336,138.494,52.5257,-0.1055,0.232
1779744290943,2,Pitching Mound.Drive,,Delivery,pitch.1,701745,0.0599,-0.2055,0.3635,0.035,-0.5953,-0.787,0.0,0.0
1779744290943,2,Pitching Mound.Parent,,Delivery,pitch.1,700202,15.4798,-3.5245,126.853,-87.5145,138.0173,51.7319,-0.1052,0.2314
1779744290944,2,11.0000004b,Drive,Delivery,pitch.1,701746,0.0633,-0.1968,0.3402,0.0204,-0.4785,-0.7796,0.0,0.0
1779744290944,2,12.00000015,Lower Delivery,Delivery,pitch.1,701826,15.8024,-3.3802,124.5384,-129.9718,140.5505,63.4472,-0.1074,-0.0993
1779744290944,2,12.00000018,Upper Delivery,Delivery,pitch.1,702513,-0.2609,0.0871,1.8199,0.0407,-1.7946,-5.3022,0.0,0.0
1779744290944,2,Pitching Mound.Delivery,,Delivery,pitch.1,700879,15.5414,-3.293,126.3583,-88.2067,138.7559,52.6835,-0.1058,0.2324
1779744290944,2,Pitching Mound.Drive,,Delivery,pitch.1,701746,0.0633,-0.1968,0.3402,0.0204,-0.4785,-0.7796,0.0,0.0
1779744290944,2,Pitching Mound.Parent,,Delivery,pitch.1,700203,15.6013,-3.4986,126.7218,-88.1717,138.1606,51.8965,-0.1055,0.2317
1779744290945,2,11.0000004b,Drive,Delivery,pitch.1,701747,0.0577,-0.1961,0.3705,0.0365,-0.559,-0.7798,0.0,0.0
1779744290945,2,12.00000015,Lower Delivery,Delivery,pitch.1,701827,15.8591,-3.348,124.6159,-130.4082,140.9018,63.5761,-0.1076,-0.0996
1779744290945,2,12.00000018,Upper Delivery,Delivery,pitch.1,702514,-0.2552,0.0706,1.7823,0.2463,-1.6697,-5.2393,0.0,0.0
1779744290945,2,Pitching Mound.Delivery,,Delivery,pitch.1,700880,15.6039,-3.2774,126.3982,-88.3985,139.2321,52.8579,-0.106,0.2323
1779744290945,2,Pitching Mound.Drive,,Delivery,pitch.1,701747,0.0577,-0.1961,0.3705,0.0365,-0.559,-0.7798,0.0,0.0
1779744290945,2,Pitching Mound.Parent,,Delivery,pitch.1,700204,15.6672,-3.4742,126.7384,-88.3781,138.7536,52.0783,-0.1058,0.2316
1779744290946,2,12.00000015,Lower Delivery,Delivery,pitch.1,701828,15.9026,-3.3321,124.5549,-130.6795,141.0924,63.6533,-0.1078,-0.0998
1779744290946,2,12.00000018,Upper Delivery,Delivery,pitch.1,702515,-0.247,0.075,1.7551,0.3626,-1.5833,-5.2439,0.0,0.0
1779744290946,2,Pitching Mound.Delivery,,Delivery,pitch.1,700881,15.6555,-3.257,126.31,-88.565,139.5091,52.9185,-0.1063,0.2321
1779744290946,2,Pitching Mound.Parent,,Delivery,pitch.1,700205,15.7132,-3.4532,126.6804,-88.5284,138.9501,52.1388,-0.106,0.2315
1779744290947,2,11.0000004b,Drive,Delivery,pitch.1,701748,0.0667,-0.2144,0.3592,0.0209,-0.4761,-0.7687,0.0,0.0
1779744290947,2,11.0000004b,Drive,Delivery,pitch.1,701749,0.0637,-0.2033,0.3436,0.0166,-0.4512,-0.7812,0.0,0.0
1779744290947,2,12.00000015,Lower Delivery,Delivery,pitch.1,701829,15.93,-3.2954,124.4841,-131.2498,141.3189,63.7111,-0.108,-0.1003
1779744290947,2,12.00000018,Upper Delivery,Delivery,pitch.1,702516,-0.2383,0.0842,1.769,0.3438,-1.547,-5.2219,0.0,0.0
1779744290947,2,Pitching Mound.Delivery,,Delivery,pitch.1,700882,15.6918,-3.2112,126.2531,-89.1828,139.7719,52.992,-0.1065,0.2316
1779744290947,2,Pitching Mound.Drive,,Delivery,pitch.1,701748,0.0667,-0.2144,0.3592,0.0209,-0.4761,-0.7687,0.0,0.0
1779744290947,2,Pitching Mound.Drive,,Delivery,pitch.1,701749,0.0637,-0.2033,0.3436,0.0166,-0.4512,-0.7812,0.0,0.0
1779744290947,2,Pitching Mound.Parent,,Delivery,pitch.1,700206,15.7585,-3.4256,126.6123,-89.1619,139.2958,52.2233,-0.1062,0.2309
1779744290948,2,11.0000004b,Drive,Delivery,pitch.1,701750,0.0684,-0.2064,0.361,0.0169,-0.4507,-0.779,0.0,0.0
1779744290948,2,12.00000015,Lower Delivery,Delivery,pitch.1,701830,15.932,-3.2237,124.6013,-131.3617,141.5242,63.6862,-0.108,-0.1003
1779744290948,2,12.00000018,Upper Delivery,Delivery,pitch.1,702517,-0.2025,0.0919,1.6221,0.3506,-1.5458,-5.2222,0.0,0.0
1779744290948,2,Pitching Mound.Delivery,,Delivery,pitch.1,700883,15.7295,-3.1318,126.2234,-89.1982,139.9784,52.9782,-0.1067,0.2323
1779744290948,2,Pitching Mound.Drive,,Delivery,pitch.1,701750,0.0684,-0.2064,0.361,0.0169,-0.4507,-0.779,0.0,0.0
1779744290948,2,Pitching Mound.Parent,,Delivery,pitch.1,700207,15.7932,-3.3352,126.567,-89.1816,139.5272,52.1971,-0.1064,0.2316
1779744290949,2,11.0000004b,Drive,Delivery,pitch.1,701751,0.0589,-0.2088,0.367,0.0158,-0.4263,-0.7628,0.0,0.0
1779744290949,2,12.00000015,Lower Delivery,Delivery,pitch.1,701831,15.944,-3.1561,124.5695,-131.8548,141.5184,63.6921,-0.1081,-0.1007
1779744290949,2,12.00000018,Upper Delivery,Delivery,pitch.1,702518,-0.1883,0.0923,1.5754,0.2657,-1.8973,-5.2013,0.0,0.0
1779744290949,2,Pitching Mound.Delivery,,Delivery,pitch.1,700884,15.7557,-3.0638,126.1448,-89.7711,139.6211,53.0058,-0.1067,0.2321
1779744290949,2,Pitching Mound.Drive,,Delivery,pitch.1,701751,0.0589,-0.2088,0.367,0.0158,-0.4263,-0.7628,0.0,0.0
1779744290949,2,Pitching Mound.Parent,,Delivery,pitch.1,700208,15.8241,-3.2702,126.5058,-89.7542,139.1705,52.2268,-0.1064,0.2314
1779744290950,2,11.0000004b,Drive,Delivery,pitch.1,701752,0.0609,-0.1985,0.4259,0.0544,-0.6492,-0.766,0.0,0.0
1779744290950,2,12.00000015,Lower Delivery,Delivery,pitch.1,701832,15.9165,-3.0602,124.6368,-132.3217,141.5279,63.6285,-0.108,-0.101
1779744290950,2,12.00000018,Upper Delivery,Delivery,pitch.1,702519,-0.1966,0.0884,1.6828,0.4077,-1.7802,-5.202,0.0,0.0
1779744290950,2,Pitching Mound.Delivery,,Delivery,pitch.1,700885,15.7199,-2.9718,126.3196,-90.1097,139.7478,52.948,-0.1066,0.2313
1779744290950,2,Pitching Mound.Drive,,Delivery,pitch.1,701752,0.0609,-0.1985,0.4259,0.0544,-0.6492,-0.766,0.0,0.0
1779744290950,2,Pitching Mound.Parent,,Delivery,pitch.1,700209,15.7788,-3.1806,126.6866,-90.0939,139.3215,52.1852,-0.1063,0.2306
1779744290951,2,11.0000004b,Drive,Delivery,pitch.1,701753,0.063,-0.1891,0.4085,0.092,-0.6508,-0.7845,0.0,0.0
1779744290951,2,12.00000015,Lower Delivery,Delivery,pitch.1,701833,15.9042,-2.9721,124.5998,-132.5466,141.5056,63.4997,-0.108,-0.1012
1779744290951,2,12.00000018,Upper Delivery,Delivery,pitch.1,702520,-0.1781,0.1002,1.5787,0.1144,-1.8721,-5.2323,0.0,0.0
1779744290951,2,Pitching Mound.Delivery,,Delivery,pitch.1,700886,15.726,-2.8719,126.1784,-90.605,139.6335,52.7995,-0.1067,0.2316
1779744290951,2,Pitching Mound.Drive,,Delivery,pitch.1,701753,0.063,-0.1891,0.4085,0.092,-0.6508,-0.7845,0.0,0.0
1779744290951,2,Pitching Mound.Parent,,Delivery,pitch.1,700210,15.7869,-3.0704,126.6043,-90.5507,138.9844,52.0334,-0.1063,0.2308
1779744290952,2,11.0000004b,Drive,Delivery,pitch.1,701754,0.0671,-0.1766,0.3861,0.116,-0.7127,-0.8413,0.0,0.0
1779744290952,2,12.00000015,Lower Delivery,Delivery,pitch.1,701834,15.8894,-2.8797,124.5191,-133.0099,141.6945,63.4057,-0.1083,-0.1016
1779744290952,2,12.00000018,Upper Delivery,Delivery,pitch.1,702521,-0.158,0.1069,1.4535,-0.0066,-2.0526,-5.226,0.0,0.0
1779744290952,2,Pitching Mound.Delivery,,Delivery,pitch.1,700887,15.7314,-2.7728,125.9726,-91.1742,139.642,52.7235,-0.107,0.2317
1779744290952,2,Pitching Mound.Drive,,Delivery,pitch.1,701754,0.0671,-0.1766,0.3861,0.116,-0.7127,-0.8413,0.0,0.0
1779744290952,2,Pitching Mound.Parent,,Delivery,pitch.1,700211,15.7944,-2.9619,126.3811,-91.0822,138.9912,51.939,-0.1067,0.231
1779744290953,2,11.0000004b,Drive,Delivery,pitch.1,701755,0.06,-0.1796,0.4149,0.1193,-0.7998,-0.829,0.0,0.0
1779744290953,2,12.00000015,Lower Delivery,Delivery,pitch.1,701835,15.852,-2.7572,124.5588,-133.2648,141.4769,63.3408,-0.108,-0.1018
1779744290953,2,12.00000018,Upper Delivery,Delivery,pitch.1,702522,-0.1559,0.1113,1.357,-0.0387,-2.078,-5.2472,0.0,0.0
1779744290953,2,Pitching Mound.Delivery,,Delivery,pitch.1,700888,15.696,-2.6459,125.9159,-91.4148,139.3989,52.6509,-0.1069,0.232
1779744290953,2,Pitching Mound.Drive,,Delivery,pitch.1,701755,0.06,-0.1796,0.4149,0.1193,-0.7998,-0.829,0.0,0.0
1779744290953,2,Pitching Mound.Parent,,Delivery,pitch.1,700212,15.7631,-2.8225,126.302,-91.2988,138.6862,51.8096,-0.1066,0.2313
1779744290954,2,11.0000004b,Drive,Delivery,pitch.1,701756,0.0574,-0.1708,0.4093,0.1054,-0.7647,-0.8305,0.0,0.0
1779744290954,2,12.00000015,Lower Delivery,Delivery,pitch.1,701836,15.8196,-2.6595,124.4928,-133.4069,141.3523,63.3286,-0.108,-0.1019
1779744290954,2,12.00000018,Upper Delivery,Delivery,pitch.1,702523,-0.1575,0.1114,1.287,-0.1065,-2.0224,-5.2145,0.0,0.0
1779744290954,2,Pitching Mound.Delivery,,Delivery,pitch.1,700889,15.6621,-2.5481,125.7798,-91.6234,139.3299,52.682,-0.1069,0.2321
1779744290954,2,Pitching Mound.Drive,,Delivery,pitch.1,701756,0.0574,-0.1708,0.4093,0.1054,-0.7647,-0.8305,0.0,0.0
1779744290954,2,Pitching Mound.Parent,,Delivery,pitch.1,700213,15.7221,-2.7277,126.1947,-91.5041,138.5301,51.853,-0.1066,0.2314
1779744290955,2,11.0000004b,Drive,Delivery,pitch.1,701757,0.0429,-0.1939,0.461,0.0853,-0.8675,-0.8394,0.0,0.0
1779744290955,2,12.00000015,Lower Delivery,Delivery,pitch.1,701837,15.7966,-2.5433,124.5391,-133.5475,141.3372,63.2655,-0.108,-0.102
1779744290955,2,12.00000018,Upper Delivery,Delivery,pitch.1,702524,-0.1612,0.1139,1.3184,-0.3483,-2.2049,-5.2637,0.0,0.0
1779744290955,2,Pitching Mound.Delivery,,Delivery,pitch.1,700890,15.6355,-2.4294,125.8575,-92.0008,139.1323,52.5762,-0.1068,0.2319
1779744290955,2,Pitching Mound.Drive,,Delivery,pitch.1,701757,0.0429,-0.1939,0.461,0.0853,-0.8675,-0.8394,0.0,0.0
1779744290955,2,Pitching Mound.Parent,,Delivery,pitch.1,700214,15.6929,-2.6003,126.2668,-91.8954,138.3676,51.7457,-0.1065,0.2312
1779744290956,2,11.0000004b,Drive,Delivery,pitch.1,701758,0.0511,-0.184,0.4296,0.0874,-0.8729,-0.8168,0.0,0.0
1779744290956,2,12.00000015,Lower Delivery,Delivery,pitch.1,701838,15.7757,-2.4494,124.4924,-133.57,141.1371,63.256,-0.1078,-0.1021
1779744290956,2,12.00000018,Upper Delivery,Delivery,pitch.1,702525,-0.1811,0.1139,1.4289,-0.5657,-2.4837,-5.3136,0.0,0.0
1779744290956,2,Pitching Mound.Delivery,,Delivery,pitch.1,700891,15.5947,-2.3355,125.9214,-92.2941,138.6535,52.5171,-0.1066,0.2314
1779744290956,2,Pitching Mound.Drive,,Delivery,pitch.1,701758,0.0511,-0.184,0.4296,0.0874,-0.8729,-0.8168,0.0,0.0
1779744290956,2,Pitching Mound.Parent,,Delivery,pitch.1,700215,15.6375,-2.5293,126.3824,-92.2088,137.786,51.6776,-0.1062,0.2305
1779744290957,2,11.0000004b,Drive,Delivery,pitch.1,701759,0.0357,-0.1769,0.4348,0.0764,-0.8301,-0.8193,0.0,0.0
1779744290957,2,12.00000015,Lower Delivery,Delivery,pitch.1,701839,15.788,-2.3802,124.3934,-133.8418,141.2714,63.3049,-0.108,-0.1024
1779744290957,2,12.00000018,Upper Delivery,Delivery,pitch.1,702526,-0.1964,0.1151,1.4017,-0.6487,-2.6157,-5.3054,0.0,0.0
1779744290957,2,Pitching Mound.Delivery,,Delivery,pitch.1,700892,15.5915,-2.2651,125.795,-92.6733,138.6556,52.5648,-0.1068,0.2312
1779744290957,2,Pitching Mound.Drive,,Delivery,pitch.1,701759,0.0357,-0.1769,0.4348,0.0764,-0.8301,-0.8193,0.0,0.0
1779744290957,2,Pitching Mound.Parent,,Delivery,pitch.1,700216,15.6426,-2.4491,126.2247,-92.5859,137.7828,51.748,-0.1065,0.2304
1779744290958,2,11.0000004b,Drive,Delivery,pitch.1,701760,0.0449,-0.1743,0.4145,0.0874,-0.8767,-0.7902,0.0,0.0
1779744290958,2,12.00000015,Lower Delivery,Delivery,pitch.1,701840,15.8226,-2.2955,124.344,-133.9281,141.3043,63.3813,-0.1081,-0.1025
1779744290958,2,12.00000018,Upper Delivery,Delivery,pitch.1,702527,-0.2004,0.1189,1.399,-0.6304,-2.5373,-5.2932,0.0,0.0
1779744290958,2,Pitching Mound.Delivery,,Delivery,pitch.1,700893,15.6222,-2.1766,125.7431,-92.7572,138.767,52.6402,-0.1069,0.2311
1779744290958,2,Pitching Mound.Drive,,Delivery,pitch.1,701760,0.0449,-0.1743,0.4145,0.0874,-0.8767,-0.7902,0.0,0.0
1779744290958,2,Pitching Mound.Parent,,Delivery,pitch.1,700217,15.6579,-2.3535,126.1778,-92.6808,137.9369,51.821,-0.1065,0.2303
1779744290959,2,11.0000004b,Drive,Delivery,pitch.1,701761,0.029,-0.1796,0.4352,0.0928,-0.8437,-0.7805,0.0,0.0
1779744290959,2,12.00000015,Lower Delivery,Delivery,pitch.1,701841,15.8484,-2.2549,124.2827,-133.9233,141.3108,63.4543,-0.1082,-0.1025
1779744290959,2,12.00000018,Upper Delivery,Delivery,pitch.1,702528,-0.2895,0.0895,1.6826,-0.5321,-2.5154,-5.294,0.0,0.0
1779744290959,2,Pitching Mound.Delivery,,Delivery,pitch.1,700894,15.5588,-2.1655,125.9653,-92.7714,138.7954,52.6733,-0.1067,0.2298
1779744290959,2,Pitching Mound.Drive,,Delivery,pitch.1,701761,0.029,-0.1796,0.4352,0.0928,-0.8437,-0.7805,0.0,0.0
1779744290959,2,Pitching Mound.Parent,,Delivery,pitch.1,700218,15.6037,-2.3398,126.3798,-92.684,137.9187,51.8832,-0.1064,0.229
1779744290960,2,11.0000004b,Drive,Delivery,pitch.1,701762,0.0313,-0.1872,0.4314,0.0662,-0.7231,-0.7602,0.0,0.0
1779744290960,2,12.00000015,Lower Delivery,Delivery,pitch.1,701842,15.9101,-2.2242,124.0856,-133.86,141.2379,63.592,-0.1083,-0.1026
1779744290960,2,12.00000018,Upper Delivery,Delivery,pitch.1,702529,-0.3399,0.0731,1.8575,-0.4595,-2.5267,-5.2909,0.0,0.0
1779744290960,2,Pitching Mound.Delivery,,Delivery,pitch.1,700895,15.5702,-2.1511,125.9431,-92.762,138.7112,52.7761,-0.1067,0.2289
1779744290960,2,Pitching Mound.Drive,,Delivery,pitch.1,701762,0.0313,-0.1872,0.4314,0.0662,-0.7231,-0.7602,0.0,0.0
1779744290960,2,Pitching Mound.Parent,,Delivery,pitch.1,700219,15.5991,-2.3307,126.3783,-92.6692,137.8675,51.9956,-0.1063,0.2281
1779744290961,2,11.0000004b,Drive,Delivery,pitch.1,701763,0.0316,-0.1955,0.4425,0.0555,-0.6195,-0.76,0.0,0.0
1779744290961,2,12.00000015,Lower Delivery,Delivery,pitch.1,701843,15.9795,-2.2077,124.0048,-133.7377,141.3042,63.7254,-0.1084,-0.1026
1779744290961,2,12.00000018,Upper Delivery,Delivery,pitch.1,702530,-0.3255,0.0589,1.7912,-0.4108,-2.4824,-5.299,0.0,0.0
1779744290961,2,Pitching Mound.Delivery,,Delivery,pitch.1,700896,15.6541,-2.1488,125.796,-92.5959,138.8219,52.8826,-0.1069,0.2292
1779744290961,2,Pitching Mound.Drive,,Delivery,pitch.1,701763,0.0316,-0.1955,0.4425,0.0555,-0.6195,-0.76,0.0,0.0
1779744290961,2,Pitching Mound.Parent,,Delivery,pitch.1,700220,15.6854,-2.336,126.2275,-92.5297,138.0988,52.1225,-0.1065,0.2284
1779744290962,2,11.0000004b,Drive,Delivery,pitch.1,701764,0.024,-0.2028,0.4715,0.055,-0.6443,-0.7706,0.0,0.0
1779744290962,2,12.00000015,Lower Delivery,Delivery,pitch.1,701844,16.0722,-2.1944,123.9142,-133.7563,141.1707,63.8875,-0.1084,-0.1027
1779744290962,2,12.00000018,Upper Delivery,Delivery,pitch.1,702531,-0.3558,0.047,1.8182,-0.3857,-2.5148,-5.2974,0.0,0.0
1779744290962,2,Pitching Mound.Delivery,,Delivery,pitch.1,700897,15.7164,-2.1473,125.7324,-92.6294,138.6559,53.0045,-0.1068,0.229
1779744290962,2,Pitching Mound.Drive,,Delivery,pitch.1,701764,0.024,-0.2028,0.4715,0.055,-0.6443,-0.7706,0.0,0.0
1779744290962,2,Pitching Mound.Parent,,Delivery,pitch.1,700221,15.748,-2.3428,126.1749,-92.5739,138.0364,52.2445,-0.1064,0.2282
1779744290963,2,11.0000004b,Drive,Delivery,pitch.1,701765,0.0236,-0.2063,0.47,0.042,-0.55,-0.7721,0.0,0.0
1779744290963,2,12.00000015,Lower Delivery,Delivery,pitch.1,701845,16.1699,-2.1914,123.8129,-133.6427,141.0728,64.0241,-0.1084,-0.1027
1779744290963,2,12.00000018,Upper Delivery,Delivery,pitch.1,702532,-0.3688,0.0287,1.9251,-0.1897,-2.4316,-5.3169,0.0,0.0
1779744290963,2,Pitching Mound.Delivery,,Delivery,pitch.1,700898,15.8011,-2.1627,125.7379,-92.3906,138.6412,53.084,-0.1067,0.2285
1779744290963,2,Pitching Mound.Drive,,Delivery,pitch.1,701765,0.0236,-0.2063,0.47,0.042,-0.55,-0.7721,0.0,0.0
1779744290963,2,Pitching Mound.Parent,,Delivery,pitch.1,700222,15.8251,-2.3655,126.2095,-92.3357,137.9969,52.3135,-0.1063,0.2276
1779744290964,2,11.0000004b,Drive,Delivery,pitch.1,701766,0.026,-0.2148,0.4669,0.0403,-0.6027,-0.7607,0.0,0.0
1779744290964,2,12.00000015,Lower Delivery,Delivery,pitch.1,701846,16.2944,-2.2185,123.6456,-133.7196,141.2113,64.1245,-0.1086,-0.1029
1779744290964,2,12.00000018,Upper Delivery,Delivery,pitch.1,702533,-0.3696,0.0236,2.0181,-0.1182,-2.4603,-5.3436,0.0,0.0
1779744290964,2,Pitching Mound.Delivery,,Delivery,pitch.1,700899,15.9248,-2.1949,125.6637,-92.4844,138.751,53.1151,-0.1069,0.2279
1779744290964,2,Pitching Mound.Drive,,Delivery,pitch.1,701766,0.026,-0.2148,0.4669,0.0403,-0.6027,-0.7607,0.0,0.0
1779744290964,2,Pitching Mound.Parent,,Delivery,pitch.1,700223,15.9508,-2.4097,126.1306,-92.4441,138.1483,52.3544,-0.1065,0.227
1779744290965,2,11.0000004b,Drive,Delivery,pitch.1,701767,0.0264,-0.2121,0.4736,0.047,-0.6498,-0.7548,0.0,0.0
1779744290965,2,12.00000015,Lower Delivery,Delivery,pitch.1,701847,16.4157,-2.2326,123.5144,-133.7997,141.2085,64.1742,-0.1088,-0.1031
1779744290965,2,12.00000018,Upper Delivery,Delivery,pitch.1,702534,-0.364,0.0198,2.054,-0.0085,-2.3998,-5.3412,0.0,0.0
1779744290965,2,Pitching Mound.Delivery,,Delivery,pitch.1,700900,16.0517,-2.2127,125.5684,-92.5117,138.8086,53.1279,-0.107,0.2275
1779744290965,2,Pitching Mound.Drive,,Delivery,pitch.1,701767,0.0264,-0.2121,0.4736,0.047,-0.6498,-0.7548,0.0,0.0
1779744290965,2,Pitching Mound.Parent,,Delivery,pitch.1,700224,16.0781,-2.4249,126.042,-92.4647,138.1588,52.3732,-0.1066,0.2267
1779744290966,2,11.0000004b,Drive,Delivery,pitch.1,701768,0.0286,-0.2132,0.4648,0.0286,-0.5359,-0.7748,0.0,0.0
1779744290966,2,12.00000015,Lower Delivery,Delivery,pitch.1,701848,16.5314,-2.2708,123.3341,-133.9329,141.1256,64.2788,-0.1089,-0.1033
1779744290966,2,12.00000018,Upper Delivery,Delivery,pitch.1,702535,-0.3498,0.0086,2.2903,0.3325,-2.0234,-5.3599,0.084,0.0138
1779744290966,2,Pitching Mound.Delivery,,Delivery,pitch.1,700901,16.1815,-2.2623,125.6245,-92.4455,139.1022,53.1793,-0.1053,0.2264
1779744290966,2,Pitching Mound.Drive,,Delivery,pitch.1,701768,0.0286,-0.2132,0.4648,0.0286,-0.5359,-0.7748,0.0,0.0
1779744290966,2,Pitching Mound.Parent,,Delivery,pitch.1,700225,16.2101,-2.4755,126.0892,-92.4169,138.5662,52.4045,-0.1049,0.2256
1779744290967,2,11.0000004b,Drive,Delivery,pitch.1,701769,0.0285,-0.2219,0.461,0.0319,-0.5759,-0.7954,0.0,0.0
1779744290967,2,12.00000015,Lower Delivery,Delivery,pitch.1,701849,16.6565,-2.2787,123.2288,-133.9856,141.1618,64.3367,-0.109,-0.1034
1779744290967,2,12.00000018,Upper Delivery,Delivery,pitch.1,702536,-0.3275,0.0171,2.2119,0.3571,-1.8962,-5.3013,0.0816,0.0154
1779744290967,2,Pitching Mound.Delivery,,Delivery,pitch.1,700902,16.3291,-2.2616,125.4407,-92.4828,139.2656,53.2609,-0.1056,0.2267
1779744290967,2,Pitching Mound.Drive,,Delivery,pitch.1,701769,0.0285,-0.2219,0.461,0.0319,-0.5759,-0.7954,0.0,0.0
1779744290967,2,Pitching Mound.Parent,,Delivery,pitch.1,700226,16.3576,-2.4835,125.9017,-92.4508,138.6897,52.4655,-0.1052,0.2258
1779744290968,2,11.0000004b,Drive,Delivery,pitch.1,701770,0.0305,-0.2352,0.4575,0.0296,-0.5544,-0.7848,0.0,0.0
1779744290968,2,12.00000015,Lower Delivery,Delivery,pitch.1,701850,16.7635,-2.2794,123.0823,-133.9704,141.1142,64.3816,-0.1091,-0.1035
1779744290968,2,12.00000018,Upper Delivery,Delivery,pitch.1,702537,-0.3092,0.0323,2.2624,0.4851,-1.9242,-5.2969,0.0809,0.0204
1779744290968,2,Pitching Mound.Delivery,,Delivery,pitch.1,700903,16.4544,-2.2471,125.3447,-92.4066,139.19,53.28,-0.1056,0.2264
1779744290968,2,Pitching Mound.Drive,,Delivery,pitch.1,701770,0.0305,-0.2352,0.4575,0.0296,-0.5544,-0.7848,0.0,0.0
1779744290968,2,Pitching Mound.Parent,,Delivery,pitch.1,700227,16.4849,-2.4822,125.8022,-92.3769,138.6356,52.4952,-0.1053,0.2256
1779744290969,2,11.0000004b,Drive,Delivery,pitch.1,701771,0.0369,-0.2274,0.4272,0.0367,-0.5316,-0.8364,0.0,0.0
1779744290969,2,12.00000015,Lower Delivery,Delivery,pitch.1,701851,16.8496,-2.2466,122.8651,-134.0906,141.1686,64.4046,-0.1093,-0.1038
1779744290969,2,12.00000018,Upper Delivery,Delivery,pitch.1,702538,-0.2578,0.0531,2.1688,0.3887,-2.0954,-5.3153,0.0919,0.0171
1779744290969,2,Pitching Mound.Delivery,,Delivery,pitch.1,700904,16.5917,-2.1935,125.0339,-92.6652,139.0732,53.2728,-0.1058,0.2265
1779744290969,2,Pitching Mound.Drive,,Delivery,pitch.1,701771,0.0369,-0.2274,0.4272,0.0367,-0.5316,-0.8364,0.0,0.0
1779744290969,2,Pitching Mound.Parent,,Delivery,pitch.1,700228,16.6286,-2.4209,125.461,-92.6285,138.5416,52.4364,-0.1055,0.2257
1779744290970,2,11.0000004b,Drive,Delivery,pitch.1,701772,0.042,-0.2329,0.4214,0.0536,-0.5755,-0.8193,0.0,0.0
1779744290970,2,12.00000015,Lower Delivery,Delivery,pitch.1,701852,16.9422,-2.2064,122.6414,-134.0698,140.9136,64.4156,-0.1093,-0.104
1779744290970,2,12.00000018,Upper Delivery,Delivery,pitch.1,702539,-0.1839,0.0757,2.1006,0.0445,-2.3709,-5.3247,0.0,0.0
1779744290970,2,Pitching Mound.Delivery,,Delivery,pitch.1,700905,16.7583,-2.1307,124.742,-93.0415,138.5426,53.268,-0.1075,0.2263
1779744290970,2,Pitching Mound.Drive,,Delivery,pitch.1,701772,0.042,-0.2329,0.4214,0.0536,-0.5755,-0.8193,0.0,0.0
1779744290970,2,Pitching Mound.Parent,,Delivery,pitch.1,700229,16.8003,-2.3636,125.1633,-92.9879,137.9671,52.4487,-0.1071,0.2255
1779744290971,2,11.0000004b,Drive,Delivery,pitch.1,701773,0.0507,-0.2223,0.4029,0.0863,-0.5653,-0.8353,0.0,0.0
1779744290971,2,12.00000015,Lower Delivery,Delivery,pitch.1,701853,17.0273,-2.1388,122.4601,-134.1253,140.8854,64.4835,-0.1094,-0.1042
1779744290971,2,12.00000018,Upper Delivery,Delivery,pitch.1,702540,-0.1679,0.0693,1.8424,0.0553,-2.3429,-5.3112,0.0,0.0
1779744290971,2,Pitching Mound.Delivery,,Delivery,pitch.1,700906,16.8594,-2.0695,124.3025,-93.0599,138.5425,53.3258,-0.1078,0.2273
1779744290971,2,Pitching Mound.Drive,,Delivery,pitch.1,701773,0.0507,-0.2223,0.4029,0.0863,-0.5653,-0.8353,0.0,0.0
1779744290971,2,Pitching Mound.Parent,,Delivery,pitch.1,700230,16.91,-2.2918,124.7054,-92.9736,137.9772,52.4905,-0.1075,0.2265
1779744290972,2,11.0000004b,Drive,Delivery,pitch.1,701774,0.0528,-0.2284,0.4269,0.1148,-0.621,-0.8952,0.0,0.0
1779744290972,2,12.00000015,Lower Delivery,Delivery,pitch.1,701854,17.0798,-2.0638,122.2121,-134.1032,140.9137,64.5027,-0.1097,-0.1044
1779744290972,2,12.00000018,Upper Delivery,Delivery,pitch.1,702541,-0.1604,0.0799,1.7262,0.103,-2.4452,-5.2977,0.0,0.0
1779744290972,2,Pitching Mound.Delivery,,Delivery,pitch.1,700907,16.9194,-1.9839,123.9383,-93.035,138.4686,53.3434,-0.1082,0.2276
1779744290972,2,Pitching Mound.Drive,,Delivery,pitch.1,701774,0.0528,-0.2284,0.4269,0.1148,-0.621,-0.8952,0.0,0.0
1779744290972,2,Pitching Mound.Parent,,Delivery,pitch.1,700231,16.9722,-2.2123,124.3651,-92.9201,137.8475,52.4481,-0.1078,0.2268
1779744290973,2,11.0000004b,Drive,Delivery,pitch.1,701775,0.0576,-0.2285,0.4472,0.128,-0.6719,-0.8669,0.0,0.0
1779744290973,2,12.00000015,Lower Delivery,Delivery,pitch.1,701855,17.1342,-1.9684,121.902,-134.0422,140.9786,64.4519,-0.11,-0.1046
1779744290973,2,12.00000018,Upper Delivery,Delivery,pitch.1,702542,-0.168,0.0765,1.6792,0.0124,-2.5272,-5.2745,0.0,0.0
1779744290973,2,Pitching Mound.Delivery,,Delivery,pitch.1,700908,16.9662,-1.892,123.5812,-93.1541,138.4514,53.2946,-0.1085,0.2276
1779744290973,2,Pitching Mound.Drive,,Delivery,pitch.1,701775,0.0576,-0.2285,0.4472,0.128,-0.6719,-0.8669,0.0,0.0
1779744290973,2,Pitching Mound.Parent,,Delivery,pitch.1,700232,17.0238,-2.1205,124.0284,-93.0261,137.7794,52.4277,-0.1081,0.2268
1779744290974,2,11.0000004b,Drive,Delivery,pitch.1,701776,0.0569,-0.2281,0.4713,0.15,-0.7617,-0.8517,0.0,0.0
1779744290974,2,12.00000015,Lower Delivery,Delivery,pitch.1,701856,17.1915,-1.8676,121.6886,-133.9805,140.8747,64.4545,-0.1101,-0.1047
1779744290974,2,12.00000018,Upper Delivery,Delivery,pitch.1,702543,-0.1604,0.08,1.5538,-0.0165,-2.4651,-5.3005,0.0,0.0
1779744290974,2,Pitching Mound.Delivery,,Delivery,pitch.1,700909,17.031,-1.7876,123.2424,-93.1512,138.4096,53.2544,-0.1087,0.228
1779744290974,2,Pitching Mound.Drive,,Delivery,pitch.1,701776,0.0569,-0.2281,0.4713,0.15,-0.7617,-0.8517,0.0,0.0
1779744290974,2,Pitching Mound.Parent,,Delivery,pitch.1,700233,17.0879,-2.0157,123.7137,-93.0012,137.6479,52.4027,-0.1083,0.2271
1779744290975,2,11.0000004b,Drive,Delivery,pitch.1,701777,0.0595,-0.2362,0.5211,0.1613,-0.8437,-0.8763,0.0,0.0
1779744290975,2,12.00000015,Lower Delivery,Delivery,pitch.1,701857,17.234,-1.7467,121.5588,-134.0132,140.6668,64.4692,-0.1101,-0.1049
1779744290975,2,12.00000018,Upper Delivery,Delivery,pitch.1,702544,-0.1637,0.0793,1.4834,0.1105,-2.3831,-5.2402,0.0,0.0
1779744290975,2,Pitching Mound.Delivery,,Delivery,pitch.1,700910,17.0703,-1.6675,123.0422,-93.0771,138.2838,53.3137,-0.1088,0.2282
1779744290975,2,Pitching Mound.Drive,,Delivery,pitch.1,701777,0.0595,-0.2362,0.5211,0.1613,-0.8437,-0.8763,0.0,0.0
1779744290975,2,Pitching Mound.Parent,,Delivery,pitch.1,700234,17.1298,-1.9037,123.5633,-92.9157,137.4401,52.4374,-0.1083,0.2272
1779744290976,2,11.0000004b,Drive,Delivery,pitch.1,701778,0.0524,-0.2351,0.4942,0.1571,-0.8582,-0.8568,0.0,0.0
1779744290976,2,12.00000015,Lower Delivery,Delivery,pitch.1,701858,17.2726,-1.6306,121.3488,-133.9621,140.5657,64.393,-0.1102,-0.105
1779744290976,2,12.00000018,Upper Delivery,Delivery,pitch.1,702545,-0.197,0.0702,1.4642,0.0904,-2.5505,-5.2508,0.0,0.0
1779744290976,2,Pitching Mound.Delivery,,Delivery,pitch.1,700911,17.0755,-1.5604,122.813,-93.111,138.0152,53.2026,-0.1089,0.2281
1779744290976,2,Pitching Mound.Drive,,Delivery,pitch.1,701778,0.0524,-0.2351,0.4942,0.1571,-0.8582,-0.8568,0.0,0.0
1779744290976,2,Pitching Mound.Parent,,Delivery,pitch.1,700235,17.1279,-1.7955,123.3071,-92.9539,137.157,52.3457,-0.1084,0.2272
1779744290977,2,11.0000004b,Drive,Delivery,pitch.1,701779,0.0485,-0.2312,0.4695,0.1247,-0.8434,-0.8587,0.0,0.0
1779744290977,2,12.00000015,Lower Delivery,Delivery,pitch.1,701859,17.3138,-1.5188,121.3713,-133.7734,140.3403,64.2973,-0.11,-0.1048
1779744290977,2,12.00000018,Upper Delivery,Delivery,pitch.1,702546,-0.1955,0.0647,1.3645,0.106,-2.5303,-5.2595,0.0,0.0
1779744290977,2,Pitching Mound.Delivery,,Delivery,pitch.1,700912,17.1184,-1.4541,122.7359,-92.8651,137.81,53.0846,-0.1088,0.2288
1779744290977,2,Pitching Mound.Drive,,Delivery,pitch.1,701779,0.0485,-0.2312,0.4695,0.1247,-0.8434,-0.8587,0.0,0.0
1779744290977,2,Pitching Mound.Parent,,Delivery,pitch.1,700236,17.1669,-1.6852,123.2054,-92.7404,136.9666,52.2259,-0.1084,0.2279
1779744290978,2,11.0000004b,Drive,Delivery,pitch.1,701780,0.0501,-0.2198,0.4391,0.0887,-0.8513,-0.8239,0.0,0.0
1779744290978,2,12.00000015,Lower Delivery,Delivery,pitch.1,701860,17.35,-1.3893,121.2451,-133.4688,139.6914,64.1491,-0.1096,-0.1047
1779744290978,2,12.00000018,Upper Delivery,Delivery,pitch.1,702547,-0.1806,0.0751,1.3021,0.1884,-2.4783,-5.279,0.0,0.0
1779744290978,2,Pitching Mound.Delivery,,Delivery,pitch.1,700913,17.1694,-1.3142,122.5472,-92.4997,137.2131,52.9097,-0.1084,0.2292
1779744290978,2,Pitching Mound.Drive,,Delivery,pitch.1,701780,0.0501,-0.2198,0.4391,0.0887,-0.8513,-0.8239,0.0,0.0
1779744290978,2,Pitching Mound.Parent,,Delivery,pitch.1,700237,17.2195,-1.534,122.9863,-92.411,136.3618,52.0859,-0.1081,0.2283
1779744290979,2,11.0000004b,Drive,Delivery,pitch.1,701781,0.0563,-0.2144,0.4228,0.0823,-0.8738,-0.8147,0.0,0.0
1779744290979,2,12.00000015,Lower Delivery,Delivery,pitch.1,701861,17.3974,-1.2981,120.9,-133.3144,139.4369,64.0382,-0.1097,-0.1049
1779744290979,2,12.00000018,Upper Delivery,Delivery,pitch.1,702548,-0.1895,0.0733,1.3688,0.2979,-2.3898,-5.3348,0.0,0.0
1779744290979,2,Pitching Mound.Delivery,,Delivery,pitch.1,700914,17.2079,-1.2248,122.2687,-92.3759,137.0471,52.7239,-0.1085,0.2287
1779744290979,2,Pitching Mound.Drive,,Delivery,pitch.1,701781,0.0563,-0.2144,0.4228,0.0823,-0.8738,-0.8147,0.0,0.0
1779744290979,2,Pitching Mound.Parent,,Delivery,pitch.1,700238,17.2642,-1.4392,122.6915,-92.2935,136.1733,51.9092,-0.1081,0.2279
1779744290980,2,11.0000004b,Drive,Delivery,pitch.1,701782,0.0571,-0.2054,0.406,0.074,-0.8559,-0.7919,0.0,0.0
1779744290980,2,12.00000015,Lower Delivery,Delivery,pitch.1,701862,17.4311,-1.1842,120.8292,-133.203,138.8734,63.8899,-0.1093,-0.1049
1779744290980,2,12.00000018,Upper Delivery,Delivery,pitch.1,702549,-0.2328,0.0661,1.4687,0.3407,-2.2276,-5.3718,0.0,0.0
1779744290980,2,Pitching Mound.Delivery,,Delivery,pitch.1,700915,17.1983,-1.1181,122.2979,-92.2797,136.6459,52.5123,-0.108,0.2282
1779744290980,2,Pitching Mound.Drive,,Delivery,pitch.1,701782,0.0571,-0.2054,0.406,0.074,-0.8559,-0.7919,0.0,0.0
1779744290980,2,Pitching Mound.Parent,,Delivery,pitch.1,700239,17.2554,-1.3235,122.7039,-92.2057,135.79,51.7204,-0.1077,0.2275
1779744290981,2,11.0000004b,Drive,Delivery,pitch.1,701783,0.0576,-0.2117,0.4054,0.0679,-0.8656,-0.7822,0.0,0.0
1779744290981,2,12.00000015,Lower Delivery,Delivery,pitch.1,701863,17.5088,-1.1067,120.5617,-133.1475,138.7792,63.7625,-0.1095,-0.1051
1779744290981,2,12.00000018,Upper Delivery,Delivery,pitch.1,702550,-0.2637,0.0569,1.479,0.2893,-2.3543,-5.3657,0.0,0.0
1779744290981,2,Pitching Mound.Delivery,,Delivery,pitch.1,700916,17.2451,-1.0499,122.0406,-92.3701,136.4249,52.3542,-0.1082,0.228
1779744290981,2,Pitching Mound.Drive,,Delivery,pitch.1,701783,0.0576,-0.2117,0.4054,0.0679,-0.8656,-0.7822,0.0,0.0
1779744290981,2,Pitching Mound.Parent,,Delivery,pitch.1,700240,17.3027,-1.2615,122.446,-92.3022,135.5593,51.572,-0.1078,0.2272
1779744290982,2,11.0000004b,Drive,Delivery,pitch.1,701784,0.0549,-0.2072,0.3957,0.0668,-0.7979,-0.7637,0.0,0.0
1779744290982,2,12.00000015,Lower Delivery,Delivery,pitch.1,701864,17.5501,-1.0036,120.3257,-133.1684,138.4451,63.5608,-0.1095,-0.1053
1779744290982,2,12.00000018,Upper Delivery,Delivery,pitch.1,702551,-0.2199,0.0781,1.4887,0.2147,-2.3199,-5.3716,0.0,0.0
1779744290982,2,Pitching Mound.Delivery,,Delivery,pitch.1,700917,17.3302,-0.9256,121.8144,-92.5492,136.1252,52.1474,-0.1081,0.2277
1779744290982,2,Pitching Mound.Drive,,Delivery,pitch.1,701784,0.0549,-0.2072,0.3957,0.0668,-0.7979,-0.7637,0.0,0.0
1779744290982,2,Pitching Mound.Parent,,Delivery,pitch.1,700241,17.3851,-1.1328,122.2102,-92.4823,135.3272,51.3837,-0.1078,0.227
1779744290983,2,11.0000004b,Drive,Delivery,pitch.1,701785,0.0578,-0.2099,0.3974,0.0502,-0.6897,-0.7397,0.0,0.0
1779744290983,2,12.00000015,Lower Delivery,Delivery,pitch.1,701865,17.5952,-0.9013,120.1038,-132.9087,137.876,63.3163,-0.1092,-0.1053
1779744290983,2,12.00000018,Upper Delivery,Delivery,pitch.1,702552,-0.1902,0.0843,1.3528,0.1025,-2.1284,-5.3882,0.0,0.0
1779744290983,2,Pitching Mound.Delivery,,Delivery,pitch.1,700918,17.4051,-0.817,121.4566,-92.4309,135.7476,51.8811,-0.108,0.2283
1779744290983,2,Pitching Mound.Drive,,Delivery,pitch.1,701785,0.0578,-0.2099,0.3974,0.0502,-0.6897,-0.7397,0.0,0.0
1779744290983,2,Pitching Mound.Parent,,Delivery,pitch.1,700242,17.4629,-1.0269,121.8541,-92.3807,135.0579,51.1414,-0.1076,0.2276
1779744290984,2,11.0000004b,Drive,Delivery,pitch.1,701786,0.056,-0.2166,0.4385,0.0652,-0.8103,-0.7515,0.0,0.0
1779744290984,2,12.00000015,Lower Delivery,Delivery,pitch.1,701866,17.6691,-0.7839,120.1651,-132.6503,137.4811,63.1561,-0.1088,-0.105
1779744290984,2,12.00000018,Upper Delivery,Delivery,pitch.1,702553,-0.2021,0.0736,1.2735,0.2092,-2.0911,-5.3659,0.0,0.0
1779744290984,2,Pitching Mound.Delivery,,Delivery,pitch.1,700919,17.467,-0.7104,121.4386,-92.018,135.39,51.714,-0.1077,0.229
1779744290984,2,Pitching Mound.Drive,,Delivery,pitch.1,701786,0.056,-0.2166,0.4385,0.0652,-0.8103,-0.7515,0.0,0.0
1779744290984,2,Pitching Mound.Parent,,Delivery,pitch.1,700243,17.523,-0.9269,121.8772,-91.9528,134.5797,50.9625,-0.1073,0.2281
1779744290985,2,11.0000004b,Drive,Delivery,pitch.1,701787,0.0573,-0.2093,0.4239,0.0511,-0.6956,-0.738,0.0,0.0
1779744290985,2,12.00000015,Lower Delivery,Delivery,pitch.1,701867,17.6979,-0.6631,119.7257,-132.4099,136.7956,62.9197,-0.1087,-0.1052
1779744290985,2,12.00000018,Upper Delivery,Delivery,pitch.1,702554,-0.1672,0.0942,1.1613,-0.0012,-2.0403,-5.3761,0.0,0.0
1779744290985,2,Pitching Mound.Delivery,,Delivery,pitch.1,700920,17.5307,-0.569,120.887,-92.0992,134.7553,51.4695,-0.1076,0.2293
1779744290985,2,Pitching Mound.Drive,,Delivery,pitch.1,701787,0.0573,-0.2093,0.4239,0.0511,-0.6956,-0.738,0.0,0.0
1779744290985,2,Pitching Mound.Parent,,Delivery,pitch.1,700244,17.588,-0.7782,121.3109,-92.0481,134.0596,50.7315,-0.1073,0.2285
1779744290986,2,11.0000004b,Drive,Delivery,pitch.1,701788,0.0556,-0.2044,0.4101,0.0593,-0.7668,-0.7497,0.0,0.0
1779744290986,2,12.00000015,Lower Delivery,Delivery,pitch.1,701868,17.7483,-0.5107,119.7949,-132.1859,136.5572,62.7089,-0.1084,-0.105
1779744290986,2,12.00000018,Upper Delivery,Delivery,pitch.1,702555,-0.1386,0.1034,0.9651,-0.0587,-1.9488,-5.3639,0.0,0.0
1779744290986,2,Pitching Mound.Delivery,,Delivery,pitch.1,700921,17.6097,-0.4073,120.76,-91.8425,134.6083,51.2635,-0.1076,0.2304
1779744290986,2,Pitching Mound.Drive,,Delivery,pitch.1,701788,0.0556,-0.2044,0.4101,0.0593,-0.7668,-0.7497,0.0,0.0
1779744290986,2,Pitching Mound.Parent,,Delivery,pitch.1,700245,17.6654,-0.6116,121.1702,-91.7832,133.8415,50.5138,-0.1072,0.2297
1779744290987,2,11.0000004b,Drive,Delivery,pitch.1,701789,0.0509,-0.195,0.3991,0.0481,-0.6627,-0.7211,0.0,0.0
1779744290987,2,12.00000015,Lower Delivery,Delivery,pitch.1,701869,17.8249,-0.3652,119.843,-132.124,136.3413,62.564,-0.1082,-0.1049
1779744290987,2,12.00000018,Upper Delivery,Delivery,pitch.1,702556,-0.1376,0.0986,0.9245,-0.0821,-1.9031,-5.3222,0.0,0.0
1779744290987,2,Pitching Mound.Delivery,,Delivery,pitch.1,700922,17.6873,-0.2666,120.7675,-91.7738,134.4382,51.1346,-0.1074,0.2307
1779744290987,2,Pitching Mound.Drive,,Delivery,pitch.1,701789,0.0509,-0.195,0.3991,0.0481,-0.6627,-0.7211,0.0,0.0
1779744290987,2,Pitching Mound.Parent,,Delivery,pitch.1,700246,17.7382,-0.4616,121.1665,-91.7257,133.7754,50.4135,-0.107,0.23
1779744290988,2,11.0000004b,Drive,Delivery,pitch.1,701790,0.049,-0.1847,0.3937,0.0604,-0.7717,-0.7293,0.0,0.0
1779744290988,2,12.00000015,Lower Delivery,Delivery,pitch.1,701870,17.8794,-0.2329,119.6899,-131.9709,136.1284,62.4866,-0.1082,-0.1049
1779744290988,2,12.00000018,Upper Delivery,Delivery,pitch.1,702557,-0.1408,0.1011,0.9937,-0.0395,-1.8909,-5.2799,0.0,0.0
1779744290988,2,Pitching Mound.Delivery,,Delivery,pitch.1,700923,17.7386,-0.1317,120.6835,-91.6537,134.2375,51.0799,-0.1073,0.2304
1779744290988,2,Pitching Mound.Drive,,Delivery,pitch.1,701790,0.049,-0.1847,0.3937,0.0604,-0.7717,-0.7293,0.0,0.0
1779744290988,2,Pitching Mound.Parent,,Delivery,pitch.1,700247,17.7876,-0.3164,121.0772,-91.5933,133.4658,50.3506,-0.107,0.2296
1779744290989,2,11.0000004b,Drive,Delivery,pitch.1,701791,0.058,-0.1907,0.3818,0.0399,-0.6103,-0.7223,0.0,0.0
1779744290989,2,12.00000015,Lower Delivery,Delivery,pitch.1,701871,17.9317,-0.0818,119.3948,-131.5421,135.3629,62.3225,-0.1079,-0.1048
1779744290989,2,12.00000018,Upper Delivery,Delivery,pitch.1,702558,-0.1349,0.1033,1.2151,-0.0641,-1.8562,-5.2526,0.0,0.0
1779744290989,2,Pitching Mound.Delivery,,Delivery,pitch.1,700924,17.7967,0.0215,120.6099,-91.4251,133.5067,50.9272,-0.1068,0.2294
1779744290989,2,Pitching Mound.Drive,,Delivery,pitch.1,701791,0.058,-0.1907,0.3818,0.0399,-0.6103,-0.7223,0.0,0.0
1779744290989,2,Pitching Mound.Parent,,Delivery,pitch.1,700248,17.8547,-0.1692,120.9917,-91.3852,132.8965,50.2049,-0.1064,0.2287
1779744290990,2,11.0000004b,Drive,Delivery,pitch.1,701792,0.049,-0.1802,0.3892,0.0507,-0.699,-0.7416,0.0,0.0
1779744290990,2,12.00000015,Lower Delivery,Delivery,pitch.1,701872,17.9564,0.056,119.043,-131.165,134.9551,62.1705,-0.1078,-0.1048
1779744290990,2,12.00000018,Upper Delivery,Delivery,pitch.1,702559,-0.1601,0.1012,1.5167,-0.0922,-1.988,-5.2628,0.0,0.0
1779744290990,2,Pitching Mound.Delivery,,Delivery,pitch.1,700925,17.7963,0.1572,120.5596,-91.2983,132.9671,50.7481,-0.1065,0.2279
1779744290990,2,Pitching Mound.Drive,,Delivery,pitch.1,701792,0.049,-0.1802,0.3892,0.0507,-0.699,-0.7416,0.0,0.0
1779744290990,2,Pitching Mound.Parent,,Delivery,pitch.1,700249,17.8454,-0.023,120.9488,-91.2476,132.2681,50.0065,-0.1061,0.2272
1779744290991,2,11.0000004b,Drive,Delivery,pitch.1,701793,0.0497,-0.1982,0.4022,0.0481,-0.6942,-0.7505,0.0,0.0
1779744290991,2,12.00000015,Lower Delivery,Delivery,pitch.1,701874,18.0157,0.2397,118.4121,-130.4282,134.3037,61.9884,-0.1079,-0.1048
1779744290991,2,12.00000015,Lower Delivery,Delivery,pitch.1,701873,17.9982,0.1572,118.6927,-130.884,134.5792,62.0828,-0.1079,-0.1049
1779744290991,2,12.00000018,Upper Delivery,Delivery,pitch.1,702560,-0.1394,0.1034,1.4114,-0.0385,-1.9071,-5.2257,0.0,0.0
1779744290991,2,Pitching Mound.Delivery,,Delivery,pitch.1,700926,17.8588,0.2607,120.104,-91.0468,132.6721,50.6904,-0.1066,0.2283
1779744290991,2,Pitching Mound.Drive,,Delivery,pitch.1,701793,0.0497,-0.1982,0.4022,0.0481,-0.6942,-0.7505,0.0,0.0
1779744290991,2,Pitching Mound.Parent,,Delivery,pitch.1,700250,17.9085,0.0625,120.5062,-90.9987,131.9779,49.9399,-0.1062,0.2276
1779744290992,2,11.0000004b,Drive,Delivery,pitch.1,701794,0.0463,-0.182,0.3631,0.0468,-0.6997,-0.7672,0.0,0.0
1779744290992,2,12.00000015,Lower Delivery,Delivery,pitch.1,701875,18.0403,0.3065,118.1845,-129.9631,134.0294,61.9185,-0.1079,-0.1046
1779744290992,2,12.00000018,Upper Delivery,Delivery,pitch.1,702561,-0.1716,0.0917,1.7383,0.1354,-1.8643,-5.2309,0.0,0.0
1779744290992,2,Pitching Mound.Delivery,,Delivery,pitch.1,700927,17.8442,0.3314,120.1504,-90.6236,132.4394,50.5737,-0.1063,0.2269
1779744290992,2,Pitching Mound.Drive,,Delivery,pitch.1,701794,0.0463,-0.182,0.3631,0.0468,-0.6997,-0.7672,0.0,0.0
1779744290992,2,Pitching Mound.Parent,,Delivery,pitch.1,700251,17.8905,0.1494,120.5135,-90.5769,131.7397,49.8065,-0.106,0.2262
1779744290993,2,11.0000004b,Drive,Delivery,pitch.1,701795,0.0385,-0.1862,0.3397,0.031,-0.5398,-0.7181,0.0,0.0
1779744290993,2,12.00000015,Lower Delivery,Delivery,pitch.1,701876,18.0604,0.3557,117.854,-129.515,133.7088,61.869,-0.1079,-0.1045
1779744290993,2,12.00000018,Upper Delivery,Delivery,pitch.1,702562,-0.1917,0.0898,1.8337,0.1844,-1.8188,-5.2708,0.0,0.0
1779744290993,2,Pitching Mound.Delivery,,Delivery,pitch.1,700928,17.8487,0.3963,120.0182,-90.2194,132.2106,50.4488,-0.1062,0.2266
1779744290993,2,Pitching Mound.Drive,,Delivery,pitch.1,701795,0.0385,-0.1862,0.3397,0.031,-0.5398,-0.7181,0.0,0.0
1779744290993,2,Pitching Mound.Parent,,Delivery,pitch.1,700252,17.8872,0.21,120.3579,-90.1884,131.6709,49.7307,-0.1059,0.226
1779744290994,2,11.0000004b,Drive,Delivery,pitch.1,701796,0.0303,-0.1824,0.3421,0.0359,-0.5883,-0.7496,0.0,0.0
1779744290994,2,12.00000015,Lower Delivery,Delivery,pitch.1,701877,18.067,0.3815,117.6196,-129.1773,133.4762,61.7314,-0.108,-0.1045
1779744290994,2,12.00000018,Upper Delivery,Delivery,pitch.1,702563,-0.2393,0.0829,1.9754,0.2984,-1.8239,-5.2676,0.0,0.0
1779744290994,2,Pitching Mound.Delivery,,Delivery,pitch.1,700929,17.8211,0.4386,119.8294,-89.8179,131.8849,50.3795,-0.1061,0.226
1779744290994,2,Pitching Mound.Drive,,Delivery,pitch.1,701796,0.0303,-0.1824,0.3421,0.0359,-0.5883,-0.7496,0.0,0.0
1779744290994,2,Pitching Mound.Parent,,Delivery,pitch.1,700253,17.8515,0.2562,120.1715,-89.782,131.2966,49.6299,-0.1058,0.2253
1779744290995,2,11.0000004b,Drive,Delivery,pitch.1,701797,0.0295,-0.1864,0.3457,0.0379,-0.5925,-0.7529,0.0,0.0
1779744290995,2,12.00000018,Upper Delivery,Delivery,pitch.1,702564,-0.2211,0.0875,1.9569,0.2184,-1.853,-5.3359,0.0,0.0
1779744290995,2,Pitching Mound.Delivery,,Delivery,pitch.1,700930,17.8459,0.469,119.5765,-89.6336,131.6231,50.1775,-0.1062,0.2261
1779744290995,2,Pitching Mound.Drive,,Delivery,pitch.1,701797,0.0295,-0.1864,0.3457,0.0379,-0.5925,-0.7529,0.0,0.0
1779744290995,2,Pitching Mound.Parent,,Delivery,pitch.1,700254,17.8754,0.2826,119.9222,-89.5957,131.0306,49.4246,-0.1059,0.2255
1779744290996,2,11.0000004b,Drive,Delivery,pitch.1,701798,0.0357,-0.187,0.3416,0.0218,-0.4657,-0.7541,0.0,0.0
1779744290996,2,12.00000015,Lower Delivery,Delivery,pitch.1,701878,18.0873,0.3877,117.3673,-128.762,133.3022,61.5935,-0.108,-0.1044
1779744290996,2,12.00000015,Lower Delivery,Delivery,pitch.1,701879,18.1096,0.3795,117.1631,-128.3849,133.1667,61.4424,-0.1081,-0.1042
1779744290996,2,12.00000018,Upper Delivery,Delivery,pitch.1,702565,-0.2078,0.0933,1.8239,0.1358,-1.9153,-5.3479,0.0,0.0
1779744290996,2,Pitching Mound.Delivery,,Delivery,pitch.1,700931,17.8794,0.481,119.1912,-89.3414,131.3869,50.0253,-0.1064,0.2268
1779744290996,2,Pitching Mound.Drive,,Delivery,pitch.1,701798,0.0357,-0.187,0.3416,0.0218,-0.4657,-0.7541,0.0,0.0
1779744290996,2,Pitching Mound.Parent,,Delivery,pitch.1,700255,17.9151,0.2939,119.5329,-89.3197,130.9212,49.2712,-0.1061,0.2262
1779744290997,2,11.0000004b,Drive,Delivery,pitch.1,701799,0.0399,-0.1813,0.3744,0.0492,-0.6394,-0.7591,0.0,0.0
1779744290997,2,12.00000015,Lower Delivery,Delivery,pitch.1,701880,18.1153,0.3769,116.8713,-128.077,133.0008,61.3172,-0.1083,-0.1043
1779744290997,2,12.00000018,Upper Delivery,Delivery,pitch.1,702566,-0.2323,0.0886,1.8753,0.0487,-1.9595,-5.4135,0.0,0.0
1779744290997,2,Pitching Mound.Delivery,,Delivery,pitch.1,700932,17.8773,0.4681,119.0384,-89.1383,131.2072,49.7926,-0.1064,0.2267
1779744290997,2,Pitching Mound.Drive,,Delivery,pitch.1,701799,0.0399,-0.1813,0.3744,0.0492,-0.6394,-0.7591,0.0,0.0
1779744290997,2,Pitching Mound.Parent,,Delivery,pitch.1,700256,17.9172,0.2869,119.4128,-89.0892,130.5678,49.0336,-0.1061,0.226
1779744290998,2,11.0000004b,Drive,Delivery,pitch.1,701800,0.0537,-0.1813,0.3697,0.0518,-0.6534,-0.7615,0.0,0.0
1779744290998,2,12.00000015,Lower Delivery,Delivery,pitch.1,701881,18.1132,0.3754,116.6751,-127.657,132.7993,61.1386,-0.1083,-0.1041
1779744290998,2,12.00000018,Upper Delivery,Delivery,pitch.1,702567,-0.2355,0.0869,1.8706,0.0941,-1.9878,-5.4171,0.0,0.0
1779744290998,2,Pitching Mound.Delivery,,Delivery,pitch.1,700933,17.8799,0.4638,118.7419,-88.8827,131.0129,49.6608,-0.1066,0.2267
1779744290998,2,Pitching Mound.Drive,,Delivery,pitch.1,701800,0.0537,-0.1813,0.3697,0.0518,-0.6534,-0.7615,0.0,0.0
1779744290998,2,Pitching Mound.Parent,,Delivery,pitch.1,700257,17.9336,0.2825,119.1117,-88.8309,130.3596,48.8993,-0.1062,0.226
1779744290999,2,11.0000004b,Drive,Delivery,pitch.1,701801,0.0536,-0.1905,0.3926,0.0644,-0.7077,-0.7484,0.0,0.0
1779744290999,2,12.00000015,Lower Delivery,Delivery,pitch.1,701882,18.0968,0.3866,116.386,-127.2887,132.5691,60.9239,-0.1084,-0.104
1779744290999,2,12.00000018,Upper Delivery,Delivery,pitch.1,702568,-0.2505,0.082,1.8404,0.1707,-2.125,-5.3997,0.0,0.0
1779744290999,2,Pitching Mound.Delivery,,Delivery,pitch.1,700934,17.8627,0.4573,118.5154,-88.4424,130.6743,49.4953,-0.1066,0.227
1779744290999,2,Pitching Mound.Drive,,Delivery,pitch.1,701801,0.0536,-0.1905,0.3926,0.0644,-0.7077,-0.7484,0.0,0.0
1779744290999,2,Pitching Mound.Parent,,Delivery,pitch.1,700258,17.9163,0.2669,118.908,-88.378,129.9666,48.7469,-0.1062,0.2262
1779744291000,2,11.0000004b,Drive,Delivery,pitch.1,701802,0.0488,-0.1941,0.4179,0.0895,-0.8344,-0.7593,0.0,0.0
1779744291000,2,12.00000015,Lower Delivery,Delivery,pitch.1,701883,18.0963,0.3939,116.1635,-127.0141,132.3561,60.7291,-0.1084,-0.104
1779744291000,2,12.00000018,Upper Delivery,Delivery,pitch.1,702569,-0.2402,0.0687,1.6831,0.0991,-2.2118,-5.3918,0.0,0.0
1779744291000,2,Pitching Mound.Delivery,,Delivery,pitch.1,700935,17.8566,0.4553,118.0691,-88.1905,130.3573,49.2975,-0.1068,0.2277
1779744291000,2,Pitching Mound.Drive,,Delivery,pitch.1,701802,0.0488,-0.1941,0.4179,0.0895,-0.8344,-0.7593,0.0,0.0
1779744291000,2,Pitching Mound.Parent,,Delivery,pitch.1,700259,17.9054,0.2612,118.487,-88.1011,129.5229,48.5381,-0.1064,0.2269
1779744291001,2,11.0000004b,Drive,Delivery,pitch.1,701803,0.0438,-0.214,0.4795,0.0803,-0.8261,-0.7632,0.0,0.0
1779744291001,2,12.00000015,Lower Delivery,Delivery,pitch.1,701884,18.0929,0.4102,115.917,-126.6246,132.3048,60.5649,-0.1086,-0.1039
1779744291001,2,12.00000018,Upper Delivery,Delivery,pitch.1,702570,-0.246,0.0596,1.7261,0.2065,-2.2278,-5.3139,0.0,0.0
1779744291001,2,Pitching Mound.Delivery,,Delivery,pitch.1,700936,17.8502,0.4534,117.8896,-87.8988,130.1282,49.1788,-0.1068,0.2276
1779744291001,2,Pitching Mound.Drive,,Delivery,pitch.1,701803,0.0438,-0.214,0.4795,0.0803,-0.8261,-0.7632,0.0,0.0
1779744291001,2,Pitching Mound.Parent,,Delivery,pitch.1,700260,17.8941,0.2394,118.3691,-87.8185,129.3021,48.4156,-0.1064,0.2266
1779744291002,2,11.0000004b,Drive,Delivery,pitch.1,701804,0.0423,-0.2024,0.4559,0.0857,-0.8216,-0.7458,0.0,0.0
1779744291002,2,12.00000015,Lower Delivery,Delivery,pitch.1,701885,18.0596,0.4248,115.6418,-126.499,132.2706,60.352,-0.1088,-0.1041
1779744291002,2,12.00000018,Upper Delivery,Delivery,pitch.1,702571,-0.2228,0.0585,1.6632,0.1388,-2.326,-5.3001,0.0,0.0
1779744291002,2,Pitching Mound.Delivery,,Delivery,pitch.1,700937,17.8702,0.4687,117.5802,-87.6395,129.9788,49.0374,-0.107,0.2279
1779744291002,2,Pitching Mound.Drive,,Delivery,pitch.1,701804,0.0423,-0.2024,0.4559,0.0857,-0.8216,-0.7458,0.0,0.0
1779744291002,2,Pitching Mound.Parent,,Delivery,pitch.1,700261,17.9124,0.2663,118.0361,-87.5538,129.1573,48.2916,-0.1066,0.2271
1779744291003,2,11.0000004b,Drive,Delivery,pitch.1,701805,0.0354,-0.2089,0.4912,0.1063,-0.9482,-0.7593,0.0,0.0
1779744291003,2,12.00000015,Lower Delivery,Delivery,pitch.1,701886,18.028,0.4677,115.3929,-126.1996,132.077,60.1205,-0.1089,-0.104
1779744291003,2,12.00000018,Upper Delivery,Delivery,pitch.1,702572,-0.2635,0.0296,1.6492,0.217,-2.502,-5.2478,0.0,0.0
1779744291003,2,Pitching Mound.Delivery,,Delivery,pitch.1,700938,17.796,0.4544,117.291,-87.5245,129.7686,48.8744,-0.1073,0.2278
1779744291003,2,Pitching Mound.Drive,,Delivery,pitch.1,701805,0.0354,-0.2089,0.4912,0.1063,-0.9482,-0.7593,0.0,0.0
1779744291003,2,Pitching Mound.Parent,,Delivery,pitch.1,700262,17.8314,0.2454,117.7822,-87.4182,128.8203,48.115,-0.1068,0.2269
1779744291004,2,11.0000004b,Drive,Delivery,pitch.1,701806,0.0488,-0.2004,0.4525,0.0937,-0.8995,-0.7703,0.0,0.0
1779744291004,2,12.00000015,Lower Delivery,Delivery,pitch.1,701887,17.9937,0.5232,115.1126,-125.677,131.754,59.8716,-0.1089,-0.1039
1779744291004,2,12.00000018,Upper Delivery,Delivery,pitch.1,702573,-0.2136,0.0266,1.3831,0.1825,-2.5841,-5.1783,0.0,0.0
1779744291004,2,Pitching Mound.Delivery,,Delivery,pitch.1,700939,17.8145,0.4942,116.776,-87.2537,129.4929,48.7401,-0.1076,0.2291
1779744291004,2,Pitching Mound.Drive,,Delivery,pitch.1,701806,0.0488,-0.2004,0.4525,0.0937,-0.8995,-0.7703,0.0,0.0
1779744291004,2,Pitching Mound.Parent,,Delivery,pitch.1,700263,17.8632,0.2939,117.2285,-87.16,128.5934,47.9697,-0.1072,0.2283
1779744291005,2,11.0000004b,Drive,Delivery,pitch.1,701807,0.0539,-0.2067,0.4708,0.0856,-0.8849,-0.756,0.0,0.0
1779744291005,2,12.00000015,Lower Delivery,Delivery,pitch.1,701888,17.9227,0.5766,115.0541,-125.6774,131.6897,59.6746,-0.1089,-0.1039
1779744291005,2,12.00000018,Upper Delivery,Delivery,pitch.1,702574,-0.2396,0.0073,1.3739,0.1925,-2.677,-5.1401,0.0,0.0
1779744291005,2,Pitching Mound.Delivery,,Delivery,pitch.1,700940,17.7541,0.5304,116.4865,-86.8134,129.077,48.5322,-0.1076,0.2293
1779744291005,2,Pitching Mound.Drive,,Delivery,pitch.1,701807,0.0539,-0.2067,0.4708,0.0856,-0.8849,-0.756,0.0,0.0
1779744291005,2,Pitching Mound.Parent,,Delivery,pitch.1,700264,17.808,0.3238,116.9573,-86.7278,128.1921,47.7762,-0.1072,0.2284
1779744291006,2,11.0000004b,Drive,Delivery,pitch.1,701808,0.0561,-0.2091,0.4707,0.0795,-0.8461,-0.7617,0.0,0.0
1779744291006,2,11.0000004b,Drive,Delivery,pitch.1,701809,0.0613,-0.2213,0.4952,0.0671,-0.7997,-0.7533,0.0,0.0
1779744291006,2,12.00000018,Upper Delivery,Delivery,pitch.1,702575,-0.212,0.0084,1.1868,0.3077,-2.5938,-5.077,0.0,0.0
1779744291006,2,Pitching Mound.Delivery,,Delivery,pitch.1,700941,17.7107,0.585,116.2409,-86.6548,129.0959,48.4317,-0.1078,0.2302
1779744291006,2,Pitching Mound.Drive,,Delivery,pitch.1,701808,0.0561,-0.2091,0.4707,0.0795,-0.8461,-0.7617,0.0,0.0
1779744291006,2,Pitching Mound.Drive,,Delivery,pitch.1,701809,0.0613,-0.2213,0.4952,0.0671,-0.7997,-0.7533,0.0,0.0
1779744291006,2,Pitching Mound.Parent,,Delivery,pitch.1,700265,17.7668,0.3759,116.7116,-86.5753,128.2498,47.67,-0.1073,0.2293
1779744291007,2,11.0000004b,Drive,Delivery,pitch.1,701810,0.0487,-0.243,0.5693,0.0611,-0.778,-0.7863,0.0,0.0
1779744291007,2,12.00000015,Lower Delivery,Delivery,pitch.1,701889,17.8579,0.631,114.6776,-124.4201,131.0887,59.3863,-0.1087,-0.1032
1779744291007,2,12.00000018,Upper Delivery,Delivery,pitch.1,702576,-0.2714,-0.016,1.2544,0.5497,-2.6311,-5.0298,0.0,0.0
1779744291007,2,Pitching Mound.Delivery,,Delivery,pitch.1,700942,17.5865,0.615,115.9321,-85.3065,128.4576,48.1925,-0.1076,0.2305
1779744291007,2,Pitching Mound.Drive,,Delivery,pitch.1,701810,0.0487,-0.243,0.5693,0.0611,-0.778,-0.7863,0.0,0.0
1779744291007,2,Pitching Mound.Parent,,Delivery,pitch.1,700266,17.6478,0.3937,116.4273,-85.2394,127.658,47.4392,-0.1071,0.2296
1779744291008,2,11.0000004b,Drive,Delivery,pitch.1,701811,0.0492,-0.2378,0.5887,0.0535,-0.7264,-0.8278,0.0,0.0
1779744291008,2,12.00000015,Lower Delivery,Delivery,pitch.1,701890,17.7708,0.6707,114.2641,-123.5081,130.4379,59.1416,-0.1086,-0.1028
1779744291008,2,12.00000018,Upper Delivery,Delivery,pitch.1,702577,-0.2557,-0.0139,1.1624,0.526,-2.596,-4.9841,0.0,0.0
1779744291008,2,12.00000018,Upper Delivery,Delivery,pitch.1,702578,-0.2403,-0.0041,1.1262,0.5375,-2.5377,-4.9497,0.0,0.0
1779744291008,2,Pitching Mound.Delivery,,Delivery,pitch.1,700943,17.5151,0.6567,115.4265,-84.5275,127.8419,48.0285,-0.1075,0.2314
1779744291008,2,Pitching Mound.Drive,,Delivery,pitch.1,701811,0.0492,-0.2378,0.5887,0.0535,-0.7264,-0.8278,0.0,0.0
1779744291008,2,Pitching Mound.Parent,,Delivery,pitch.1,700267,17.5638,0.4138,115.9958,-84.4664,127.064,47.2421,-0.107,0.2302
1779744291009,2,11.0000004b,Drive,Delivery,pitch.1,701812,0.045,-0.2345,0.5404,0.0407,-0.6347,-0.8193,0.0,0.0
1779744291009,2,12.00000015,Lower Delivery,Delivery,pitch.1,701891,17.6588,0.6952,113.8935,-122.4255,129.9243,58.844,-0.1085,-0.1023
1779744291009,2,Pitching Mound.Delivery,,Delivery,pitch.1,700944,17.4185,0.6912,115.0197,-83.5472,127.3866,47.8086,-0.1075,0.2321
1779744291009,2,Pitching Mound.Drive,,Delivery,pitch.1,701812,0.045,-0.2345,0.5404,0.0407,-0.6347,-0.8193,0.0,0.0
1779744291009,2,Pitching Mound.Parent,,Delivery,pitch.1,700268,17.4677,0.4534,115.6084,-83.4936,126.6602,46.9808,-0.1069,0.2309
1779744291010,2,11.0000004b,Drive,Delivery,pitch.1,701813,0.0435,-0.234,0.5143,0.0366,-0.5639,-0.8288,0.0,0.0
1779744291010,2,12.00000015,Lower Delivery,Delivery,pitch.1,701892,17.5691,0.7194,113.7211,-121.6337,129.4675,58.5974,-0.1083,-0.1017
1779744291010,2,12.00000018,Upper Delivery,Delivery,pitch.1,702580,-0.1625,0.0179,0.9421,0.2246,-2.5983,-4.9278,0.0,0.0
1779744291010,2,12.00000018,Upper Delivery,Delivery,pitch.1,702579,-0.1953,0.0062,1.0131,0.4012,-2.523,-4.9376,0.0,0.0
1779744291010,2,Pitching Mound.Delivery,,Delivery,pitch.1,700945,17.3738,0.7256,114.7342,-82.9117,126.9445,47.6199,-0.1073,0.2331
1779744291010,2,Pitching Mound.Drive,,Delivery,pitch.1,701813,0.0435,-0.234,0.5143,0.0366,-0.5639,-0.8288,0.0,0.0
1779744291010,2,Pitching Mound.Parent,,Delivery,pitch.1,700269,17.4189,0.491,115.2745,-82.871,126.3098,46.8006,-0.1068,0.2321
1779744291011,2,11.0000004b,Drive,Delivery,pitch.1,701814,0.0476,-0.2383,0.5032,0.0274,-0.4961,-0.8461,0.0,0.0
1779744291011,2,12.00000015,Lower Delivery,Delivery,pitch.1,701893,17.4587,0.7329,113.5986,-121.4086,129.4564,58.4028,-0.1084,-0.1017
1779744291011,2,Pitching Mound.Delivery,,Delivery,pitch.1,700946,17.2962,0.7508,114.5407,-82.8808,126.8581,47.4838,-0.1075,0.2336
1779744291011,2,Pitching Mound.Drive,,Delivery,pitch.1,701814,0.0476,-0.2383,0.5032,0.0274,-0.4961,-0.8461,0.0,0.0
1779744291011,2,Pitching Mound.Parent,,Delivery,pitch.1,700270,17.3397,0.5169,115.055,-82.8442,126.2943,46.6551,-0.107,0.2325
1779744291012,2,11.0000004b,Drive,Delivery,pitch.1,701815,0.044,-0.2493,0.5538,0.0175,-0.4791,-0.8458,0.0,0.0
1779744291012,2,12.00000015,Lower Delivery,Delivery,pitch.1,701894,17.3332,0.7482,113.3582,-120.4455,128.9121,58.1158,-0.1082,-0.1011
1779744291012,2,12.00000018,Upper Delivery,Delivery,pitch.1,702581,-0.1568,0.0329,0.8091,0.1808,-2.5197,-4.9266,0.0,0.0
1779744291012,2,12.00000018,Upper Delivery,Delivery,pitch.1,702582,-0.1559,0.0505,0.8093,0.1109,-2.4812,-4.9171,0.0,0.0
1779744291012,2,Pitching Mound.Delivery,,Delivery,pitch.1,700947,17.1763,0.7811,114.1673,-81.998,126.3924,47.2426,-0.1074,0.2348
1779744291012,2,Pitching Mound.Drive,,Delivery,pitch.1,701815,0.044,-0.2493,0.5538,0.0175,-0.4791,-0.8458,0.0,0.0
1779744291012,2,Pitching Mound.Parent,,Delivery,pitch.1,700271,17.224,0.5428,114.6705,-81.9706,125.8962,46.3965,-0.1069,0.2338
1779744291013,2,12.00000015,Lower Delivery,Delivery,pitch.1,701895,17.212,0.7302,112.8287,-119.3655,128.5105,57.8115,-0.1084,-0.1006
1779744291013,2,12.00000018,Upper Delivery,Delivery,pitch.1,702583,-0.1527,0.0581,0.6059,0.1861,-2.2986,-4.9152,0.0,0.0
1779744291013,2,Pitching Mound.Delivery,,Delivery,pitch.1,700948,17.0561,0.7807,113.6379,-81.168,126.0292,46.9893,-0.1076,0.2352
1779744291013,2,Pitching Mound.Parent,,Delivery,pitch.1,700272,17.1001,0.5314,114.1917,-81.1505,125.5502,46.1434,-0.1071,0.2341
1779744291014,2,11.0000004b,Drive,Delivery,pitch.1,701816,0.0373,-0.2483,0.5544,0.0112,-0.406,-0.8384,0.0,0.0
1779744291014,2,12.00000015,Lower Delivery,Delivery,pitch.1,701896,17.09,0.7166,112.7997,-118.9791,128.3512,57.5078,-0.1082,-0.1003
1779744291014,2,12.00000018,Upper Delivery,Delivery,pitch.1,702584,-0.1795,0.0543,0.5506,0.184,-2.2804,-4.9111,0.0,0.0
1779744291014,2,Pitching Mound.Delivery,,Delivery,pitch.1,700949,16.9374,0.7747,113.4055,-80.6471,126.0527,46.7301,-0.1077,0.2366
1779744291014,2,Pitching Mound.Drive,,Delivery,pitch.1,701816,0.0373,-0.2483,0.5544,0.0112,-0.406,-0.8384,0.0,0.0
1779744291014,2,Pitching Mound.Parent,,Delivery,pitch.1,700273,16.9747,0.5265,113.9599,-80.6359,125.6467,45.8916,-0.1071,0.2354
1779744291015,2,11.0000004b,Drive,Delivery,pitch.1,701817,0.0229,-0.2564,0.5873,0.0117,-0.3935,-0.8181,0.0,0.0
1779744291015,2,11.0000004b,Drive,Delivery,pitch.1,701818,0.0178,-0.2616,0.5762,-0.0021,-0.3179,-0.8396,0.0,0.0
1779744291015,2,12.00000015,Lower Delivery,Delivery,pitch.1,701897,16.9868,0.6853,112.0979,-117.9402,128.0989,57.1976,-0.1087,-0.1001
1779744291015,2,12.00000018,Upper Delivery,Delivery,pitch.1,702585,-0.1803,0.056,0.6033,0.076,-2.2105,-4.8273,0.0,0.0
1779744291015,2,Pitching Mound.Delivery,,Delivery,pitch.1,700950,16.8073,0.7396,112.6485,-79.8301,125.8185,46.45,-0.1082,0.2371
1779744291015,2,Pitching Mound.Drive,,Delivery,pitch.1,701817,0.0229,-0.2564,0.5873,0.0117,-0.3935,-0.8181,0.0,0.0
1779744291015,2,Pitching Mound.Drive,,Delivery,pitch.1,701818,0.0178,-0.2616,0.5762,-0.0021,-0.3179,-0.8396,0.0,0.0
1779744291015,2,Pitching Mound.Parent,,Delivery,pitch.1,700274,16.8302,0.4832,113.2359,-79.8185,125.425,45.6319,-0.1076,0.2358
1779744291016,2,12.00000015,Lower Delivery,Delivery,pitch.1,701899,16.7556,0.6432,111.6902,-116.8859,127.8216,56.6412,-0.1089,-0.0996
1779744291016,2,12.00000015,Lower Delivery,Delivery,pitch.1,701898,16.8637,0.6779,111.964,-117.5194,128.0231,56.8976,-0.1088,-0.0998
1779744291016,2,12.00000018,Upper Delivery,Delivery,pitch.1,702586,-0.1757,0.057,0.4217,0.1158,-1.9951,-4.7565,0.0,0.0
1779744291016,2,Pitching Mound.Delivery,,Delivery,pitch.1,700952,16.5799,0.7002,112.112,-78.9388,125.8264,46.1281,-0.1085,0.2383
1779744291016,2,Pitching Mound.Delivery,,Delivery,pitch.1,700951,16.6835,0.7339,112.5673,-79.5807,125.8126,46.2753,-0.1082,0.237
1779744291016,2,Pitching Mound.Parent,,Delivery,pitch.1,700275,16.7013,0.4723,113.1435,-79.5828,125.4947,45.4357,-0.1076,0.2358
1779744291017,2,11.0000004b,Drive,Delivery,pitch.1,701820,0.0312,-0.2287,0.5811,0.025,-0.4324,-0.7878,0.0,0.0
1779744291017,2,11.0000004b,Drive,Delivery,pitch.1,701819,0.027,-0.2443,0.5611,0.0073,-0.3652,-0.814,0.0,0.0
1779744291017,2,12.00000018,Upper Delivery,Delivery,pitch.1,702587,-0.0508,0.0263,0.0285,0.0789,-1.7404,-4.7102,0.0,0.0
1779744291017,2,Pitching Mound.Drive,,Delivery,pitch.1,701820,0.0312,-0.2287,0.5811,0.025,-0.4324,-0.7878,0.0,0.0
1779744291017,2,Pitching Mound.Drive,,Delivery,pitch.1,701819,0.027,-0.2443,0.5611,0.0073,-0.3652,-0.814,0.0,0.0
1779744291017,2,Pitching Mound.Parent,,Delivery,pitch.1,700276,16.6069,0.4559,112.6731,-78.9314,125.4612,45.3141,-0.1079,0.2371
1779744291018,2,12.00000015,Lower Delivery,Delivery,pitch.1,701901,16.5546,0.6025,111.0797,-115.4181,127.2221,56.0115,-0.109,-0.0988
1779744291018,2,12.00000015,Lower Delivery,Delivery,pitch.1,701900,16.6534,0.6026,111.0904,-115.931,127.4687,56.3068,-0.1092,-0.0993
1779744291018,2,12.00000018,Upper Delivery,Delivery,pitch.1,702588,-0.1061,0.0044,0.0926,0.0422,-1.9203,-4.7482,0.0,0.0
1779744291018,2,Pitching Mound.Delivery,,Delivery,pitch.1,700954,16.4485,0.6069,111.1722,-77.6402,125.3018,45.5987,-0.1089,0.2407
1779744291018,2,Pitching Mound.Delivery,,Delivery,pitch.1,700953,16.6026,0.6289,111.1189,-78.091,125.7283,45.9172,-0.1091,0.2406
1779744291018,2,Pitching Mound.Parent,,Delivery,pitch.1,700277,16.6338,0.4002,111.7,-78.066,125.2959,45.1295,-0.1086,0.2393
1779744291019,2,11.0000004b,Drive,Delivery,pitch.1,701822,0.0262,-0.2154,0.6158,0.0702,-0.7129,-0.7357,0.0,0.0
1779744291019,2,11.0000004b,Drive,Delivery,pitch.1,701821,0.0326,-0.2283,0.6217,0.0455,-0.6119,-0.7704,0.0,0.0
1779744291019,2,12.00000015,Lower Delivery,Delivery,pitch.1,701902,16.4657,0.5862,110.7115,-114.4104,127.0023,55.662,-0.1091,-0.0983
1779744291019,2,Pitching Mound.Drive,,Delivery,pitch.1,701822,0.0262,-0.2154,0.6158,0.0702,-0.7129,-0.7357,0.0,0.0
1779744291019,2,Pitching Mound.Drive,,Delivery,pitch.1,701821,0.0326,-0.2283,0.6217,0.0455,-0.6119,-0.7704,0.0,0.0
1779744291019,2,Pitching Mound.Parent,,Delivery,pitch.1,700278,16.4811,0.3786,111.794,-77.5948,124.6899,44.8282,-0.1083,0.2393
1779744291020,2,11.0000004b,Drive,Delivery,pitch.1,701823,0.035,-0.2237,0.6444,0.0903,-0.764,-0.7403,0.0,0.0
1779744291020,2,12.00000015,Lower Delivery,Delivery,pitch.1,701903,16.3858,0.5946,110.8831,-114.2355,126.868,55.3582,-0.1088,-0.098
1779744291020,2,12.00000018,Upper Delivery,Delivery,pitch.1,702590,-0.1402,-0.0199,0.2186,0.1016,-1.7798,-4.6562,0.0,0.0
1779744291020,2,12.00000018,Upper Delivery,Delivery,pitch.1,702589,-0.1929,0.0257,0.3983,-0.1079,-2.0794,-4.6767,0.0,0.0
1779744291020,2,Pitching Mound.Delivery,,Delivery,pitch.1,700955,16.2727,0.6119,111.1098,-77.0118,124.9228,45.3214,-0.1087,0.2396
1779744291020,2,Pitching Mound.Delivery,,Delivery,pitch.1,700956,16.2456,0.5747,111.1017,-76.508,125.0882,45.0832,-0.1086,0.2408
1779744291020,2,Pitching Mound.Drive,,Delivery,pitch.1,701823,0.035,-0.2237,0.6444,0.0903,-0.764,-0.7403,0.0,0.0
1779744291020,2,Pitching Mound.Parent,,Delivery,pitch.1,700279,16.2989,0.3965,111.7256,-76.9415,124.2099,44.5857,-0.1081,0.2383
1779744291020,2,Pitching Mound.Parent,,Delivery,pitch.1,700280,16.2806,0.351,111.746,-76.4177,124.3242,44.3429,-0.108,0.2395
1779744291021,2,11.0000004b,Drive,Delivery,pitch.1,701824,0.0414,-0.2133,0.5807,0.0838,-0.7987,-0.7273,0.0,0.0
1779744291021,2,12.00000015,Lower Delivery,Delivery,pitch.1,701904,16.2805,0.5889,110.4561,-112.6394,126.2182,54.9276,-0.1087,-0.097
1779744291021,2,Pitching Mound.Drive,,Delivery,pitch.1,701824,0.0414,-0.2133,0.5807,0.0838,-0.7987,-0.7273,0.0,0.0
1779744291022,2,11.0000004b,Drive,Delivery,pitch.1,701825,0.0374,-0.2177,0.6292,0.1101,-0.8286,-0.7068,0.0,0.0
1779744291022,2,12.00000015,Lower Delivery,Delivery,pitch.1,701905,16.1808,0.615,110.6436,-112.4601,126.0285,54.6202,-0.1084,-0.0967
1779744291022,2,12.00000018,Upper Delivery,Delivery,pitch.1,702591,-0.1803,-0.0118,0.3773,0.105,-1.7537,-4.6019,0.0,0.0
1779744291022,2,Pitching Mound.Delivery,,Delivery,pitch.1,700957,16.1002,0.5772,110.8334,-75.1076,124.4645,44.729,-0.1083,0.241
1779744291022,2,Pitching Mound.Drive,,Delivery,pitch.1,701825,0.0374,-0.2177,0.6292,0.1101,-0.8286,-0.7068,0.0,0.0
1779744291022,2,Pitching Mound.Parent,,Delivery,pitch.1,700281,16.1416,0.3639,111.4141,-75.0238,123.6658,44.0017,-0.1078,0.2397
1779744291023,2,11.0000004b,Drive,Delivery,pitch.1,701826,0.0416,-0.2128,0.5861,0.1208,-0.8763,-0.7261,0.0,0.0
1779744291023,2,12.00000015,Lower Delivery,Delivery,pitch.1,701906,16.0444,0.5691,108.2884,-110.3338,125.0661,54.1488,-0.1099,-0.0969
1779744291023,2,12.00000018,Upper Delivery,Delivery,pitch.1,702592,-0.123,-0.0277,0.1573,0.1223,-1.756,-4.6017,0.0,0.0
1779744291023,2,Pitching Mound.Delivery,,Delivery,pitch.1,700958,16.0578,0.5874,110.8009,-74.7725,124.2725,44.4752,-0.1082,0.2425
1779744291023,2,Pitching Mound.Drive,,Delivery,pitch.1,701826,0.0416,-0.2128,0.5861,0.1208,-0.8763,-0.7261,0.0,0.0
1779744291023,2,Pitching Mound.Parent,,Delivery,pitch.1,700282,16.0951,0.3697,111.4301,-74.6624,123.4439,43.7684,-0.1076,0.2411
1779744291024,2,11.0000004b,Drive,Delivery,pitch.1,701827,0.0467,-0.2066,0.5941,0.1219,-0.8743,-0.7495,0.0,0.0
1779744291024,2,12.00000015,Lower Delivery,Delivery,pitch.1,701907,15.9235,0.6186,109.2108,-110.1367,124.7828,53.8204,-0.1087,-0.0959
1779744291024,2,12.00000018,Upper Delivery,Delivery,pitch.1,702593,-0.0734,-0.0088,0.0911,0.1691,-1.621,-4.536,0.0,0.0
1779744291024,2,12.00000018,Upper Delivery,Delivery,pitch.1,702594,-0.0531,0.0063,0.0249,0.0013,-1.544,-4.5207,0.0,0.0
1779744291024,2,Pitching Mound.Delivery,,Delivery,pitch.1,700959,15.971,0.5603,108.3795,-73.3776,123.4451,44.1328,-0.1098,0.2426
1779744291024,2,Pitching Mound.Delivery,,Delivery,pitch.1,700960,15.8704,0.6249,109.2356,-73.0122,123.2388,43.8677,-0.1087,0.2439
1779744291024,2,Pitching Mound.Drive,,Delivery,pitch.1,701827,0.0467,-0.2066,0.5941,0.1219,-0.8743,-0.7495,0.0,0.0
1779744291024,2,Pitching Mound.Parent,,Delivery,pitch.1,700283,16.0125,0.3475,108.9657,-73.2568,122.5688,43.4066,-0.1092,0.2413
1779744291024,2,Pitching Mound.Parent,,Delivery,pitch.1,700284,15.9171,0.4183,109.8298,-72.8903,122.3645,43.1182,-0.1081,0.2426
1779744291025,2,11.0000004b,Drive,Delivery,pitch.1,701828,0.0522,-0.206,0.5843,0.1396,-0.9409,-0.7335,0.0,0.0
1779744291025,2,12.00000015,Lower Delivery,Delivery,pitch.1,701908,15.7922,0.5851,107.8545,-108.8105,124.2082,53.4553,-0.1096,-0.096
1779744291025,2,Pitching Mound.Drive,,Delivery,pitch.1,701828,0.0522,-0.206,0.5843,0.1396,-0.9409,-0.7335,0.0,0.0
1779744291026,2,12.00000015,Lower Delivery,Delivery,pitch.1,701909,15.6804,0.5479,106.8318,-107.329,123.3692,53.1087,-0.1099,-0.0956
1779744291026,2,12.00000018,Upper Delivery,Delivery,pitch.1,702595,-0.0482,0.019,0.026,0.0566,-1.6416,-4.5578,0.0,0.0
1779744291026,2,Pitching Mound.Delivery,,Delivery,pitch.1,700961,15.7439,0.6041,107.8805,-72.0923,122.5666,43.5117,-0.1095,0.2439
1779744291026,2,Pitching Mound.Parent,,Delivery,pitch.1,700285,15.7961,0.3982,108.4648,-71.9527,121.6257,42.7782,-0.1089,0.2426
1779744291027,2,11.0000004b,Drive,Delivery,pitch.1,701829,0.0607,-0.1975,0.5975,0.107,-0.9103,-0.7488,0.0,0.0
1779744291027,2,11.0000004b,Drive,Delivery,pitch.1,701830,0.0542,-0.2053,0.5758,0.1006,-0.8836,-0.7366,0.0,0.0
1779744291027,2,12.00000015,Lower Delivery,Delivery,pitch.1,701910,15.4243,0.5997,107.7803,-106.9274,123.0489,52.4661,-0.1086,-0.0944
1779744291027,2,12.00000018,Upper Delivery,Delivery,pitch.1,702596,-0.0483,0.0208,0.0279,0.1605,-1.5258,-4.5367,0.0,0.0
1779744291027,2,12.00000018,Upper Delivery,Delivery,pitch.1,702597,-0.0482,0.008,0.0656,0.2138,-1.3961,-4.4721,0.0,0.0
1779744291027,2,Pitching Mound.Delivery,,Delivery,pitch.1,700962,15.6321,0.5687,106.8596,-70.8552,121.8434,43.2242,-0.1098,0.2443
1779744291027,2,Pitching Mound.Delivery,,Delivery,pitch.1,700963,15.3761,0.6077,107.8459,-70.0906,121.6528,42.7334,-0.1085,0.2453
1779744291027,2,Pitching Mound.Drive,,Delivery,pitch.1,701829,0.0607,-0.1975,0.5975,0.107,-0.9103,-0.7488,0.0,0.0
1779744291027,2,Pitching Mound.Drive,,Delivery,pitch.1,701830,0.0542,-0.2053,0.5758,0.1006,-0.8836,-0.7366,0.0,0.0
1779744291027,2,Pitching Mound.Parent,,Delivery,pitch.1,700286,15.6928,0.3712,107.4571,-70.7482,120.9332,42.4754,-0.1092,0.2429
1779744291027,2,Pitching Mound.Parent,,Delivery,pitch.1,700287,15.4303,0.4024,108.4216,-69.99,120.7692,41.9968,-0.108,0.244
1779744291028,2,11.0000004b,Drive,Delivery,pitch.1,701831,0.0508,-0.2117,0.6078,0.0887,-0.8609,-0.7424,0.0,0.0
1779744291028,2,12.00000015,Lower Delivery,Delivery,pitch.1,701911,15.3443,0.5337,106.5237,-105.2445,122.2564,52.1585,-0.1092,-0.094
1779744291028,2,12.00000018,Upper Delivery,Delivery,pitch.1,702598,-0.0479,0.0096,0.0532,0.3234,-1.2459,-4.3935,0.0,0.0
1779744291028,2,Pitching Mound.Delivery,,Delivery,pitch.1,700964,15.2964,0.5433,106.5769,-68.7211,121.0104,42.5317,-0.1091,0.2457
1779744291028,2,Pitching Mound.Drive,,Delivery,pitch.1,701831,0.0508,-0.2117,0.6078,0.0887,-0.8609,-0.7424,0.0,0.0
1779744291028,2,Pitching Mound.Parent,,Delivery,pitch.1,700288,15.3472,0.3316,107.1847,-68.6324,120.1496,41.7893,-0.1085,0.2443
1779744291029,2,11.0000004b,Drive,Delivery,pitch.1,701832,0.0536,-0.2195,0.5655,0.0963,-0.8203,-0.777,0.0,0.0
1779744291029,2,12.00000015,Lower Delivery,Delivery,pitch.1,701912,15.2403,0.4768,105.7734,-103.9953,121.4547,51.8208,-0.1092,-0.0935
1779744291029,2,12.00000018,Upper Delivery,Delivery,pitch.1,702599,-0.0501,0.0024,0.0625,0.3236,-1.1434,-4.3999,0.0,0.0
1779744291029,2,Pitching Mound.Delivery,,Delivery,pitch.1,700965,15.1902,0.4791,105.8359,-67.73,120.3113,42.2222,-0.1092,0.2461
1779744291029,2,Pitching Mound.Drive,,Delivery,pitch.1,701832,0.0536,-0.2195,0.5655,0.0963,-0.8203,-0.777,0.0,0.0
1779744291029,2,Pitching Mound.Parent,,Delivery,pitch.1,700289,15.2439,0.2597,106.4015,-67.6337,119.491,41.4452,-0.1086,0.2448
1779744291030,2,11.0000004b,Drive,Delivery,pitch.1,701833,0.0554,-0.2111,0.4974,0.1158,-0.8004,-0.7882,0.0,0.0
1779744291030,2,12.00000015,Lower Delivery,Delivery,pitch.1,701913,15.0941,0.4427,105.8623,-104.0039,121.4543,51.5226,-0.1091,-0.0935
1779744291030,2,12.00000018,Upper Delivery,Delivery,pitch.1,702600,-0.0528,-0.0019,0.0688,0.4939,-1.0216,-4.327,0.0,0.0
1779744291030,2,Pitching Mound.Delivery,,Delivery,pitch.1,700966,15.0413,0.4408,105.9311,-67.5402,120.4327,42.0457,-0.1091,0.2462
1779744291030,2,Pitching Mound.Drive,,Delivery,pitch.1,701833,0.0554,-0.2111,0.4974,0.1158,-0.8004,-0.7882,0.0,0.0
1779744291030,2,Pitching Mound.Parent,,Delivery,pitch.1,700290,15.0967,0.2297,106.4285,-67.4244,119.6323,41.2575,-0.1086,0.245
1779744291031,2,11.0000004b,Drive,Delivery,pitch.1,701834,0.0535,-0.217,0.6011,0.1015,-0.761,-0.8043,0.0,0.0
1779744291031,2,12.00000015,Lower Delivery,Delivery,pitch.1,701914,14.9907,0.3621,105.0903,-102.7313,120.684,51.1111,-0.1092,-0.093
1779744291031,2,12.00000018,Upper Delivery,Delivery,pitch.1,702601,-0.1147,-0.0237,0.2072,0.2983,-1.2121,-4.351,0.0,0.0
1779744291031,2,Pitching Mound.Delivery,,Delivery,pitch.1,700967,14.876,0.3385,105.2975,-66.7727,119.4719,41.6243,-0.109,0.2459
1779744291031,2,Pitching Mound.Drive,,Delivery,pitch.1,701834,0.0535,-0.217,0.6011,0.1015,-0.761,-0.8043,0.0,0.0
1779744291031,2,Pitching Mound.Parent,,Delivery,pitch.1,700291,14.9295,0.1214,105.8986,-66.6712,118.7109,40.82,-0.1084,0.2445
1779744291032,2,11.0000004b,Drive,Delivery,pitch.1,701835,0.0516,-0.2191,0.598,0.1175,-0.8198,-0.8312,0.0,0.0
1779744291032,2,12.00000015,Lower Delivery,Delivery,pitch.1,701915,14.8866,0.2317,103.9688,-101.4664,120.4202,50.7509,-0.1102,-0.0928
1779744291032,2,12.00000018,Upper Delivery,Delivery,pitch.1,702602,-0.187,-0.01,0.4518,0.3024,-1.3563,-4.3266,0.0,0.0
1779744291032,2,Pitching Mound.Delivery,,Delivery,pitch.1,700968,14.6995,0.2217,104.4206,-65.9682,119.0638,41.2992,-0.1097,0.2446
1779744291032,2,Pitching Mound.Drive,,Delivery,pitch.1,701835,0.0516,-0.2191,0.598,0.1175,-0.8198,-0.8312,0.0,0.0
1779744291032,2,Pitching Mound.Parent,,Delivery,pitch.1,700292,14.7512,0.0027,105.0186,-65.8507,118.244,40.468,-0.1091,0.2432
1779744291033,2,11.0000004b,Drive,Delivery,pitch.1,701836,0.0503,-0.2207,0.672,0.0984,-0.8185,-0.863,0.0,0.0
1779744291033,2,12.00000015,Lower Delivery,Delivery,pitch.1,701916,14.8055,0.1727,103.5933,-100.1813,119.4908,50.3111,-0.1097,-0.092
1779744291033,2,12.00000018,Upper Delivery,Delivery,pitch.1,702603,-0.2637,0.0208,0.7697,0.2675,-1.506,-4.3072,0.0,0.0
1779744291033,2,Pitching Mound.Delivery,,Delivery,pitch.1,700969,14.5418,0.1935,104.363,-64.9538,117.9848,40.8804,-0.1089,0.2437
1779744291033,2,Pitching Mound.Drive,,Delivery,pitch.1,701836,0.0503,-0.2207,0.672,0.0984,-0.8185,-0.863,0.0,0.0
1779744291033,2,Pitching Mound.Parent,,Delivery,pitch.1,700293,14.592,-0.0273,105.035,-64.8554,117.1663,40.0173,-0.1082,0.2421
1779744291034,2,11.0000004b,Drive,Delivery,pitch.1,701837,0.0459,-0.2382,0.5549,0.0981,-0.8009,-0.8545,0.0,0.0
1779744291034,2,12.00000015,Lower Delivery,Delivery,pitch.1,701917,14.749,0.0979,103.4055,-99.4575,119.4288,49.8897,-0.1099,-0.0915
1779744291034,2,12.00000018,Upper Delivery,Delivery,pitch.1,702604,-0.2314,0.011,0.6692,0.2043,-1.2383,-4.2969,0.0,0.0
1779744291034,2,Pitching Mound.Delivery,,Delivery,pitch.1,700970,14.5176,0.1089,104.0747,-64.3229,118.1905,40.4995,-0.1092,0.2447
1779744291034,2,Pitching Mound.Drive,,Delivery,pitch.1,701837,0.0459,-0.2382,0.5549,0.0981,-0.8009,-0.8545,0.0,0.0
1779744291034,2,Pitching Mound.Parent,,Delivery,pitch.1,700294,14.5635,-0.1293,104.6296,-64.2248,117.3896,39.645,-0.1086,0.2434
1779744291035,2,11.0000004b,Drive,Delivery,pitch.1,701838,0.0431,-0.2507,0.4942,0.0849,-0.8932,-0.8505,0.0,0.0
1779744291035,2,12.00000015,Lower Delivery,Delivery,pitch.1,701918,14.6719,0.0248,102.8495,-98.0976,118.244,49.3714,-0.1094,-0.0907
1779744291035,2,12.00000018,Upper Delivery,Delivery,pitch.1,702605,-0.2335,-0.0123,0.6215,0.3024,-0.9324,-4.1863,0.0,0.0
1779744291035,2,Pitching Mound.Delivery,,Delivery,pitch.1,700971,14.4384,0.0124,103.471,-63.0377,117.3115,40.1173,-0.1087,0.2457
1779744291035,2,Pitching Mound.Drive,,Delivery,pitch.1,701838,0.0431,-0.2507,0.4942,0.0849,-0.8932,-0.8505,0.0,0.0
1779744291035,2,Pitching Mound.Parent,,Delivery,pitch.1,700295,14.4815,-0.2382,103.9651,-62.9528,116.4183,39.2669,-0.1082,0.2446
1779744291036,2,11.0000004b,Drive,Delivery,pitch.1,701839,0.0354,-0.2438,0.4466,0.094,-0.9579,-0.8333,0.0,0.0
1779744291036,2,12.00000015,Lower Delivery,Delivery,pitch.1,701919,14.6036,-0.0473,102.2623,-96.5748,118.1029,48.8152,-0.1099,-0.0898
1779744291036,2,12.00000018,Upper Delivery,Delivery,pitch.1,702606,-0.3418,-0.0034,0.928,0.2503,-1.0478,-4.2057,0.0,0.0
1779744291036,2,Pitching Mound.Delivery,,Delivery,pitch.1,700972,14.2618,-0.0507,103.1903,-61.8708,117.0551,39.5281,-0.1089,0.2449
1779744291036,2,Pitching Mound.Drive,,Delivery,pitch.1,701839,0.0354,-0.2438,0.4466,0.094,-0.9579,-0.8333,0.0,0.0
1779744291036,2,Pitching Mound.Parent,,Delivery,pitch.1,700296,14.2972,-0.2945,103.6369,-61.7768,116.0972,38.6948,-0.1084,0.2438
1779744291037,2,11.0000004b,Drive,Delivery,pitch.1,701840,0.0353,-0.2651,0.5175,0.0952,-0.9911,-0.855,0.0,0.0
1779744291037,2,12.00000015,Lower Delivery,Delivery,pitch.1,701920,14.5437,-0.0935,101.862,-94.7844,118.36,48.2103,-0.1105,-0.0885
1779744291037,2,12.00000018,Upper Delivery,Delivery,pitch.1,702607,-0.3549,-0.0153,0.9481,0.3656,-0.7999,-4.1354,0.0,0.0
1779744291037,2,Pitching Mound.Delivery,,Delivery,pitch.1,700973,14.1887,-0.1087,102.8101,-60.1081,117.5601,39.0094,-0.1095,0.246
1779744291037,2,Pitching Mound.Drive,,Delivery,pitch.1,701840,0.0353,-0.2651,0.5175,0.0952,-0.9911,-0.855,0.0,0.0
1779744291037,2,Pitching Mound.Parent,,Delivery,pitch.1,700297,14.224,-0.3738,103.3276,-60.0129,116.569,38.1543,-0.109,0.2448
1779744291038,2,11.0000004b,Drive,Delivery,pitch.1,701841,0.0359,-0.2578,0.4844,0.1085,-1.0933,-0.8658,0.0,0.0
1779744291038,2,12.00000015,Lower Delivery,Delivery,pitch.1,701921,14.3886,-0.1416,101.1162,-93.0438,118.1374,47.3753,-0.1111,-0.0875
1779744291038,2,12.00000018,Upper Delivery,Delivery,pitch.1,702608,-0.3305,-0.04,0.7947,0.2892,-0.7328,-4.0632,0.0,0.0
1779744291038,2,Pitching Mound.Delivery,,Delivery,pitch.1,700974,14.0581,-0.1816,101.9109,-58.6453,117.4046,38.3076,-0.1103,0.2478
1779744291038,2,Pitching Mound.Drive,,Delivery,pitch.1,701841,0.0359,-0.2578,0.4844,0.1085,-1.0933,-0.8658,0.0,0.0
1779744291038,2,Pitching Mound.Parent,,Delivery,pitch.1,700298,14.0941,-0.4393,102.3953,-58.5368,116.3114,37.4418,-0.1098,0.2467
1779744291039,2,11.0000004b,Drive,Delivery,pitch.1,701842,0.0328,-0.252,0.5101,0.1168,-1.1112,-0.857,0.0,0.0
1779744291039,2,12.00000015,Lower Delivery,Delivery,pitch.1,701922,14.269,-0.1503,101.4368,-93.3236,117.7291,46.8941,-0.1104,-0.0875
1779744291039,2,12.00000018,Upper Delivery,Delivery,pitch.1,702609,-0.3689,-0.0224,1.0679,0.327,-0.684,-4.0001,0.0,0.0
1779744291039,2,Pitching Mound.Delivery,,Delivery,pitch.1,700975,13.9,-0.1727,102.5048,-58.8713,117.0451,37.9171,-0.1093,0.2463
1779744291039,2,Pitching Mound.Drive,,Delivery,pitch.1,701842,0.0328,-0.252,0.5101,0.1168,-1.1112,-0.857,0.0,0.0
1779744291039,2,Pitching Mound.Parent,,Delivery,pitch.1,700299,13.9328,-0.4247,103.0149,-58.7545,115.9339,37.0601,-0.1087,0.2451
1779744291040,2,11.0000004b,Drive,Delivery,pitch.1,701843,0.0254,-0.2414,0.5074,0.1237,-1.1454,-0.8294,0.0,0.0
1779744291040,2,12.00000015,Lower Delivery,Delivery,pitch.1,701923,14.0213,-0.1198,101.5595,-93.0301,116.6283,46.0964,-0.1092,-0.0871
1779744291040,2,12.00000018,Upper Delivery,Delivery,pitch.1,702610,-0.3816,-0.0484,1.0314,0.3568,-0.5925,-3.8855,0.0,0.0
1779744291040,2,Pitching Mound.Delivery,,Delivery,pitch.1,700976,13.6397,-0.1682,102.5909,-58.4937,116.0359,37.314,-0.1081,0.2469
1779744291040,2,Pitching Mound.Drive,,Delivery,pitch.1,701843,0.0254,-0.2414,0.5074,0.1237,-1.1454,-0.8294,0.0,0.0
1779744291040,2,Pitching Mound.Parent,,Delivery,pitch.1,700300,13.6651,-0.4096,103.0983,-58.37,114.8904,36.4845,-0.1076,0.2457
1779744291041,2,11.0000004b,Drive,Delivery,pitch.1,701844,0.0253,-0.2478,0.569,0.1357,-1.0922,-0.838,0.0,0.0
1779744291041,2,12.00000015,Lower Delivery,Delivery,pitch.1,701924,13.8258,-0.1002,100.2184,-90.2712,115.2711,45.3133,-0.1094,-0.0857
1779744291041,2,12.00000018,Upper Delivery,Delivery,pitch.1,702611,-0.3487,-0.0245,0.9396,0.374,-0.3985,-3.7814,0.0,0.0
1779744291041,2,Pitching Mound.Delivery,,Delivery,pitch.1,700977,13.4772,-0.1247,101.158,-56.1424,114.8726,36.7125,-0.1084,0.2488
1779744291041,2,Pitching Mound.Drive,,Delivery,pitch.1,701844,0.0253,-0.2478,0.569,0.1357,-1.0922,-0.838,0.0,0.0
1779744291041,2,Pitching Mound.Parent,,Delivery,pitch.1,700301,13.5025,-0.3725,101.727,-56.0067,113.7804,35.8745,-0.1078,0.2474
1779744291042,2,11.0000004b,Drive,Delivery,pitch.1,701845,0.0364,-0.237,0.5481,0.1488,-1.1287,-0.8178,0.0,0.0
1779744291042,2,12.00000015,Lower Delivery,Delivery,pitch.1,701925,13.6859,-0.1,99.6863,-89.1926,115.0135,44.8516,-0.1098,-0.0851
1779744291042,2,12.00000018,Upper Delivery,Delivery,pitch.1,702612,-0.3732,-0.0333,0.8616,0.3729,-0.2249,-3.6525,0.0,0.0
1779744291042,2,Pitching Mound.Delivery,,Delivery,pitch.1,700978,13.3127,-0.1333,100.5479,-55.2193,114.7886,36.419,-0.1088,0.2498
1779744291042,2,Pitching Mound.Drive,,Delivery,pitch.1,701845,0.0364,-0.237,0.5481,0.1488,-1.1287,-0.8178,0.0,0.0
1779744291042,2,Pitching Mound.Parent,,Delivery,pitch.1,700302,13.3491,-0.3703,101.0961,-55.0705,113.6599,35.6012,-0.1082,0.2484
1779744291043,2,11.0000004b,Drive,Delivery,pitch.1,701846,0.0403,-0.2361,0.54,0.1116,-1.036,-0.786,0.0,0.0
1779744291043,2,12.00000015,Lower Delivery,Delivery,pitch.1,701926,13.5834,-0.0907,99.2514,-88.2869,114.9665,44.5555,-0.1102,-0.0846
1779744291043,2,12.00000018,Upper Delivery,Delivery,pitch.1,702613,-0.3901,-0.0546,0.856,0.3904,0.2671,-3.4908,0.0,0.0
1779744291043,2,Pitching Mound.Delivery,,Delivery,pitch.1,700979,13.1933,-0.1453,100.1073,-54.4421,115.2336,36.3137,-0.1092,0.2503
1779744291043,2,Pitching Mound.Drive,,Delivery,pitch.1,701846,0.0403,-0.2361,0.54,0.1116,-1.036,-0.786,0.0,0.0
1779744291043,2,Pitching Mound.Parent,,Delivery,pitch.1,700303,13.2336,-0.3813,100.6473,-54.3305,114.1976,35.5276,-0.1087,0.2489
1779744291044,2,11.0000004b,Drive,Delivery,pitch.1,701847,0.0387,-0.2312,0.5454,0.1053,-0.9938,-0.7774,0.0,0.0
1779744291044,2,12.00000015,Lower Delivery,Delivery,pitch.1,701927,13.2977,-0.0239,100.0566,-88.5756,113.703,43.8305,-0.1081,-0.0842
1779744291044,2,12.00000018,Upper Delivery,Delivery,pitch.1,702614,-0.3726,-0.0384,0.7511,0.22,0.4854,-3.4045,0.0,0.0
1779744291044,2,Pitching Mound.Delivery,,Delivery,pitch.1,700980,12.9251,-0.0623,100.8077,-54.5917,114.1884,35.7781,-0.1073,0.2513
1779744291044,2,Pitching Mound.Drive,,Delivery,pitch.1,701847,0.0387,-0.2312,0.5454,0.1053,-0.9938,-0.7774,0.0,0.0
1779744291044,2,Pitching Mound.Parent,,Delivery,pitch.1,700304,12.9638,-0.2935,101.3531,-54.4863,113.1945,35.0007,-0.1067,0.25
1779744291045,2,11.0000004b,Drive,Delivery,pitch.1,701848,0.0394,-0.2325,0.5299,0.0854,-0.9805,-0.8078,0.0,0.0
1779744291045,2,12.00000015,Lower Delivery,Delivery,pitch.1,701928,13.1021,-0.0588,98.1978,-85.6787,112.7591,43.288,-0.1092,-0.083
1779744291045,2,12.00000018,Upper Delivery,Delivery,pitch.1,702615,-0.4014,-0.0447,0.7491,0.2981,0.567,-3.3563,0.0,0.0
1779744291045,2,Pitching Mound.Delivery,,Delivery,pitch.1,700981,12.7007,-0.1036,98.9469,-52.2481,113.3262,35.3405,-0.1084,0.2525
1779744291045,2,Pitching Mound.Drive,,Delivery,pitch.1,701848,0.0394,-0.2325,0.5299,0.0854,-0.9805,-0.8078,0.0,0.0
1779744291045,2,Pitching Mound.Parent,,Delivery,pitch.1,700305,12.7401,-0.3361,99.4768,-52.1626,112.3457,34.5328,-0.1078,0.2511
1779744291046,2,11.0000004b,Drive,Delivery,pitch.1,701849,0.0466,-0.2324,0.5364,0.0664,-0.8354,-0.8104,0.0,0.0
1779744291046,2,12.00000015,Lower Delivery,Delivery,pitch.1,701929,12.8635,-0.0335,97.7206,-84.3649,111.6157,42.6788,-0.1087,-0.0821
1779744291046,2,12.00000018,Upper Delivery,Delivery,pitch.1,702616,-0.3555,-0.0256,0.7186,0.3352,0.6059,-3.3045,0.0,0.0
1779744291046,2,Pitching Mound.Delivery,,Delivery,pitch.1,700982,12.508,-0.0591,98.4392,-51.049,112.2216,34.8798,-0.1079,0.2535
1779744291046,2,Pitching Mound.Drive,,Delivery,pitch.1,701849,0.0466,-0.2324,0.5364,0.0664,-0.8354,-0.8104,0.0,0.0
1779744291046,2,Pitching Mound.Parent,,Delivery,pitch.1,700306,12.5546,-0.2915,98.9755,-50.9826,111.3862,34.0694,-0.1073,0.2521
1779744291047,2,11.0000004b,Drive,Delivery,pitch.1,701850,0.0573,-0.2292,0.4796,0.053,-0.7673,-0.8178,0.0,0.0
1779744291047,2,12.00000015,Lower Delivery,Delivery,pitch.1,701930,12.6913,-0.0554,96.8742,-82.9722,111.2447,42.1443,-0.1092,-0.0815
1779744291047,2,12.00000018,Upper Delivery,Delivery,pitch.1,702617,-0.3443,-0.0121,0.6454,0.3277,0.5945,-3.2457,0.0,0.0
1779744291047,2,Pitching Mound.Delivery,,Delivery,pitch.1,700983,12.3471,-0.0676,97.5195,-49.9267,111.8392,34.4665,-0.1085,0.2546
1779744291047,2,Pitching Mound.Drive,,Delivery,pitch.1,701850,0.0573,-0.2292,0.4796,0.053,-0.7673,-0.8178,0.0,0.0
1779744291047,2,Pitching Mound.Parent,,Delivery,pitch.1,700307,12.4044,-0.2968,97.9992,-49.8737,111.0719,33.6487,-0.108,0.2533
1779744291048,2,11.0000004b,Drive,Delivery,pitch.1,701851,0.0511,-0.2329,0.4912,0.0514,-0.7565,-0.809,0.0,0.0
1779744291048,2,12.00000015,Lower Delivery,Delivery,pitch.1,701931,12.5172,-0.0558,97.2975,-83.0548,110.8782,41.6741,-0.1084,-0.0812
1779744291048,2,12.00000018,Upper Delivery,Delivery,pitch.1,702618,-0.2235,-0.0305,0.6485,0.3245,0.5897,-3.2204,0.0,0.0
1779744291048,2,Pitching Mound.Delivery,,Delivery,pitch.1,700984,12.2937,-0.0864,97.946,-49.8697,111.4678,34.1219,-0.1077,0.2548
1779744291048,2,Pitching Mound.Drive,,Delivery,pitch.1,701851,0.0511,-0.2329,0.4912,0.0514,-0.7565,-0.809,0.0,0.0
1779744291048,2,Pitching Mound.Parent,,Delivery,pitch.1,700308,12.3448,-0.3193,98.4372,-49.8182,110.7114,33.3129,-0.1072,0.2536
1779744291049,2,11.0000004b,Drive,Delivery,pitch.1,701852,0.0503,-0.2413,0.5189,0.0467,-0.7114,-0.7898,0.0,0.0
1779744291049,2,12.00000015,Lower Delivery,Delivery,pitch.1,701932,12.2771,-0.0835,96.1881,-80.3843,108.9475,40.7907,-0.1077,-0.0795
1779744291049,2,12.00000018,Upper Delivery,Delivery,pitch.1,702619,-0.2968,-0.032,0.6545,0.3122,0.5713,-3.1251,0.0,0.0
1779744291049,2,Pitching Mound.Delivery,,Delivery,pitch.1,700985,11.9804,-0.1154,96.8426,-47.5907,109.5188,33.3905,-0.107,0.2564
1779744291049,2,Pitching Mound.Drive,,Delivery,pitch.1,701852,0.0503,-0.2413,0.5189,0.0467,-0.7114,-0.7898,0.0,0.0
1779744291049,2,Pitching Mound.Parent,,Delivery,pitch.1,700309,12.0307,-0.3567,97.3615,-47.544,108.8073,32.6007,-0.1064,0.2551
1779744291050,2,11.0000004b,Drive,Delivery,pitch.1,701853,0.0446,-0.2466,0.5354,0.0332,-0.6097,-0.8294,0.0,0.0
1779744291050,2,12.00000015,Lower Delivery,Delivery,pitch.1,701933,12.1218,-0.1582,95.7604,-78.4437,108.8445,40.0852,-0.1081,-0.0779
1779744291050,2,12.00000018,Upper Delivery,Delivery,pitch.1,702620,-0.1737,-0.0689,0.3618,0.3145,0.5748,-3.1431,0.0,0.0
1779744291050,2,Pitching Mound.Delivery,,Delivery,pitch.1,700986,11.9481,-0.227,96.1222,-45.6936,109.4192,32.7617,-0.1077,0.2598
1779744291050,2,Pitching Mound.Drive,,Delivery,pitch.1,701853,0.0446,-0.2466,0.5354,0.0332,-0.6097,-0.8294,0.0,0.0
1779744291050,2,Pitching Mound.Parent,,Delivery,pitch.1,700310,11.9927,-0.4737,96.6576,-45.6604,108.8095,31.9322,-0.1071,0.2584
1779744291051,2,11.0000004b,Drive,Delivery,pitch.1,701854,0.0367,-0.2476,0.5307,0.0146,-0.4497,-0.806,0.0,0.0
1779744291051,2,12.00000015,Lower Delivery,Delivery,pitch.1,701934,12.0022,-0.2205,96.456,-78.2207,108.5828,39.4787,-0.1071,-0.0771
1779744291051,2,12.00000018,Upper Delivery,Delivery,pitch.1,702621,-0.1957,-0.0723,0.4182,0.318,0.5799,-3.1698,0.0,0.0
1779744291051,2,Pitching Mound.Delivery,,Delivery,pitch.1,700987,11.8065,-0.2928,96.8742,-45.2499,109.1627,32.1616,-0.1066,0.2603
1779744291051,2,Pitching Mound.Drive,,Delivery,pitch.1,701854,0.0367,-0.2476,0.5307,0.0146,-0.4497,-0.806,0.0,0.0
1779744291051,2,Pitching Mound.Parent,,Delivery,pitch.1,700311,11.8432,-0.5404,97.405,-45.2353,108.713,31.3556,-0.106,0.2588
1779744291052,2,11.0000004b,Drive,Delivery,pitch.1,701855,0.0402,-0.244,0.5112,0.0288,-0.5626,-0.7981,0.0,0.0
1779744291052,2,12.00000015,Lower Delivery,Delivery,pitch.1,701935,11.7589,-0.2993,94.8585,-74.6257,105.9129,38.5027,-0.1062,-0.0748
1779744291052,2,12.00000018,Upper Delivery,Delivery,pitch.1,702622,-0.31,-0.0613,0.7502,0.3074,0.564,-3.0872,0.0,0.0
1779744291052,2,Pitching Mound.Delivery,,Delivery,pitch.1,700988,11.4489,-0.3607,95.6087,-42.3215,106.4769,31.3121,-0.1054,0.2604
1779744291052,2,Pitching Mound.Drive,,Delivery,pitch.1,701855,0.0402,-0.244,0.5112,0.0288,-0.5626,-0.7981,0.0,0.0
1779744291052,2,Pitching Mound.Parent,,Delivery,pitch.1,700312,11.489,-0.6046,96.1198,-42.2927,105.9142,30.514,-0.1048,0.259
1779744291053,2,11.0000004b,Drive,Delivery,pitch.1,701856,0.0248,-0.2446,0.5802,0.0272,-0.5508,-0.8144,0.0,0.0
1779744291053,2,12.00000015,Lower Delivery,Delivery,pitch.1,701936,11.6223,-0.3916,94.6814,-73.2345,106.1691,37.82,-0.1067,-0.0736
1779744291053,2,12.00000018,Upper Delivery,Delivery,pitch.1,702623,-0.2636,-0.0893,0.5921,0.3003,0.5533,-3.0317,0.0,0.0
1779744291053,2,Pitching Mound.Delivery,,Delivery,pitch.1,700989,11.3587,-0.4809,95.2735,-40.9439,106.7224,30.7471,-0.106,0.2627
1779744291053,2,Pitching Mound.Drive,,Delivery,pitch.1,701856,0.0248,-0.2446,0.5802,0.0272,-0.5508,-0.8144,0.0,0.0
1779744291053,2,Pitching Mound.Parent,,Delivery,pitch.1,700313,11.3835,-0.7255,95.8536,-40.9167,106.1716,29.9327,-0.1054,0.2611
1779744291054,2,11.0000004b,Drive,Delivery,pitch.1,701857,0.0282,-0.2501,0.5808,0.0451,-0.6447,-0.8204,0.0,0.0
1779744291054,2,12.00000015,Lower Delivery,Delivery,pitch.1,701937,11.5014,-0.4287,94.4018,-72.4294,105.0214,37.2375,-0.1058,-0.073
1779744291054,2,12.00000018,Upper Delivery,Delivery,pitch.1,702624,-0.3412,-0.0909,0.6438,0.302,0.5559,-3.0449,0.0,0.0
1779744291054,2,Pitching Mound.Delivery,,Delivery,pitch.1,700990,11.1602,-0.5197,95.0456,-40.2497,105.5773,30.1662,-0.1051,0.2629
1779744291054,2,Pitching Mound.Drive,,Delivery,pitch.1,701857,0.0282,-0.2501,0.5808,0.0451,-0.6447,-0.8204,0.0,0.0
1779744291054,2,Pitching Mound.Parent,,Delivery,pitch.1,700314,11.1885,-0.7697,95.6264,-40.2046,104.9326,29.3457,-0.1045,0.2613
1779744291055,2,11.0000004b,Drive,Delivery,pitch.1,701858,0.0388,-0.2502,0.5674,0.0652,-0.7391,-0.8169,0.0,0.0
1779744291055,2,12.00000015,Lower Delivery,Delivery,pitch.1,701938,11.4211,-0.4935,94.045,-71.2333,104.387,36.6401,-0.1056,-0.0721
1779744291055,2,12.00000018,Upper Delivery,Delivery,pitch.1,702625,-0.4387,-0.1042,0.4871,0.2864,0.5325,-2.9237,0.0,0.0
1779744291055,2,Pitching Mound.Delivery,,Delivery,pitch.1,700991,10.9824,-0.5977,94.5322,-39.1372,104.9195,29.684,-0.105,0.2648
1779744291055,2,Pitching Mound.Drive,,Delivery,pitch.1,701858,0.0388,-0.2502,0.5674,0.0652,-0.7391,-0.8169,0.0,0.0
1779744291055,2,Pitching Mound.Parent,,Delivery,pitch.1,700315,11.0213,-0.8479,95.0995,-39.072,104.1804,28.8671,-0.1044,0.2632
1779744291056,2,11.0000004b,Drive,Delivery,pitch.1,701859,0.0271,-0.2496,0.6076,0.0634,-0.7034,-0.7996,0.0,0.0
1779744291056,2,12.00000015,Lower Delivery,Delivery,pitch.1,701939,11.3587,-0.5618,93.415,-70.1654,103.9637,36.2301,-0.1059,-0.0715
1779744291056,2,12.00000018,Upper Delivery,Delivery,pitch.1,702626,-0.4501,-0.1317,0.3913,0.2741,0.5141,-2.8281,0.0,0.0
1779744291056,2,Pitching Mound.Delivery,,Delivery,pitch.1,700992,10.9087,-0.6935,93.8063,-38.2632,104.4778,29.3871,-0.1054,0.266
1779744291056,2,Pitching Mound.Drive,,Delivery,pitch.1,701859,0.0271,-0.2496,0.6076,0.0634,-0.7034,-0.7996,0.0,0.0
1779744291056,2,Pitching Mound.Parent,,Delivery,pitch.1,700316,10.9357,-0.9431,94.4138,-38.1998,103.7744,28.5874,-0.1048,0.2643
1779744291057,2,11.0000004b,Drive,Delivery,pitch.1,701860,0.0224,-0.2503,0.6598,0.0889,-0.7832,-0.7952,0.0,0.0
1779744291057,2,12.00000015,Lower Delivery,Delivery,pitch.1,701940,11.2953,-0.6134,92.5962,-68.932,103.3028,35.7301,-0.1061,-0.0708
1779744291057,2,12.00000018,Upper Delivery,Delivery,pitch.1,702627,-0.52,-0.1311,0.3176,0.2662,0.5022,-2.7662,0.0,0.0
1779744291057,2,Pitching Mound.Delivery,,Delivery,pitch.1,700993,10.7754,-0.7445,92.9138,-37.291,103.805,28.9467,-0.1058,0.2671
1779744291057,2,Pitching Mound.Drive,,Delivery,pitch.1,701860,0.0224,-0.2503,0.6598,0.0889,-0.7832,-0.7952,0.0,0.0
1779744291057,2,Pitching Mound.Parent,,Delivery,pitch.1,700317,10.7978,-0.9948,93.5736,-37.2021,103.0218,28.1515,-0.105,0.2652
1779744291058,2,11.0000004b,Drive,Delivery,pitch.1,701861,0.0264,-0.2362,0.6433,0.1051,-0.7273,-0.8025,0.0,0.0
1779744291058,2,12.00000015,Lower Delivery,Delivery,pitch.1,701941,11.2317,-0.6697,91.6058,-67.5531,102.3713,35.2779,-0.1063,-0.0702
1779744291058,2,12.00000018,Upper Delivery,Delivery,pitch.1,702628,-0.5477,-0.162,0.2688,0.2519,0.4807,-2.6547,0.0,0.0
1779744291058,2,Pitching Mound.Delivery,,Delivery,pitch.1,700994,10.684,-0.8317,91.8746,-36.2465,102.852,28.6182,-0.106,0.2681
1779744291058,2,Pitching Mound.Drive,,Delivery,pitch.1,701861,0.0264,-0.2362,0.6433,0.1051,-0.7273,-0.8025,0.0,0.0
1779744291058,2,Pitching Mound.Parent,,Delivery,pitch.1,700318,10.7104,-1.0679,92.5179,-36.1414,102.1248,27.8157,-0.1053,0.2662
1779744291059,2,11.0000004b,Drive,Delivery,pitch.1,701862,0.0153,-0.235,0.6615,0.0787,-0.6614,-0.8185,0.0,0.0
1779744291059,2,12.00000015,Lower Delivery,Delivery,pitch.1,701942,11.182,-0.7024,91.5712,-67.4839,102.4023,34.8341,-0.1064,-0.0701
1779744291059,2,12.00000018,Upper Delivery,Delivery,pitch.1,702629,-0.5378,-0.1604,0.3044,0.2433,0.4677,-2.5872,0.0,0.0
1779744291059,2,Pitching Mound.Delivery,,Delivery,pitch.1,700995,10.6442,-0.8629,91.8756,-36.2099,102.87,28.2622,-0.106,0.2679
1779744291059,2,Pitching Mound.Drive,,Delivery,pitch.1,701862,0.0153,-0.235,0.6615,0.0787,-0.6614,-0.8185,0.0,0.0
1779744291059,2,Pitching Mound.Parent,,Delivery,pitch.1,700319,10.6595,-1.0978,92.5371,-36.1312,102.2086,27.4437,-0.1053,0.266
1779744291060,2,11.0000004b,Drive,Delivery,pitch.1,701863,0.0126,-0.2404,0.6958,0.0873,-0.7165,-0.8271,0.0,0.0
1779744291060,2,12.00000015,Lower Delivery,Delivery,pitch.1,701943,11.1378,-0.7505,90.686,-66.4625,101.6405,34.4118,-0.1066,-0.0697
1779744291060,2,12.00000018,Upper Delivery,Delivery,pitch.1,702630,-0.4156,-0.1891,0.4444,0.2458,0.4715,-2.607,0.0,0.0
1779744291060,2,Pitching Mound.Delivery,,Delivery,pitch.1,700996,10.7222,-0.9395,91.1304,-35.5346,102.112,27.8767,-0.1061,0.2673
1779744291060,2,Pitching Mound.Drive,,Delivery,pitch.1,701863,0.0126,-0.2404,0.6958,0.0873,-0.7165,-0.8271,0.0,0.0
1779744291060,2,Pitching Mound.Parent,,Delivery,pitch.1,700320,10.7349,-1.18,91.8263,-35.4473,101.3955,27.0496,-0.1053,0.2653
1779744291061,2,11.0000004b,Drive,Delivery,pitch.1,701864,0.0163,-0.2277,0.6801,0.0723,-0.67,-0.7944,0.0,0.0
1779744291061,2,12.00000015,Lower Delivery,Delivery,pitch.1,701944,11.1172,-0.8051,89.7754,-65.2193,101.1681,33.9547,-0.1072,-0.0691
1779744291061,2,12.00000018,Upper Delivery,Delivery,pitch.1,702631,-0.4433,-0.1888,0.3695,0.2369,0.4581,-2.5374,0.0,0.0
1779744291061,2,Pitching Mound.Delivery,,Delivery,pitch.1,700997,10.6739,-0.9939,90.1449,-34.5844,101.6262,27.4867,-0.1068,0.2684
1779744291061,2,Pitching Mound.Drive,,Delivery,pitch.1,701864,0.0163,-0.2277,0.6801,0.0723,-0.67,-0.7944,0.0,0.0
1779744291061,2,Pitching Mound.Parent,,Delivery,pitch.1,700321,10.6902,-1.2216,90.8249,-34.5121,100.9562,26.6923,-0.106,0.2664
1779744291062,2,11.0000004b,Drive,Delivery,pitch.1,701865,0.0229,-0.2212,0.6453,0.0593,-0.7192,-0.8138,0.0,0.0
1779744291062,2,12.00000015,Lower Delivery,Delivery,pitch.1,701945,11.1071,-0.8258,89.2933,-63.7664,100.7237,33.4466,-0.1073,-0.0679
1779744291062,2,12.00000018,Upper Delivery,Delivery,pitch.1,702632,-0.3161,-0.1663,0.4797,0.2468,0.4731,-2.6151,0.0,0.0
1779744291062,2,Pitching Mound.Delivery,,Delivery,pitch.1,700998,10.791,-0.9921,89.7731,-33.323,101.1968,26.9476,-0.1067,0.2688
1779744291062,2,Pitching Mound.Drive,,Delivery,pitch.1,701865,0.0229,-0.2212,0.6453,0.0593,-0.7192,-0.8138,0.0,0.0
1779744291062,2,Pitching Mound.Parent,,Delivery,pitch.1,700322,10.814,-1.2133,90.4183,-33.2637,100.4775,26.1338,-0.106,0.2669
1779744291063,2,11.0000004b,Drive,Delivery,pitch.1,701866,0.0275,-0.2166,0.6313,0.0584,-0.7165,-0.8004,0.0,0.0
1779744291063,2,12.00000015,Lower Delivery,Delivery,pitch.1,701946,11.1116,-0.8558,89.0469,-63.2027,100.1816,33.0337,-0.107,-0.0675
1779744291063,2,12.00000018,Upper Delivery,Delivery,pitch.1,702633,-0.1326,-0.0802,0.2082,0.244,0.4689,-2.5933,0.0,0.0
1779744291063,2,Pitching Mound.Delivery,,Delivery,pitch.1,700999,10.9791,-0.9361,89.2551,-32.7535,100.6505,26.6174,-0.1068,0.2711
1779744291063,2,Pitching Mound.Drive,,Delivery,pitch.1,701866,0.0275,-0.2166,0.6313,0.0584,-0.7165,-0.8004,0.0,0.0
1779744291063,2,Pitching Mound.Parent,,Delivery,pitch.1,700323,11.0066,-1.1527,89.8864,-32.6951,99.934,25.8169,-0.106,0.2691
1779744291064,2,11.0000004b,Drive,Delivery,pitch.1,701867,0.0224,-0.2078,0.6331,0.0508,-0.6355,-0.7919,0.0,0.0
1779744291064,2,12.00000015,Lower Delivery,Delivery,pitch.1,701947,11.0978,-0.8876,88.6218,-62.5911,99.6681,32.6073,-0.107,-0.0672
1779744291064,2,12.00000018,Upper Delivery,Delivery,pitch.1,702634,-0.1185,-0.0825,0.2101,0.2428,0.467,-2.5837,0.0,0.0
1779744291064,2,Pitching Mound.Delivery,,Delivery,pitch.1,701000,10.9792,-0.9701,88.8319,-32.2883,100.1351,26.21,-0.1067,0.2714
1779744291064,2,Pitching Mound.Drive,,Delivery,pitch.1,701867,0.0224,-0.2078,0.6331,0.0508,-0.6355,-0.7919,0.0,0.0
1779744291064,2,Pitching Mound.Parent,,Delivery,pitch.1,700324,11.0016,-1.1779,89.4649,-32.2375,99.4996,25.4181,-0.106,0.2694
1779744291065,2,11.0000004b,Drive,Delivery,pitch.1,701868,0.0137,-0.2082,0.6655,0.0374,-0.5755,-0.793,0.0,0.0
1779744291065,2,12.00000015,Lower Delivery,Delivery,pitch.1,701948,11.0892,-0.9131,88.2814,-60.9179,99.0691,32.1739,-0.1068,-0.0656
1779744291065,2,12.00000018,Upper Delivery,Delivery,pitch.1,702635,-0.0654,-0.0526,0.1184,0.2458,0.4716,-2.6073,0.0,0.0
1779744291065,2,Pitching Mound.Delivery,,Delivery,pitch.1,701001,11.0237,-0.9657,88.3998,-30.6966,99.5407,25.774,-0.1066,0.2735
1779744291065,2,Pitching Mound.Drive,,Delivery,pitch.1,701868,0.0137,-0.2082,0.6655,0.0374,-0.5755,-0.793,0.0,0.0
1779744291065,2,Pitching Mound.Parent,,Delivery,pitch.1,700325,11.0374,-1.1738,89.0652,-30.6592,98.9652,24.981,-0.1058,0.2715
1779744291066,2,11.0000004b,Drive,Delivery,pitch.1,701869,0.0337,-0.2062,0.6179,0.0351,-0.5805,-0.7994,0.0,0.0
1779744291066,2,12.00000015,Lower Delivery,Delivery,pitch.1,701949,11.0956,-0.9394,88.0534,-59.6938,98.7458,31.7613,-0.1067,-0.0645
1779744291066,2,12.00000018,Upper Delivery,Delivery,pitch.1,702636,-0.0594,-0.0301,0.0793,0.2519,0.4806,-2.6543,0.0,0.0
1779744291066,2,Pitching Mound.Delivery,,Delivery,pitch.1,701002,11.0362,-0.9695,88.1326,-29.5307,99.2264,25.3142,-0.1066,0.275
1779744291066,2,Pitching Mound.Drive,,Delivery,pitch.1,701869,0.0337,-0.2062,0.6179,0.0351,-0.5805,-0.7994,0.0,0.0
1779744291066,2,Pitching Mound.Parent,,Delivery,pitch.1,700326,11.0699,-1.1757,88.7506,-29.4956,98.6459,24.5148,-0.1058,0.273
1779744291067,2,11.0000004b,Drive,Delivery,pitch.1,701870,0.0469,-0.2134,0.6549,0.0427,-0.6743,-0.7697,0.0,0.0
1779744291067,2,12.00000015,Lower Delivery,Delivery,pitch.1,701950,11.1075,-0.9782,88.003,-58.7059,98.3646,31.3739,-0.1063,-0.0635
1779744291067,2,12.00000018,Upper Delivery,Delivery,pitch.1,702637,-0.0587,-0.0321,0.1049,0.2536,0.4833,-2.668,0.0,0.0
1779744291067,2,Pitching Mound.Delivery,,Delivery,pitch.1,701003,11.0488,-1.0104,88.1079,-28.5669,98.8478,24.9094,-0.1062,0.2758
1779744291067,2,Pitching Mound.Drive,,Delivery,pitch.1,701870,0.0469,-0.2134,0.6549,0.0427,-0.6743,-0.7697,0.0,0.0
1779744291067,2,Pitching Mound.Parent,,Delivery,pitch.1,700327,11.0957,-1.2237,88.7628,-28.5242,98.1735,24.1398,-0.1054,0.2738
1779744291068,2,11.0000004b,Drive,Delivery,pitch.1,701871,0.0475,-0.2069,0.6813,0.0424,-0.696,-0.7872,0.0,0.0
1779744291068,2,12.00000015,Lower Delivery,Delivery,pitch.1,701951,11.1395,-1.0094,87.788,-56.6758,97.9109,30.9155,-0.1061,-0.0614
1779744291068,2,12.00000018,Upper Delivery,Delivery,pitch.1,702638,-0.0791,-0.0453,0.1665,0.2513,0.4798,-2.6503,0.0,0.0
1779744291068,2,Pitching Mound.Delivery,,Delivery,pitch.1,701004,11.0604,-1.0547,87.9545,-26.6331,98.3907,24.4509,-0.1059,0.2774
1779744291068,2,Pitching Mound.Drive,,Delivery,pitch.1,701871,0.0475,-0.2069,0.6813,0.0424,-0.696,-0.7872,0.0,0.0
1779744291068,2,Pitching Mound.Parent,,Delivery,pitch.1,700328,11.1079,-1.2616,88.6358,-26.5907,97.6947,23.6637,-0.1051,0.2753
1779744291069,2,11.0000004b,Drive,Delivery,pitch.1,701872,0.0445,-0.2126,0.727,0.0466,-0.7304,-0.7916,0.0,0.0
1779744291069,2,12.00000015,Lower Delivery,Delivery,pitch.1,701952,11.1723,-1.0217,87.7118,-54.9672,97.7828,30.4398,-0.1061,-0.0596
1779744291069,2,12.00000018,Upper Delivery,Delivery,pitch.1,702639,-0.0601,-0.0195,0.0966,0.2459,0.4717,-2.6078,0.0,0.0
1779744291069,2,Pitching Mound.Delivery,,Delivery,pitch.1,701005,11.1122,-1.0411,87.8084,-24.9321,98.2545,24.013,-0.1059,0.2797
1779744291069,2,Pitching Mound.Drive,,Delivery,pitch.1,701872,0.0445,-0.2126,0.727,0.0466,-0.7304,-0.7916,0.0,0.0
1779744291069,2,Pitching Mound.Parent,,Delivery,pitch.1,700329,11.1568,-1.2538,88.5355,-24.8856,97.5241,23.2213,-0.1051,0.2774
1779744291070,2,11.0000004b,Drive,Delivery,pitch.1,701873,0.0463,-0.2281,0.766,0.0581,-0.7755,-0.7735,0.0,0.0
1779744291070,2,12.00000015,Lower Delivery,Delivery,pitch.1,701953,11.2258,-1.0534,87.4995,-53.7689,97.6018,30.1025,-0.1061,-0.0585
1779744291070,2,12.00000018,Upper Delivery,Delivery,pitch.1,702640,-0.0588,-0.0158,0.0942,0.2396,0.4622,-2.5585,0.0,0.0
1779744291070,2,Pitching Mound.Delivery,,Delivery,pitch.1,701006,11.167,-1.0692,87.5937,-23.8115,98.064,23.7072,-0.106,0.2809
1779744291070,2,Pitching Mound.Drive,,Delivery,pitch.1,701873,0.0463,-0.2281,0.766,0.0581,-0.7755,-0.7735,0.0,0.0
1779744291070,2,Pitching Mound.Parent,,Delivery,pitch.1,700330,11.2132,-1.2973,88.3597,-23.7534,97.2885,22.9337,-0.1051,0.2784
1779744291071,2,11.0000004b,Drive,Delivery,pitch.1,701874,0.0389,-0.219,0.8076,0.0503,-0.7183,-0.7768,0.0,0.0
1779744291071,2,12.00000015,Lower Delivery,Delivery,pitch.1,701954,11.2281,-1.0544,87.4411,-53.0687,97.3947,29.745,-0.106,-0.0577
1779744291071,2,12.00000018,Upper Delivery,Delivery,pitch.1,702641,-0.0647,-0.0226,0.1099,0.2364,0.4574,-2.5335,0.0,0.0
1779744291071,2,Pitching Mound.Delivery,,Delivery,pitch.1,701007,11.1634,-1.077,87.551,-23.1397,97.852,23.3719,-0.1058,0.2815
1779744291071,2,Pitching Mound.Drive,,Delivery,pitch.1,701874,0.0389,-0.219,0.8076,0.0503,-0.7183,-0.7768,0.0,0.0
1779744291071,2,Pitching Mound.Parent,,Delivery,pitch.1,700331,11.2023,-1.296,88.3586,-23.0894,97.1337,22.595,-0.1049,0.2789
1779744291072,2,11.0000004b,Drive,Delivery,pitch.1,701875,0.0364,-0.2225,0.8147,0.0438,-0.6583,-0.768,0.0,0.0
1779744291072,2,12.00000015,Lower Delivery,Delivery,pitch.1,701955,11.2586,-1.0725,87.4693,-52.1485,96.9728,29.3695,-0.1055,-0.0567
1779744291072,2,12.00000018,Upper Delivery,Delivery,pitch.1,702642,-0.0818,-0.0288,0.1275,0.2227,0.4368,-2.4266,0.0,0.0
1779744291072,2,Pitching Mound.Delivery,,Delivery,pitch.1,701008,11.1768,-1.1012,87.5968,-22.2296,97.4096,23.0871,-0.1053,0.2824
1779744291072,2,Pitching Mound.Drive,,Delivery,pitch.1,701875,0.0364,-0.2225,0.8147,0.0438,-0.6583,-0.768,0.0,0.0
1779744291072,2,Pitching Mound.Parent,,Delivery,pitch.1,700332,11.2133,-1.3237,88.4115,-22.1858,96.7513,22.3191,-0.1043,0.2798
1779744291073,2,11.0000004b,Drive,Delivery,pitch.1,701876,0.0274,-0.2247,0.7965,0.0431,-0.653,-0.7642,0.0,0.0
1779744291073,2,12.00000015,Lower Delivery,Delivery,pitch.1,701956,11.2691,-1.1022,86.7047,-50.425,96.3314,28.934,-0.1057,-0.0553
1779744291073,2,12.00000018,Upper Delivery,Delivery,pitch.1,702643,-0.1487,-0.0684,0.2477,0.2105,0.4185,-2.3316,0.0,0.0
1779744291073,2,Pitching Mound.Delivery,,Delivery,pitch.1,701009,11.1205,-1.1706,86.9524,-20.8191,96.7499,22.7203,-0.1054,0.2829
1779744291073,2,Pitching Mound.Drive,,Delivery,pitch.1,701876,0.0274,-0.2247,0.7965,0.0431,-0.653,-0.7642,0.0,0.0
1779744291073,2,Pitching Mound.Parent,,Delivery,pitch.1,700333,11.1478,-1.3953,87.7489,-20.776,96.0969,21.9561,-0.1044,0.2803
1779744291074,2,11.0000004b,Drive,Delivery,pitch.1,701877,0.0278,-0.2427,0.6912,0.0452,-0.6738,-0.7522,0.0,0.0
1779744291074,2,12.00000015,Lower Delivery,Delivery,pitch.1,701957,11.2567,-1.1057,86.557,-49.6134,95.7085,28.6128,-0.1052,-0.0545
1779744291074,2,12.00000018,Upper Delivery,Delivery,pitch.1,702644,-0.1616,-0.0739,0.2565,0.208,0.4147,-2.3121,0.0,0.0
1779744291074,2,Pitching Mound.Delivery,,Delivery,pitch.1,701010,11.0952,-1.1796,86.8135,-20.0633,96.1232,22.4184,-0.1049,0.2836
1779744291074,2,Pitching Mound.Drive,,Delivery,pitch.1,701877,0.0278,-0.2427,0.6912,0.0452,-0.6738,-0.7522,0.0,0.0
1779744291074,2,Pitching Mound.Parent,,Delivery,pitch.1,700334,11.123,-1.4223,87.5048,-20.018,95.4494,21.6663,-0.104,0.2814
1779744291075,2,11.0000004b,Drive,Delivery,pitch.1,701878,0.024,-0.2326,0.7239,0.0769,-0.6992,-0.7544,0.0,0.0
1779744291075,2,12.00000015,Lower Delivery,Delivery,pitch.1,701958,11.3133,-1.1284,86.5634,-48.5998,95.8171,28.2374,-0.1053,-0.0534
1779744291075,2,12.00000018,Upper Delivery,Delivery,pitch.1,702645,-0.181,-0.0897,0.2834,0.193,0.3923,-2.1956,0.0,0.0
1779744291075,2,Pitching Mound.Delivery,,Delivery,pitch.1,701011,11.1323,-1.2181,86.8469,-19.0716,96.2094,22.1337,-0.105,0.2845
1779744291075,2,Pitching Mound.Drive,,Delivery,pitch.1,701878,0.024,-0.2326,0.7239,0.0769,-0.6992,-0.7544,0.0,0.0
1779744291075,2,Pitching Mound.Parent,,Delivery,pitch.1,700335,11.1562,-1.4507,87.5708,-18.9947,95.5102,21.3792,-0.1041,0.2822
1779744291076,2,11.0000004b,Drive,Delivery,pitch.1,701879,0.0195,-0.247,0.692,0.1021,-0.791,-0.7504,0.0,0.0
1779744291076,2,12.00000015,Lower Delivery,Delivery,pitch.1,701959,11.3626,-1.1533,86.3247,-47.0657,95.3523,27.9683,-0.1051,-0.0519
1779744291076,2,12.00000018,Upper Delivery,Delivery,pitch.1,702646,-0.2327,-0.1147,0.3467,0.1858,0.3814,-2.1392,0.0,0.0
1779744291076,2,Pitching Mound.Delivery,,Delivery,pitch.1,701012,11.1299,-1.268,86.6714,-17.6474,95.7337,21.8867,-0.1047,0.2856
1779744291076,2,Pitching Mound.Drive,,Delivery,pitch.1,701879,0.0195,-0.247,0.692,0.1021,-0.791,-0.7504,0.0,0.0
1779744291076,2,Pitching Mound.Parent,,Delivery,pitch.1,700336,11.1493,-1.515,87.3634,-17.5454,94.9427,21.1363,-0.1038,0.2834
1779744291077,2,11.0000004b,Drive,Delivery,pitch.1,701880,0.019,-0.2511,0.782,0.0933,-0.7134,-0.8065,0.0,0.0
1779744291077,2,12.00000015,Lower Delivery,Delivery,pitch.1,701960,11.3782,-1.1738,86.1371,-46.9265,95.4686,27.7247,-0.1054,-0.0518
1779744291077,2,12.00000018,Upper Delivery,Delivery,pitch.1,702647,-0.305,-0.1461,0.437,0.1819,0.3756,-2.1091,0.0,0.0
1779744291077,2,Pitching Mound.Delivery,,Delivery,pitch.1,701013,11.0732,-1.3199,86.574,-17.6066,95.8442,21.6434,-0.1049,0.285
1779744291077,2,Pitching Mound.Drive,,Delivery,pitch.1,701880,0.019,-0.2511,0.782,0.0933,-0.7134,-0.8065,0.0,0.0
1779744291077,2,Pitching Mound.Parent,,Delivery,pitch.1,700337,11.0922,-1.571,87.3561,-17.5133,95.1308,20.8369,-0.104,0.2825
1779744291078,2,11.0000004b,Drive,Delivery,pitch.1,701881,0.0194,-0.2386,0.8498,0.0954,-0.7206,-0.7902,0.0,0.0
1779744291078,2,12.00000015,Lower Delivery,Delivery,pitch.1,701961,11.4033,-1.2119,86.1852,-46.7418,95.4313,27.5126,-0.1053,-0.0516
1779744291078,2,12.00000018,Upper Delivery,Delivery,pitch.1,702648,-0.2728,-0.135,0.3666,0.1792,0.3715,-2.0878,0.0,0.0
1779744291078,2,Pitching Mound.Delivery,,Delivery,pitch.1,701014,11.1305,-1.3469,86.5518,-17.3842,95.8028,21.455,-0.1049,0.2857
1779744291078,2,Pitching Mound.Drive,,Delivery,pitch.1,701881,0.0194,-0.2386,0.8498,0.0954,-0.7206,-0.7902,0.0,0.0
1779744291078,2,Pitching Mound.Parent,,Delivery,pitch.1,700338,11.1499,-1.5854,87.4016,-17.2888,95.0821,20.6648,-0.1039,0.283
1779744291079,2,11.0000004b,Drive,Delivery,pitch.1,701882,0.0066,-0.2416,0.769,0.0751,-0.783,-0.7631,0.0,0.0
1779744291079,2,12.00000015,Lower Delivery,Delivery,pitch.1,701962,11.4544,-1.2568,85.9383,-46.2544,95.4198,27.407,-0.1056,-0.0512
1779744291079,2,12.00000018,Upper Delivery,Delivery,pitch.1,702649,-0.2918,-0.1447,0.391,0.1847,0.3797,-2.1303,0.0,0.0
1779744291079,2,Pitching Mound.Delivery,,Delivery,pitch.1,701015,11.1627,-1.4015,86.3293,-16.9836,95.7995,21.283,-0.1051,0.286
1779744291079,2,Pitching Mound.Drive,,Delivery,pitch.1,701882,0.0066,-0.2416,0.769,0.0751,-0.783,-0.7631,0.0,0.0
1779744291079,2,Pitching Mound.Parent,,Delivery,pitch.1,700339,11.1693,-1.6431,87.0983,-16.9085,95.0165,20.5199,-0.1042,0.2834
1779744291080,2,11.0000004b,Drive,Delivery,pitch.1,701883,0.0122,-0.234,0.8261,0.0733,-0.7417,-0.7603,0.0,0.0
1779744291080,2,12.00000015,Lower Delivery,Delivery,pitch.1,701963,11.5107,-1.3389,85.4601,-45.8046,95.2986,27.2057,-0.1061,-0.051
1779744291080,2,12.00000018,Upper Delivery,Delivery,pitch.1,702650,-0.3103,-0.1468,0.4307,0.1908,0.3889,-2.1781,0.0,0.0
1779744291080,2,Pitching Mound.Delivery,,Delivery,pitch.1,701016,11.2005,-1.4856,85.8909,-16.7038,95.6875,21.0085,-0.1055,0.2859
1779744291080,2,Pitching Mound.Drive,,Delivery,pitch.1,701883,0.0122,-0.234,0.8261,0.0733,-0.7417,-0.7603,0.0,0.0
1779744291080,2,Pitching Mound.Parent,,Delivery,pitch.1,700340,11.2127,-1.7197,86.7169,-16.6305,94.9458,20.2481,-0.1045,0.2831
1779744291081,2,11.0000004b,Drive,Delivery,pitch.1,701884,0.0205,-0.2296,0.6682,0.0653,-0.8112,-0.7633,0.0,0.0
1779744291081,2,12.00000015,Lower Delivery,Delivery,pitch.1,701964,11.5848,-1.4231,85.1639,-45.2817,95.2941,27.04,-0.1064,-0.0506
1779744291081,2,12.00000018,Upper Delivery,Delivery,pitch.1,702651,-0.3,-0.143,0.4074,0.201,0.4042,-2.2574,0.0,0.0
1779744291081,2,Pitching Mound.Delivery,,Delivery,pitch.1,701017,11.2848,-1.5661,85.5713,-16.2636,95.6982,20.7417,-0.1059,0.2864
1779744291081,2,Pitching Mound.Drive,,Delivery,pitch.1,701884,0.0205,-0.2296,0.6682,0.0653,-0.8112,-0.7633,0.0,0.0
1779744291081,2,Pitching Mound.Parent,,Delivery,pitch.1,700341,11.3053,-1.7957,86.2395,-16.1983,94.887,19.9784,-0.1051,0.2842
1779744291082,2,11.0000004b,Drive,Delivery,pitch.1,701885,0.0232,-0.2349,0.6432,0.0592,-0.7909,-0.7638,0.0,0.0
1779744291082,2,12.00000015,Lower Delivery,Delivery,pitch.1,701965,11.7061,-1.5042,85.885,-44.3091,95.7536,26.9087,-0.1061,-0.0491
1779744291082,2,12.00000018,Upper Delivery,Delivery,pitch.1,702652,-0.2662,-0.1279,0.3765,0.2127,0.4218,-2.3488,0.0,0.0
1779744291082,2,Pitching Mound.Delivery,,Delivery,pitch.1,701018,11.4399,-1.6321,86.2615,-15.0235,96.1754,20.4894,-0.1056,0.2882
1779744291082,2,Pitching Mound.Drive,,Delivery,pitch.1,701885,0.0232,-0.2349,0.6432,0.0592,-0.7909,-0.7638,0.0,0.0
1779744291082,2,Pitching Mound.Parent,,Delivery,pitch.1,700342,11.4631,-1.867,86.9047,-14.9643,95.3844,19.7256,-0.1048,0.286
1779744291083,2,11.0000004b,Drive,Delivery,pitch.1,701886,0.0229,-0.2339,0.6406,0.07,-0.8235,-0.7431,0.0,0.0
1779744291083,2,12.00000015,Lower Delivery,Delivery,pitch.1,701966,11.8257,-1.6079,85.9941,-43.9067,96.0112,26.8105,-0.1062,-0.0486
1779744291083,2,12.00000018,Upper Delivery,Delivery,pitch.1,702653,-0.2642,-0.1344,0.4022,0.211,0.4192,-2.3354,0.0,0.0
1779744291083,2,Pitching Mound.Delivery,,Delivery,pitch.1,701019,11.5615,-1.7423,86.3963,-14.5945,96.4304,20.3646,-0.1057,0.2885
1779744291083,2,Pitching Mound.Drive,,Delivery,pitch.1,701886,0.0229,-0.2339,0.6406,0.07,-0.8235,-0.7431,0.0,0.0
1779744291083,2,Pitching Mound.Parent,,Delivery,pitch.1,700343,11.5844,-1.9762,87.0369,-14.5245,95.6069,19.6215,-0.1049,0.2864
1779744291084,2,11.0000004b,Drive,Delivery,pitch.1,701887,0.0172,-0.2309,0.6628,0.0594,-0.7543,-0.751,0.0,0.0
1779744291084,2,12.00000015,Lower Delivery,Delivery,pitch.1,701967,11.9854,-1.7379,86.0346,-43.1254,96.6717,26.7256,-0.1069,-0.0477
1779744291084,2,12.00000018,Upper Delivery,Delivery,pitch.1,702654,-0.2202,-0.1189,0.3446,0.2166,0.4277,-2.3795,0.0,0.0
1779744291084,2,Pitching Mound.Delivery,,Delivery,pitch.1,701020,11.7651,-1.8568,86.3792,-13.7742,97.0994,20.1962,-0.1065,0.2898
1779744291084,2,Pitching Mound.Drive,,Delivery,pitch.1,701887,0.0172,-0.2309,0.6628,0.0594,-0.7543,-0.751,0.0,0.0
1779744291084,2,Pitching Mound.Parent,,Delivery,pitch.1,700344,11.7823,-2.0877,87.042,-13.7148,96.3451,19.4452,-0.1057,0.2876
1779744291085,2,11.0000004b,Drive,Delivery,pitch.1,701888,0.0231,-0.2398,0.7152,0.0628,-0.7656,-0.7615,0.0,0.0
1779744291085,2,12.00000015,Lower Delivery,Delivery,pitch.1,701968,12.1904,-1.8665,86.2081,-41.7694,97.3553,26.6989,-0.1074,-0.0461
1779744291085,2,12.00000018,Upper Delivery,Delivery,pitch.1,702655,-0.1914,-0.106,0.3065,0.2256,0.4413,-2.4499,0.0,0.0
1779744291085,2,Pitching Mound.Delivery,,Delivery,pitch.1,701021,11.999,-1.9725,86.5147,-12.3372,97.7966,20.0392,-0.107,0.2917
1779744291085,2,Pitching Mound.Drive,,Delivery,pitch.1,701888,0.0231,-0.2398,0.7152,0.0628,-0.7656,-0.7615,0.0,0.0
1779744291085,2,Pitching Mound.Parent,,Delivery,pitch.1,700345,12.0221,-2.2123,87.2299,-12.2745,97.031,19.2776,-0.1062,0.2893
1779744291086,2,11.0000004b,Drive,Delivery,pitch.1,701889,0.0215,-0.2281,0.5914,0.0423,-0.6291,-0.7783,0.0,0.0
1779744291086,2,12.00000015,Lower Delivery,Delivery,pitch.1,701969,12.3462,-2.0193,86.1002,-41.3084,97.8706,26.6245,-0.1081,-0.0456
1779744291086,2,12.00000018,Upper Delivery,Delivery,pitch.1,702656,-0.2283,-0.1295,0.3991,0.2281,0.4449,-2.469,0.0,0.0
1779744291086,2,Pitching Mound.Delivery,,Delivery,pitch.1,701022,12.1179,-2.1488,86.4994,-11.9419,98.3155,19.8801,-0.1076,0.2914
1779744291086,2,Pitching Mound.Drive,,Delivery,pitch.1,701889,0.0215,-0.2281,0.5914,0.0423,-0.6291,-0.7783,0.0,0.0
1779744291086,2,Pitching Mound.Parent,,Delivery,pitch.1,700346,12.1394,-2.3769,87.0908,-11.8996,97.6865,19.1018,-0.1069,0.2895
1779744291087,2,11.0000004b,Drive,Delivery,pitch.1,701890,0.0157,-0.2193,0.5794,0.0391,-0.6205,-0.8143,0.0,0.0
1779744291087,2,12.00000015,Lower Delivery,Delivery,pitch.1,701970,12.5335,-2.1534,86.1213,-40.733,97.9734,26.5654,-0.1082,-0.045
1779744291087,2,12.00000018,Upper Delivery,Delivery,pitch.1,702657,-0.2531,-0.1434,0.4462,0.2246,0.4397,-2.442,0.0,0.0
1779744291087,2,Pitching Mound.Delivery,,Delivery,pitch.1,701023,12.2804,-2.2969,86.5675,-11.3788,98.4131,19.776,-0.1077,0.2917
1779744291087,2,Pitching Mound.Drive,,Delivery,pitch.1,701890,0.0157,-0.2193,0.5794,0.0391,-0.6205,-0.8143,0.0,0.0
1779744291087,2,Pitching Mound.Parent,,Delivery,pitch.1,700347,12.2961,-2.5162,87.1469,-11.3398,97.7927,18.9617,-0.1069,0.2898
1779744291088,2,11.0000004b,Drive,Delivery,pitch.1,701891,0.0233,-0.2159,0.4978,0.0325,-0.5166,-0.7999,0.0,0.0
1779744291088,2,12.00000015,Lower Delivery,Delivery,pitch.1,701971,12.7779,-2.2648,86.5389,-39.1589,98.6186,26.6077,-0.1084,-0.043
1779744291088,2,12.00000018,Upper Delivery,Delivery,pitch.1,702658,-0.2816,-0.1645,0.4903,0.2287,0.4459,-2.4738,0.0,0.0
1779744291088,2,Pitching Mound.Delivery,,Delivery,pitch.1,701024,12.4963,-2.4293,87.0292,-9.6736,99.0645,19.6937,-0.1078,0.2934
1779744291088,2,Pitching Mound.Drive,,Delivery,pitch.1,701891,0.0233,-0.2159,0.4978,0.0325,-0.5166,-0.7999,0.0,0.0
1779744291088,2,Pitching Mound.Parent,,Delivery,pitch.1,700348,12.5196,-2.6452,87.527,-9.6411,98.5479,18.8938,-0.1072,0.2917
1779744291089,2,11.0000004b,Drive,Delivery,pitch.1,701892,0.0266,-0.2114,0.4862,0.0422,-0.6227,-0.8345,0.0,0.0
1779744291089,2,12.00000015,Lower Delivery,Delivery,pitch.1,701972,13.0073,-2.3579,87.4597,-37.9122,99.1317,26.5789,-0.1078,-0.0412
1779744291089,2,12.00000018,Upper Delivery,Delivery,pitch.1,702659,-0.2968,-0.1745,0.4529,0.2318,0.4504,-2.4975,0.0,0.0
1779744291089,2,Pitching Mound.Delivery,,Delivery,pitch.1,701025,12.7105,-2.5323,87.9126,-8.0981,99.5822,19.5581,-0.1073,0.2955
1779744291089,2,Pitching Mound.Drive,,Delivery,pitch.1,701892,0.0266,-0.2114,0.4862,0.0422,-0.6227,-0.8345,0.0,0.0
1779744291089,2,Pitching Mound.Parent,,Delivery,pitch.1,700349,12.7371,-2.7437,88.3987,-8.0559,98.9595,18.7235,-0.1067,0.2938
1779744291090,2,11.0000004b,Drive,Delivery,pitch.1,701893,0.0298,-0.2218,0.5262,0.0444,-0.6182,-0.8245,0.0,0.0
1779744291090,2,12.00000015,Lower Delivery,Delivery,pitch.1,701973,13.2283,-2.4594,88.1289,-36.6151,99.4048,26.6145,-0.1073,-0.0395
1779744291090,2,12.00000018,Upper Delivery,Delivery,pitch.1,702660,-0.3365,-0.176,0.515,0.228,0.4447,-2.4681,0.0,0.0
1779744291090,2,Pitching Mound.Delivery,,Delivery,pitch.1,701026,12.8918,-2.6354,88.6439,-6.5984,99.8495,19.5344,-0.1067,0.2968
1779744291090,2,Pitching Mound.Drive,,Delivery,pitch.1,701893,0.0298,-0.2218,0.5262,0.0444,-0.6182,-0.8245,0.0,0.0
1779744291090,2,Pitching Mound.Parent,,Delivery,pitch.1,700350,12.9216,-2.8572,89.1701,-6.554,99.2313,18.7098,-0.106,0.295
1779744291091,2,11.0000004b,Drive,Delivery,pitch.1,701894,0.0327,-0.2219,0.5299,0.0481,-0.6323,-0.8343,0.0,0.0
1779744291091,2,11.0000004b,Drive,Delivery,pitch.1,701895,0.0364,-0.2092,0.4996,0.0455,-0.6069,-0.8197,0.0,0.0
1779744291091,2,12.00000015,Lower Delivery,Delivery,pitch.1,701974,13.4503,-2.5311,88.5923,-35.3684,99.8887,26.579,-0.1073,-0.038
1779744291091,2,12.00000018,Upper Delivery,Delivery,pitch.1,702661,-0.3951,-0.1523,0.4868,0.2239,0.4387,-2.4364,0.0,0.0
1779744291091,2,Pitching Mound.Delivery,,Delivery,pitch.1,701027,13.0551,-2.6833,89.0791,-5.1886,100.3274,19.4352,-0.1067,0.2985
1779744291091,2,Pitching Mound.Drive,,Delivery,pitch.1,701894,0.0327,-0.2219,0.5299,0.0481,-0.6323,-0.8343,0.0,0.0
1779744291091,2,Pitching Mound.Drive,,Delivery,pitch.1,701895,0.0364,-0.2092,0.4996,0.0455,-0.6069,-0.8197,0.0,0.0
1779744291091,2,Pitching Mound.Parent,,Delivery,pitch.1,700351,13.0878,-2.9052,89.609,-5.1405,99.695,18.6009,-0.106,0.2967
1779744291092,2,12.00000015,Lower Delivery,Delivery,pitch.1,701975,13.6353,-2.6242,88.7587,-35.1266,100.2804,26.5109,-0.1075,-0.0376
1779744291092,2,12.00000018,Upper Delivery,Delivery,pitch.1,702662,-0.4122,-0.1492,0.5486,0.2239,0.4387,-2.4365,0.0,0.0
1779744291092,2,Pitching Mound.Delivery,,Delivery,pitch.1,701028,13.2231,-2.7733,89.3073,-4.9112,100.7191,19.2982,-0.1068,0.2984
1779744291092,2,Pitching Mound.Parent,,Delivery,pitch.1,700352,13.2595,-2.9826,89.807,-4.8657,100.1122,18.4785,-0.1062,0.2967
1779744291093,2,11.0000004b,Drive,Delivery,pitch.1,701896,0.0323,-0.209,0.5408,0.0399,-0.623,-0.8231,0.0,0.0
1779744291093,2,12.00000015,Lower Delivery,Delivery,pitch.1,701976,13.8047,-2.69,89.3856,-34.2889,100.8189,26.4739,-0.1073,-0.0365
1779744291093,2,12.00000018,Upper Delivery,Delivery,pitch.1,702663,-0.4522,-0.1403,0.5137,0.2281,0.4449,-2.469,0.0,0.0
1779744291093,2,Pitching Mound.Delivery,,Delivery,pitch.1,701029,13.3526,-2.8303,89.8992,-3.8443,101.2639,19.1575,-0.1067,0.2998
1779744291093,2,Pitching Mound.Drive,,Delivery,pitch.1,701896,0.0323,-0.209,0.5408,0.0399,-0.623,-0.8231,0.0,0.0
1779744291093,2,Pitching Mound.Parent,,Delivery,pitch.1,700353,13.3848,-3.0393,90.44,-3.8044,100.6408,18.3344,-0.106,0.298
1779744291094,2,11.0000004b,Drive,Delivery,pitch.1,701897,0.0371,-0.2083,0.5112,0.035,-0.6012,-0.8338,0.0,0.0
1779744291094,2,12.00000015,Lower Delivery,Delivery,pitch.1,701977,13.9614,-2.7602,89.7897,-33.7208,101.2399,26.3681,-0.1073,-0.0357
1779744291094,2,12.00000018,Upper Delivery,Delivery,pitch.1,702664,-0.4987,-0.1079,0.6369,0.2304,0.4484,-2.4873,0.0,0.0
1779744291094,2,Pitching Mound.Delivery,,Delivery,pitch.1,701030,13.4627,-2.8681,90.4266,-3.1784,101.6884,18.9644,-0.1065,0.2997
1779744291094,2,Pitching Mound.Drive,,Delivery,pitch.1,701897,0.0371,-0.2083,0.5112,0.035,-0.6012,-0.8338,0.0,0.0
1779744291094,2,Pitching Mound.Parent,,Delivery,pitch.1,700354,13.4998,-3.0764,90.9378,-3.1434,101.0872,18.1307,-0.1059,0.2981
1779744291095,2,11.0000004b,Drive,Delivery,pitch.1,701898,0.0456,-0.2106,0.4738,0.0383,-0.6731,-0.841,0.0,0.0
1779744291095,2,12.00000015,Lower Delivery,Delivery,pitch.1,701978,14.0732,-2.8148,90.5027,-33.0174,101.6003,26.3119,-0.1068,-0.0347
1779744291095,2,12.00000018,Upper Delivery,Delivery,pitch.1,702665,-0.5209,-0.1211,0.6405,0.226,0.4418,-2.4528,0.0,0.0
1779744291095,2,Pitching Mound.Delivery,,Delivery,pitch.1,701031,13.5523,-2.9359,91.1432,-2.2383,102.0421,18.8971,-0.106,0.3008
1779744291095,2,Pitching Mound.Drive,,Delivery,pitch.1,701898,0.0456,-0.2106,0.4738,0.0383,-0.6731,-0.841,0.0,0.0
1779744291095,2,Pitching Mound.Parent,,Delivery,pitch.1,700355,13.5979,-3.1465,91.617,-2.2,101.369,18.0561,-0.1055,0.2992
1779744291096,2,11.0000004b,Drive,Delivery,pitch.1,701899,0.0402,-0.1984,0.4898,0.0219,-0.4617,-0.8046,0.0,0.0
1779744291096,2,12.00000015,Lower Delivery,Delivery,pitch.1,701979,14.1734,-2.8841,90.9861,-32.9247,102.1113,26.2189,-0.1068,-0.0344
1779744291096,2,12.00000018,Upper Delivery,Delivery,pitch.1,702666,-0.5356,-0.1508,0.5603,0.2151,0.4254,-2.3674,0.0,0.0
1779744291096,2,Pitching Mound.Delivery,,Delivery,pitch.1,701032,13.6378,-3.0349,91.5464,-1.9649,102.5366,18.8504,-0.1061,0.3016
1779744291096,2,Pitching Mound.Drive,,Delivery,pitch.1,701899,0.0402,-0.1984,0.4898,0.0219,-0.4617,-0.8046,0.0,0.0
1779744291096,2,Pitching Mound.Parent,,Delivery,pitch.1,700356,13.6781,-3.2333,92.0362,-1.943,102.075,18.0459,-0.1055,0.3
1779744291097,2,11.0000004b,Drive,Delivery,pitch.1,701900,0.0336,-0.2004,0.477,0.0188,-0.4435,-0.7906,0.0,0.0
1779744291097,2,12.00000015,Lower Delivery,Delivery,pitch.1,701980,14.2397,-2.9084,91.364,-32.1386,102.5137,26.1329,-0.1067,-0.0335
1779744291097,2,12.00000018,Upper Delivery,Delivery,pitch.1,702667,-0.5144,-0.1514,0.4329,0.2233,0.4377,-2.4314,0.0,0.0
1779744291097,2,Pitching Mound.Delivery,,Delivery,pitch.1,701033,13.7252,-3.0598,91.7969,-0.9987,102.9514,18.6851,-0.1062,0.3035
1779744291097,2,Pitching Mound.Drive,,Delivery,pitch.1,701900,0.0336,-0.2004,0.477,0.0188,-0.4435,-0.7906,0.0,0.0
1779744291097,2,Pitching Mound.Parent,,Delivery,pitch.1,700357,13.7588,-3.2602,92.2739,-0.9799,102.5079,17.8945,-0.1057,0.3019
1779744291098,2,11.0000004b,Drive,Delivery,pitch.1,701901,0.0541,-0.1883,0.4329,0.0258,-0.4703,-0.7747,0.0,0.0
1779744291098,2,12.00000015,Lower Delivery,Delivery,pitch.1,701981,14.2829,-2.9556,91.5966,-31.6414,102.9198,26.0103,-0.1069,-0.0329
1779744291098,2,12.00000018,Upper Delivery,Delivery,pitch.1,702668,-0.5307,-0.1622,0.4614,0.2193,0.4317,-2.4001,0.0,0.0
1779744291098,2,Pitching Mound.Delivery,,Delivery,pitch.1,701034,13.7522,-3.1177,92.058,-0.4361,103.3514,18.5736,-0.1064,0.3039
1779744291098,2,Pitching Mound.Drive,,Delivery,pitch.1,701901,0.0541,-0.1883,0.4329,0.0258,-0.4703,-0.7747,0.0,0.0
1779744291098,2,Pitching Mound.Parent,,Delivery,pitch.1,700358,13.8062,-3.3061,92.4909,-0.4103,102.8812,17.7989,-0.1059,0.3025
1779744291099,2,11.0000004b,Drive,Delivery,pitch.1,701902,0.0533,-0.1993,0.4564,0.0387,-0.587,-0.8013,0.0,0.0
1779744291099,2,12.00000015,Lower Delivery,Delivery,pitch.1,701982,14.298,-2.9936,91.6958,-31.6019,103.1979,25.8659,-0.1071,-0.0328
1779744291099,2,12.00000018,Upper Delivery,Delivery,pitch.1,702669,-0.5264,-0.1653,0.2895,0.2133,0.4228,-2.3539,0.0,0.0
1779744291099,2,Pitching Mound.Delivery,,Delivery,pitch.1,701035,13.7716,-3.1589,91.9852,-0.3104,103.6207,18.4717,-0.1067,0.3052
1779744291099,2,Pitching Mound.Drive,,Delivery,pitch.1,701902,0.0533,-0.1993,0.4564,0.0387,-0.587,-0.8013,0.0,0.0
1779744291099,2,Pitching Mound.Parent,,Delivery,pitch.1,700359,13.8249,-3.3582,92.4416,-0.2717,103.0337,17.6705,-0.1062,0.3037
1779744291100,2,11.0000004b,Drive,Delivery,pitch.1,701903,0.0543,-0.1901,0.4199,0.0414,-0.6138,-0.7822,0.0,0.0
1779744291100,2,12.00000015,Lower Delivery,Delivery,pitch.1,701983,14.3153,-3.0349,91.9166,-30.9614,103.3589,25.7245,-0.107,-0.032
1779744291100,2,12.00000018,Upper Delivery,Delivery,pitch.1,702670,-0.5153,-0.1558,0.2509,0.2079,0.4146,-2.3114,0.0,0.0
1779744291100,2,Pitching Mound.Delivery,,Delivery,pitch.1,701036,13.8,-3.1907,92.1675,0.4129,103.7735,18.3707,-0.1067,0.3062
1779744291100,2,Pitching Mound.Drive,,Delivery,pitch.1,701903,0.0543,-0.1901,0.4199,0.0414,-0.6138,-0.7822,0.0,0.0
1779744291100,2,Pitching Mound.Parent,,Delivery,pitch.1,700360,13.8543,-3.3808,92.5874,0.4543,103.1597,17.5885,-0.1062,0.3048
1779744291101,2,11.0000004b,Drive,Delivery,pitch.1,701904,0.0501,-0.1995,0.4507,0.0515,-0.5996,-0.7995,0.0,0.0
1779744291101,2,12.00000015,Lower Delivery,Delivery,pitch.1,701984,14.3116,-3.0949,92.1865,-30.4417,103.6539,25.5566,-0.107,-0.0314
1779744291101,2,12.00000018,Upper Delivery,Delivery,pitch.1,702671,-0.4405,-0.1996,0.1099,0.2092,0.4166,-2.3219,0.0,0.0
1779744291101,2,Pitching Mound.Delivery,,Delivery,pitch.1,701037,13.8711,-3.2945,92.2964,1.0735,104.0705,18.2191,-0.1068,0.3078
1779744291101,2,Pitching Mound.Drive,,Delivery,pitch.1,701904,0.0501,-0.1995,0.4507,0.0515,-0.5996,-0.7995,0.0,0.0
1779744291101,2,Pitching Mound.Parent,,Delivery,pitch.1,700361,13.9212,-3.494,92.7471,1.125,103.471,17.4196,-0.1063,0.3063
1779744291102,2,11.0000004b,Drive,Delivery,pitch.1,701905,0.0529,-0.1966,0.4274,0.0701,-0.6779,-0.8217,0.0,0.0
1779744291102,2,12.00000015,Lower Delivery,Delivery,pitch.1,701985,14.2962,-3.1995,92.1652,-30.2874,103.7512,25.3918,-0.1071,-0.0313
1779744291102,2,12.00000018,Upper Delivery,Delivery,pitch.1,702672,-0.4085,-0.2277,0.0435,0.2016,0.4052,-2.2626,0.0,0.0
1779744291102,2,Pitching Mound.Delivery,,Delivery,pitch.1,701038,13.8877,-3.4272,92.2087,1.2356,104.1564,18.1295,-0.107,0.3084
1779744291102,2,Pitching Mound.Drive,,Delivery,pitch.1,701905,0.0529,-0.1966,0.4274,0.0701,-0.6779,-0.8217,0.0,0.0
1779744291102,2,Pitching Mound.Parent,,Delivery,pitch.1,700362,13.9406,-3.6238,92.6361,1.3057,103.4784,17.3079,-0.1065,0.307
1779744291103,2,11.0000004b,Drive,Delivery,pitch.1,701906,0.0337,-0.2131,0.4587,0.0641,-0.6357,-0.8304,0.0,0.0
1779744291103,2,12.00000015,Lower Delivery,Delivery,pitch.1,701986,14.2969,-3.3082,92.1046,-29.8139,103.8529,25.2873,-0.1073,-0.0308
1779744291103,2,12.00000018,Upper Delivery,Delivery,pitch.1,702673,-0.3967,-0.239,0.004,0.1994,0.4018,-2.245,0.0,0.0
1779744291103,2,Pitching Mound.Delivery,,Delivery,pitch.1,701039,13.9002,-3.5472,92.1086,1.6997,104.2547,18.0465,-0.1073,0.3092
1779744291103,2,Pitching Mound.Drive,,Delivery,pitch.1,701906,0.0337,-0.2131,0.4587,0.0641,-0.6357,-0.8304,0.0,0.0
1779744291103,2,Pitching Mound.Parent,,Delivery,pitch.1,700363,13.9339,-3.7603,92.5673,1.7638,103.619,17.2161,-0.1067,0.3076
1779744291104,2,11.0000004b,Drive,Delivery,pitch.1,701907,0.0377,-0.215,0.4806,0.0688,-0.6563,-0.8245,0.0,0.0
1779744291104,2,12.00000015,Lower Delivery,Delivery,pitch.1,701987,14.2721,-3.4192,91.9789,-29.367,103.8964,25.2021,-0.1075,-0.0304
1779744291104,2,12.00000018,Upper Delivery,Delivery,pitch.1,702674,-0.2985,-0.2039,0.2386,0.2007,0.4038,-2.2557,0.0,0.0
1779744291104,2,Pitching Mound.Delivery,,Delivery,pitch.1,701040,13.9736,-3.6231,92.2175,2.0254,104.3003,17.9924,-0.1072,0.3079
1779744291104,2,Pitching Mound.Drive,,Delivery,pitch.1,701907,0.0377,-0.215,0.4806,0.0688,-0.6563,-0.8245,0.0,0.0
1779744291104,2,Pitching Mound.Parent,,Delivery,pitch.1,700364,14.0113,-3.8381,92.6982,2.0942,103.644,17.1679,-0.1066,0.3063
1779744291105,2,11.0000004b,Drive,Delivery,pitch.1,701908,0.033,-0.2091,0.5339,0.0808,-0.6987,-0.8036,0.0,0.0
1779744291105,2,12.00000015,Lower Delivery,Delivery,pitch.1,701988,14.2737,-3.4991,92.0373,-29.0093,103.9542,25.0999,-0.1074,-0.03
1779744291105,2,12.00000018,Upper Delivery,Delivery,pitch.1,702675,-0.2217,-0.1682,0.378,0.2062,0.412,-2.2981,0.0,0.0
1779744291105,2,Pitching Mound.Delivery,,Delivery,pitch.1,701041,14.052,-3.6673,92.4154,2.3611,104.3662,17.8734,-0.107,0.3074
1779744291105,2,Pitching Mound.Drive,,Delivery,pitch.1,701908,0.033,-0.2091,0.5339,0.0808,-0.6987,-0.8036,0.0,0.0
1779744291105,2,Pitching Mound.Parent,,Delivery,pitch.1,700365,14.085,-3.8764,92.9493,2.4419,103.6675,17.0698,-0.1064,0.3056
1779744291106,2,11.0000004b,Drive,Delivery,pitch.1,701910,0.0329,-0.2144,0.5322,0.1076,-0.8676,-0.8539,0.0,0.0
1779744291106,2,11.0000004b,Drive,Delivery,pitch.1,701909,0.0315,-0.2078,0.6231,0.0904,-0.7506,-0.839,0.0,0.0
1779744291106,2,12.00000015,Lower Delivery,Delivery,pitch.1,701989,14.2907,-3.5537,91.8953,-28.6241,104.0401,25.0296,-0.1077,-0.0296
1779744291106,2,12.00000018,Upper Delivery,Delivery,pitch.1,702676,-0.1649,-0.1434,0.2894,0.2115,0.42,-2.3397,0.0,0.0
1779744291106,2,Pitching Mound.Delivery,,Delivery,pitch.1,701042,14.1258,-3.6971,92.1848,2.7335,104.4601,17.775,-0.1074,0.3083
1779744291106,2,Pitching Mound.Drive,,Delivery,pitch.1,701910,0.0329,-0.2144,0.5322,0.1076,-0.8676,-0.8539,0.0,0.0
1779744291106,2,Pitching Mound.Drive,,Delivery,pitch.1,701909,0.0315,-0.2078,0.6231,0.0904,-0.7506,-0.839,0.0,0.0
1779744291106,2,Pitching Mound.Parent,,Delivery,pitch.1,700366,14.1572,-3.9049,92.8079,2.8239,103.7095,16.936,-0.1066,0.3063
1779744291107,2,12.00000015,Lower Delivery,Delivery,pitch.1,701990,14.3304,-3.6264,91.945,-28.191,104.1294,24.9368,-0.1077,-0.0292
1779744291107,2,12.00000018,Upper Delivery,Delivery,pitch.1,702677,-0.2037,-0.158,0.3499,0.2126,0.4216,-2.3479,0.0,0.0
1779744291107,2,Pitching Mound.Delivery,,Delivery,pitch.1,701043,14.1267,-3.7844,92.2948,3.1639,104.551,17.6473,-0.1073,0.3084
1779744291107,2,Pitching Mound.Parent,,Delivery,pitch.1,700367,14.1596,-3.9988,92.8271,3.2714,103.6834,16.7934,-0.1067,0.3066
1779744291108,2,11.0000004b,Drive,Delivery,pitch.1,701911,0.0289,-0.2169,0.56,0.1086,-0.9176,-0.8313,0.0,0.0
1779744291108,2,12.00000015,Lower Delivery,Delivery,pitch.1,701991,14.3818,-3.7156,91.7993,-27.8711,104.2556,24.8622,-0.108,-0.0289
1779744291108,2,12.00000018,Upper Delivery,Delivery,pitch.1,702678,-0.2803,-0.1986,0.3841,0.2242,0.439,-2.4385,0.0,0.0
1779744291108,2,Pitching Mound.Delivery,,Delivery,pitch.1,701044,14.1016,-3.9142,92.1834,3.4342,104.6947,17.4386,-0.1076,0.3084
1779744291108,2,Pitching Mound.Drive,,Delivery,pitch.1,701911,0.0289,-0.2169,0.56,0.1086,-0.9176,-0.8313,0.0,0.0
1779744291108,2,Pitching Mound.Parent,,Delivery,pitch.1,700368,14.1305,-4.1311,92.7434,3.5428,103.7771,16.6072,-0.1069,0.3065
1779744291109,2,11.0000004b,Drive,Delivery,pitch.1,701913,0.0268,-0.1996,0.6208,0.0514,-0.6995,-0.7749,0.0,0.0
1779744291109,2,11.0000004b,Drive,Delivery,pitch.1,701912,0.0251,-0.2116,0.6558,0.0663,-0.8557,-0.8027,0.0,0.0
1779744291109,2,12.00000015,Lower Delivery,Delivery,pitch.1,701992,14.4521,-3.788,91.5857,-27.4757,104.2998,24.8061,-0.1083,-0.0285
1779744291109,2,12.00000018,Upper Delivery,Delivery,pitch.1,702679,-0.3402,-0.2257,0.2672,0.2239,0.4387,-2.4365,0.0,0.0
1779744291109,2,Pitching Mound.Delivery,,Delivery,pitch.1,701045,14.1119,-4.0137,91.853,3.7966,104.7385,17.3402,-0.108,0.3096
1779744291109,2,Pitching Mound.Drive,,Delivery,pitch.1,701913,0.0268,-0.1996,0.6208,0.0514,-0.6995,-0.7749,0.0,0.0
1779744291109,2,Pitching Mound.Drive,,Delivery,pitch.1,701912,0.0251,-0.2116,0.6558,0.0663,-0.8557,-0.8027,0.0,0.0
1779744291109,2,Pitching Mound.Parent,,Delivery,pitch.1,700369,14.137,-4.2253,92.5087,3.8628,103.8828,16.5375,-0.1073,0.3074
1779744291110,2,11.0000004b,Drive,Delivery,pitch.1,701914,0.0276,-0.2099,0.5926,0.0501,-0.6569,-0.757,0.0,0.0
1779744291110,2,12.00000015,Lower Delivery,Delivery,pitch.1,701993,14.5433,-3.9,91.557,-26.6272,104.884,24.7776,-0.109,-0.0277
1779744291110,2,12.00000018,Upper Delivery,Delivery,pitch.1,702680,-0.399,-0.2439,0.2174,0.2376,0.4592,-2.5432,0.0,0.0
1779744291110,2,Pitching Mound.Delivery,,Delivery,pitch.1,701046,14.1443,-4.1439,91.7743,4.6658,105.3432,17.154,-0.1087,0.3108
1779744291110,2,Pitching Mound.Drive,,Delivery,pitch.1,701914,0.0276,-0.2099,0.5926,0.0501,-0.6569,-0.757,0.0,0.0
1779744291110,2,Pitching Mound.Parent,,Delivery,pitch.1,700370,14.171,-4.3435,92.3951,4.7172,104.6436,16.3791,-0.108,0.3087
1779744291111,2,11.0000004b,Drive,Delivery,pitch.1,701915,0.0193,-0.2113,0.624,0.0761,-0.8766,-0.78,0.0,0.0
1779744291111,2,12.00000015,Lower Delivery,Delivery,pitch.1,701994,14.6285,-4.0022,91.6847,-26.0632,105.1697,24.7114,-0.1091,-0.027
1779744291111,2,12.00000018,Upper Delivery,Delivery,pitch.1,702681,-0.4023,-0.2411,0.1633,0.2485,0.4756,-2.6285,0.0,0.0
1779744291111,2,Pitching Mound.Delivery,,Delivery,pitch.1,701047,14.2262,-4.2433,91.8481,5.3026,105.6453,16.9725,-0.1089,0.3118
1779744291111,2,Pitching Mound.Drive,,Delivery,pitch.1,701915,0.0193,-0.2113,0.624,0.0761,-0.8766,-0.78,0.0,0.0
1779744291111,2,Pitching Mound.Parent,,Delivery,pitch.1,700371,14.2538,-4.4531,92.4407,5.3527,104.9884,16.2155,-0.1082,0.3098
1779744291112,2,11.0000004b,Drive,Delivery,pitch.1,701916,0.019,-0.2153,0.6335,0.0764,-0.8421,-0.7369,0.0,0.0
1779744291112,2,12.00000015,Lower Delivery,Delivery,pitch.1,701995,14.6954,-4.0779,91.6209,-25.8682,105.2606,24.6709,-0.1093,-0.0269
1779744291112,2,12.00000018,Upper Delivery,Delivery,pitch.1,702682,-0.4133,-0.2416,0.1624,0.2478,0.4745,-2.6225,0.0,0.0
1779744291112,2,Pitching Mound.Delivery,,Delivery,pitch.1,701048,14.2821,-4.3196,91.7833,5.4755,105.7351,16.9114,-0.1091,0.312
1779744291112,2,Pitching Mound.Drive,,Delivery,pitch.1,701916,0.019,-0.2153,0.6335,0.0764,-0.8421,-0.7369,0.0,0.0
1779744291112,2,Pitching Mound.Parent,,Delivery,pitch.1,700372,14.3015,-4.5309,92.4072,5.5516,104.8585,16.1314,-0.1084,0.3099
1779744291113,2,11.0000004b,Drive,Delivery,pitch.1,701917,0.0221,-0.2156,0.6106,0.0845,-0.8906,-0.7526,0.0,0.0
1779744291113,2,12.00000015,Lower Delivery,Delivery,pitch.1,701996,14.797,-4.1626,91.521,-25.0254,105.4924,24.6095,-0.1097,-0.026
1779744291113,2,12.00000018,Upper Delivery,Delivery,pitch.1,702683,-0.266,-0.1868,0.4527,0.2541,0.484,-2.6716,0.0,0.0
1779744291113,2,Pitching Mound.Delivery,,Delivery,pitch.1,701049,14.531,-4.3494,91.9737,6.1919,105.9764,16.8164,-0.1091,0.3108
1779744291113,2,Pitching Mound.Drive,,Delivery,pitch.1,701917,0.0221,-0.2156,0.6106,0.0845,-0.8906,-0.7526,0.0,0.0
1779744291113,2,Pitching Mound.Parent,,Delivery,pitch.1,700373,14.5501,-4.5647,92.6072,6.2684,105.1343,16.0795,-0.1084,0.3086
1779744291114,2,11.0000004b,Drive,Delivery,pitch.1,701918,0.0177,-0.2212,0.6242,0.0671,-0.7836,-0.696,0.0,0.0
1779744291114,2,12.00000015,Lower Delivery,Delivery,pitch.1,701997,14.8792,-4.2496,91.2675,-24.5181,105.831,24.5396,-0.1103,-0.0256
1779744291114,2,12.00000018,Upper Delivery,Delivery,pitch.1,702684,-0.3556,-0.2238,0.181,0.2618,0.4955,-2.7315,0.0,0.0
1779744291114,2,Pitching Mound.Delivery,,Delivery,pitch.1,701050,14.5236,-4.4733,91.4486,6.7131,106.3265,16.6282,-0.1101,0.3131
1779744291114,2,Pitching Mound.Drive,,Delivery,pitch.1,701918,0.0177,-0.2212,0.6242,0.0671,-0.7836,-0.696,0.0,0.0
1779744291114,2,Pitching Mound.Parent,,Delivery,pitch.1,700374,14.5457,-4.6889,92.0592,6.7975,105.4359,15.8756,-0.1094,0.3111
1779744291115,2,11.0000004b,Drive,Delivery,pitch.1,701919,0.0345,-0.2244,0.5835,0.0838,-0.8608,-0.7083,0.0,0.0
1779744291115,2,12.00000015,Lower Delivery,Delivery,pitch.1,701998,14.9633,-4.32,91.2459,-24.2359,105.9603,24.4606,-0.1105,-0.0253
1779744291115,2,12.00000018,Upper Delivery,Delivery,pitch.1,702685,-0.404,-0.1909,0.1248,0.2587,0.4909,-2.7079,0.0,0.0
1779744291115,2,Pitching Mound.Delivery,,Delivery,pitch.1,701051,14.5593,-4.5109,91.3707,7.004,106.4512,16.5278,-0.1103,0.3138
1779744291115,2,Pitching Mound.Drive,,Delivery,pitch.1,701919,0.0345,-0.2244,0.5835,0.0838,-0.8608,-0.7083,0.0,0.0
1779744291115,2,Pitching Mound.Parent,,Delivery,pitch.1,700375,14.5769,-4.7321,91.9949,7.0711,105.6677,15.8318,-0.1096,0.3117
1779744291116,2,11.0000004b,Drive,Delivery,pitch.1,701920,0.0254,-0.2331,0.6369,0.0728,-0.8053,-0.7059,0.0,0.0
1779744291116,2,12.00000015,Lower Delivery,Delivery,pitch.1,701999,15.0112,-4.3617,91.1406,-23.7714,105.9896,24.3444,-0.1106,-0.0248
1779744291116,2,12.00000018,Upper Delivery,Delivery,pitch.1,702686,-0.4952,-0.139,0.0845,0.2564,0.4874,-2.6893,0.0,0.0
1779744291116,2,Pitching Mound.Delivery,,Delivery,pitch.1,701052,14.516,-4.5007,91.2251,7.444,106.477,16.3829,-0.1105,0.3146
1779744291116,2,Pitching Mound.Drive,,Delivery,pitch.1,701920,0.0254,-0.2331,0.6369,0.0728,-0.8053,-0.7059,0.0,0.0
1779744291116,2,Pitching Mound.Parent,,Delivery,pitch.1,700376,14.5505,-4.7251,91.8087,7.5278,105.6161,15.6746,-0.1098,0.3126
1779744291117,2,11.0000004b,Drive,Delivery,pitch.1,701921,0.0276,-0.2467,0.6854,0.0793,-0.8386,-0.7313,0.0,0.0
1779744291117,2,12.00000015,Lower Delivery,Delivery,pitch.1,702000,15.0798,-4.4287,90.973,-23.3783,106.1371,24.273,-0.111,-0.0244
1779744291117,2,12.00000018,Upper Delivery,Delivery,pitch.1,702687,-0.5176,-0.1484,0.1559,0.2515,0.48,-2.6512,0.0,0.0
1779744291117,2,Pitching Mound.Delivery,,Delivery,pitch.1,701053,14.5621,-4.5772,91.1289,7.7509,106.6171,16.3187,-0.1108,0.3144
1779744291117,2,Pitching Mound.Drive,,Delivery,pitch.1,701921,0.0276,-0.2467,0.6854,0.0793,-0.8386,-0.7313,0.0,0.0
1779744291117,2,Pitching Mound.Parent,,Delivery,pitch.1,700377,14.5875,-4.8103,91.7658,7.8237,105.8118,15.6128,-0.11,0.3122
1779744291118,2,11.0000004b,Drive,Delivery,pitch.1,701922,0.0268,-0.2553,0.7217,0.0561,-0.7384,-0.7234,0.0,0.0
1779744291118,2,12.00000015,Lower Delivery,Delivery,pitch.1,702001,15.1282,-4.49,90.8588,-23.0717,106.333,24.2605,-0.1113,-0.0242
1779744291118,2,12.00000018,Upper Delivery,Delivery,pitch.1,702688,-0.4806,-0.154,0.1364,0.2487,0.4759,-2.6298,0.0,0.0
1779744291118,2,Pitching Mound.Delivery,,Delivery,pitch.1,701054,14.6477,-4.6441,90.9953,8.0226,106.8089,16.3237,-0.1112,0.3149
1779744291118,2,Pitching Mound.Drive,,Delivery,pitch.1,701922,0.0268,-0.2553,0.7217,0.0561,-0.7384,-0.7234,0.0,0.0
1779744291118,2,Pitching Mound.Parent,,Delivery,pitch.1,700378,14.6752,-4.8908,91.6807,8.1019,105.9703,15.5924,-0.1103,0.3125
1779744291119,2,11.0000004b,Drive,Delivery,pitch.1,701923,0.042,-0.254,0.7274,0.0851,-0.8147,-0.7698,0.0,0.0
1779744291119,2,12.00000015,Lower Delivery,Delivery,pitch.1,702002,15.1586,-4.5395,90.7503,-22.5381,106.5131,24.2334,-0.1117,-0.0236
1779744291119,2,12.00000018,Upper Delivery,Delivery,pitch.1,702689,-0.4758,-0.1612,0.2702,0.2371,0.4584,-2.5388,0.0,0.0
1779744291119,2,Pitching Mound.Delivery,,Delivery,pitch.1,701055,14.6828,-4.7006,91.0205,8.4622,106.9715,16.3789,-0.1113,0.3144
1779744291119,2,Pitching Mound.Drive,,Delivery,pitch.1,701923,0.042,-0.254,0.7274,0.0851,-0.8147,-0.7698,0.0,0.0
1779744291119,2,Pitching Mound.Parent,,Delivery,pitch.1,700379,14.7096,-4.9559,91.7422,8.5183,106.2331,15.6555,-0.1104,0.312
1779744291120,2,11.0000004b,Drive,Delivery,pitch.1,701924,0.0502,-0.2458,0.6767,0.1074,-0.8498,-0.7427,0.0,0.0
1779744291120,2,12.00000015,Lower Delivery,Delivery,pitch.1,702003,15.1669,-4.5986,90.7153,-22.1098,106.4833,24.2437,-0.1117,-0.0232
1779744291120,2,12.00000018,Upper Delivery,Delivery,pitch.1,702690,-0.4532,-0.1572,0.2434,0.2432,0.4677,-2.587,0.0,0.0
1779744291120,2,Pitching Mound.Delivery,,Delivery,pitch.1,701056,14.7138,-4.7557,90.9587,8.8939,106.951,16.3459,-0.1114,0.3151
1779744291120,2,Pitching Mound.Drive,,Delivery,pitch.1,701924,0.0502,-0.2458,0.6767,0.1074,-0.8498,-0.7427,0.0,0.0
1779744291120,2,Pitching Mound.Parent,,Delivery,pitch.1,700380,14.7557,-5.0098,91.6862,8.979,106.1363,15.5761,-0.1105,0.3126
1779744291121,2,11.0000004b,Drive,Delivery,pitch.1,701925,0.0451,-0.2549,0.7136,0.1167,-0.8718,-0.7487,0.0,0.0
1779744291121,2,12.00000015,Lower Delivery,Delivery,pitch.1,702004,15.1528,-4.6313,90.7421,-21.7736,106.2541,24.2375,-0.1114,-0.0228
1779744291121,2,12.00000018,Upper Delivery,Delivery,pitch.1,702691,-0.392,-0.1976,0.2821,0.2358,0.4565,-2.5288,0.0,0.0
1779744291121,2,Pitching Mound.Delivery,,Delivery,pitch.1,701057,14.7608,-4.8289,91.0242,9.2186,106.7105,16.4235,-0.111,0.3151
1779744291121,2,Pitching Mound.Drive,,Delivery,pitch.1,701925,0.0451,-0.2549,0.7136,0.1167,-0.8718,-0.7487,0.0,0.0
1779744291121,2,Pitching Mound.Parent,,Delivery,pitch.1,700381,14.811,-5.0748,91.7009,9.326,105.8607,15.6808,-0.1102,0.3128
1779744291122,2,11.0000004b,Drive,Delivery,pitch.1,701926,0.0453,-0.2605,0.7027,0.0929,-0.7831,-0.7369,0.0,0.0
1779744291122,2,12.00000015,Lower Delivery,Delivery,pitch.1,702005,15.1444,-4.6948,90.645,-21.1562,106.4234,24.2213,-0.1117,-0.0222
1779744291122,2,12.00000018,Upper Delivery,Delivery,pitch.1,702692,-0.3769,-0.2049,0.3015,0.2258,0.4415,-2.4514,0.0,0.0
1779744291122,2,Pitching Mound.Delivery,,Delivery,pitch.1,701058,14.7675,-4.8996,90.9465,9.7864,106.8649,16.4927,-0.1113,0.3156
1779744291122,2,Pitching Mound.Drive,,Delivery,pitch.1,701926,0.0453,-0.2605,0.7027,0.0929,-0.7831,-0.7369,0.0,0.0
1779744291122,2,Pitching Mound.Parent,,Delivery,pitch.1,700382,14.8126,-5.1545,91.6601,9.9031,105.9931,15.744,-0.1105,0.3132
1779744291123,2,11.0000004b,Drive,Delivery,pitch.1,701927,0.0444,-0.2513,0.5895,0.0896,-0.7755,-0.7343,0.0,0.0
1779744291123,2,12.00000015,Lower Delivery,Delivery,pitch.1,702006,15.122,-4.762,90.5278,-20.7192,106.6914,24.2249,-0.1121,-0.0218
1779744291123,2,12.00000018,Upper Delivery,Delivery,pitch.1,702693,-0.3315,-0.21,0.327,0.2119,0.4206,-2.3424,0.0,0.0
1779744291123,2,Pitching Mound.Delivery,,Delivery,pitch.1,701059,14.7904,-4.9719,90.8548,10.1609,107.1119,16.6283,-0.1117,0.3159
1779744291123,2,Pitching Mound.Drive,,Delivery,pitch.1,701927,0.0444,-0.2513,0.5895,0.0896,-0.7755,-0.7343,0.0,0.0
1779744291123,2,Pitching Mound.Parent,,Delivery,pitch.1,700383,14.8358,-5.2324,91.5574,10.2538,106.3288,15.8914,-0.1109,0.3134
1779744291124,2,11.0000004b,Drive,Delivery,pitch.1,701928,0.0374,-0.2475,0.6168,0.0655,-0.7819,-0.7269,0.0,0.0
1779744291124,2,12.00000015,Lower Delivery,Delivery,pitch.1,702007,15.0772,-4.8542,90.5313,-20.08,106.922,24.1785,-0.1124,-0.0211
1779744291124,2,12.00000018,Upper Delivery,Delivery,pitch.1,702694,-0.3562,-0.2123,0.32,0.2006,0.4036,-2.2544,0.0,0.0
1779744291124,2,Pitching Mound.Delivery,,Delivery,pitch.1,701060,14.721,-5.0665,90.8513,10.7924,107.3256,16.6767,-0.112,0.3166
1779744291124,2,Pitching Mound.Drive,,Delivery,pitch.1,701928,0.0374,-0.2475,0.6168,0.0655,-0.7819,-0.7269,0.0,0.0
1779744291124,2,Pitching Mound.Parent,,Delivery,pitch.1,700384,14.7653,-5.3178,91.4408,10.882,106.5501,15.9424,-0.1112,0.3145
1779744291125,2,11.0000004b,Drive,Delivery,pitch.1,701929,0.0364,-0.2488,0.6155,0.0716,-0.8569,-0.7362,0.0,0.0
1779744291125,2,12.00000015,Lower Delivery,Delivery,pitch.1,702008,15.0085,-4.9239,90.4583,-19.614,107.1461,24.1516,-0.1127,-0.0206
1779744291125,2,12.00000018,Upper Delivery,Delivery,pitch.1,702695,-0.3459,-0.2128,0.3833,0.1993,0.4017,-2.2444,0.0,0.0
1779744291125,2,Pitching Mound.Delivery,,Delivery,pitch.1,701061,14.6626,-5.1367,90.8416,11.2108,107.5478,16.6867,-0.1122,0.3166
1779744291125,2,Pitching Mound.Drive,,Delivery,pitch.1,701929,0.0364,-0.2488,0.6155,0.0716,-0.8569,-0.7362,0.0,0.0
1779744291125,2,Pitching Mound.Parent,,Delivery,pitch.1,700385,14.7,-5.3842,91.4584,11.2763,106.7659,15.9599,-0.1114,0.3145
1779744291126,2,11.0000004b,Drive,Delivery,pitch.1,701930,0.0289,-0.2416,0.828,0.064,-0.8303,-0.7318,0.0,0.0
1779744291126,2,12.00000015,Lower Delivery,Delivery,pitch.1,702009,14.9379,-5.0149,90.4529,-19.261,107.4744,24.1386,-0.113,-0.0203
1779744291126,2,12.00000018,Upper Delivery,Delivery,pitch.1,702696,-0.375,-0.2117,0.3583,0.1993,0.4017,-2.2444,0.0,0.0
1779744291126,2,Pitching Mound.Delivery,,Delivery,pitch.1,701062,14.5629,-5.2266,90.8112,11.5704,107.8761,16.6879,-0.1126,0.3171
1779744291126,2,Pitching Mound.Drive,,Delivery,pitch.1,701930,0.0289,-0.2416,0.828,0.064,-0.8303,-0.7318,0.0,0.0
1779744291126,2,Pitching Mound.Parent,,Delivery,pitch.1,700386,14.5993,-5.4754,91.4266,11.6421,107.0192,15.9517,-0.1118,0.315
1779744291127,2,11.0000004b,Drive,Delivery,pitch.1,701931,0.0258,-0.2588,0.8518,0.0651,-0.8277,-0.7101,0.0,0.0
1779744291127,2,12.00000015,Lower Delivery,Delivery,pitch.1,702010,14.854,-5.1084,90.5563,-18.8134,107.3988,24.1501,-0.1128,-0.0198
1779744291127,2,12.00000018,Upper Delivery,Delivery,pitch.1,702697,-0.3264,-0.1944,0.4373,0.2031,0.4073,-2.2737,0.0,0.0
1779744291127,2,Pitching Mound.Delivery,,Delivery,pitch.1,701063,14.5276,-5.3027,90.9937,12.0301,107.8062,16.715,-0.1123,0.3171
1779744291127,2,Pitching Mound.Drive,,Delivery,pitch.1,701931,0.0258,-0.2588,0.8518,0.0651,-0.8277,-0.7101,0.0,0.0
1779744291127,2,Pitching Mound.Parent,,Delivery,pitch.1,700387,14.5565,-5.5444,91.8216,12.0941,106.9758,15.9832,-0.1113,0.3142
1779744291128,2,11.0000004b,Drive,Delivery,pitch.1,701932,0.0225,-0.2488,0.7539,0.0405,-0.6141,-0.7023,0.0,0.0
1779744291128,2,12.00000015,Lower Delivery,Delivery,pitch.1,702011,14.76,-5.2085,90.6217,-18.4813,107.5381,24.0754,-0.1129,-0.0194
1779744291128,2,12.00000018,Upper Delivery,Delivery,pitch.1,702698,-0.3785,-0.2135,0.3831,0.2003,0.4031,-2.2521,0.0,0.0
1779744291128,2,Pitching Mound.Delivery,,Delivery,pitch.1,701064,14.3815,-5.422,91.0049,12.4001,107.9413,16.6763,-0.1124,0.3178
1779744291128,2,Pitching Mound.Drive,,Delivery,pitch.1,701932,0.0225,-0.2488,0.7539,0.0405,-0.6141,-0.7023,0.0,0.0
1779744291128,2,Pitching Mound.Parent,,Delivery,pitch.1,700388,14.4073,-5.6808,91.8567,12.4651,107.1135,15.9662,-0.1114,0.3149
1779744291129,2,11.0000004b,Drive,Delivery,pitch.1,701933,0.019,-0.2582,0.7058,0.0363,-0.5762,-0.7127,0.0,0.0
1779744291129,2,12.00000015,Lower Delivery,Delivery,pitch.1,702012,14.6701,-5.3048,90.8093,-18.1503,107.484,24.0512,-0.1126,-0.019
1779744291129,2,12.00000018,Upper Delivery,Delivery,pitch.1,702699,-0.3673,-0.2222,0.3203,0.2015,0.405,-2.2616,0.0,0.0
1779744291129,2,Pitching Mound.Delivery,,Delivery,pitch.1,701065,14.3028,-5.5269,91.1296,12.8175,107.889,16.6769,-0.1122,0.3187
1779744291129,2,Pitching Mound.Drive,,Delivery,pitch.1,701933,0.019,-0.2582,0.7058,0.0363,-0.5762,-0.7127,0.0,0.0
1779744291129,2,Pitching Mound.Parent,,Delivery,pitch.1,700389,14.3253,-5.7758,91.8834,12.858,107.2749,15.9746,-0.1113,0.316
1779744291130,2,11.0000004b,Drive,Delivery,pitch.1,701934,0.0189,-0.2617,0.6953,0.0267,-0.4742,-0.7233,0.0,0.0
1779744291130,2,12.00000015,Lower Delivery,Delivery,pitch.1,702013,14.5746,-5.4005,91.0457,-17.8703,107.8292,24.0072,-0.1127,-0.0187
1779744291130,2,12.00000018,Upper Delivery,Delivery,pitch.1,702700,-0.4185,-0.2298,0.276,0.2043,0.4091,-2.2831,0.0,0.0
1779744291130,2,Pitching Mound.Delivery,,Delivery,pitch.1,701066,14.1561,-5.6303,91.3218,13.1957,108.2383,16.6264,-0.1123,0.3193
1779744291130,2,Pitching Mound.Drive,,Delivery,pitch.1,701934,0.0189,-0.2617,0.6953,0.0267,-0.4742,-0.7233,0.0,0.0
1779744291130,2,Pitching Mound.Parent,,Delivery,pitch.1,700390,14.1751,-5.8884,92.0276,13.232,107.6622,15.9137,-0.1115,0.3169
1779744291131,2,11.0000004b,Drive,Delivery,pitch.1,701935,0.0159,-0.27,0.8038,0.0315,-0.4929,-0.6954,0.0,0.0
1779744291131,2,12.00000015,Lower Delivery,Delivery,pitch.1,702014,14.4923,-5.5019,91.2982,-17.4754,108.0508,23.9781,-0.1126,-0.0182
1779744291131,2,12.00000018,Upper Delivery,Delivery,pitch.1,702701,-0.4562,-0.2229,0.3034,0.2032,0.4075,-2.2748,0.0,0.0
1779744291131,2,Pitching Mound.Delivery,,Delivery,pitch.1,701067,14.0361,-5.7248,91.6016,13.666,108.4584,16.6208,-0.1122,0.3196
1779744291131,2,Pitching Mound.Drive,,Delivery,pitch.1,701935,0.0159,-0.27,0.8038,0.0315,-0.4929,-0.6954,0.0,0.0
1779744291131,2,Pitching Mound.Parent,,Delivery,pitch.1,700391,14.0551,-5.9865,92.2968,13.6927,107.9841,15.8975,-0.1114,0.3172
1779744291132,2,11.0000004b,Drive,Delivery,pitch.1,701936,0.0222,-0.2677,0.7788,0.0396,-0.5115,-0.718,0.0,0.0
1779744291132,2,12.00000015,Lower Delivery,Delivery,pitch.1,702015,14.3947,-5.6288,91.2252,-16.9509,108.3054,23.9671,-0.1129,-0.0177
1779744291132,2,12.00000018,Upper Delivery,Delivery,pitch.1,702702,-0.4512,-0.23,0.2695,0.204,0.4088,-2.2812,0.0,0.0
1779744291132,2,Pitching Mound.Delivery,,Delivery,pitch.1,701068,13.9435,-5.8588,91.4947,14.1781,108.7141,16.6383,-0.1126,0.3204
1779744291132,2,Pitching Mound.Drive,,Delivery,pitch.1,701936,0.0222,-0.2677,0.7788,0.0396,-0.5115,-0.718,0.0,0.0
1779744291132,2,Pitching Mound.Parent,,Delivery,pitch.1,700392,13.9594,-6.1288,92.2985,14.2095,108.2212,15.9429,-0.1116,0.3176
1779744291133,2,11.0000004b,Drive,Delivery,pitch.1,701937,0.015,-0.2531,0.8883,0.0699,-0.4433,-0.7076,0.0,0.0
1779744291133,2,12.00000015,Lower Delivery,Delivery,pitch.1,702016,14.3106,-5.7029,91.4729,-17.0906,108.3225,23.9748,-0.1127,-0.0178
1779744291133,2,12.00000018,Upper Delivery,Delivery,pitch.1,702703,-0.43,-0.243,0.2438,0.2098,0.4175,-2.3264,0.0,0.0
1779744291133,2,Pitching Mound.Delivery,,Delivery,pitch.1,701069,13.8805,-5.9459,91.7166,14.1371,108.74,16.6366,-0.1124,0.3205
1779744291133,2,Pitching Mound.Drive,,Delivery,pitch.1,701937,0.015,-0.2531,0.8883,0.0699,-0.4433,-0.7076,0.0,0.0
1779744291133,2,Pitching Mound.Parent,,Delivery,pitch.1,700393,13.9027,-6.2136,92.4954,14.1767,108.2285,15.9186,-0.1114,0.3178
1779744291134,2,11.0000004b,Drive,Delivery,pitch.1,701938,0.0212,-0.2666,1.0008,0.0531,-0.4367,-0.7446,0.0,0.0
1779744291134,2,12.00000015,Lower Delivery,Delivery,pitch.1,702017,14.2591,-5.7755,91.5828,-16.4404,108.4247,23.9219,-0.1126,-0.0171
1779744291134,2,12.00000018,Upper Delivery,Delivery,pitch.1,702704,-0.4319,-0.253,0.1845,0.2088,0.416,-2.3188,0.0,0.0
1779744291134,2,Pitching Mound.Delivery,,Delivery,pitch.1,701070,13.8272,-6.0285,91.7674,14.8439,108.8407,16.6082,-0.1124,0.3216
1779744291134,2,Pitching Mound.Drive,,Delivery,pitch.1,701938,0.0212,-0.2666,1.0008,0.0531,-0.4367,-0.7446,0.0,0.0
1779744291134,2,Pitching Mound.Parent,,Delivery,pitch.1,700394,13.8421,-6.2816,92.6557,14.9138,108.3974,15.9005,-0.1113,0.3185
1779744291135,2,11.0000004b,Drive,Delivery,pitch.1,701939,0.0199,-0.2562,1.0001,0.0646,-0.407,-0.7601,0.0,0.0
1779744291135,2,12.00000015,Lower Delivery,Delivery,pitch.1,702018,14.1578,-5.8667,91.5387,-15.9625,108.7644,23.941,-0.113,-0.0166
1779744291135,2,12.00000018,Upper Delivery,Delivery,pitch.1,702705,-0.3588,-0.2434,0.2479,0.2058,0.4114,-2.295,0.0,0.0
1779744291135,2,Pitching Mound.Delivery,,Delivery,pitch.1,701071,13.799,-6.1101,91.7866,15.2822,109.1758,16.7104,-0.1127,0.3216
1779744291135,2,Pitching Mound.Drive,,Delivery,pitch.1,701939,0.0199,-0.2562,1.0001,0.0646,-0.407,-0.7601,0.0,0.0
1779744291135,2,Pitching Mound.Parent,,Delivery,pitch.1,700395,13.8203,-6.3767,92.7874,15.3353,108.739,15.9658,-0.1115,0.3182
1779744291136,2,11.0000004b,Drive,Delivery,pitch.1,701940,0.0264,-0.2421,0.9913,0.0594,-0.4508,-0.7632,0.0,0.0
1779744291136,2,12.00000015,Lower Delivery,Delivery,pitch.1,702019,14.0635,-5.9462,91.8789,-15.6722,108.7146,23.9118,-0.1126,-0.0162
1779744291136,2,12.00000018,Upper Delivery,Delivery,pitch.1,702706,-0.3288,-0.2331,0.2622,0.2023,0.4062,-2.2682,0.0,0.0
1779744291136,2,Pitching Mound.Delivery,,Delivery,pitch.1,701072,13.7348,-6.1793,92.1411,15.6798,109.1208,16.7503,-0.1122,0.3219
1779744291136,2,Pitching Mound.Drive,,Delivery,pitch.1,701940,0.0264,-0.2421,0.9913,0.0594,-0.4508,-0.7632,0.0,0.0
1779744291136,2,Pitching Mound.Parent,,Delivery,pitch.1,700396,13.7547,-6.4355,93.1412,15.7444,108.7138,15.9902,-0.111,0.3184
1779744291137,2,11.0000004b,Drive,Delivery,pitch.1,701941,0.0284,-0.2607,0.919,0.0652,-0.4987,-0.7435,0.0,0.0
1779744291137,2,12.00000015,Lower Delivery,Delivery,pitch.1,702020,13.9801,-6.0292,91.9703,-15.0911,108.8332,23.8718,-0.1126,-0.0156
1779744291137,2,12.00000018,Upper Delivery,Delivery,pitch.1,702707,-0.3264,-0.2358,0.2702,0.1977,0.3992,-2.2317,0.0,0.0
1779744291137,2,Pitching Mound.Delivery,,Delivery,pitch.1,701073,13.6536,-6.2651,92.2405,16.2846,109.2324,16.7758,-0.1122,0.3224
1779744291137,2,Pitching Mound.Drive,,Delivery,pitch.1,701941,0.0284,-0.2607,0.919,0.0652,-0.4987,-0.7435,0.0,0.0
1779744291137,2,Pitching Mound.Parent,,Delivery,pitch.1,700397,13.6801,-6.5072,93.2317,16.344,108.7816,16.0126,-0.111,0.319
1779744291138,2,11.0000004b,Drive,Delivery,pitch.1,701942,0.0269,-0.2588,0.8821,0.0688,-0.5657,-0.7685,0.0,0.0
1779744291138,2,12.00000015,Lower Delivery,Delivery,pitch.1,702021,13.8776,-6.1199,92.1808,-14.8872,108.7006,23.8892,-0.1122,-0.0154
1779744291138,2,12.00000018,Upper Delivery,Delivery,pitch.1,702708,-0.2443,-0.1952,0.3917,0.1986,0.4006,-2.2387,0.0,0.0
1779744291138,2,Pitching Mound.Delivery,,Delivery,pitch.1,701074,13.6333,-6.3151,92.5725,16.5197,109.1012,16.849,-0.1117,0.3218
1779744291138,2,Pitching Mound.Drive,,Delivery,pitch.1,701942,0.0269,-0.2588,0.8821,0.0688,-0.5657,-0.7685,0.0,0.0
1779744291138,2,Pitching Mound.Parent,,Delivery,pitch.1,700398,13.6617,-6.5759,93.4915,16.5849,108.6025,16.1056,-0.1106,0.3187
1779744291139,2,11.0000004b,Drive,Delivery,pitch.1,701943,0.0211,-0.2557,0.831,0.0636,-0.6558,-0.7719,0.0,0.0
1779744291139,2,12.00000015,Lower Delivery,Delivery,pitch.1,702022,13.7819,-6.2242,92.157,-14.2834,108.97,23.8374,-0.1125,-0.0147
1779744291139,2,12.00000018,Upper Delivery,Delivery,pitch.1,702709,-0.1997,-0.1714,0.3659,0.1868,0.3829,-2.1469,0.0,0.0
1779744291139,2,Pitching Mound.Delivery,,Delivery,pitch.1,701075,13.5822,-6.3955,92.5228,17.1124,109.3529,16.9368,-0.112,0.3226
1779744291139,2,Pitching Mound.Drive,,Delivery,pitch.1,701943,0.0211,-0.2557,0.831,0.0636,-0.6558,-0.7719,0.0,0.0
1779744291139,2,Pitching Mound.Parent,,Delivery,pitch.1,700399,13.6091,-6.6543,93.4049,17.1812,108.7872,16.1683,-0.111,0.3196
1779744291140,2,11.0000004b,Drive,Delivery,pitch.1,701944,0.0261,-0.2463,0.8651,0.0556,-0.7165,-0.763,0.0,0.0
1779744291140,2,12.00000015,Lower Delivery,Delivery,pitch.1,702023,13.6831,-6.2997,92.0193,-13.69,109.5009,23.8353,-0.1132,-0.0142
1779744291140,2,12.00000018,Upper Delivery,Delivery,pitch.1,702710,-0.1544,-0.1512,0.2944,0.192,0.3906,-2.1871,0.0,0.0
1779744291140,2,Pitching Mound.Delivery,,Delivery,pitch.1,701076,13.5288,-6.4509,92.3136,17.6884,109.8915,16.9434,-0.1128,0.3237
1779744291140,2,Pitching Mound.Drive,,Delivery,pitch.1,701944,0.0261,-0.2463,0.8651,0.0556,-0.7165,-0.763,0.0,0.0
1779744291140,2,Pitching Mound.Parent,,Delivery,pitch.1,700400,13.5499,-6.7065,93.1446,17.752,109.2357,16.1715,-0.1118,0.3208
1779744291141,2,11.0000004b,Drive,Delivery,pitch.1,701945,0.0311,-0.2403,0.7807,0.0597,-0.7531,-0.7834,0.0,0.0
1779744291141,2,12.00000015,Lower Delivery,Delivery,pitch.1,702024,13.584,-6.3835,92.1703,-13.2215,109.4651,23.7688,-0.113,-0.0136
1779744291141,2,12.00000015,Lower Delivery,Delivery,pitch.1,702025,13.4733,-6.468,92.2653,-12.8712,109.3326,23.7618,-0.1127,-0.0133
1779744291141,2,12.00000018,Upper Delivery,Delivery,pitch.1,702711,-0.1154,-0.126,0.2171,0.1913,0.3896,-2.1816,0.0,0.0
1779744291141,2,Pitching Mound.Delivery,,Delivery,pitch.1,701077,13.4687,-6.5096,92.3874,18.2338,109.8547,16.9294,-0.1127,0.3248
1779744291141,2,Pitching Mound.Drive,,Delivery,pitch.1,701945,0.0311,-0.2403,0.7807,0.0597,-0.7531,-0.7834,0.0,0.0
1779744291141,2,Pitching Mound.Parent,,Delivery,pitch.1,700401,13.4948,-6.7559,93.2525,18.2894,109.1382,16.1664,-0.1117,0.3218
1779744291142,2,11.0000004b,Drive,Delivery,pitch.1,701946,0.0344,-0.245,0.7806,0.0776,-0.8226,-0.8274,0.0,0.0
1779744291142,2,12.00000018,Upper Delivery,Delivery,pitch.1,702712,-0.0835,-0.1037,0.1375,0.1895,0.3869,-2.1679,0.0,0.0
1779744291142,2,Pitching Mound.Delivery,,Delivery,pitch.1,701078,13.3898,-6.5716,92.4027,18.6417,109.7195,16.9846,-0.1126,0.3257
1779744291142,2,Pitching Mound.Drive,,Delivery,pitch.1,701946,0.0344,-0.245,0.7806,0.0776,-0.8226,-0.8274,0.0,0.0
1779744291142,2,Pitching Mound.Parent,,Delivery,pitch.1,700402,13.4209,-6.812,93.1834,18.7014,108.9664,16.2012,-0.1116,0.323
1779744291143,2,11.0000004b,Drive,Delivery,pitch.1,701947,0.0349,-0.2392,0.8003,0.0776,-0.8571,-0.8125,0.0,0.0
1779744291143,2,12.00000015,Lower Delivery,Delivery,pitch.1,702026,13.3599,-6.523,92.4733,-12.7754,109.3873,23.781,-0.1125,-0.0131
1779744291143,2,12.00000018,Upper Delivery,Delivery,pitch.1,702713,-0.0815,-0.0878,0.1101,0.1786,0.3706,-2.083,0.0,0.0
1779744291143,2,Pitching Mound.Delivery,,Delivery,pitch.1,701079,13.2784,-6.6108,92.5834,18.8067,109.7579,17.1279,-0.1124,0.3261
1779744291143,2,Pitching Mound.Drive,,Delivery,pitch.1,701947,0.0349,-0.2392,0.8003,0.0776,-0.8571,-0.8125,0.0,0.0
1779744291143,2,Pitching Mound.Parent,,Delivery,pitch.1,700403,13.3127,-6.8558,93.364,18.8842,108.9353,16.3005,-0.1115,0.3233
1779744291144,2,11.0000004b,Drive,Delivery,pitch.1,701948,0.0437,-0.2358,0.7048,0.0818,-0.9088,-0.8086,0.0,0.0
1779744291144,2,12.00000015,Lower Delivery,Delivery,pitch.1,702027,13.2619,-6.6073,92.6218,-12.4062,109.6703,23.799,-0.1126,-0.0127
1779744291144,2,12.00000015,Lower Delivery,Delivery,pitch.1,702028,13.1583,-6.6834,92.7941,-12.4948,109.7767,23.8537,-0.1125,-0.0128
1779744291144,2,12.00000018,Upper Delivery,Delivery,pitch.1,702714,-0.0812,-0.0765,0.1002,0.1773,0.3687,-2.0732,0.0,0.0
1779744291144,2,Pitching Mound.Delivery,,Delivery,pitch.1,701080,13.1806,-6.6839,92.722,19.2285,110.0391,17.1891,-0.1125,0.3265
1779744291144,2,Pitching Mound.Drive,,Delivery,pitch.1,701948,0.0437,-0.2358,0.7048,0.0818,-0.9088,-0.8086,0.0,0.0
1779744291144,2,Pitching Mound.Parent,,Delivery,pitch.1,700404,13.2156,-6.9231,93.5223,19.306,109.1819,16.3766,-0.1116,0.3237
1779744291145,2,11.0000004b,Drive,Delivery,pitch.1,701949,0.0501,-0.2374,0.6077,0.0944,-0.8885,-0.7998,0.0,0.0
1779744291145,2,12.00000015,Lower Delivery,Delivery,pitch.1,702029,13.035,-6.7571,93.0455,-12.4496,109.8079,23.8585,-0.1123,-0.0127
1779744291145,2,12.00000018,Upper Delivery,Delivery,pitch.1,702715,-0.077,-0.061,0.0785,0.1714,0.3598,-2.0268,0.0,0.0
1779744291145,2,Pitching Mound.Delivery,,Delivery,pitch.1,701081,13.0813,-6.7444,92.8726,19.1999,110.1365,17.3268,-0.1124,0.3266
1779744291145,2,Pitching Mound.Drive,,Delivery,pitch.1,701949,0.0501,-0.2374,0.6077,0.0944,-0.8885,-0.7998,0.0,0.0
1779744291145,2,Pitching Mound.Parent,,Delivery,pitch.1,700405,13.125,-6.9802,93.5774,19.2817,109.2277,16.5183,-0.1116,0.3242
1779744291146,2,11.0000004b,Drive,Delivery,pitch.1,701950,0.0497,-0.2325,0.6016,0.0975,-0.8563,-0.7786,0.0,0.0
1779744291146,2,12.00000015,Lower Delivery,Delivery,pitch.1,702030,12.9169,-6.8364,93.1351,-12.083,109.7588,23.9315,-0.1121,-0.0123
1779744291146,2,12.00000018,Upper Delivery,Delivery,pitch.1,702716,-0.0779,-0.0612,0.0794,0.1636,0.3481,-1.9663,0.0,0.0
1779744291146,2,Pitching Mound.Delivery,,Delivery,pitch.1,701082,12.9571,-6.8183,93.1249,19.3225,110.156,17.4338,-0.1122,0.3267
1779744291146,2,Pitching Mound.Drive,,Delivery,pitch.1,701950,0.0497,-0.2325,0.6016,0.0975,-0.8563,-0.7786,0.0,0.0
1779744291146,2,Pitching Mound.Parent,,Delivery,pitch.1,700406,13.0072,-7.0556,93.7326,19.4168,109.2675,16.634,-0.1114,0.3246
1779744291147,2,11.0000004b,Drive,Delivery,pitch.1,701951,0.0416,-0.2458,0.5988,0.1038,-0.8109,-0.7865,0.0,0.0
1779744291147,2,12.00000018,Upper Delivery,Delivery,pitch.1,702717,-0.0804,-0.0505,0.0506,0.1557,0.3362,-1.9044,0.0,0.0
1779744291147,2,Pitching Mound.Delivery,,Delivery,pitch.1,701083,12.8364,-6.8869,93.1857,19.7214,110.095,17.608,-0.112,0.3273
1779744291147,2,Pitching Mound.Drive,,Delivery,pitch.1,701951,0.0416,-0.2458,0.5988,0.1038,-0.8109,-0.7865,0.0,0.0
1779744291147,2,Pitching Mound.Parent,,Delivery,pitch.1,700407,12.8861,-7.1194,93.7872,19.8189,109.2387,16.8293,-0.1113,0.3252
1779744291148,2,11.0000004b,Drive,Delivery,pitch.1,701952,0.0358,-0.2392,0.648,0.0698,-0.7647,-0.7701,0.0,0.0
1779744291148,2,12.00000015,Lower Delivery,Delivery,pitch.1,702032,12.6852,-6.965,93.4024,-11.3521,110.1829,24.0588,-0.1122,-0.0116
1779744291148,2,12.00000015,Lower Delivery,Delivery,pitch.1,702031,12.7978,-6.8926,93.2515,-11.8117,110.0073,23.9671,-0.1122,-0.012
1779744291148,2,12.00000018,Upper Delivery,Delivery,pitch.1,702718,-0.0747,-0.0397,0.0547,0.1535,0.3329,-1.8871,0.0,0.0
1779744291148,2,Pitching Mound.Delivery,,Delivery,pitch.1,701084,12.723,-6.9323,93.3062,20.0288,110.3402,17.7033,-0.1122,0.3276
1779744291148,2,Pitching Mound.Drive,,Delivery,pitch.1,701952,0.0358,-0.2392,0.648,0.0698,-0.7647,-0.7701,0.0,0.0
1779744291148,2,Pitching Mound.Parent,,Delivery,pitch.1,700408,12.7647,-7.1781,93.905,20.1326,109.5293,16.9168,-0.1114,0.3255
1779744291149,2,11.0000004b,Drive,Delivery,pitch.1,701953,0.0289,-0.2418,0.5953,0.0728,-0.7278,-0.7645,0.0,0.0
1779744291149,2,12.00000015,Lower Delivery,Delivery,pitch.1,702033,12.5562,-7.0284,93.6474,-11.0293,110.1124,24.1439,-0.1119,-0.0112
1779744291149,2,12.00000018,Upper Delivery,Delivery,pitch.1,702719,-0.0752,-0.0428,0.0559,0.1557,0.3362,-1.9047,0.0,0.0
1779744291149,2,Pitching Mound.Delivery,,Delivery,pitch.1,701085,12.61,-7.0077,93.4584,20.5414,110.5192,17.8155,-0.1122,0.328
1779744291149,2,Pitching Mound.Drive,,Delivery,pitch.1,701953,0.0289,-0.2418,0.5953,0.0728,-0.7278,-0.7645,0.0,0.0
1779744291149,2,Pitching Mound.Parent,,Delivery,pitch.1,700409,12.6457,-7.2469,94.1064,20.6112,109.7545,17.0455,-0.1114,0.3258
1779744291150,2,11.0000004b,Drive,Delivery,pitch.1,701954,0.0187,-0.249,0.6545,0.0809,-0.7381,-0.7359,0.0,0.0
1779744291150,2,12.00000015,Lower Delivery,Delivery,pitch.1,702034,12.4084,-7.1117,93.9701,-10.6819,110.0305,24.1968,-0.1114,-0.0108
1779744291150,2,12.00000018,Upper Delivery,Delivery,pitch.1,702720,-0.0765,-0.0497,0.0609,0.1412,0.3144,-1.7912,0.0,0.0
1779744291150,2,Pitching Mound.Delivery,,Delivery,pitch.1,701086,12.4797,-7.0781,93.7083,20.9313,110.4268,18.0576,-0.1118,0.3284
1779744291150,2,Pitching Mound.Drive,,Delivery,pitch.1,701954,0.0187,-0.249,0.6545,0.0809,-0.7381,-0.7359,0.0,0.0
1779744291150,2,Pitching Mound.Parent,,Delivery,pitch.1,700410,12.5086,-7.3199,94.3036,21.0041,109.699,17.293,-0.1111,0.3263
1779744291151,2,11.0000004b,Drive,Delivery,pitch.1,701955,0.0159,-0.248,0.5657,0.062,-0.6768,-0.7445,0.0,0.0
1779744291151,2,12.00000018,Upper Delivery,Delivery,pitch.1,702721,-0.0729,-0.0386,0.0504,0.1393,0.3115,-1.7765,0.0,0.0
1779744291151,2,Pitching Mound.Delivery,,Delivery,pitch.1,701087,12.3355,-7.1502,94.0205,21.3901,110.3421,18.1768,-0.1113,0.3288
1779744291151,2,Pitching Mound.Drive,,Delivery,pitch.1,701955,0.0159,-0.248,0.5657,0.062,-0.6768,-0.7445,0.0,0.0
1779744291151,2,Pitching Mound.Parent,,Delivery,pitch.1,700411,12.3542,-7.3992,94.675,21.471,109.604,17.4409,-0.1106,0.3266
1779744291152,2,11.0000004b,Drive,Delivery,pitch.1,701956,0.017,-0.2587,0.6045,0.0517,-0.6277,-0.7348,0.0,0.0
1779744291152,2,12.00000015,Lower Delivery,Delivery,pitch.1,702035,12.2843,-7.2146,93.9257,-10.2142,110.2346,24.2491,-0.1116,-0.0103
1779744291152,2,12.00000015,Lower Delivery,Delivery,pitch.1,702036,12.1347,-7.3025,94.1486,-10.1846,110.2774,24.2583,-0.1114,-0.0103
1779744291152,2,12.00000018,Upper Delivery,Delivery,pitch.1,702722,-0.0722,-0.0368,0.0674,0.1335,0.3028,-1.7312,0.0,0.0
1779744291152,2,Pitching Mound.Delivery,,Delivery,pitch.1,701088,12.2121,-7.2514,93.9931,21.8311,110.5375,18.3167,-0.1116,0.3292
1779744291152,2,Pitching Mound.Drive,,Delivery,pitch.1,701956,0.017,-0.2587,0.6045,0.0517,-0.6277,-0.7348,0.0,0.0
1779744291152,2,Pitching Mound.Parent,,Delivery,pitch.1,700412,12.228,-7.4994,94.5588,21.8931,109.8607,17.5722,-0.1109,0.3272
1779744291153,2,11.0000004b,Drive,Delivery,pitch.1,701957,0.0088,-0.2476,0.6295,0.0452,-0.5544,-0.7415,0.0,0.0
1779744291153,2,12.00000015,Lower Delivery,Delivery,pitch.1,702037,11.9982,-7.3882,94.1758,-9.9979,110.2974,24.2295,-0.1114,-0.0101
1779744291153,2,12.00000018,Upper Delivery,Delivery,pitch.1,702723,-0.0733,-0.0422,0.0811,0.1273,0.2935,-1.6826,0.0,0.0
1779744291153,2,Pitching Mound.Delivery,,Delivery,pitch.1,701089,12.0615,-7.3447,94.2297,21.9255,110.5709,18.425,-0.1113,0.3291
1779744291153,2,Pitching Mound.Drive,,Delivery,pitch.1,701957,0.0088,-0.2476,0.6295,0.0452,-0.5544,-0.7415,0.0,0.0
1779744291153,2,Pitching Mound.Parent,,Delivery,pitch.1,700413,12.0784,-7.6033,94.8342,21.9772,109.9432,17.6902,-0.1106,0.327
1779744291154,2,11.0000004b,Drive,Delivery,pitch.1,701958,0.0203,-0.2466,0.6048,0.0409,-0.4748,-0.7271,0.0,0.0
1779744291154,2,12.00000015,Lower Delivery,Delivery,pitch.1,702038,11.8215,-7.4996,94.2728,-9.8013,110.1112,24.2877,-0.1111,-0.0099
1779744291154,2,12.00000018,Upper Delivery,Delivery,pitch.1,702724,-0.0762,-0.0482,0.0944,0.1344,0.3041,-1.738,0.0,0.0
1779744291154,2,Pitching Mound.Delivery,,Delivery,pitch.1,701090,11.9219,-7.4364,94.2703,22.1242,110.6015,18.3862,-0.1113,0.3292
1779744291154,2,Pitching Mound.Drive,,Delivery,pitch.1,701958,0.0203,-0.2466,0.6048,0.0409,-0.4748,-0.7271,0.0,0.0
1779744291154,2,Pitching Mound.Parent,,Delivery,pitch.1,700414,11.9308,-7.6841,94.8997,22.1694,110.0471,17.6447,-0.1106,0.327
1779744291155,2,11.0000004b,Drive,Delivery,pitch.1,701959,0.0266,-0.2567,0.6489,0.038,-0.5188,-0.7152,0.0,0.0
1779744291155,2,12.00000015,Lower Delivery,Delivery,pitch.1,702039,11.6954,-7.5823,94.3669,-9.8199,110.1982,24.2679,-0.1111,-0.0099
1779744291155,2,12.00000018,Upper Delivery,Delivery,pitch.1,702725,-0.0779,-0.068,0.1103,0.1344,0.3042,-1.7384,0.0,0.0
1779744291155,2,12.00000018,Upper Delivery,Delivery,pitch.1,702726,-0.0836,-0.0652,0.1081,0.1385,0.3104,-1.7703,0.0,0.0
1779744291155,2,Pitching Mound.Delivery,,Delivery,pitch.1,701091,11.7436,-7.5676,94.3831,22.3484,110.4155,18.5036,-0.111,0.3293
1779744291155,2,Pitching Mound.Delivery,,Delivery,pitch.1,701092,11.6117,-7.6475,94.475,22.3666,110.5086,18.4927,-0.111,0.3293
1779744291155,2,Pitching Mound.Drive,,Delivery,pitch.1,701959,0.0266,-0.2567,0.6489,0.038,-0.5188,-0.7152,0.0,0.0
1779744291155,2,Pitching Mound.Parent,,Delivery,pitch.1,700415,11.7639,-7.8142,94.9879,22.3893,109.9407,17.7765,-0.1103,0.3272
1779744291155,2,Pitching Mound.Parent,,Delivery,pitch.1,700416,11.6383,-7.9042,95.1238,22.4046,109.9898,17.7775,-0.1102,0.3271
1779744291156,2,11.0000004b,Drive,Delivery,pitch.1,701960,0.0252,-0.2588,0.7151,0.0434,-0.6396,-0.7645,0.0,0.0
1779744291156,2,12.00000015,Lower Delivery,Delivery,pitch.1,702040,11.542,-7.6788,94.5471,-9.8726,110.1111,24.2097,-0.1108,-0.0099
1779744291156,2,Pitching Mound.Drive,,Delivery,pitch.1,701960,0.0252,-0.2588,0.7151,0.0434,-0.6396,-0.7645,0.0,0.0
1779744291157,2,11.0000004b,Drive,Delivery,pitch.1,701961,0.0253,-0.2664,0.7635,0.0471,-0.6916,-0.7671,0.0,0.0
1779744291157,2,12.00000015,Lower Delivery,Delivery,pitch.1,702041,11.3806,-7.7588,94.6254,-9.7207,110.2297,24.1543,-0.1108,-0.0098
1779744291157,2,12.00000018,Upper Delivery,Delivery,pitch.1,702727,-0.0849,-0.0779,0.1165,0.1479,0.3244,-1.8433,0.0,0.0
1779744291157,2,Pitching Mound.Delivery,,Delivery,pitch.1,701093,11.4572,-7.7566,94.6636,22.3816,110.4355,18.4133,-0.1107,0.3292
1779744291157,2,Pitching Mound.Drive,,Delivery,pitch.1,701961,0.0253,-0.2664,0.7635,0.0471,-0.6916,-0.7671,0.0,0.0
1779744291157,2,Pitching Mound.Parent,,Delivery,pitch.1,700417,11.4824,-8.0154,95.3787,22.425,109.7959,17.6488,-0.1098,0.3268
1779744291158,2,11.0000004b,Drive,Delivery,pitch.1,701962,0.0213,-0.2539,0.7331,0.0494,-0.7191,-0.7623,0.0,0.0
1779744291158,2,12.00000018,Upper Delivery,Delivery,pitch.1,702728,-0.0895,-0.0835,0.1127,0.1323,0.301,-1.7216,0.0,0.0
1779744291158,2,Pitching Mound.Delivery,,Delivery,pitch.1,701094,11.291,-7.8422,94.7381,22.5458,110.5307,18.5329,-0.1107,0.3294
1779744291158,2,Pitching Mound.Drive,,Delivery,pitch.1,701962,0.0213,-0.2539,0.7331,0.0494,-0.7191,-0.7623,0.0,0.0
1779744291158,2,Pitching Mound.Parent,,Delivery,pitch.1,700418,11.3163,-8.1086,95.5016,22.5929,109.8391,17.7658,-0.1098,0.3268
1779744291159,2,11.0000004b,Drive,Delivery,pitch.1,701963,0.0255,-0.2549,0.7293,0.0499,-0.7225,-0.7629,0.0,0.0
1779744291159,2,12.00000015,Lower Delivery,Delivery,pitch.1,702042,11.2015,-7.8468,94.5352,-9.7245,109.758,24.0825,-0.1104,-0.0098
1779744291159,2,12.00000015,Lower Delivery,Delivery,pitch.1,702043,11.0684,-7.9261,94.5487,-9.542,109.7643,24.0696,-0.1104,-0.0096
1779744291159,2,12.00000018,Upper Delivery,Delivery,pitch.1,702729,-0.0873,-0.0752,0.0875,0.1305,0.2984,-1.7081,0.0,0.0
1779744291159,2,12.00000018,Upper Delivery,Delivery,pitch.1,702730,-0.0905,-0.0754,0.0634,0.1234,0.2877,-1.6526,0.0,0.0
1779744291159,2,Pitching Mound.Delivery,,Delivery,pitch.1,701096,10.9779,-8.0015,94.6121,22.7065,110.052,18.623,-0.1104,0.33
1779744291159,2,Pitching Mound.Delivery,,Delivery,pitch.1,701095,11.1143,-7.922,94.6227,22.5182,110.0564,18.5363,-0.1103,0.3296
1779744291159,2,Pitching Mound.Drive,,Delivery,pitch.1,701963,0.0255,-0.2549,0.7293,0.0499,-0.7225,-0.7629,0.0,0.0
1779744291159,2,Pitching Mound.Parent,,Delivery,pitch.1,700420,11.0034,-8.2563,95.3414,22.7563,109.3295,17.8602,-0.1095,0.3274
1779744291159,2,Pitching Mound.Parent,,Delivery,pitch.1,700419,11.1356,-8.1759,95.3558,22.5676,109.3373,17.774,-0.1095,0.3271
1779744291160,2,11.0000004b,Drive,Delivery,pitch.1,701964,0.0356,-0.2519,0.7135,0.0597,-0.7992,-0.7529,0.0,0.0
1779744291160,2,12.00000015,Lower Delivery,Delivery,pitch.1,702044,10.9317,-8.0124,94.7291,-9.3895,109.9971,24.0179,-0.1105,-0.0094
1779744291160,2,12.00000018,Upper Delivery,Delivery,pitch.1,702731,-0.09,-0.0773,0.0625,0.13,0.2975,-1.7037,0.0,0.0
1779744291160,2,Pitching Mound.Delivery,,Delivery,pitch.1,701097,10.8417,-8.0897,94.7916,22.927,110.2946,18.5668,-0.1104,0.3301
1779744291160,2,Pitching Mound.Drive,,Delivery,pitch.1,701964,0.0356,-0.2519,0.7135,0.0597,-0.7992,-0.7529,0.0,0.0
1779744291160,2,Pitching Mound.Parent,,Delivery,pitch.1,700421,10.8773,-8.3415,95.5051,22.9867,109.4954,17.8139,-0.1096,0.3277
1779744291161,2,11.0000004b,Drive,Delivery,pitch.1,701965,0.0387,-0.2523,0.7219,0.0694,-0.7941,-0.7515,0.0,0.0
1779744291161,2,12.00000015,Lower Delivery,Delivery,pitch.1,702045,10.7673,-8.0809,94.9289,-9.3463,110.511,23.9381,-0.1107,-0.0094
1779744291161,2,12.00000018,Upper Delivery,Delivery,pitch.1,702732,-0.0919,-0.0737,0.0423,0.1176,0.279,-1.6074,0.0,0.0
1779744291161,2,Pitching Mound.Delivery,,Delivery,pitch.1,701098,10.6755,-8.1546,94.9713,23.0327,110.79,18.6385,-0.1107,0.3303
1779744291161,2,Pitching Mound.Drive,,Delivery,pitch.1,701965,0.0387,-0.2523,0.7219,0.0694,-0.7941,-0.7515,0.0,0.0
1779744291161,2,Pitching Mound.Parent,,Delivery,pitch.1,700422,10.7142,-8.4069,95.6932,23.1021,109.9959,17.887,-0.1099,0.3278
1779744291162,2,11.0000004b,Drive,Delivery,pitch.1,701966,0.0332,-0.2569,0.7343,0.0537,-0.7423,-0.7347,0.0,0.0
1779744291162,2,12.00000015,Lower Delivery,Delivery,pitch.1,702046,10.5877,-8.0832,94.7026,-9.0321,110.4215,23.8482,-0.1109,-0.0091
1779744291162,2,12.00000018,Upper Delivery,Delivery,pitch.1,702733,-0.0896,-0.065,0.0269,0.111,0.2691,-1.5558,0.0,0.0
1779744291162,2,Pitching Mound.Delivery,,Delivery,pitch.1,701099,10.4981,-8.1482,94.7295,23.2686,110.6905,18.6621,-0.1109,0.3307
1779744291162,2,Pitching Mound.Drive,,Delivery,pitch.1,701966,0.0332,-0.2569,0.7343,0.0537,-0.7423,-0.7347,0.0,0.0
1779744291162,2,Pitching Mound.Parent,,Delivery,pitch.1,700423,10.5313,-8.4052,95.4639,23.3223,109.9482,17.9274,-0.11,0.3282
1779744291163,2,11.0000004b,Drive,Delivery,pitch.1,701967,0.0369,-0.2447,0.6942,0.0743,-0.865,-0.7531,0.0,0.0
1779744291163,2,12.00000015,Lower Delivery,Delivery,pitch.1,702047,10.439,-8.1576,94.9369,-8.6096,110.5776,23.8104,-0.1108,-0.0086
1779744291163,2,12.00000018,Upper Delivery,Delivery,pitch.1,702734,-0.0873,-0.0634,0.0281,0.111,0.2691,-1.5558,0.0,0.0
1779744291163,2,Pitching Mound.Delivery,,Delivery,pitch.1,701100,10.3517,-8.221,94.965,23.7704,110.8466,18.6756,-0.1108,0.3312
1779744291163,2,Pitching Mound.Drive,,Delivery,pitch.1,701967,0.0369,-0.2447,0.6942,0.0743,-0.865,-0.7531,0.0,0.0
1779744291163,2,Pitching Mound.Parent,,Delivery,pitch.1,700424,10.3887,-8.4656,95.6592,23.8447,109.9816,17.9225,-0.11,0.3288
1779744291164,2,11.0000004b,Drive,Delivery,pitch.1,701968,0.0494,-0.2387,0.667,0.0839,-0.7757,-0.7459,0.0,0.0
1779744291164,2,12.00000015,Lower Delivery,Delivery,pitch.1,702048,10.2819,-8.1713,95.0776,-8.5761,111.0395,23.7028,-0.1111,-0.0086
1779744291164,2,12.00000018,Upper Delivery,Delivery,pitch.1,702735,-0.0888,-0.0586,0.0214,0.1066,0.2625,-1.5217,0.0,0.0
1779744291164,2,Pitching Mound.Delivery,,Delivery,pitch.1,701101,10.1932,-8.2299,95.099,23.8496,111.302,18.6551,-0.1111,0.3313
1779744291164,2,Pitching Mound.Drive,,Delivery,pitch.1,701968,0.0494,-0.2387,0.667,0.0839,-0.7757,-0.7459,0.0,0.0
1779744291164,2,Pitching Mound.Parent,,Delivery,pitch.1,700425,10.2426,-8.4686,95.766,23.9335,110.5262,17.9092,-0.1103,0.329
1779744291165,2,11.0000004b,Drive,Delivery,pitch.1,701969,0.0435,-0.2338,0.6662,0.0682,-0.7472,-0.7334,0.0,0.0
1779744291165,2,12.00000015,Lower Delivery,Delivery,pitch.1,702049,10.1267,-8.2163,95.1995,-8.2383,111.0247,23.5979,-0.1109,-0.0082
1779744291165,2,12.00000018,Upper Delivery,Delivery,pitch.1,702736,-0.0848,-0.0481,0.0163,0.0997,0.2521,-1.468,0.0,0.0
1779744291165,2,Pitching Mound.Delivery,,Delivery,pitch.1,701102,10.0419,-8.2643,95.2158,24.2237,111.2769,18.6579,-0.1109,0.3317
1779744291165,2,Pitching Mound.Drive,,Delivery,pitch.1,701969,0.0435,-0.2338,0.6662,0.0682,-0.7472,-0.7334,0.0,0.0
1779744291165,2,Pitching Mound.Parent,,Delivery,pitch.1,700426,10.0854,-8.4982,95.882,24.292,110.5297,17.9245,-0.1102,0.3293
1779744291166,2,11.0000004b,Drive,Delivery,pitch.1,701970,0.0402,-0.2339,0.6429,0.0753,-0.7828,-0.7384,0.0,0.0
1779744291166,2,12.00000015,Lower Delivery,Delivery,pitch.1,702050,9.9574,-8.2298,95.3728,-8.2318,111.2314,23.4947,-0.1109,-0.0082
1779744291166,2,12.00000018,Upper Delivery,Delivery,pitch.1,702737,-0.0863,-0.0475,0.0157,0.0945,0.2442,-1.427,0.0,0.0
1779744291166,2,Pitching Mound.Delivery,,Delivery,pitch.1,701103,9.8712,-8.2773,95.3885,24.2841,111.4756,18.6528,-0.1109,0.3317
1779744291166,2,Pitching Mound.Drive,,Delivery,pitch.1,701970,0.0402,-0.2339,0.6429,0.0753,-0.7828,-0.7384,0.0,0.0
1779744291166,2,Pitching Mound.Parent,,Delivery,pitch.1,700427,9.9114,-8.5112,96.0314,24.3594,110.6929,17.9144,-0.1102,0.3295
1779744291167,2,11.0000004b,Drive,Delivery,pitch.1,701971,0.0421,-0.2473,0.6764,0.0651,-0.715,-0.7042,0.0,0.0
1779744291167,2,12.00000015,Lower Delivery,Delivery,pitch.1,702051,9.7698,-8.25,95.3178,-8.0935,110.8558,23.4368,-0.1106,-0.0081
1779744291167,2,12.00000018,Upper Delivery,Delivery,pitch.1,702738,-0.0886,-0.0474,0.0155,0.0925,0.2413,-1.4116,0.0,0.0
1779744291167,2,Pitching Mound.Delivery,,Delivery,pitch.1,701104,9.6812,-8.2974,95.3333,24.4018,111.0971,18.6735,-0.1106,0.3318
1779744291167,2,Pitching Mound.Drive,,Delivery,pitch.1,701971,0.0421,-0.2473,0.6764,0.0651,-0.715,-0.7042,0.0,0.0
1779744291167,2,Pitching Mound.Parent,,Delivery,pitch.1,700428,9.7232,-8.5447,96.0097,24.4669,110.3821,17.9693,-0.1098,0.3295
1779744291168,2,11.0000004b,Drive,Delivery,pitch.1,701972,0.046,-0.238,0.6456,0.0853,-0.6784,-0.6748,0.0,0.0
1779744291168,2,12.00000015,Lower Delivery,Delivery,pitch.1,702052,9.6149,-8.2466,95.4242,-8.0982,110.9626,23.3443,-0.1106,-0.0081
1779744291168,2,12.00000018,Upper Delivery,Delivery,pitch.1,702739,-0.083,-0.0354,0.0248,0.0985,0.2502,-1.4581,0.0,0.0
1779744291168,2,Pitching Mound.Delivery,,Delivery,pitch.1,701105,9.5318,-8.2821,95.449,24.436,111.2128,18.5889,-0.1106,0.3318
1779744291168,2,Pitching Mound.Drive,,Delivery,pitch.1,701972,0.046,-0.238,0.6456,0.0853,-0.6784,-0.6748,0.0,0.0
1779744291168,2,Pitching Mound.Parent,,Delivery,pitch.1,700429,9.5779,-8.5201,96.0945,24.5213,110.5344,17.9141,-0.1098,0.3295
1779744291169,2,11.0000004b,Drive,Delivery,pitch.1,701973,0.0448,-0.243,0.6284,0.0896,-0.6813,-0.6995,0.0,0.0
1779744291169,2,12.00000015,Lower Delivery,Delivery,pitch.1,702053,9.4388,-8.2377,95.578,-7.9901,111.0057,23.2068,-0.1105,-0.008
1779744291169,2,12.00000018,Upper Delivery,Delivery,pitch.1,702740,-0.0852,-0.0395,0.0178,0.1011,0.2542,-1.4789,0.0,0.0
1779744291169,2,Pitching Mound.Delivery,,Delivery,pitch.1,701106,9.3537,-8.2772,95.5958,24.6015,111.2599,18.4898,-0.1105,0.3319
1779744291169,2,Pitching Mound.Drive,,Delivery,pitch.1,701973,0.0448,-0.243,0.6284,0.0896,-0.6813,-0.6995,0.0,0.0
1779744291169,2,Pitching Mound.Parent,,Delivery,pitch.1,700430,9.3985,-8.5202,96.2242,24.6911,110.5786,17.7903,-0.1097,0.3298
1779744291170,2,11.0000004b,Drive,Delivery,pitch.1,701974,0.0477,-0.2503,0.6922,0.0917,-0.7233,-0.6869,0.0,0.0
1779744291170,2,12.00000015,Lower Delivery,Delivery,pitch.1,702054,9.245,-8.2318,95.6615,-7.94,110.9363,23.0686,-0.1103,-0.0079
1779744291170,2,12.00000018,Upper Delivery,Delivery,pitch.1,702741,-0.0862,-0.0482,0.0187,0.0937,0.243,-1.4208,0.0,0.0
1779744291170,2,Pitching Mound.Delivery,,Delivery,pitch.1,701107,9.1588,-8.2799,95.6802,24.6722,111.1793,18.4752,-0.1103,0.332
1779744291170,2,Pitching Mound.Drive,,Delivery,pitch.1,701974,0.0477,-0.2503,0.6922,0.0917,-0.7233,-0.6869,0.0,0.0
1779744291170,2,Pitching Mound.Parent,,Delivery,pitch.1,700431,9.2065,-8.5302,96.3725,24.7639,110.456,17.7884,-0.1095,0.3296
1779744291171,2,11.0000004b,Drive,Delivery,pitch.1,701975,0.0475,-0.2411,0.6863,0.0754,-0.7289,-0.6919,0.0,0.0
1779744291171,2,12.00000015,Lower Delivery,Delivery,pitch.1,702055,9.0561,-8.2124,95.9147,-7.2593,110.7669,22.9546,-0.1099,-0.0072
1779744291171,2,12.00000018,Upper Delivery,Delivery,pitch.1,702742,-0.083,-0.0533,0.0387,0.081,0.2239,-1.3216,0.0,0.0
1779744291171,2,Pitching Mound.Delivery,,Delivery,pitch.1,701108,8.9731,-8.2656,95.9534,25.4195,110.9909,18.5257,-0.1098,0.3325
1779744291171,2,Pitching Mound.Drive,,Delivery,pitch.1,701975,0.0475,-0.2411,0.6863,0.0754,-0.7289,-0.6919,0.0,0.0
1779744291171,2,Pitching Mound.Parent,,Delivery,pitch.1,700432,9.0206,-8.5068,96.6397,25.4949,110.262,17.8339,-0.109,0.3302
1779744291172,2,11.0000004b,Drive,Delivery,pitch.1,701976,0.042,-0.2433,0.7138,0.068,-0.7686,-0.7092,0.0,0.0
1779744291172,2,12.00000015,Lower Delivery,Delivery,pitch.1,702056,8.8318,-8.1648,95.6355,-7.2797,110.3779,22.7837,-0.1098,-0.0072
1779744291172,2,12.00000018,Upper Delivery,Delivery,pitch.1,702743,-0.0855,-0.0512,0.0332,0.0912,0.2394,-1.4017,0.0,0.0
1779744291172,2,Pitching Mound.Delivery,,Delivery,pitch.1,701109,8.7464,-8.216,95.6687,25.3163,110.6173,18.3501,-0.1098,0.3325
1779744291172,2,Pitching Mound.Drive,,Delivery,pitch.1,701976,0.042,-0.2433,0.7138,0.068,-0.7686,-0.7092,0.0,0.0
1779744291172,2,Pitching Mound.Parent,,Delivery,pitch.1,700433,8.7884,-8.4593,96.3825,25.3843,109.8487,17.6409,-0.1089,0.3301
1779744291173,2,11.0000004b,Drive,Delivery,pitch.1,701977,0.0449,-0.2542,0.7713,0.0673,-0.8017,-0.7075,0.0,0.0
1779744291173,2,12.00000015,Lower Delivery,Delivery,pitch.1,702057,8.6208,-8.1375,95.8322,-6.9882,110.4853,22.6574,-0.1097,-0.0069
1779744291173,2,12.00000018,Upper Delivery,Delivery,pitch.1,702744,-0.0854,-0.0563,0.0396,0.089,0.236,-1.3844,0.0,0.0
1779744291173,2,Pitching Mound.Delivery,,Delivery,pitch.1,701110,8.5355,-8.1938,95.8718,25.6703,110.7214,18.3129,-0.1096,0.3328
1779744291173,2,Pitching Mound.Drive,,Delivery,pitch.1,701977,0.0449,-0.2542,0.7713,0.0673,-0.8017,-0.7075,0.0,0.0
1779744291173,2,Pitching Mound.Parent,,Delivery,pitch.1,700434,8.5803,-8.4479,96.6431,25.7375,109.9197,17.6054,-0.1088,0.3301
1779744291174,2,11.0000004b,Drive,Delivery,pitch.1,701978,0.0398,-0.248,0.791,0.0503,-0.6965,-0.7196,0.0,0.0
1779744291174,2,12.00000015,Lower Delivery,Delivery,pitch.1,702058,8.3582,-8.1155,95.9423,-7.502,109.6837,22.4637,-0.1088,-0.0074
1779744291174,2,12.00000018,Upper Delivery,Delivery,pitch.1,702745,-0.0815,-0.0681,0.072,0.0835,0.2278,-1.3417,0.0,0.0
1779744291174,2,Pitching Mound.Delivery,,Delivery,pitch.1,701111,8.2767,-8.1836,96.0143,25.1774,109.9116,18.2525,-0.1087,0.3321
1779744291174,2,Pitching Mound.Drive,,Delivery,pitch.1,701978,0.0398,-0.248,0.791,0.0503,-0.6965,-0.7196,0.0,0.0
1779744291174,2,Pitching Mound.Parent,,Delivery,pitch.1,700435,8.3164,-8.4316,96.8053,25.2277,109.2151,17.533,-0.1078,0.3293
1779744291175,2,11.0000004b,Drive,Delivery,pitch.1,701979,0.0393,-0.2536,0.7803,0.0476,-0.7079,-0.7342,0.0,0.0
1779744291175,2,12.00000015,Lower Delivery,Delivery,pitch.1,702059,8.1036,-8.0701,96.1199,-8.0394,109.2253,22.265,-0.1081,-0.008
1779744291175,2,12.00000018,Upper Delivery,Delivery,pitch.1,702746,-0.0771,-0.0692,0.088,0.0888,0.2357,-1.3825,0.0,0.0
1779744291175,2,Pitching Mound.Delivery,,Delivery,pitch.1,701112,8.0264,-8.1393,96.208,24.7002,109.4609,18.1011,-0.108,0.3314
1779744291175,2,Pitching Mound.Drive,,Delivery,pitch.1,701979,0.0393,-0.2536,0.7803,0.0476,-0.7079,-0.7342,0.0,0.0
1779744291175,2,Pitching Mound.Parent,,Delivery,pitch.1,700436,8.0657,-8.3929,96.9883,24.7478,108.753,17.3669,-0.1071,0.3288
1779744291176,2,11.0000004b,Drive,Delivery,pitch.1,701980,0.041,-0.2464,0.6273,0.0476,-0.6977,-0.7316,0.0,0.0
1779744291176,2,12.00000015,Lower Delivery,Delivery,pitch.1,702060,7.8614,-8.0219,96.2241,-7.5983,109.4493,22.0422,-0.1082,-0.0075
1779744291176,2,Pitching Mound.Drive,,Delivery,pitch.1,701980,0.041,-0.2464,0.6273,0.0476,-0.6977,-0.7316,0.0,0.0
1779744291177,2,11.0000004b,Drive,Delivery,pitch.1,701981,0.0429,-0.2397,0.6053,0.0359,-0.6042,-0.7162,0.0,0.0
1779744291177,2,12.00000015,Lower Delivery,Delivery,pitch.1,702061,7.5611,-8.0396,96.1392,-9.3144,107.8631,21.6996,-0.1067,-0.0092
1779744291177,2,12.00000018,Upper Delivery,Delivery,pitch.1,702748,-0.0783,-0.0606,0.0805,0.0781,0.2196,-1.2991,0.0,0.0
1779744291177,2,12.00000018,Upper Delivery,Delivery,pitch.1,702747,-0.0783,-0.078,0.0986,0.0874,0.2336,-1.3719,0.0,0.0
1779744291177,2,Pitching Mound.Delivery,,Delivery,pitch.1,701113,7.7831,-8.0998,96.3227,25.1718,109.6829,17.9709,-0.1081,0.3318
1779744291177,2,Pitching Mound.Delivery,,Delivery,pitch.1,701114,7.4828,-8.1003,96.2197,23.4236,108.0827,17.8032,-0.1066,0.3302
1779744291177,2,Pitching Mound.Drive,,Delivery,pitch.1,701981,0.0429,-0.2397,0.6053,0.0359,-0.6042,-0.7162,0.0,0.0
1779744291177,2,Pitching Mound.Parent,,Delivery,pitch.1,700437,7.824,-8.3462,96.95,25.2194,108.9852,17.2393,-0.1074,0.3297
1779744291177,2,Pitching Mound.Parent,,Delivery,pitch.1,700438,7.5257,-8.34,96.825,23.4595,107.4786,17.087,-0.106,0.3282
1779744291178,2,11.0000004b,Drive,Delivery,pitch.1,701982,0.0467,-0.2333,0.5822,0.0428,-0.676,-0.7491,0.0,0.0
1779744291178,2,12.00000015,Lower Delivery,Delivery,pitch.1,702062,7.3136,-8.0383,96.1592,-8.2076,107.5906,21.4833,-0.1064,-0.0081
1779744291178,2,Pitching Mound.Drive,,Delivery,pitch.1,701982,0.0467,-0.2333,0.5822,0.0428,-0.676,-0.7491,0.0,0.0
1779744291179,2,11.0000004b,Drive,Delivery,pitch.1,701983,0.0427,-0.2409,0.6814,0.0318,-0.5876,-0.7415,0.0,0.0
1779744291179,2,12.00000015,Lower Delivery,Delivery,pitch.1,702063,7.0662,-8.0285,96.1259,-7.9081,106.3909,21.1712,-0.1053,-0.0078
1779744291179,2,12.00000018,Upper Delivery,Delivery,pitch.1,702749,-0.0773,-0.0502,0.0744,0.077,0.218,-1.2908,0.0,0.0
1779744291179,2,12.00000018,Upper Delivery,Delivery,pitch.1,702750,-0.1032,-0.0826,0.1552,0.0616,0.1948,-1.1703,0.0,0.0
1779744291179,2,Pitching Mound.Delivery,,Delivery,pitch.1,701116,6.963,-8.1111,96.2812,24.7835,106.5857,17.5633,-0.1051,0.3311
1779744291179,2,Pitching Mound.Delivery,,Delivery,pitch.1,701115,7.2363,-8.0885,96.2336,24.5383,107.8086,17.6796,-0.1064,0.3314
1779744291179,2,Pitching Mound.Drive,,Delivery,pitch.1,701983,0.0427,-0.2409,0.6814,0.0318,-0.5876,-0.7415,0.0,0.0
1779744291179,2,Pitching Mound.Parent,,Delivery,pitch.1,700440,7.0057,-8.3519,96.9626,24.8153,105.998,16.8218,-0.1044,0.3288
1779744291179,2,Pitching Mound.Parent,,Delivery,pitch.1,700439,7.283,-8.3218,96.8158,24.5811,107.1326,16.9305,-0.1057,0.3294
1779744291180,2,11.0000004b,Drive,Delivery,pitch.1,701984,0.0377,-0.2554,0.7125,0.0247,-0.5439,-0.7661,0.0,0.0
1779744291180,2,12.00000015,Lower Delivery,Delivery,pitch.1,702064,6.8192,-7.9844,96.3374,-7.4948,106.3739,20.9849,-0.105,-0.0074
1779744291180,2,12.00000018,Upper Delivery,Delivery,pitch.1,702751,-0.079,-0.0596,0.1073,0.0664,0.2021,-1.2082,0.0,0.0
1779744291180,2,Pitching Mound.Delivery,,Delivery,pitch.1,701117,6.7402,-8.0439,96.4448,25.2899,106.576,17.4313,-0.1049,0.3319
1779744291180,2,Pitching Mound.Drive,,Delivery,pitch.1,701984,0.0377,-0.2554,0.7125,0.0247,-0.5439,-0.7661,0.0,0.0
1779744291180,2,Pitching Mound.Parent,,Delivery,pitch.1,700441,6.7778,-8.2993,97.1573,25.3146,106.0321,16.6652,-0.1042,0.3294
1779744291181,2,11.0000004b,Drive,Delivery,pitch.1,701985,0.0382,-0.2546,0.6708,0.028,-0.5644,-0.75,0.0,0.0
1779744291181,2,12.00000015,Lower Delivery,Delivery,pitch.1,702065,6.59,-7.9575,96.2882,-7.366,105.8839,20.7123,-0.1046,-0.0073
1779744291181,2,12.00000018,Upper Delivery,Delivery,pitch.1,702752,-0.0757,-0.0487,0.0842,0.0523,0.1809,-1.098,0.0,0.0
1779744291181,2,Pitching Mound.Delivery,,Delivery,pitch.1,701118,6.5143,-8.0062,96.3724,25.3956,106.0648,17.348,-0.1045,0.3321
1779744291181,2,Pitching Mound.Drive,,Delivery,pitch.1,701985,0.0382,-0.2546,0.6708,0.028,-0.5644,-0.75,0.0,0.0
1779744291181,2,Pitching Mound.Parent,,Delivery,pitch.1,700442,6.5525,-8.2608,97.0432,25.4236,105.5004,16.5981,-0.1038,0.3298
1779744291182,2,11.0000004b,Drive,Delivery,pitch.1,701986,0.0399,-0.2579,0.6595,0.025,-0.5549,-0.7807,0.0,0.0
1779744291182,2,12.00000015,Lower Delivery,Delivery,pitch.1,702066,6.319,-7.9758,96.1212,-6.2794,104.4213,20.3899,-0.1033,-0.0062
1779744291182,2,12.00000018,Upper Delivery,Delivery,pitch.1,702753,-0.0796,-0.0249,0.0567,0.0516,0.1798,-1.0925,0.0,0.0
1779744291182,2,Pitching Mound.Delivery,,Delivery,pitch.1,701119,6.2394,-8.0007,96.1779,26.4341,104.6011,17.1219,-0.1033,0.3334
1779744291182,2,Pitching Mound.Drive,,Delivery,pitch.1,701986,0.0399,-0.2579,0.6595,0.025,-0.5549,-0.7807,0.0,0.0
1779744291182,2,Pitching Mound.Parent,,Delivery,pitch.1,700443,6.2793,-8.2585,96.8374,26.4591,104.0462,16.3412,-0.1026,0.3311
1779744291183,2,11.0000004b,Drive,Delivery,pitch.1,701987,0.0438,-0.2654,0.6915,0.0266,-0.5358,-0.7396,0.0,0.0
1779744291183,2,12.00000015,Lower Delivery,Delivery,pitch.1,702067,6.0304,-7.9263,96.8185,-5.5886,104.2767,19.9382,-0.1025,-0.0055
1779744291183,2,12.00000018,Upper Delivery,Delivery,pitch.1,702754,-0.0765,-0.0276,0.0569,0.0333,0.1524,-0.9499,0.0,0.0
1779744291183,2,Pitching Mound.Delivery,,Delivery,pitch.1,701120,5.9539,-7.9539,96.8754,27.3436,104.4291,16.9119,-0.1024,0.3341
1779744291183,2,Pitching Mound.Drive,,Delivery,pitch.1,701987,0.0438,-0.2654,0.6915,0.0266,-0.5358,-0.7396,0.0,0.0
1779744291183,2,Pitching Mound.Parent,,Delivery,pitch.1,700444,5.9977,-8.2193,97.5669,27.3702,103.8933,16.1724,-0.1017,0.3317
1779744291184,2,11.0000004b,Drive,Delivery,pitch.1,701988,0.0477,-0.2579,0.6947,0.0418,-0.6778,-0.7592,0.0,0.0
1779744291184,2,12.00000015,Lower Delivery,Delivery,pitch.1,702068,5.79,-7.876,96.946,-6.1216,104.404,19.6475,-0.1024,-0.006
1779744291184,2,12.00000018,Upper Delivery,Delivery,pitch.1,702755,-0.0767,-0.0216,0.0402,0.0212,0.1341,-0.8552,0.0,0.0
1779744291184,2,Pitching Mound.Delivery,,Delivery,pitch.1,701121,5.7133,-7.8976,96.9862,26.8475,104.5381,16.7976,-0.1024,0.3337
1779744291184,2,Pitching Mound.Drive,,Delivery,pitch.1,701988,0.0477,-0.2579,0.6947,0.0418,-0.6778,-0.7592,0.0,0.0
1779744291184,2,Pitching Mound.Parent,,Delivery,pitch.1,700445,5.761,-8.1555,97.6808,26.8893,103.8604,16.0385,-0.1017,0.3313
1779744291185,2,11.0000004b,Drive,Delivery,pitch.1,701989,0.0522,-0.2536,0.6873,0.0416,-0.6647,-0.7407,0.0,0.0
1779744291185,2,12.00000015,Lower Delivery,Delivery,pitch.1,702069,5.5665,-7.8601,96.8796,-4.4139,103.1466,19.2987,-0.1013,-0.0043
1779744291185,2,12.00000018,Upper Delivery,Delivery,pitch.1,702756,-0.0761,-0.0233,0.0499,0.0178,0.1291,-0.8289,0.0,0.0
1779744291185,2,Pitching Mound.Delivery,,Delivery,pitch.1,701122,5.4903,-7.8834,96.9295,28.526,103.2756,16.5512,-0.1012,0.3353
1779744291185,2,Pitching Mound.Drive,,Delivery,pitch.1,701989,0.0522,-0.2536,0.6873,0.0416,-0.6647,-0.7407,0.0,0.0
1779744291185,2,Pitching Mound.Parent,,Delivery,pitch.1,700446,5.5425,-8.1369,97.6168,28.5675,102.611,15.8105,-0.1005,0.333
1779744291186,2,11.0000004b,Drive,Delivery,pitch.1,701990,0.0442,-0.257,0.7496,0.046,-0.6972,-0.7351,0.0,0.0
1779744291186,2,12.00000015,Lower Delivery,Delivery,pitch.1,702070,5.35,-7.816,96.9685,-5.1808,102.9952,19.0855,-0.101,-0.0051
1779744291186,2,12.00000018,Upper Delivery,Delivery,pitch.1,702757,-0.0796,-0.0277,0.0472,0.0057,0.1109,-0.7344,0.0,0.0
1779744291186,2,Pitching Mound.Delivery,,Delivery,pitch.1,701123,5.2704,-7.8437,97.0157,27.7781,103.106,16.5051,-0.101,0.3346
1779744291186,2,Pitching Mound.Drive,,Delivery,pitch.1,701990,0.0442,-0.257,0.7496,0.046,-0.6972,-0.7351,0.0,0.0
1779744291186,2,Pitching Mound.Parent,,Delivery,pitch.1,700447,5.3146,-8.1006,97.7653,27.8241,102.4089,15.77,-0.1002,0.332
1779744291187,2,11.0000004b,Drive,Delivery,pitch.1,701991,0.051,-0.2557,0.7419,0.0525,-0.7683,-0.7609,0.0,0.0
1779744291187,2,12.00000015,Lower Delivery,Delivery,pitch.1,702071,5.1387,-7.7873,96.8944,-4.2113,102.0279,18.8674,-0.1002,-0.0041
1779744291187,2,12.00000018,Upper Delivery,Delivery,pitch.1,702758,-0.0801,-0.0175,0.0404,0.0117,0.1199,-0.7812,0.0,0.0
1779744291187,2,Pitching Mound.Delivery,,Delivery,pitch.1,701124,5.0586,-7.8049,96.9348,28.7307,102.1478,16.3118,-0.1001,0.3356
1779744291187,2,Pitching Mound.Drive,,Delivery,pitch.1,701991,0.051,-0.2557,0.7419,0.0525,-0.7683,-0.7609,0.0,0.0
1779744291187,2,Pitching Mound.Parent,,Delivery,pitch.1,700448,5.1096,-8.0605,97.6767,28.7832,101.3795,15.5509,-0.0994,0.333
1779744291188,2,11.0000004b,Drive,Delivery,pitch.1,701992,0.0465,-0.2649,0.8297,0.0508,-0.7127,-0.7221,0.0,0.0
1779744291188,2,12.00000015,Lower Delivery,Delivery,pitch.1,702072,4.9268,-7.7427,96.5277,-2.9602,101.183,18.6709,-0.0997,-0.0029
1779744291188,2,12.00000018,Upper Delivery,Delivery,pitch.1,702759,-0.092,-0.0564,0.1058,0.0065,0.1121,-0.7407,0.0,0.0
1779744291188,2,Pitching Mound.Delivery,,Delivery,pitch.1,701125,4.8348,-7.7991,96.6335,29.8297,101.2951,16.2238,-0.0996,0.3363
1779744291188,2,Pitching Mound.Drive,,Delivery,pitch.1,701992,0.0465,-0.2649,0.8297,0.0508,-0.7127,-0.7221,0.0,0.0
1779744291188,2,Pitching Mound.Parent,,Delivery,pitch.1,700449,4.8813,-8.064,97.4632,29.8806,100.5824,15.5017,-0.0988,0.3335
1779744291189,2,11.0000004b,Drive,Delivery,pitch.1,701993,0.0474,-0.2614,0.9061,0.0661,-0.7888,-0.7383,0.0,0.0
1779744291189,2,12.00000015,Lower Delivery,Delivery,pitch.1,702073,4.7174,-7.7005,96.72,-3.3047,101.1223,18.446,-0.0995,-0.0033
1779744291189,2,12.00000018,Upper Delivery,Delivery,pitch.1,702760,-0.1565,-0.0857,0.2222,0.0097,0.117,-0.7662,0.0,0.0
1779744291189,2,Pitching Mound.Delivery,,Delivery,pitch.1,701126,4.5608,-7.7862,96.9422,29.5143,101.2393,16.0227,-0.0992,0.3352
1779744291189,2,Pitching Mound.Drive,,Delivery,pitch.1,701993,0.0474,-0.2614,0.9061,0.0661,-0.7888,-0.7383,0.0,0.0
1779744291189,2,Pitching Mound.Parent,,Delivery,pitch.1,700450,4.6083,-8.0476,97.8482,29.5804,100.4505,15.2845,-0.0983,0.3321
1779744291190,2,11.0000004b,Drive,Delivery,pitch.1,701994,0.046,-0.2622,0.7883,0.0746,-0.8317,-0.7571,0.0,0.0
1779744291190,2,12.00000015,Lower Delivery,Delivery,pitch.1,702074,4.5028,-7.6542,95.9792,-3.6419,100.5237,18.2436,-0.0996,-0.0036
1779744291190,2,12.00000018,Upper Delivery,Delivery,pitch.1,702761,-0.1282,-0.0813,0.1748,0.0087,0.1154,-0.7582,0.0,0.0
1779744291190,2,Pitching Mound.Delivery,,Delivery,pitch.1,701127,4.3746,-7.7355,96.1539,28.9403,100.6391,15.9109,-0.0995,0.3352
1779744291190,2,Pitching Mound.Drive,,Delivery,pitch.1,701994,0.046,-0.2622,0.7883,0.0746,-0.8317,-0.7571,0.0,0.0
1779744291190,2,Pitching Mound.Parent,,Delivery,pitch.1,700451,4.4205,-7.9977,96.9423,29.0148,99.8074,15.1539,-0.0986,0.3324
1779744291191,2,11.0000004b,Drive,Delivery,pitch.1,701995,0.0391,-0.2419,0.9248,0.0699,-0.7785,-0.7692,0.0,0.0
1779744291191,2,12.00000015,Lower Delivery,Delivery,pitch.1,702075,4.2585,-7.6179,95.9939,-3.3125,99.973,17.96,-0.0991,-0.0033
1779744291191,2,12.00000018,Upper Delivery,Delivery,pitch.1,702762,-0.1156,-0.0738,0.1556,0.0044,0.1089,-0.7243,0.0,0.0
1779744291191,2,Pitching Mound.Delivery,,Delivery,pitch.1,701128,4.1429,-7.6917,96.1495,29.2769,100.0819,15.7485,-0.0989,0.3356
1779744291191,2,Pitching Mound.Drive,,Delivery,pitch.1,701995,0.0391,-0.2419,0.9248,0.0699,-0.7785,-0.7692,0.0,0.0
1779744291191,2,Pitching Mound.Parent,,Delivery,pitch.1,700452,4.182,-7.9336,97.0743,29.3468,99.3035,14.9793,-0.098,0.3324
1779744291192,2,11.0000004b,Drive,Delivery,pitch.1,701996,0.034,-0.2442,0.9674,0.076,-0.6828,-0.7672,0.0,0.0
1779744291192,2,12.00000015,Lower Delivery,Delivery,pitch.1,702076,4.0682,-7.5903,95.2843,-3.5068,99.7312,17.7614,-0.0996,-0.0035
1779744291192,2,12.00000018,Upper Delivery,Delivery,pitch.1,702763,-0.114,-0.0748,0.1533,0.0073,0.1133,-0.7472,0.0,0.0
1779744291192,2,Pitching Mound.Delivery,,Delivery,pitch.1,701129,3.9542,-7.6651,95.4377,28.8451,99.8445,15.5923,-0.0994,0.3354
1779744291192,2,Pitching Mound.Drive,,Delivery,pitch.1,701996,0.034,-0.2442,0.9674,0.076,-0.6828,-0.7672,0.0,0.0
1779744291192,2,Pitching Mound.Parent,,Delivery,pitch.1,700453,3.9882,-7.9093,96.405,28.9211,99.1617,14.8251,-0.0984,0.332
1779744291193,2,11.0000004b,Drive,Delivery,pitch.1,701997,0.0355,-0.2531,1.0538,0.0552,-0.6641,-0.7237,0.0,0.0
1779744291193,2,12.00000015,Lower Delivery,Delivery,pitch.1,702077,3.8598,-7.5596,95.2859,-3.2011,99.5869,17.5797,-0.0994,-0.0032
1779744291193,2,12.00000018,Upper Delivery,Delivery,pitch.1,702764,-0.0836,-0.0595,0.0831,0.0051,0.11,-0.7301,0.0,0.0
1779744291193,2,Pitching Mound.Delivery,,Delivery,pitch.1,701130,3.7762,-7.6191,95.369,29.1729,99.6969,15.5088,-0.0993,0.3362
1779744291193,2,Pitching Mound.Drive,,Delivery,pitch.1,701997,0.0355,-0.2531,1.0538,0.0552,-0.6641,-0.7237,0.0,0.0
1779744291193,2,Pitching Mound.Parent,,Delivery,pitch.1,700454,3.8117,-7.8722,96.4228,29.2281,99.0329,14.7851,-0.0983,0.3325
1779744291194,2,11.0000004b,Drive,Delivery,pitch.1,701998,0.0235,-0.2403,1.0721,0.0644,-0.6589,-0.7477,0.0,0.0
1779744291194,2,12.00000015,Lower Delivery,Delivery,pitch.1,702078,3.6527,-7.5563,95.0055,-1.1223,98.5776,17.3542,-0.0987,-0.0011
1779744291194,2,12.00000018,Upper Delivery,Delivery,pitch.1,702765,-0.0822,-0.0526,0.0759,0.0089,0.1158,-0.7601,0.0,0.0
1779744291194,2,Pitching Mound.Delivery,,Delivery,pitch.1,701131,3.5705,-7.6089,95.0814,31.1627,98.6934,15.3242,-0.0986,0.3383
1779744291194,2,Pitching Mound.Drive,,Delivery,pitch.1,701998,0.0235,-0.2403,1.0721,0.0644,-0.6589,-0.7477,0.0,0.0
1779744291194,2,Pitching Mound.Parent,,Delivery,pitch.1,700455,3.594,-7.8492,96.1535,31.227,98.0345,14.5766,-0.0975,0.3346
1779744291195,2,11.0000004b,Drive,Delivery,pitch.1,701999,0.0318,-0.2402,0.9542,0.0561,-0.6181,-0.729,0.0,0.0
1779744291195,2,12.00000015,Lower Delivery,Delivery,pitch.1,702079,3.4835,-7.5267,95.6102,-1.6418,99.2763,17.1949,-0.0988,-0.0016
1779744291195,2,12.00000018,Upper Delivery,Delivery,pitch.1,702766,-0.0869,-0.0422,0.041,0.0096,0.1168,-0.7655,0.0,0.0
1779744291195,2,Pitching Mound.Delivery,,Delivery,pitch.1,701132,3.3966,-7.5689,95.6512,30.8613,99.3932,15.2154,-0.0987,0.3381
1779744291195,2,Pitching Mound.Drive,,Delivery,pitch.1,701999,0.0318,-0.2402,0.9542,0.0561,-0.6181,-0.729,0.0,0.0
1779744291195,2,Pitching Mound.Parent,,Delivery,pitch.1,700456,3.4284,-7.8091,96.6054,30.9175,98.7751,14.4865,-0.0978,0.3347
1779744291196,2,11.0000004b,Drive,Delivery,pitch.1,702000,0.0296,-0.2529,1.1155,0.0682,-0.7086,-0.7462,0.0,0.0
1779744291196,2,12.00000015,Lower Delivery,Delivery,pitch.1,702080,3.3077,-7.5114,95.3415,-1.0387,98.7904,17.0034,-0.0986,-0.001
1779744291196,2,12.00000018,Upper Delivery,Delivery,pitch.1,702767,-0.088,-0.0449,0.024,0.015,0.1248,-0.8069,0.0,0.0
1779744291196,2,Pitching Mound.Delivery,,Delivery,pitch.1,701133,3.2197,-7.5563,95.3655,31.3842,98.9152,15.042,-0.0985,0.3388
1779744291196,2,Pitching Mound.Drive,,Delivery,pitch.1,702000,0.0296,-0.2529,1.1155,0.0682,-0.7086,-0.7462,0.0,0.0
1779744291196,2,Pitching Mound.Parent,,Delivery,pitch.1,700457,3.2493,-7.8092,96.481,31.4524,98.2066,14.2958,-0.0974,0.3349
1779744291197,2,11.0000004b,Drive,Delivery,pitch.1,702001,0.028,-0.2527,0.9785,0.0574,-0.6721,-0.744,0.0,0.0
1779744291197,2,12.00000015,Lower Delivery,Delivery,pitch.1,702081,3.1291,-7.4832,95.5102,-0.8733,98.2481,16.7972,-0.0979,-0.0009
1779744291197,2,12.00000018,Upper Delivery,Delivery,pitch.1,702768,-0.0863,-0.0584,0.0562,0.013,0.1218,-0.7914,0.0,0.0
1779744291197,2,Pitching Mound.Delivery,,Delivery,pitch.1,701134,3.0427,-7.5416,95.5664,31.594,98.3699,14.9126,-0.0978,0.3387
1779744291197,2,Pitching Mound.Drive,,Delivery,pitch.1,702001,0.028,-0.2527,0.9785,0.0574,-0.6721,-0.744,0.0,0.0
1779744291197,2,Pitching Mound.Parent,,Delivery,pitch.1,700458,3.0707,-7.7943,96.5449,31.6513,97.6978,14.1686,-0.0968,0.3353
1779744291198,2,11.0000004b,Drive,Delivery,pitch.1,702002,0.0287,-0.2686,0.9159,0.052,-0.6971,-0.7419,0.0,0.0
1779744291198,2,12.00000015,Lower Delivery,Delivery,pitch.1,702082,2.9404,-7.4685,95.6253,-0.5495,98.0056,16.6179,-0.0975,-0.0005
1779744291198,2,12.00000018,Upper Delivery,Delivery,pitch.1,702769,-0.0849,-0.0556,0.0512,0.0172,0.1282,-0.8247,0.0,0.0
1779744291198,2,Pitching Mound.Delivery,,Delivery,pitch.1,701135,2.8555,-7.5241,95.6765,31.9629,98.1338,14.7646,-0.0974,0.3391
1779744291198,2,Pitching Mound.Drive,,Delivery,pitch.1,702002,0.0287,-0.2686,0.9159,0.052,-0.6971,-0.7419,0.0,0.0
1779744291198,2,Pitching Mound.Parent,,Delivery,pitch.1,700459,2.8842,-7.7927,96.5924,32.0149,97.4368,14.0227,-0.0965,0.3359
1779744291199,2,11.0000004b,Drive,Delivery,pitch.1,702003,0.0181,-0.2869,0.9205,0.0563,-0.7822,-0.7644,0.0,0.0
1779744291199,2,12.00000015,Lower Delivery,Delivery,pitch.1,702083,2.7575,-7.4468,95.4434,0.5588,97.2979,16.4272,-0.097,0.0006
1779744291199,2,12.00000018,Upper Delivery,Delivery,pitch.1,702770,-0.0841,-0.0633,0.0607,0.0096,0.1168,-0.7651,0.0,0.0
1779744291199,2,Pitching Mound.Delivery,,Delivery,pitch.1,701136,2.6734,-7.5101,95.504,32.9985,97.4147,14.696,-0.0969,0.3401
1779744291199,2,Pitching Mound.Drive,,Delivery,pitch.1,702003,0.0181,-0.2869,0.9205,0.0563,-0.7822,-0.7644,0.0,0.0
1779744291199,2,Pitching Mound.Parent,,Delivery,pitch.1,700460,2.6915,-7.797,96.4245,33.0549,96.6325,13.9316,-0.096,0.3369
1779744291200,2,11.0000004b,Drive,Delivery,pitch.1,702004,0.0418,-0.2675,0.7329,0.0628,-0.8528,-0.7767,0.0,0.0
1779744291200,2,11.0000004b,Drive,Delivery,pitch.1,702005,0.044,-0.253,0.667,0.0442,-0.6339,-0.6924,0.0,0.0
1779744291200,2,12.00000015,Lower Delivery,Delivery,pitch.1,702084,2.5794,-7.4313,95.1265,0.532,96.8511,16.2312,-0.0969,0.0005
1779744291200,2,12.00000018,Upper Delivery,Delivery,pitch.1,702771,-0.0848,-0.0662,0.0664,0.0082,0.1147,-0.7545,0.0,0.0
1779744291200,2,Pitching Mound.Delivery,,Delivery,pitch.1,701137,2.4947,-7.4976,95.1929,32.8607,96.9659,14.5708,-0.0968,0.3401
1779744291200,2,Pitching Mound.Drive,,Delivery,pitch.1,702004,0.0418,-0.2675,0.7329,0.0628,-0.8528,-0.7767,0.0,0.0
1779744291200,2,Pitching Mound.Drive,,Delivery,pitch.1,702005,0.044,-0.253,0.667,0.0442,-0.6339,-0.6924,0.0,0.0
1779744291200,2,Pitching Mound.Parent,,Delivery,pitch.1,700461,2.5364,-7.7651,95.9258,32.9235,96.113,13.7941,-0.096,0.3375
1779744291201,2,12.00000015,Lower Delivery,Delivery,pitch.1,702085,2.388,-7.4029,95.1133,1.2015,95.8553,16.025,-0.0959,0.0012
1779744291201,2,12.00000018,Upper Delivery,Delivery,pitch.1,702772,-0.0842,-0.0607,0.0629,0.0032,0.1072,-0.7154,0.0,0.0
1779744291201,2,Pitching Mound.Delivery,,Delivery,pitch.1,701138,2.3037,-7.4637,95.1762,33.5219,95.9625,14.469,-0.0958,0.3408
1779744291201,2,Pitching Mound.Parent,,Delivery,pitch.1,700462,2.3477,-7.7167,95.8432,33.566,95.3285,13.7766,-0.0951,0.3384
1779744291202,2,11.0000004b,Drive,Delivery,pitch.1,702006,0.0311,-0.2621,0.7317,0.0634,-0.776,-0.7019,0.0,0.0
1779744291202,2,12.00000015,Lower Delivery,Delivery,pitch.1,702086,2.2155,-7.3769,95.2547,1.5975,95.2702,15.83,-0.0951,0.0016
1779744291202,2,12.00000018,Upper Delivery,Delivery,pitch.1,702773,-0.0853,-0.0625,0.0676,0.0077,0.1139,-0.7503,0.0,0.0
1779744291202,2,Pitching Mound.Delivery,,Delivery,pitch.1,701139,2.1302,-7.4394,95.3222,33.9688,95.3841,14.2974,-0.0951,0.3411
1779744291202,2,Pitching Mound.Drive,,Delivery,pitch.1,702006,0.0311,-0.2621,0.7317,0.0634,-0.776,-0.7019,0.0,0.0
1779744291202,2,Pitching Mound.Parent,,Delivery,pitch.1,700463,2.1613,-7.7015,96.0539,34.0323,94.6081,13.5956,-0.0944,0.3385
1779744291203,2,11.0000004b,Drive,Delivery,pitch.1,702007,0.0319,-0.2528,0.6949,0.0481,-0.6822,-0.7275,0.0,0.0
1779744291203,2,12.00000015,Lower Delivery,Delivery,pitch.1,702087,2.0437,-7.3323,95.5219,1.8301,95.0368,15.5767,-0.0946,0.0018
1779744291203,2,12.00000018,Upper Delivery,Delivery,pitch.1,702774,-0.0852,-0.06,0.0568,0.0026,0.1062,-0.7105,0.0,0.0
1779744291203,2,Pitching Mound.Delivery,,Delivery,pitch.1,701140,1.9585,-7.3922,95.5787,34.2908,95.1431,14.1424,-0.0946,0.3414
1779744291203,2,Pitching Mound.Drive,,Delivery,pitch.1,702007,0.0319,-0.2528,0.6949,0.0481,-0.6822,-0.7275,0.0,0.0
1779744291203,2,Pitching Mound.Parent,,Delivery,pitch.1,700464,1.9905,-7.645,96.2736,34.3388,94.4609,13.4149,-0.0939,0.339
1779744291204,2,11.0000004b,Drive,Delivery,pitch.1,702009,0.0334,-0.2735,0.7385,0.0414,-0.6394,-0.7484,0.0,0.0
1779744291204,2,11.0000004b,Drive,Delivery,pitch.1,702008,0.0333,-0.2604,0.7084,0.044,-0.6485,-0.7443,0.0,0.0
1779744291204,2,12.00000015,Lower Delivery,Delivery,pitch.1,702088,1.8859,-7.2999,95.387,2.9505,94.4194,15.3463,-0.0942,0.0029
1779744291204,2,12.00000018,Upper Delivery,Delivery,pitch.1,702775,-0.0837,-0.0571,0.0641,0.0044,0.1089,-0.7243,0.0,0.0
1779744291204,2,Pitching Mound.Delivery,,Delivery,pitch.1,701141,1.8022,-7.357,95.4511,35.3647,94.5283,13.9523,-0.0941,0.3425
1779744291204,2,Pitching Mound.Drive,,Delivery,pitch.1,702009,0.0334,-0.2735,0.7385,0.0414,-0.6394,-0.7484,0.0,0.0
1779744291204,2,Pitching Mound.Drive,,Delivery,pitch.1,702008,0.0333,-0.2604,0.7084,0.044,-0.6485,-0.7443,0.0,0.0
1779744291204,2,Pitching Mound.Parent,,Delivery,pitch.1,700465,1.8356,-7.6174,96.1595,35.4087,93.8799,13.208,-0.0934,0.34
1779744291205,2,11.0000004b,Drive,Delivery,pitch.1,702010,0.0207,-0.2783,0.7991,0.0268,-0.5135,-0.7356,0.0,0.0
1779744291205,2,12.00000015,Lower Delivery,Delivery,pitch.1,702089,1.6901,-7.2516,95.2738,2.622,93.6468,15.1663,-0.0935,0.0026
1779744291205,2,12.00000018,Upper Delivery,Delivery,pitch.1,702776,-0.0866,-0.061,0.0536,-0.0086,0.0894,-0.6228,0.0,0.0
1779744291205,2,Pitching Mound.Delivery,,Delivery,pitch.1,701142,1.6034,-7.3126,95.3274,34.9882,93.7362,13.9394,-0.0935,0.3422
1779744291205,2,Pitching Mound.Drive,,Delivery,pitch.1,702010,0.0207,-0.2783,0.7991,0.0268,-0.5135,-0.7356,0.0,0.0
1779744291205,2,Pitching Mound.Parent,,Delivery,pitch.1,700466,1.6369,-7.586,96.0659,35.0296,93.0967,13.1911,-0.0927,0.3396
1779744291206,2,11.0000004b,Drive,Delivery,pitch.1,702011,0.0062,-0.2845,0.8502,0.0185,-0.4593,-0.7384,0.0,0.0
1779744291206,2,12.00000015,Lower Delivery,Delivery,pitch.1,702090,1.5194,-7.1719,95.3641,2.0724,93.665,15.0007,-0.0934,0.0021
1779744291206,2,12.00000018,Upper Delivery,Delivery,pitch.1,702777,-0.0832,-0.0497,0.0549,-0.0091,0.0887,-0.6194,0.0,0.0
1779744291206,2,Pitching Mound.Delivery,,Delivery,pitch.1,701143,1.4362,-7.2216,95.419,34.4685,93.7537,13.8364,-0.0934,0.3417
1779744291206,2,Pitching Mound.Drive,,Delivery,pitch.1,702011,0.0062,-0.2845,0.8502,0.0185,-0.4593,-0.7384,0.0,0.0
1779744291206,2,Pitching Mound.Parent,,Delivery,pitch.1,700467,1.4569,-7.4999,96.2181,34.4953,93.2402,13.1007,-0.0926,0.3388
1779744291207,2,11.0000004b,Drive,Delivery,pitch.1,702012,0.0044,-0.2731,0.8258,0.0162,-0.4448,-0.7478,0.0,0.0
1779744291207,2,12.00000015,Lower Delivery,Delivery,pitch.1,702091,1.3395,-7.1315,95.08,2.2047,92.9754,14.8089,-0.093,0.0022
1779744291207,2,12.00000018,Upper Delivery,Delivery,pitch.1,702778,-0.0867,-0.0368,0.0449,-0.0142,0.0811,-0.5797,0.0,0.0
1779744291207,2,Pitching Mound.Delivery,,Delivery,pitch.1,701144,1.2528,-7.1683,95.1249,34.5024,93.0565,13.7443,-0.093,0.3419
1779744291207,2,Pitching Mound.Drive,,Delivery,pitch.1,702012,0.0044,-0.2731,0.8258,0.0162,-0.4448,-0.7478,0.0,0.0
1779744291207,2,Pitching Mound.Parent,,Delivery,pitch.1,700468,1.2591,-7.4528,95.9751,34.5209,92.5972,13.0059,-0.0922,0.3389
1779744291208,2,11.0000004b,Drive,Delivery,pitch.1,702013,0.0013,-0.2594,0.9254,0.005,-0.3348,-0.7107,0.0,0.0
1779744291208,2,12.00000015,Lower Delivery,Delivery,pitch.1,702092,1.1686,-7.0787,95.0444,2.708,92.6468,14.5619,-0.0927,0.0027
1779744291208,2,12.00000018,Upper Delivery,Delivery,pitch.1,702779,-0.0836,-0.0403,0.044,-0.0111,0.0856,-0.6035,0.0,0.0
1779744291208,2,Pitching Mound.Delivery,,Delivery,pitch.1,701145,1.0851,-7.1189,95.0885,34.997,92.7324,13.5326,-0.0927,0.3424
1779744291208,2,Pitching Mound.Drive,,Delivery,pitch.1,702013,0.0013,-0.2594,0.9254,0.005,-0.3348,-0.7107,0.0,0.0
1779744291208,2,Pitching Mound.Parent,,Delivery,pitch.1,700469,1.0895,-7.392,95.9143,35.0132,92.2876,12.7849,-0.0919,0.3394
1779744291209,2,11.0000004b,Drive,Delivery,pitch.1,702014,0.0107,-0.2643,0.7848,0.019,-0.4387,-0.7088,0.0,0.0
1779744291209,2,12.00000015,Lower Delivery,Delivery,pitch.1,702093,0.995,-7.0054,94.7536,2.2819,92.2382,14.3678,-0.0926,0.0023
1779744291209,2,12.00000018,Upper Delivery,Delivery,pitch.1,702780,-0.0858,-0.0281,0.0335,-0.0118,0.0846,-0.5984,0.0,0.0
1779744291209,2,Pitching Mound.Delivery,,Delivery,pitch.1,701146,0.9093,-7.0335,94.7871,34.4749,92.3229,13.4019,-0.0926,0.342
1779744291209,2,Pitching Mound.Drive,,Delivery,pitch.1,702014,0.0107,-0.2643,0.7848,0.019,-0.4387,-0.7088,0.0,0.0
1779744291209,2,Pitching Mound.Parent,,Delivery,pitch.1,700470,0.9106,-7.2929,95.7125,34.4799,91.9881,12.6912,-0.0917,0.3387
1779744291210,2,11.0000004b,Drive,Delivery,pitch.1,702015,0.0119,-0.2597,0.7727,0.0273,-0.4943,-0.7083,0.0,0.0
1779744291210,2,12.00000015,Lower Delivery,Delivery,pitch.1,702094,0.8246,-6.9505,94.7635,2.8003,91.271,14.1228,-0.0916,0.0028
1779744291210,2,12.00000018,Upper Delivery,Delivery,pitch.1,702781,-0.0867,-0.0149,0.0194,-0.0172,0.0765,-0.556,0.0,0.0
1779744291210,2,Pitching Mound.Delivery,,Delivery,pitch.1,701147,0.7379,-6.9655,94.7829,34.9961,91.3475,13.257,-0.0916,0.3427
1779744291210,2,Pitching Mound.Drive,,Delivery,pitch.1,702015,0.0119,-0.2597,0.7727,0.0273,-0.4943,-0.7083,0.0,0.0
1779744291210,2,Pitching Mound.Parent,,Delivery,pitch.1,700471,0.7486,-7.2297,95.5677,35.0151,90.9088,12.5481,-0.0909,0.3399
1779744291211,2,11.0000004b,Drive,Delivery,pitch.1,702016,0.0101,-0.2617,0.7724,0.0327,-0.5604,-0.7416,0.0,0.0
1779744291211,2,12.00000015,Lower Delivery,Delivery,pitch.1,702095,0.6651,-6.8635,94.8775,2.0052,91.7505,13.8558,-0.092,0.002
1779744291211,2,12.00000018,Upper Delivery,Delivery,pitch.1,702782,-0.0867,-0.0132,0.0156,-0.0186,0.0744,-0.5451,0.0,0.0
1779744291211,2,Pitching Mound.Delivery,,Delivery,pitch.1,701148,0.5784,-6.8768,94.8931,34.2397,91.8249,13.055,-0.092,0.3419
1779744291211,2,Pitching Mound.Drive,,Delivery,pitch.1,702016,0.0101,-0.2617,0.7724,0.0327,-0.5604,-0.7416,0.0,0.0
1779744291211,2,Pitching Mound.Parent,,Delivery,pitch.1,700472,0.5903,-7.1365,95.6658,34.267,91.3306,12.3468,-0.0912,0.3391
1779744291212,2,11.0000004b,Drive,Delivery,pitch.1,702017,0.0191,-0.2599,0.716,0.0344,-0.5611,-0.7254,0.0,0.0
1779744291212,2,12.00000015,Lower Delivery,Delivery,pitch.1,702096,0.4953,-6.8025,94.7676,2.7913,91.0998,13.5488,-0.0914,0.0028
1779744291212,2,12.00000018,Upper Delivery,Delivery,pitch.1,702783,-0.0884,-0.0254,0.0178,-0.0147,0.0802,-0.5755,0.0,0.0
1779744291212,2,Pitching Mound.Delivery,,Delivery,pitch.1,701149,0.4069,-6.8279,94.7854,34.9915,91.18,12.7749,-0.0914,0.3427
1779744291212,2,Pitching Mound.Drive,,Delivery,pitch.1,702017,0.0191,-0.2599,0.716,0.0344,-0.5611,-0.7254,0.0,0.0
1779744291212,2,Pitching Mound.Parent,,Delivery,pitch.1,700473,0.417,-7.0896,95.5578,35.0243,90.6196,12.0332,-0.0907,0.3399
1779744291213,2,11.0000004b,Drive,Delivery,pitch.1,702018,0.0256,-0.2336,0.6195,0.0416,-0.5706,-0.6952,0.0,0.0
1779744291213,2,12.00000015,Lower Delivery,Delivery,pitch.1,702097,0.3611,-6.7193,95.0053,2.2064,91.8367,13.4107,-0.092,0.0022
1779744291213,2,12.00000018,Upper Delivery,Delivery,pitch.1,702784,-0.0894,-0.0239,0.0143,-0.0231,0.0677,-0.5103,0.0,0.0
1779744291213,2,Pitching Mound.Delivery,,Delivery,pitch.1,701150,0.2717,-6.7432,95.0197,34.4803,91.9044,12.7472,-0.0919,0.3421
1779744291213,2,Pitching Mound.Drive,,Delivery,pitch.1,702018,0.0256,-0.2336,0.6195,0.0416,-0.5706,-0.6952,0.0,0.0
1779744291213,2,Pitching Mound.Parent,,Delivery,pitch.1,700474,0.2908,-7.0031,95.7356,34.5147,91.3433,12.0218,-0.0913,0.3395
1779744291214,2,11.0000004b,Drive,Delivery,pitch.1,702019,0.0344,-0.2229,0.6335,0.0457,-0.6131,-0.6941,0.0,0.0
1779744291214,2,12.00000015,Lower Delivery,Delivery,pitch.1,702098,0.2,-6.6578,94.7735,2.595,90.7206,13.1912,-0.0911,0.0026
1779744291214,2,12.00000018,Upper Delivery,Delivery,pitch.1,702785,-0.089,-0.0201,0.0156,-0.0209,0.0709,-0.5269,0.0,0.0
1779744291214,2,Pitching Mound.Delivery,,Delivery,pitch.1,701151,0.111,-6.6779,94.789,34.7918,90.7915,12.566,-0.091,0.3425
1779744291214,2,Pitching Mound.Drive,,Delivery,pitch.1,702019,0.0344,-0.2229,0.6335,0.0457,-0.6131,-0.6941,0.0,0.0
1779744291214,2,Pitching Mound.Parent,,Delivery,pitch.1,700475,0.1366,-6.9115,95.4085,34.8334,90.2209,11.8708,-0.0905,0.3403
1779744291215,2,11.0000004b,Drive,Delivery,pitch.1,702020,0.044,-0.2158,0.6257,0.0568,-0.6835,-0.6909,0.0,0.0
1779744291215,2,12.00000015,Lower Delivery,Delivery,pitch.1,702099,0.065,-6.6168,94.4693,2.9759,89.6598,12.9506,-0.0903,0.003
1779744291215,2,12.00000018,Upper Delivery,Delivery,pitch.1,702786,-0.0882,-0.0207,0.0114,-0.0142,0.081,-0.5795,0.0,0.0
1779744291215,2,Pitching Mound.Delivery,,Delivery,pitch.1,701152,-0.0231,-6.6375,94.4807,35.0773,89.7409,12.319,-0.0903,0.3429
1779744291215,2,Pitching Mound.Drive,,Delivery,pitch.1,702020,0.044,-0.2158,0.6257,0.0568,-0.6835,-0.6909,0.0,0.0
1779744291215,2,Pitching Mound.Parent,,Delivery,pitch.1,700476,0.0113,-6.8604,95.1142,35.123,89.1277,11.6249,-0.0897,0.3406
1779744291216,2,11.0000004b,Drive,Delivery,pitch.1,702021,0.0574,-0.2125,0.6104,0.0691,-0.8045,-0.713,0.0,0.0
1779744291216,2,12.00000015,Lower Delivery,Delivery,pitch.1,702100,-0.0747,-6.5836,94.2286,3.3483,88.9453,12.7343,-0.0898,0.0034
1779744291216,2,12.00000018,Upper Delivery,Delivery,pitch.1,702787,-0.0877,-0.0321,0.0188,-0.0257,0.0637,-0.4898,0.0,0.0
1779744291216,2,Pitching Mound.Delivery,,Delivery,pitch.1,701153,-0.1624,-6.6157,94.2474,35.3539,89.009,12.2401,-0.0898,0.3432
1779744291216,2,Pitching Mound.Drive,,Delivery,pitch.1,702021,0.0574,-0.2125,0.6104,0.0691,-0.8045,-0.713,0.0,0.0
1779744291216,2,Pitching Mound.Parent,,Delivery,pitch.1,700477,-0.1184,-6.8315,94.8731,35.4107,88.3256,11.5491,-0.0892,0.341
1779744291217,2,11.0000004b,Drive,Delivery,pitch.1,702022,0.0581,-0.2163,0.6199,0.0594,-0.7373,-0.6781,0.0,0.0
1779744291217,2,12.00000015,Lower Delivery,Delivery,pitch.1,702101,-0.2053,-6.5167,93.8715,2.7926,88.735,12.5593,-0.0899,0.0028
1779744291217,2,12.00000018,Upper Delivery,Delivery,pitch.1,702788,-0.087,-0.0292,0.0156,-0.0304,0.0566,-0.453,0.0,0.0
1779744291217,2,Pitching Mound.Delivery,,Delivery,pitch.1,701154,-0.2923,-6.5458,93.887,34.6732,88.7916,12.1466,-0.0899,0.3427
1779744291217,2,Pitching Mound.Drive,,Delivery,pitch.1,702022,0.0581,-0.2163,0.6199,0.0594,-0.7373,-0.6781,0.0,0.0
1779744291217,2,Pitching Mound.Parent,,Delivery,pitch.1,700478,-0.2349,-6.7583,94.4974,34.7423,87.9871,11.4336,-0.0893,0.3405
1779744291218,2,11.0000004b,Drive,Delivery,pitch.1,702023,0.0702,-0.2314,0.6368,0.0621,-0.7812,-0.6754,0.0,0.0
1779744291218,2,12.00000015,Lower Delivery,Delivery,pitch.1,702102,-0.3214,-6.4518,93.8315,2.69,89.0207,12.3819,-0.0903,0.0027
1779744291218,2,12.00000018,Upper Delivery,Delivery,pitch.1,702789,-0.0806,-0.039,0.0378,-0.0361,0.0482,-0.4091,0.0,0.0
1779744291218,2,Pitching Mound.Delivery,,Delivery,pitch.1,701155,-0.402,-6.4908,93.8693,34.5438,89.0689,12.0546,-0.0902,0.3425
1779744291218,2,Pitching Mound.Drive,,Delivery,pitch.1,702023,0.0702,-0.2314,0.6368,0.0621,-0.7812,-0.6754,0.0,0.0
1779744291218,2,Pitching Mound.Parent,,Delivery,pitch.1,700479,-0.344,-6.7072,94.4893,34.6032,88.3316,11.3765,-0.0896,0.3402
1779744291219,2,11.0000004b,Drive,Delivery,pitch.1,702024,0.0772,-0.2206,0.6092,0.0719,-0.8214,-0.7025,0.0,0.0
1779744291219,2,12.00000015,Lower Delivery,Delivery,pitch.1,702103,-0.4575,-6.415,93.472,3.9586,88.197,12.1627,-0.0898,0.004
1779744291219,2,12.00000018,Upper Delivery,Delivery,pitch.1,702790,-0.0856,-0.0415,0.0333,-0.0386,0.0444,-0.3894,0.0,0.0
1779744291219,2,Pitching Mound.Delivery,,Delivery,pitch.1,701156,-0.5432,-6.4565,93.5053,35.6892,88.2414,11.8997,-0.0897,0.3438
1779744291219,2,Pitching Mound.Drive,,Delivery,pitch.1,702024,0.0772,-0.2206,0.6092,0.0719,-0.8214,-0.7025,0.0,0.0
1779744291219,2,Pitching Mound.Parent,,Delivery,pitch.1,700480,-0.473,-6.6879,94.1421,35.7513,87.4602,11.2243,-0.0891,0.3415
1779744291220,2,11.0000004b,Drive,Delivery,pitch.1,702025,0.0534,-0.2386,0.6891,0.0379,-0.6113,-0.6848,0.0,0.0
1779744291220,2,12.00000015,Lower Delivery,Delivery,pitch.1,702104,-0.5935,-6.3562,93.4716,3.104,88.333,12.0187,-0.0899,0.0032
1779744291220,2,12.00000018,Upper Delivery,Delivery,pitch.1,702791,-0.0852,-0.0531,0.0489,-0.0518,0.0246,-0.2864,0.0,0.0
1779744291220,2,Pitching Mound.Delivery,,Delivery,pitch.1,701157,-0.6787,-6.4094,93.5205,34.8159,88.3576,11.905,-0.0899,0.3428
1779744291220,2,Pitching Mound.Drive,,Delivery,pitch.1,702025,0.0534,-0.2386,0.6891,0.0379,-0.6113,-0.6848,0.0,0.0
1779744291220,2,Pitching Mound.Parent,,Delivery,pitch.1,700481,-0.6015,-6.63,94.1298,34.8878,87.5362,11.2026,-0.0893,0.3406
1779744291221,2,11.0000004b,Drive,Delivery,pitch.1,702026,0.0556,-0.244,0.7282,0.049,-0.7219,-0.7074,0.0,0.0
1779744291221,2,12.00000015,Lower Delivery,Delivery,pitch.1,702105,-0.7248,-6.3072,93.3578,2.7288,88.197,11.8264,-0.0899,0.0028
1779744291221,2,12.00000018,Upper Delivery,Delivery,pitch.1,702792,-0.0869,-0.0336,0.0142,-0.0515,0.025,-0.2889,0.0,0.0
1779744291221,2,Pitching Mound.Delivery,,Delivery,pitch.1,701158,-0.8116,-6.3407,93.3719,34.4142,88.222,11.7544,-0.0899,0.3427
1779744291221,2,Pitching Mound.Drive,,Delivery,pitch.1,702026,0.0556,-0.244,0.7282,0.049,-0.7219,-0.7074,0.0,0.0
1779744291221,2,Pitching Mound.Parent,,Delivery,pitch.1,700482,-0.7582,-6.5793,94.061,34.4521,87.6107,11.0696,-0.0892,0.3402
1779744291222,2,11.0000004b,Drive,Delivery,pitch.1,702027,0.0505,-0.2354,0.7697,0.0344,-0.5847,-0.6805,0.0,0.0
1779744291222,2,12.00000015,Lower Delivery,Delivery,pitch.1,702106,-0.8747,-6.2724,93.1362,3.3543,87.7994,11.6426,-0.0897,0.0034
1779744291222,2,12.00000018,Upper Delivery,Delivery,pitch.1,702793,-0.0811,-0.0397,0.0394,-0.051,0.0257,-0.2924,0.0,0.0
1779744291222,2,Pitching Mound.Delivery,,Delivery,pitch.1,701159,-0.9557,-6.3122,93.1756,34.9562,87.8251,11.62,-0.0896,0.3431
1779744291222,2,Pitching Mound.Drive,,Delivery,pitch.1,702027,0.0505,-0.2354,0.7697,0.0344,-0.5847,-0.6805,0.0,0.0
1779744291222,2,Pitching Mound.Parent,,Delivery,pitch.1,700483,-0.9001,-6.5561,93.9038,35.0052,87.1032,10.9126,-0.0889,0.3405
1779744291223,2,11.0000004b,Drive,Delivery,pitch.1,702028,0.045,-0.2527,0.7501,0.0383,-0.6097,-0.6745,0.0,0.0
1779744291223,2,12.00000015,Lower Delivery,Delivery,pitch.1,702107,-1.0004,-6.2105,93.0407,3.4004,88.1949,11.4651,-0.0902,0.0035
1779744291223,2,12.00000018,Upper Delivery,Delivery,pitch.1,702794,-0.0828,-0.054,0.0548,-0.053,0.0227,-0.2768,0.0,0.0
1779744291223,2,Pitching Mound.Delivery,,Delivery,pitch.1,701160,-1.0832,-6.2645,93.0955,34.9626,88.2176,11.5003,-0.0901,0.3431
1779744291223,2,Pitching Mound.Drive,,Delivery,pitch.1,702028,0.045,-0.2527,0.7501,0.0383,-0.6097,-0.6745,0.0,0.0
1779744291223,2,Pitching Mound.Parent,,Delivery,pitch.1,700484,-1.0327,-6.4999,93.8653,34.997,87.6329,10.8198,-0.0894,0.3403
1779744291224,2,11.0000004b,Drive,Delivery,pitch.1,702029,0.0405,-0.252,0.8355,0.0406,-0.6363,-0.6948,0.0,0.0
1779744291224,2,12.00000015,Lower Delivery,Delivery,pitch.1,702108,-1.1259,-6.1619,92.932,3.4185,88.4131,11.3139,-0.0905,0.0035
1779744291224,2,12.00000018,Upper Delivery,Delivery,pitch.1,702795,-0.0757,-0.0589,0.0788,-0.0467,0.0321,-0.3257,0.0,0.0
1779744291224,2,Pitching Mound.Delivery,,Delivery,pitch.1,701161,-1.2016,-6.2208,93.0108,34.9419,88.4452,11.3452,-0.0904,0.3429
1779744291224,2,Pitching Mound.Drive,,Delivery,pitch.1,702029,0.0405,-0.252,0.8355,0.0406,-0.6363,-0.6948,0.0,0.0
1779744291224,2,Pitching Mound.Parent,,Delivery,pitch.1,700485,-1.1566,-6.4735,93.7609,34.9802,87.8355,10.6708,-0.0897,0.3402
1779744291225,2,11.0000004b,Drive,Delivery,pitch.1,702030,0.0379,-0.2642,0.8243,0.0415,-0.6284,-0.6817,0.0,0.0
1779744291225,2,12.00000015,Lower Delivery,Delivery,pitch.1,702109,-1.2677,-6.0992,92.1812,3.2143,88.1775,11.1426,-0.091,0.0033
1779744291225,2,12.00000018,Upper Delivery,Delivery,pitch.1,702796,-0.075,-0.0537,0.0688,-0.0368,0.0471,-0.4032,0.0,0.0
1779744291225,2,Pitching Mound.Delivery,,Delivery,pitch.1,701162,-1.3427,-6.1528,92.25,34.4957,88.2246,11.1448,-0.0909,0.3428
1779744291225,2,Pitching Mound.Drive,,Delivery,pitch.1,702030,0.0379,-0.2642,0.8243,0.0415,-0.6284,-0.6817,0.0,0.0
1779744291225,2,Pitching Mound.Parent,,Delivery,pitch.1,700486,-1.3022,-6.4048,93.0855,34.5363,87.5883,10.45,-0.0901,0.3397
1779744291226,2,11.0000004b,Drive,Delivery,pitch.1,702031,0.0338,-0.2607,0.9254,0.0435,-0.6239,-0.6597,0.0,0.0
1779744291226,2,12.00000015,Lower Delivery,Delivery,pitch.1,702110,-1.4059,-6.0457,91.7702,3.3412,87.8961,10.9656,-0.0911,0.0035
1779744291226,2,12.00000018,Upper Delivery,Delivery,pitch.1,702797,-0.0723,-0.0447,0.0759,-0.028,0.0603,-0.472,0.0,0.0
1779744291226,2,Pitching Mound.Delivery,,Delivery,pitch.1,701163,-1.4782,-6.0904,91.8461,34.4893,87.9565,10.947,-0.091,0.3429
1779744291226,2,Pitching Mound.Drive,,Delivery,pitch.1,702031,0.0338,-0.2607,0.9254,0.0435,-0.6239,-0.6597,0.0,0.0
1779744291226,2,Pitching Mound.Parent,,Delivery,pitch.1,700487,-1.4404,-6.3546,92.6704,34.5309,87.3281,10.2653,-0.0902,0.3398
1779744291227,2,11.0000004b,Drive,Delivery,pitch.1,702032,0.0319,-0.2716,0.8066,0.0478,-0.6668,-0.6783,0.0,0.0
1779744291227,2,12.00000015,Lower Delivery,Delivery,pitch.1,702111,-1.5322,-5.9867,91.1842,3.7662,87.3596,10.8317,-0.0911,0.0039
1779744291227,2,12.00000018,Upper Delivery,Delivery,pitch.1,702798,-0.071,-0.036,0.0726,-0.0214,0.0702,-0.5234,0.0,0.0
1779744291227,2,Pitching Mound.Delivery,,Delivery,pitch.1,701164,-1.6032,-6.0227,91.2568,34.7227,87.4298,10.8051,-0.0911,0.3434
1779744291227,2,Pitching Mound.Drive,,Delivery,pitch.1,702032,0.0319,-0.2716,0.8066,0.0478,-0.6668,-0.6783,0.0,0.0
1779744291227,2,Pitching Mound.Parent,,Delivery,pitch.1,700488,-1.5694,-6.2834,92.1822,34.7662,86.8059,10.1454,-0.0902,0.3399
1779744291228,2,11.0000004b,Drive,Delivery,pitch.1,702033,0.047,-0.2633,0.7276,0.0482,-0.6579,-0.6626,0.0,0.0
1779744291228,2,12.00000015,Lower Delivery,Delivery,pitch.1,702112,-1.6504,-5.9405,90.7519,4.1564,87.1425,10.6499,-0.0913,0.0044
1779744291228,2,12.00000018,Upper Delivery,Delivery,pitch.1,702799,-0.0677,-0.033,0.0879,-0.0113,0.0854,-0.6024,0.0,0.0
1779744291228,2,Pitching Mound.Delivery,,Delivery,pitch.1,701165,-1.7181,-5.9736,90.8398,34.9709,87.2279,10.5857,-0.0913,0.3437
1779744291228,2,Pitching Mound.Drive,,Delivery,pitch.1,702033,0.047,-0.2633,0.7276,0.0482,-0.6579,-0.6626,0.0,0.0
1779744291228,2,Pitching Mound.Parent,,Delivery,pitch.1,700489,-1.6862,-6.2451,91.6464,35.0187,86.5611,9.9073,-0.0905,0.3407
1779744291229,2,11.0000004b,Drive,Delivery,pitch.1,702034,0.0458,-0.2695,0.7757,0.0497,-0.6597,-0.6463,0.0,0.0
1779744291229,2,12.00000015,Lower Delivery,Delivery,pitch.1,702113,-1.7792,-5.888,90.3718,4.2999,86.4681,10.4551,-0.091,0.0045
1779744291229,2,12.00000018,Upper Delivery,Delivery,pitch.1,702800,-0.0673,-0.0357,0.0968,-0.0043,0.0958,-0.6564,0.0,0.0
1779744291229,2,Pitching Mound.Delivery,,Delivery,pitch.1,701166,-1.8465,-5.9237,90.4685,34.989,86.564,10.3807,-0.0909,0.3438
1779744291229,2,Pitching Mound.Drive,,Delivery,pitch.1,702034,0.0458,-0.2695,0.7757,0.0497,-0.6597,-0.6463,0.0,0.0
1779744291229,2,Pitching Mound.Parent,,Delivery,pitch.1,700490,-1.7996,-6.187,91.1961,35.0372,85.9061,9.7182,-0.0902,0.3411
1779744291230,2,11.0000004b,Drive,Delivery,pitch.1,702035,0.0513,-0.2663,0.7486,0.0626,-0.7757,-0.6674,0.0,0.0
1779744291230,2,12.00000015,Lower Delivery,Delivery,pitch.1,702114,-1.8901,-5.8299,89.9809,4.8512,86.0096,10.2991,-0.0909,0.0051
1779744291230,2,12.00000018,Upper Delivery,Delivery,pitch.1,702801,-0.078,-0.0143,0.0301,0.0029,0.1066,-0.7125,0.0,0.0
1779744291230,2,Pitching Mound.Delivery,,Delivery,pitch.1,701167,-1.9681,-5.8442,90.0111,35.4373,86.1162,10.2027,-0.0909,0.3449
1779744291230,2,Pitching Mound.Drive,,Delivery,pitch.1,702035,0.0513,-0.2663,0.7486,0.0626,-0.7757,-0.6674,0.0,0.0
1779744291230,2,Pitching Mound.Parent,,Delivery,pitch.1,700491,-1.9223,-6.1137,90.7868,35.487,85.4565,9.5565,-0.0901,0.342
1779744291231,2,11.0000004b,Drive,Delivery,pitch.1,702036,0.0512,-0.2571,0.7285,0.0557,-0.7024,-0.6625,0.0,0.0
1779744291231,2,12.00000015,Lower Delivery,Delivery,pitch.1,702115,-1.9905,-5.7646,89.2753,4.7338,85.5701,10.1435,-0.0912,0.005
1779744291231,2,12.00000018,Upper Delivery,Delivery,pitch.1,702802,-0.0814,-0.012,0.0234,0.0077,0.1138,-0.75,0.0,0.0
1779744291231,2,Pitching Mound.Delivery,,Delivery,pitch.1,701168,-2.0719,-5.7766,89.2987,35.0871,85.6839,10.0426,-0.0912,0.3449
1779744291231,2,Pitching Mound.Drive,,Delivery,pitch.1,702036,0.0512,-0.2571,0.7285,0.0557,-0.7024,-0.6625,0.0,0.0
1779744291231,2,Pitching Mound.Parent,,Delivery,pitch.1,700492,-2.0206,-6.0429,90.0474,35.1497,84.9082,9.3752,-0.0904,0.342
1779744291232,2,11.0000004b,Drive,Delivery,pitch.1,702037,0.0412,-0.2699,0.7695,0.0584,-0.7324,-0.6746,0.0,0.0
1779744291232,2,12.00000015,Lower Delivery,Delivery,pitch.1,702116,-2.0821,-5.6885,89.3419,4.8534,85.6982,9.9834,-0.0912,0.0052
1779744291232,2,12.00000018,Upper Delivery,Delivery,pitch.1,702803,-0.0797,-0.0186,0.0336,0.0071,0.113,-0.7455,0.0,0.0
1779744291232,2,Pitching Mound.Delivery,,Delivery,pitch.1,701169,-2.1617,-5.7071,89.3754,35.2253,85.8112,9.9188,-0.0912,0.3449
1779744291232,2,Pitching Mound.Drive,,Delivery,pitch.1,702037,0.0412,-0.2699,0.7695,0.0584,-0.7324,-0.6746,0.0,0.0
1779744291232,2,Pitching Mound.Parent,,Delivery,pitch.1,700493,-2.1105,-5.9642,90.1039,35.281,85.1088,9.2563,-0.0905,0.3421
1779744291233,2,11.0000004b,Drive,Delivery,pitch.1,702038,0.0377,-0.2919,0.8534,0.0692,-0.8602,-0.7265,0.0,0.0
1779744291233,2,12.00000015,Lower Delivery,Delivery,pitch.1,702117,-2.1744,-5.6224,89.3474,4.7613,85.9079,9.8479,-0.0915,0.0051
1779744291233,2,12.00000018,Upper Delivery,Delivery,pitch.1,702804,-0.0801,-0.0204,0.0351,0.0189,0.1307,-0.8377,0.0,0.0
1779744291233,2,Pitching Mound.Delivery,,Delivery,pitch.1,701170,-2.2545,-5.6428,89.3824,35.1464,86.0386,9.7222,-0.0914,0.3448
1779744291233,2,Pitching Mound.Drive,,Delivery,pitch.1,702038,0.0377,-0.2919,0.8534,0.0692,-0.8602,-0.7265,0.0,0.0
1779744291233,2,Pitching Mound.Parent,,Delivery,pitch.1,700494,-2.2133,-5.9126,90.1519,35.2048,85.3062,9.0476,-0.0907,0.3419
1779744291234,2,11.0000004b,Drive,Delivery,pitch.1,702039,0.028,-0.2878,0.8587,0.0655,-0.8477,-0.7427,0.0,0.0
1779744291234,2,12.00000015,Lower Delivery,Delivery,pitch.1,702118,-2.2862,-5.5691,89.0037,5.0211,85.3162,9.694,-0.0912,0.0054
1779744291234,2,12.00000018,Upper Delivery,Delivery,pitch.1,702805,-0.0844,-0.0241,0.0175,0.0094,0.1165,-0.7639,0.0,0.0
1779744291234,2,Pitching Mound.Delivery,,Delivery,pitch.1,701171,-2.3706,-5.5933,89.0213,35.2859,85.4328,9.6787,-0.0912,0.3452
1779744291234,2,Pitching Mound.Drive,,Delivery,pitch.1,702039,0.028,-0.2878,0.8587,0.0655,-0.8477,-0.7427,0.0,0.0
1779744291234,2,Pitching Mound.Parent,,Delivery,pitch.1,700495,-2.3329,-5.8852,89.8747,35.355,84.5725,8.9522,-0.0903,0.342
1779744291235,2,11.0000004b,Drive,Delivery,pitch.1,702040,0.0164,-0.3004,0.9067,0.0467,-0.6929,-0.7342,0.0,0.0
1779744291235,2,12.00000015,Lower Delivery,Delivery,pitch.1,702119,-2.3563,-5.4989,89.3568,5.043,85.3678,9.5472,-0.0909,0.0054
1779744291235,2,12.00000018,Upper Delivery,Delivery,pitch.1,702806,-0.0859,-0.0329,0.0228,0.0071,0.113,-0.7455,0.0,0.0
1779744291235,2,Pitching Mound.Delivery,,Delivery,pitch.1,701172,-2.4422,-5.5318,89.3795,35.4236,85.4808,9.5736,-0.0909,0.3452
1779744291235,2,Pitching Mound.Drive,,Delivery,pitch.1,702040,0.0164,-0.3004,0.9067,0.0467,-0.6929,-0.7342,0.0,0.0
1779744291235,2,Pitching Mound.Parent,,Delivery,pitch.1,700496,-2.4142,-5.8196,90.2382,35.4891,84.6331,8.8308,-0.09,0.3419
1779744291236,2,11.0000004b,Drive,Delivery,pitch.1,702041,0.0055,-0.3053,0.9208,0.0303,-0.5675,-0.7633,0.0,0.0
1779744291236,2,12.00000015,Lower Delivery,Delivery,pitch.1,702120,-2.4372,-5.4393,89.3031,4.7575,85.1954,9.3984,-0.0908,0.0051
1779744291236,2,12.00000018,Upper Delivery,Delivery,pitch.1,702807,-0.0868,-0.0386,0.0287,-0.0024,0.0988,-0.6718,0.0,0.0
1779744291236,2,Pitching Mound.Delivery,,Delivery,pitch.1,701173,-2.5239,-5.4779,89.3318,35.1084,85.2942,9.5257,-0.0907,0.3448
1779744291236,2,Pitching Mound.Drive,,Delivery,pitch.1,702041,0.0055,-0.3053,0.9208,0.0303,-0.5675,-0.7633,0.0,0.0
1779744291236,2,Pitching Mound.Parent,,Delivery,pitch.1,700497,-2.5075,-5.7783,90.2385,35.1552,84.6012,8.7915,-0.0898,0.3414
1779744291237,2,11.0000004b,Drive,Delivery,pitch.1,702042,-0.0047,-0.2928,0.9883,0.0097,-0.4342,-0.7856,0.0,0.0
1779744291237,2,12.00000015,Lower Delivery,Delivery,pitch.1,702122,-2.5824,-5.2993,90.0869,4.5704,85.0991,9.1628,-0.0899,0.0048
1779744291237,2,12.00000015,Lower Delivery,Delivery,pitch.1,702121,-2.5073,-5.3783,89.65,4.7585,85.1058,9.2745,-0.0903,0.005
1779744291237,2,12.00000018,Upper Delivery,Delivery,pitch.1,702808,-0.0906,-0.0399,0.0215,-0.0088,0.0892,-0.622,0.0,0.0
1779744291237,2,Pitching Mound.Delivery,,Delivery,pitch.1,701174,-2.5979,-5.4181,89.6715,35.2234,85.195,9.4742,-0.0903,0.3449
1779744291237,2,Pitching Mound.Drive,,Delivery,pitch.1,702042,-0.0047,-0.2928,0.9883,0.0097,-0.4342,-0.7856,0.0,0.0
1779744291237,2,Pitching Mound.Parent,,Delivery,pitch.1,700498,-2.5924,-5.7234,90.5923,35.2537,84.6275,8.711,-0.0894,0.3414
1779744291238,2,11.0000004b,Drive,Delivery,pitch.1,702043,-0.0064,-0.2964,0.9952,0.0058,-0.3755,-0.7696,0.0,0.0
1779744291238,2,12.00000018,Upper Delivery,Delivery,pitch.1,702809,-0.0899,-0.0587,0.0355,-0.0145,0.0805,-0.577,0.0,0.0
1779744291238,2,Pitching Mound.Delivery,,Delivery,pitch.1,701175,-2.6723,-5.358,90.1224,35.1734,85.1796,9.4332,-0.0898,0.3446
1779744291238,2,Pitching Mound.Drive,,Delivery,pitch.1,702043,-0.0064,-0.2964,0.9952,0.0058,-0.3755,-0.7696,0.0,0.0
1779744291238,2,Pitching Mound.Parent,,Delivery,pitch.1,700499,-2.677,-5.6509,91.1107,35.183,84.7455,8.6476,-0.0889,0.3408
1779744291239,2,11.0000004b,Drive,Delivery,pitch.1,702044,-0.0197,-0.2869,0.9477,0.0019,-0.365,-0.7961,0.0,0.0
1779744291239,2,12.00000015,Lower Delivery,Delivery,pitch.1,702123,-2.6307,-5.2406,90.2728,4.7951,85.4297,8.9926,-0.09,0.0051
1779744291239,2,12.00000018,Upper Delivery,Delivery,pitch.1,702810,-0.0889,-0.0776,0.0636,-0.0185,0.0745,-0.5459,0.0,0.0
1779744291239,2,Pitching Mound.Delivery,,Delivery,pitch.1,701176,-2.7196,-5.3181,90.3364,35.4478,85.5043,9.3109,-0.09,0.3446
1779744291239,2,Pitching Mound.Drive,,Delivery,pitch.1,702044,-0.0197,-0.2869,0.9477,0.0019,-0.365,-0.7961,0.0,0.0
1779744291239,2,Pitching Mound.Parent,,Delivery,pitch.1,700500,-2.726,-5.6145,91.3316,35.4535,85.1288,8.5413,-0.089,0.3408
1779744291240,2,11.0000004b,Drive,Delivery,pitch.1,702045,-0.0041,-0.3011,0.9028,0.0112,-0.4365,-0.8067,0.0,0.0
1779744291240,2,12.00000015,Lower Delivery,Delivery,pitch.1,702124,-2.6878,-5.1736,89.8584,4.2282,85.042,8.8893,-0.09,0.0045
1779744291240,2,12.00000018,Upper Delivery,Delivery,pitch.1,702811,-0.0898,-0.087,0.0746,-0.0124,0.0838,-0.5938,0.0,0.0
1779744291240,2,Pitching Mound.Delivery,,Delivery,pitch.1,701177,-2.7776,-5.2606,89.933,34.7423,85.1258,9.1788,-0.09,0.3439
1779744291240,2,Pitching Mound.Drive,,Delivery,pitch.1,702045,-0.0041,-0.3011,0.9028,0.0112,-0.4365,-0.8067,0.0,0.0
1779744291240,2,Pitching Mound.Parent,,Delivery,pitch.1,700501,-2.7973,-5.5475,90.8807,34.7442,84.7608,8.3827,-0.089,0.3403
1779744291241,2,11.0000004b,Drive,Delivery,pitch.1,702046,0.0015,-0.2958,0.8567,0.0203,-0.5091,-0.8,0.0,0.0
1779744291241,2,12.00000015,Lower Delivery,Delivery,pitch.1,702125,-2.7275,-5.1097,89.6485,4.4119,84.6854,8.774,-0.0899,0.0047
1779744291241,2,12.00000018,Upper Delivery,Delivery,pitch.1,702812,-0.0864,-0.1049,0.0987,-0.0198,0.0726,-0.5359,0.0,0.0
1779744291241,2,Pitching Mound.Delivery,,Delivery,pitch.1,701178,-2.8139,-5.2146,89.7472,34.839,84.758,9.136,-0.0898,0.3439
1779744291241,2,Pitching Mound.Drive,,Delivery,pitch.1,702046,0.0015,-0.2958,0.8567,0.0203,-0.5091,-0.8,0.0,0.0
1779744291241,2,Pitching Mound.Parent,,Delivery,pitch.1,700502,-2.818,-5.5157,90.65,34.8502,84.3215,8.3293,-0.0889,0.3405
1779744291242,2,11.0000004b,Drive,Delivery,pitch.1,702047,0.0183,-0.2866,0.7556,0.0228,-0.5115,-0.7812,0.0,0.0
1779744291242,2,12.00000015,Lower Delivery,Delivery,pitch.1,702126,-2.7713,-5.0365,89.4688,4.3505,84.6047,8.6318,-0.09,0.0046
1779744291242,2,12.00000018,Upper Delivery,Delivery,pitch.1,702813,-0.0901,-0.1017,0.0887,-0.0191,0.0737,-0.5415,0.0,0.0
1779744291242,2,Pitching Mound.Delivery,,Delivery,pitch.1,701179,-2.8614,-5.1382,89.5575,34.7206,84.6784,9.0019,-0.0899,0.3439
1779744291242,2,Pitching Mound.Drive,,Delivery,pitch.1,702047,0.0183,-0.2866,0.7556,0.0228,-0.5115,-0.7812,0.0,0.0
1779744291242,2,Pitching Mound.Parent,,Delivery,pitch.1,700503,-2.8599,-5.434,90.4142,34.7409,84.1694,8.2018,-0.089,0.3407
1779744291243,2,11.0000004b,Drive,Delivery,pitch.1,702048,0.0307,-0.2714,0.7161,0.0279,-0.5358,-0.7587,0.0,0.0
1779744291243,2,12.00000015,Lower Delivery,Delivery,pitch.1,702127,-2.8033,-4.9613,89.0495,4.4907,83.9388,8.5322,-0.0897,0.0048
1779744291243,2,12.00000018,Upper Delivery,Delivery,pitch.1,702814,-0.0966,-0.1176,0.1177,-0.0284,0.0597,-0.469,0.0,0.0
1779744291243,2,Pitching Mound.Delivery,,Delivery,pitch.1,701180,-2.8999,-5.0789,89.1672,34.6992,83.9985,8.9835,-0.0896,0.3439
1779744291243,2,Pitching Mound.Drive,,Delivery,pitch.1,702048,0.0307,-0.2714,0.7161,0.0279,-0.5358,-0.7587,0.0,0.0
1779744291243,2,Pitching Mound.Parent,,Delivery,pitch.1,700504,-2.8692,-5.3503,89.8834,34.7271,83.4627,8.2247,-0.0888,0.3412
1779744291244,2,11.0000004b,Drive,Delivery,pitch.1,702049,0.032,-0.2655,0.7097,0.0289,-0.5355,-0.7544,0.0,0.0
1779744291244,2,12.00000015,Lower Delivery,Delivery,pitch.1,702128,-2.8312,-4.8935,89.0471,4.6554,83.3773,8.4066,-0.0891,0.005
1779744291244,2,12.00000015,Lower Delivery,Delivery,pitch.1,702129,-2.8503,-4.8226,88.8918,4.6003,83.0919,8.2874,-0.0889,0.0049
1779744291244,2,12.00000018,Upper Delivery,Delivery,pitch.1,702815,-0.0906,-0.1096,0.0926,-0.026,0.0633,-0.4873,0.0,0.0
1779744291244,2,Pitching Mound.Delivery,,Delivery,pitch.1,701181,-2.9218,-5.0031,89.1397,34.8739,83.4406,8.8512,-0.089,0.3443
1779744291244,2,Pitching Mound.Drive,,Delivery,pitch.1,702049,0.032,-0.2655,0.7097,0.0289,-0.5355,-0.7544,0.0,0.0
1779744291244,2,Pitching Mound.Parent,,Delivery,pitch.1,700505,-2.8898,-5.2686,89.8493,34.9028,82.9051,8.0968,-0.0883,0.3415
1779744291245,2,11.0000004b,Drive,Delivery,pitch.1,702050,0.0482,-0.2607,0.6598,0.0518,-0.6759,-0.749,0.0,0.0
1779744291245,2,12.00000018,Upper Delivery,Delivery,pitch.1,702816,-0.0917,-0.1003,0.0719,-0.027,0.0617,-0.4794,0.0,0.0
1779744291245,2,Pitching Mound.Delivery,,Delivery,pitch.1,701182,-2.942,-4.9228,88.9637,34.772,83.1537,8.7459,-0.0889,0.3444
1779744291245,2,Pitching Mound.Drive,,Delivery,pitch.1,702050,0.0482,-0.2607,0.6598,0.0518,-0.6759,-0.749,0.0,0.0
1779744291245,2,Pitching Mound.Parent,,Delivery,pitch.1,700506,-2.8938,-5.1835,89.6235,34.8238,82.4778,7.9969,-0.0882,0.3418
1779744291246,2,11.0000004b,Drive,Delivery,pitch.1,702051,0.0532,-0.2671,0.6727,0.0817,-0.7037,-0.7305,0.0,0.0
1779744291246,2,12.00000015,Lower Delivery,Delivery,pitch.1,702130,-2.8737,-4.7482,88.4685,4.862,82.9381,8.1969,-0.0892,0.0052
1779744291246,2,12.00000018,Upper Delivery,Delivery,pitch.1,702817,-0.093,-0.0975,0.0696,-0.0252,0.0645,-0.4938,0.0,0.0
1779744291246,2,Pitching Mound.Delivery,,Delivery,pitch.1,701183,-2.9667,-4.8457,88.5381,34.8924,83.0026,8.6486,-0.0891,0.3447
1779744291246,2,Pitching Mound.Drive,,Delivery,pitch.1,702051,0.0532,-0.2671,0.6727,0.0817,-0.7037,-0.7305,0.0,0.0
1779744291246,2,Pitching Mound.Parent,,Delivery,pitch.1,700507,-2.9135,-5.1128,89.2108,34.9741,82.2989,7.9181,-0.0884,0.3421
1779744291247,2,11.0000004b,Drive,Delivery,pitch.1,702052,0.0613,-0.2473,0.6208,0.0957,-0.6263,-0.7132,0.0,0.0
1779744291247,2,12.00000015,Lower Delivery,Delivery,pitch.1,702131,-2.8885,-4.6598,88.645,4.8142,83.0422,8.0695,-0.0891,0.0052
1779744291247,2,12.00000018,Upper Delivery,Delivery,pitch.1,702818,-0.0947,-0.0853,0.0507,-0.0252,0.0645,-0.4938,0.0,0.0
1779744291247,2,Pitching Mound.Delivery,,Delivery,pitch.1,701184,-2.9833,-4.7452,88.6956,34.911,83.1067,8.5257,-0.0891,0.3448
1779744291247,2,Pitching Mound.Drive,,Delivery,pitch.1,702052,0.0613,-0.2473,0.6208,0.0957,-0.6263,-0.7132,0.0,0.0
1779744291247,2,Pitching Mound.Parent,,Delivery,pitch.1,700508,-2.9219,-4.9924,89.3165,35.0067,82.4804,7.8125,-0.0884,0.3424
1779744291248,2,11.0000004b,Drive,Delivery,pitch.1,702053,0.0677,-0.251,0.564,0.1183,-0.7029,-0.7257,0.0,0.0
1779744291248,2,12.00000015,Lower Delivery,Delivery,pitch.1,702132,-2.9062,-4.5917,88.1459,4.7532,82.9933,7.9661,-0.0896,0.0051
1779744291248,2,12.00000018,Upper Delivery,Delivery,pitch.1,702819,-0.0917,-0.082,0.0549,-0.0148,0.0801,-0.5747,0.0,0.0
1779744291248,2,Pitching Mound.Delivery,,Delivery,pitch.1,701185,-2.9979,-4.6737,88.2008,34.6894,83.0734,8.3483,-0.0895,0.3447
1779744291248,2,Pitching Mound.Drive,,Delivery,pitch.1,702053,0.0677,-0.251,0.564,0.1183,-0.7029,-0.7257,0.0,0.0
1779744291248,2,Pitching Mound.Parent,,Delivery,pitch.1,700509,-2.9302,-4.9247,88.7648,34.8077,82.3705,7.6226,-0.0889,0.3425
1779744291249,2,11.0000004b,Drive,Delivery,pitch.1,702054,0.0688,-0.2519,0.5713,0.1087,-0.6847,-0.7151,0.0,0.0
1779744291249,2,12.00000015,Lower Delivery,Delivery,pitch.1,702133,-2.9219,-4.5283,87.9855,4.7164,82.8796,7.8671,-0.0896,0.0051
1779744291249,2,12.00000018,Upper Delivery,Delivery,pitch.1,702820,-0.0935,-0.0642,0.0248,-0.0094,0.0882,-0.6171,0.0,0.0
1779744291249,2,Pitching Mound.Delivery,,Delivery,pitch.1,701186,-3.0154,-4.5926,88.0104,34.6137,82.9678,8.2116,-0.0896,0.3449
1779744291249,2,Pitching Mound.Drive,,Delivery,pitch.1,702054,0.0688,-0.2519,0.5713,0.1087,-0.6847,-0.7151,0.0,0.0
1779744291249,2,Pitching Mound.Parent,,Delivery,pitch.1,700510,-2.9466,-4.8445,88.5816,34.7224,82.2832,7.4965,-0.089,0.3427
1779744291250,2,11.0000004b,Drive,Delivery,pitch.1,702055,0.0642,-0.2517,0.5477,0.095,-0.6622,-0.6891,0.0,0.0
1779744291250,2,12.00000015,Lower Delivery,Delivery,pitch.1,702134,-2.9624,-4.4363,88.1619,4.6319,82.9665,7.7808,-0.0895,0.005
1779744291250,2,12.00000018,Upper Delivery,Delivery,pitch.1,702821,-0.0924,-0.0575,0.0227,-0.0156,0.079,-0.5689,0.0,0.0
1779744291250,2,Pitching Mound.Delivery,,Delivery,pitch.1,701187,-3.0548,-4.4938,88.1846,34.5836,83.0455,8.1877,-0.0895,0.3448
1779744291250,2,Pitching Mound.Drive,,Delivery,pitch.1,702055,0.0642,-0.2517,0.5477,0.095,-0.6622,-0.6891,0.0,0.0
1779744291250,2,Pitching Mound.Parent,,Delivery,pitch.1,700511,-2.9907,-4.7455,88.7322,34.6786,82.3833,7.4986,-0.0889,0.3427
1779744291251,2,11.0000004b,Drive,Delivery,pitch.1,702056,0.0599,-0.2589,0.6219,0.1067,-0.674,-0.6747,0.0,0.0
1779744291251,2,12.00000015,Lower Delivery,Delivery,pitch.1,702135,-2.9733,-4.3487,88.2205,4.5328,83.3927,7.725,-0.0899,0.0049
1779744291251,2,12.00000018,Upper Delivery,Delivery,pitch.1,702822,-0.0889,-0.0538,0.0217,-0.0054,0.0943,-0.6483,0.0,0.0
1779744291251,2,Pitching Mound.Delivery,,Delivery,pitch.1,701188,-3.0622,-4.4025,88.2422,34.515,83.487,8.0575,-0.0899,0.3447
1779744291251,2,Pitching Mound.Drive,,Delivery,pitch.1,702056,0.0599,-0.2589,0.6219,0.1067,-0.674,-0.6747,0.0,0.0
1779744291251,2,Pitching Mound.Parent,,Delivery,pitch.1,700512,-3.0023,-4.6614,88.8641,34.6217,82.813,7.3828,-0.0893,0.3423
1779744291252,2,11.0000004b,Drive,Delivery,pitch.1,702057,0.048,-0.2634,0.6438,0.0963,-0.6981,-0.6825,0.0,0.0
1779744291252,2,12.00000015,Lower Delivery,Delivery,pitch.1,702136,-3.0196,-4.2667,88.2528,4.5589,83.3063,7.6387,-0.0898,0.0049
1779744291252,2,12.00000018,Upper Delivery,Delivery,pitch.1,702823,-0.0854,-0.0353,0.0205,0.0083,0.1147,-0.7547,0.0,0.0
1779744291252,2,Pitching Mound.Delivery,,Delivery,pitch.1,701189,-3.1051,-4.302,88.2734,34.5661,83.4211,7.8817,-0.0898,0.3448
1779744291252,2,Pitching Mound.Drive,,Delivery,pitch.1,702057,0.048,-0.2634,0.6438,0.0963,-0.6981,-0.6825,0.0,0.0
1779744291252,2,Pitching Mound.Parent,,Delivery,pitch.1,700513,-3.0571,-4.5654,88.9171,34.6625,82.723,7.1991,-0.0891,0.3423
1779744291253,2,11.0000004b,Drive,Delivery,pitch.1,702058,0.0548,-0.2512,0.616,0.0955,-0.6564,-0.6634,0.0,0.0
1779744291253,2,12.00000015,Lower Delivery,Delivery,pitch.1,702137,-3.0231,-4.1967,87.8377,4.5225,83.2352,7.5471,-0.0901,0.0049
1779744291253,2,12.00000018,Upper Delivery,Delivery,pitch.1,702824,-0.0827,-0.0316,0.0186,0.0122,0.1207,-0.7853,0.0,0.0
1779744291253,2,Pitching Mound.Delivery,,Delivery,pitch.1,701190,-3.1058,-4.2283,87.8563,34.3931,83.3558,7.7616,-0.0901,0.3448
1779744291253,2,Pitching Mound.Drive,,Delivery,pitch.1,702058,0.0548,-0.2512,0.616,0.0955,-0.6564,-0.6634,0.0,0.0
1779744291253,2,Pitching Mound.Parent,,Delivery,pitch.1,700514,-3.051,-4.4795,88.4723,34.4886,82.6995,7.0982,-0.0895,0.3424
1779744291254,2,11.0000004b,Drive,Delivery,pitch.1,702059,0.0436,-0.2557,0.5998,0.0888,-0.6185,-0.6468,0.0,0.0
1779744291254,2,12.00000015,Lower Delivery,Delivery,pitch.1,702138,-3.0408,-4.1202,87.8864,4.7641,83.6838,7.4707,-0.0906,0.0052
1779744291254,2,12.00000018,Upper Delivery,Delivery,pitch.1,702825,-0.0826,-0.0213,0.0203,0.0171,0.128,-0.8233,0.0,0.0
1779744291254,2,Pitching Mound.Delivery,,Delivery,pitch.1,701191,-3.1234,-4.1415,87.9067,34.6556,83.8117,7.6532,-0.0906,0.345
1779744291254,2,Pitching Mound.Drive,,Delivery,pitch.1,702059,0.0436,-0.2557,0.5998,0.0888,-0.6185,-0.6468,0.0,0.0
1779744291254,2,Pitching Mound.Parent,,Delivery,pitch.1,700515,-3.0798,-4.3973,88.5065,34.7445,83.1932,7.0064,-0.0899,0.3427
1779744291255,2,11.0000004b,Drive,Delivery,pitch.1,702060,0.0478,-0.2489,0.5878,0.0831,-0.6244,-0.6508,0.0,0.0
1779744291255,2,12.00000015,Lower Delivery,Delivery,pitch.1,702139,-3.0613,-4.0618,87.5787,4.7689,83.2179,7.4418,-0.0904,0.0052
1779744291255,2,12.00000018,Upper Delivery,Delivery,pitch.1,702826,-0.0797,-0.0068,0.0299,0.027,0.1429,-0.9009,0.0,0.0
1779744291255,2,Pitching Mound.Delivery,,Delivery,pitch.1,701192,-3.141,-4.0686,87.6087,34.5625,83.3608,7.5546,-0.0904,0.3449
1779744291255,2,Pitching Mound.Drive,,Delivery,pitch.1,702060,0.0478,-0.2489,0.5878,0.0831,-0.6244,-0.6508,0.0,0.0
1779744291255,2,Pitching Mound.Parent,,Delivery,pitch.1,700516,-3.0932,-4.3175,88.1964,34.6456,82.7365,6.9038,-0.0898,0.3426
1779744291256,2,11.0000004b,Drive,Delivery,pitch.1,702061,0.0441,-0.249,0.5803,0.0676,-0.5988,-0.6308,0.0,0.0
1779744291256,2,12.00000015,Lower Delivery,Delivery,pitch.1,702140,-3.0648,-3.9966,87.335,4.761,83.3679,7.4217,-0.0908,0.0052
1779744291256,2,12.00000018,Upper Delivery,Delivery,pitch.1,702827,-0.0787,0.0011,0.0292,0.025,0.1398,-0.885,0.0,0.0
1779744291256,2,Pitching Mound.Delivery,,Delivery,pitch.1,701193,-3.1435,-3.9955,87.3642,34.4699,83.5078,7.552,-0.0908,0.345
1779744291256,2,Pitching Mound.Drive,,Delivery,pitch.1,702061,0.0441,-0.249,0.5803,0.0676,-0.5988,-0.6308,0.0,0.0
1779744291256,2,Pitching Mound.Parent,,Delivery,pitch.1,700517,-3.0994,-4.2445,87.9445,34.5376,82.909,6.9212,-0.0902,0.3427
1779744291257,2,11.0000004b,Drive,Delivery,pitch.1,702062,0.0422,-0.2496,0.6297,0.0555,-0.6458,-0.6262,0.0,0.0
1779744291257,2,12.00000015,Lower Delivery,Delivery,pitch.1,702141,-3.0707,-3.9352,87.1857,4.8737,83.3395,7.3454,-0.0909,0.0053
1779744291257,2,12.00000018,Upper Delivery,Delivery,pitch.1,702828,-0.0791,0.0017,0.0302,0.0289,0.1457,-0.9154,0.0,0.0
1779744291257,2,Pitching Mound.Delivery,,Delivery,pitch.1,701194,-3.1498,-3.9335,87.2159,34.5354,83.4852,7.4471,-0.0909,0.3451
1779744291257,2,Pitching Mound.Drive,,Delivery,pitch.1,702062,0.0422,-0.2496,0.6297,0.0555,-0.6458,-0.6262,0.0,0.0
1779744291257,2,Pitching Mound.Parent,,Delivery,pitch.1,700518,-3.1076,-4.1831,87.8456,34.591,82.8394,6.8209,-0.0902,0.3426
1779744291258,2,11.0000004b,Drive,Delivery,pitch.1,702063,0.0441,-0.2513,0.6278,0.0486,-0.5865,-0.6146,0.0,0.0
1779744291258,2,12.00000015,Lower Delivery,Delivery,pitch.1,702142,-3.0732,-3.8956,87.0176,4.8888,83.1353,7.2839,-0.0909,0.0053
1779744291258,2,12.00000018,Upper Delivery,Delivery,pitch.1,702829,-0.0763,0.0063,0.0411,0.0291,0.146,-0.9171,0.0,0.0
1779744291258,2,Pitching Mound.Delivery,,Delivery,pitch.1,701195,-3.1495,-3.8893,87.0587,34.4899,83.2813,7.3858,-0.0908,0.345
1779744291258,2,Pitching Mound.Drive,,Delivery,pitch.1,702063,0.0441,-0.2513,0.6278,0.0486,-0.5865,-0.6146,0.0,0.0
1779744291258,2,Pitching Mound.Parent,,Delivery,pitch.1,700519,-3.1054,-4.1406,87.6865,34.5385,82.6948,6.7713,-0.0902,0.3426
1779744291259,2,11.0000004b,Drive,Delivery,pitch.1,702064,0.027,-0.2539,0.702,0.0241,-0.3639,-0.6096,0.0,0.0
1779744291259,2,12.00000015,Lower Delivery,Delivery,pitch.1,702143,-3.0545,-3.8389,86.902,4.9152,82.8708,7.2623,-0.0907,0.0054
1779744291259,2,12.00000015,Lower Delivery,Delivery,pitch.1,702144,-3.0318,-3.7857,86.9231,4.9213,82.5275,7.2499,-0.0903,0.0054
1779744291259,2,12.00000018,Upper Delivery,Delivery,pitch.1,702830,-0.0803,-0.0034,0.0325,0.019,0.1309,-0.8385,0.0,0.0
1779744291259,2,Pitching Mound.Delivery,,Delivery,pitch.1,701196,-3.1349,-3.8423,86.9346,34.4698,83.0017,7.4351,-0.0907,0.3451
1779744291259,2,Pitching Mound.Drive,,Delivery,pitch.1,702064,0.027,-0.2539,0.702,0.0241,-0.3639,-0.6096,0.0,0.0
1779744291259,2,Pitching Mound.Parent,,Delivery,pitch.1,700520,-3.1079,-4.0962,87.6365,34.4939,82.6378,6.8255,-0.09,0.3424
1779744291260,2,11.0000004b,Drive,Delivery,pitch.1,702065,0.0257,-0.2698,0.7669,0.0246,-0.4017,-0.639,0.0,0.0
1779744291260,2,12.00000015,Lower Delivery,Delivery,pitch.1,702145,-3.0118,-3.744,86.8782,4.9872,82.8155,7.2134,-0.0907,0.0055
1779744291260,2,12.00000018,Upper Delivery,Delivery,pitch.1,702831,-0.0794,-0.0045,0.0313,0.0159,0.1262,-0.8143,0.0,0.0
1779744291260,2,Pitching Mound.Delivery,,Delivery,pitch.1,701197,-3.1112,-3.7901,86.9544,34.4804,82.6537,7.4394,-0.0903,0.3451
1779744291260,2,Pitching Mound.Drive,,Delivery,pitch.1,702065,0.0257,-0.2698,0.7669,0.0246,-0.4017,-0.639,0.0,0.0
1779744291260,2,Pitching Mound.Parent,,Delivery,pitch.1,700521,-3.0855,-4.06,87.7213,34.5049,82.252,6.8004,-0.0895,0.3421
1779744291261,2,11.0000004b,Drive,Delivery,pitch.1,702066,0.0234,-0.2691,0.7325,0.0132,-0.2751,-0.5866,0.0,0.0
1779744291261,2,12.00000018,Upper Delivery,Delivery,pitch.1,702832,-0.0787,-0.0082,0.036,0.0189,0.1308,-0.838,0.0,0.0
1779744291261,2,Pitching Mound.Delivery,,Delivery,pitch.1,701198,-3.0905,-3.7522,86.9143,34.5325,82.9463,7.3727,-0.0906,0.3452
1779744291261,2,Pitching Mound.Drive,,Delivery,pitch.1,702066,0.0234,-0.2691,0.7325,0.0132,-0.2751,-0.5866,0.0,0.0
1779744291261,2,Pitching Mound.Parent,,Delivery,pitch.1,700522,-3.0671,-4.0213,87.6468,34.5457,82.6712,6.7861,-0.0899,0.3423
1779744291262,2,11.0000004b,Drive,Delivery,pitch.1,702067,0.0175,-0.2618,0.7248,-0.0034,-0.1786,-0.5794,0.0,0.0
1779744291262,2,12.00000015,Lower Delivery,Delivery,pitch.1,702146,-2.9791,-3.716,86.7225,4.8713,82.3764,7.2145,-0.0904,0.0053
1779744291262,2,12.00000018,Upper Delivery,Delivery,pitch.1,702833,-0.0782,-0.0087,0.0229,0.0116,0.1198,-0.7809,0.0,0.0
1779744291262,2,Pitching Mound.Delivery,,Delivery,pitch.1,701199,-3.0574,-3.7247,86.7454,34.3608,82.4962,7.4199,-0.0903,0.3452
1779744291262,2,Pitching Mound.Drive,,Delivery,pitch.1,702067,0.0175,-0.2618,0.7248,-0.0034,-0.1786,-0.5794,0.0,0.0
1779744291262,2,Pitching Mound.Parent,,Delivery,pitch.1,700523,-3.0399,-3.9865,87.4701,34.3573,82.3176,6.8405,-0.0896,0.3423
1779744291263,2,11.0000004b,Drive,Delivery,pitch.1,702068,0.023,-0.267,0.7378,0.0108,-0.3038,-0.5872,0.0,0.0
1779744291263,2,12.00000015,Lower Delivery,Delivery,pitch.1,702147,-2.9475,-3.6828,86.4122,4.8244,81.825,7.2088,-0.0901,0.0053
1779744291263,2,12.00000015,Lower Delivery,Delivery,pitch.1,702148,-2.9099,-3.6617,86.3252,4.8871,81.7218,7.2159,-0.0901,0.0054
1779744291263,2,12.00000018,Upper Delivery,Delivery,pitch.1,702834,-0.0802,-0.0097,0.0222,0.0065,0.1121,-0.7408,0.0,0.0
1779744291263,2,Pitching Mound.Delivery,,Delivery,pitch.1,701200,-3.0277,-3.6925,86.4344,34.2035,81.9371,7.4428,-0.0901,0.3451
1779744291263,2,Pitching Mound.Drive,,Delivery,pitch.1,702068,0.023,-0.267,0.7378,0.0108,-0.3038,-0.5872,0.0,0.0
1779744291263,2,Pitching Mound.Parent,,Delivery,pitch.1,700524,-3.0046,-3.9595,87.1722,34.2143,81.6332,6.8556,-0.0893,0.3422
1779744291264,2,11.0000004b,Drive,Delivery,pitch.1,702069,0.033,-0.273,0.749,0.0283,-0.4502,-0.6256,0.0,0.0
1779744291264,2,12.00000015,Lower Delivery,Delivery,pitch.1,702149,-2.8681,-3.6198,85.924,4.7796,81.4676,7.1909,-0.0902,0.0053
1779744291264,2,12.00000018,Upper Delivery,Delivery,pitch.1,702835,-0.0792,-0.0118,0.0329,0.0153,0.1253,-0.8095,0.0,0.0
1779744291264,2,Pitching Mound.Delivery,,Delivery,pitch.1,701201,-2.9891,-3.6735,86.3582,34.2418,81.8471,7.3688,-0.09,0.3451
1779744291264,2,Pitching Mound.Drive,,Delivery,pitch.1,702069,0.033,-0.273,0.749,0.0283,-0.4502,-0.6256,0.0,0.0
1779744291264,2,Pitching Mound.Parent,,Delivery,pitch.1,700525,-2.956,-3.9465,87.1072,34.2701,81.3969,6.7432,-0.0892,0.3422
1779744291265,2,11.0000004b,Drive,Delivery,pitch.1,702070,0.0391,-0.2645,0.7493,0.0408,-0.5872,-0.6446,0.0,0.0
1779744291265,2,12.00000015,Lower Delivery,Delivery,pitch.1,702150,-2.8187,-3.5751,85.7359,4.639,81.1992,7.1951,-0.0901,0.0051
1779744291265,2,12.00000018,Upper Delivery,Delivery,pitch.1,702836,-0.0773,-0.0091,0.0398,0.0163,0.1268,-0.8173,0.0,0.0
1779744291265,2,Pitching Mound.Delivery,,Delivery,pitch.1,701202,-2.9454,-3.629,85.9638,33.9965,81.5944,7.3225,-0.0902,0.345
1779744291265,2,Pitching Mound.Drive,,Delivery,pitch.1,702070,0.0391,-0.2645,0.7493,0.0408,-0.5872,-0.6446,0.0,0.0
1779744291265,2,Pitching Mound.Parent,,Delivery,pitch.1,700526,-2.9063,-3.8934,86.7132,34.0373,81.0072,6.6779,-0.0894,0.342
1779744291266,2,11.0000004b,Drive,Delivery,pitch.1,702071,0.0342,-0.2646,0.7715,0.0443,-0.5839,-0.6388,0.0,0.0
1779744291266,2,12.00000015,Lower Delivery,Delivery,pitch.1,702151,-2.7735,-3.5426,85.4983,4.7385,80.6925,7.2184,-0.0898,0.0053
1779744291266,2,12.00000018,Upper Delivery,Delivery,pitch.1,702837,-0.0765,-0.0107,0.0345,0.019,0.1309,-0.8386,0.0,0.0
1779744291266,2,Pitching Mound.Delivery,,Delivery,pitch.1,701203,-2.8952,-3.5858,85.7705,33.7965,81.3301,7.2888,-0.0901,0.3449
1779744291266,2,Pitching Mound.Drive,,Delivery,pitch.1,702071,0.0342,-0.2646,0.7715,0.0443,-0.5839,-0.6388,0.0,0.0
1779744291266,2,Pitching Mound.Parent,,Delivery,pitch.1,700527,-2.8609,-3.8504,86.542,33.8408,80.7462,6.65,-0.0893,0.3418
1779744291267,2,11.0000004b,Drive,Delivery,pitch.1,702072,0.0366,-0.2566,0.7661,0.0585,-0.71,-0.6562,0.0,0.0
1779744291267,2,12.00000015,Lower Delivery,Delivery,pitch.1,702152,-2.7294,-3.532,85.1868,4.7637,80.2132,7.2422,-0.0896,0.0053
1779744291267,2,12.00000018,Upper Delivery,Delivery,pitch.1,702838,-0.075,-0.0115,0.0464,0.0262,0.1417,-0.8944,0.0,0.0
1779744291267,2,Pitching Mound.Delivery,,Delivery,pitch.1,701204,-2.8484,-3.5541,85.5447,33.8183,80.8342,7.2415,-0.0897,0.3449
1779744291267,2,Pitching Mound.Drive,,Delivery,pitch.1,702072,0.0366,-0.2566,0.7661,0.0585,-0.71,-0.6562,0.0,0.0
1779744291267,2,Pitching Mound.Parent,,Delivery,pitch.1,700528,-2.8118,-3.8107,86.3108,33.8768,80.1242,6.5853,-0.0889,0.3418
1779744291268,2,11.0000004b,Drive,Delivery,pitch.1,702073,0.036,-0.2563,0.809,0.0773,-0.9016,-0.6691,0.0,0.0
1779744291268,2,12.00000015,Lower Delivery,Delivery,pitch.1,702153,-2.6471,-3.507,84.9037,4.7479,79.7257,7.2702,-0.0893,0.0053
1779744291268,2,12.00000018,Upper Delivery,Delivery,pitch.1,702839,-0.0764,-0.011,0.0459,0.0362,0.1567,-0.9726,0.0,0.0
1779744291268,2,Pitching Mound.Delivery,,Delivery,pitch.1,701205,-2.8058,-3.543,85.2327,33.7478,80.3699,7.1717,-0.0895,0.345
1779744291268,2,Pitching Mound.Drive,,Delivery,pitch.1,702073,0.036,-0.2563,0.809,0.0773,-0.9016,-0.6691,0.0,0.0
1779744291268,2,Pitching Mound.Parent,,Delivery,pitch.1,700529,-2.7698,-3.7993,86.0418,33.8252,79.4683,6.5025,-0.0887,0.3417
1779744291269,2,11.0000004b,Drive,Delivery,pitch.1,702074,0.0331,-0.2477,0.81,0.0878,-1.0046,-0.6894,0.0,0.0
1779744291269,2,12.00000015,Lower Delivery,Delivery,pitch.1,702154,-2.5962,-3.4843,84.6689,4.5219,79.4897,7.2737,-0.0893,0.0051
1779744291269,2,12.00000018,Upper Delivery,Delivery,pitch.1,702840,-0.0748,-0.0117,0.0483,0.0334,0.1526,-0.951,0.0,0.0
1779744291269,2,Pitching Mound.Delivery,,Delivery,pitch.1,701206,-2.7219,-3.5188,84.952,33.6322,79.8783,7.1937,-0.0893,0.3449
1779744291269,2,Pitching Mound.Drive,,Delivery,pitch.1,702074,0.0331,-0.2477,0.81,0.0878,-1.0046,-0.6894,0.0,0.0
1779744291269,2,Pitching Mound.Parent,,Delivery,pitch.1,700530,-2.6888,-3.7665,85.762,33.72,78.8737,6.5043,-0.0884,0.3417
1779744291270,2,11.0000004b,Drive,Delivery,pitch.1,702075,0.0425,-0.2451,0.8038,0.1028,-1.1511,-0.7167,0.0,0.0
1779744291270,2,12.00000015,Lower Delivery,Delivery,pitch.1,702155,-2.5203,-3.4507,84.2417,4.3946,78.9979,7.2901,-0.0892,0.005
1779744291270,2,12.00000018,Upper Delivery,Delivery,pitch.1,702841,-0.0736,-0.009,0.0484,0.0394,0.1615,-0.9974,0.0,0.0
1779744291270,2,Pitching Mound.Delivery,,Delivery,pitch.1,701207,-2.6697,-3.4933,84.7173,33.3323,79.6511,7.134,-0.0893,0.3447
1779744291270,2,Pitching Mound.Drive,,Delivery,pitch.1,702075,0.0425,-0.2451,0.8038,0.1028,-1.1511,-0.7167,0.0,0.0
1779744291270,2,Pitching Mound.Parent,,Delivery,pitch.1,700531,-2.6272,-3.7384,85.5211,33.4351,78.5,6.4173,-0.0884,0.3414
1779744291271,2,11.0000004b,Drive,Delivery,pitch.1,702076,0.0469,-0.2328,0.7902,0.1053,-1.151,-0.7251,0.0,0.0
1779744291271,2,12.00000015,Lower Delivery,Delivery,pitch.1,702156,-2.4405,-3.4423,83.8181,4.2514,78.182,7.3493,-0.0887,0.0048
1779744291271,2,12.00000018,Upper Delivery,Delivery,pitch.1,702842,-0.0726,-0.0035,0.0413,0.0426,0.1664,-1.0227,0.0,0.0
1779744291271,2,Pitching Mound.Delivery,,Delivery,pitch.1,701208,-2.5929,-3.4542,84.2831,33.0653,79.1643,7.0997,-0.0892,0.3446
1779744291271,2,Pitching Mound.Drive,,Delivery,pitch.1,702076,0.0469,-0.2328,0.7902,0.1053,-1.151,-0.7251,0.0,0.0
1779744291271,2,Pitching Mound.Parent,,Delivery,pitch.1,700532,-2.546,-3.6869,85.0733,33.1707,78.0133,6.3746,-0.0883,0.3414
1779744291272,2,11.0000004b,Drive,Delivery,pitch.1,702077,0.057,-0.2309,0.7897,0.1069,-1.1523,-0.7269,0.0,0.0
1779744291272,2,11.0000004b,Drive,Delivery,pitch.1,702078,0.061,-0.2331,0.7755,0.1121,-1.1245,-0.7321,0.0,0.0
1779744291272,2,12.00000015,Lower Delivery,Delivery,pitch.1,702157,-2.342,-3.412,83.6686,4.0673,78.5897,7.343,-0.0894,0.0046
1779744291272,2,12.00000018,Upper Delivery,Delivery,pitch.1,702843,-0.0703,-0.0023,0.0419,0.048,0.1745,-1.0649,0.0,0.0
1779744291272,2,Pitching Mound.Delivery,,Delivery,pitch.1,701209,-2.5108,-3.4446,83.8599,32.7833,78.3565,7.0904,-0.0887,0.3445
1779744291272,2,Pitching Mound.Drive,,Delivery,pitch.1,702077,0.057,-0.2309,0.7897,0.1069,-1.1523,-0.7269,0.0,0.0
1779744291272,2,Pitching Mound.Drive,,Delivery,pitch.1,702078,0.061,-0.2331,0.7755,0.1121,-1.1245,-0.7321,0.0,0.0
1779744291272,2,Pitching Mound.Parent,,Delivery,pitch.1,700533,-2.4538,-3.6755,84.6497,32.8901,77.2042,6.3635,-0.0879,0.3413
1779744291273,2,12.00000015,Lower Delivery,Delivery,pitch.1,702158,-2.2602,-3.3803,83.6394,4.1811,78.6575,7.4072,-0.0895,0.0048
1779744291273,2,12.00000018,Upper Delivery,Delivery,pitch.1,702844,-0.0728,-0.0025,0.0474,0.0472,0.1732,-1.0583,0.0,0.0
1779744291273,2,Pitching Mound.Delivery,,Delivery,pitch.1,701210,-2.4148,-3.4145,83.716,32.5457,78.7629,7.0563,-0.0893,0.3442
1779744291273,2,Pitching Mound.Parent,,Delivery,pitch.1,700534,-2.3538,-3.6476,84.4915,32.6578,77.6384,6.3242,-0.0885,0.3411
1779744291274,2,11.0000004b,Drive,Delivery,pitch.1,702079,0.0635,-0.2303,0.7779,0.0972,-1.068,-0.737,0.0,0.0
1779744291274,2,12.00000015,Lower Delivery,Delivery,pitch.1,702159,-2.1799,-3.3671,83.3991,4.1229,78.3943,7.4414,-0.0894,0.0047
1779744291274,2,12.00000018,Upper Delivery,Delivery,pitch.1,702845,-0.0733,-0.006,0.0466,0.0488,0.1756,-1.0706,0.0,0.0
1779744291274,2,Pitching Mound.Delivery,,Delivery,pitch.1,701211,-2.3334,-3.3863,83.686,32.6514,78.8331,7.0802,-0.0894,0.3444
1779744291274,2,Pitching Mound.Drive,,Delivery,pitch.1,702079,0.0635,-0.2303,0.7779,0.0972,-1.068,-0.737,0.0,0.0
1779744291274,2,Pitching Mound.Parent,,Delivery,pitch.1,700535,-2.2699,-3.6165,84.4639,32.7486,77.7651,6.3431,-0.0886,0.3412
1779744291275,2,11.0000004b,Drive,Delivery,pitch.1,702080,0.0691,-0.2264,0.7529,0.0933,-1.0226,-0.7349,0.0,0.0
1779744291275,2,12.00000015,Lower Delivery,Delivery,pitch.1,702160,-2.086,-3.3572,83.3349,4.1691,78.5252,7.4921,-0.0896,0.0048
1779744291275,2,12.00000018,Upper Delivery,Delivery,pitch.1,702846,-0.0752,-0.0035,0.0278,0.0474,0.1735,-1.0598,0.0,0.0
1779744291275,2,Pitching Mound.Delivery,,Delivery,pitch.1,701212,-2.2551,-3.3706,83.4269,32.5165,78.5678,7.0972,-0.0894,0.3445
1779744291275,2,Pitching Mound.Drive,,Delivery,pitch.1,702080,0.0691,-0.2264,0.7529,0.0933,-1.0226,-0.7349,0.0,0.0
1779744291275,2,Pitching Mound.Parent,,Delivery,pitch.1,700536,-2.186,-3.5971,84.1797,32.6098,77.5453,6.3623,-0.0886,0.3414
1779744291276,2,11.0000004b,Drive,Delivery,pitch.1,702081,0.0777,-0.2133,0.6519,0.0737,-0.8952,-0.6889,0.0,0.0
1779744291276,2,11.0000004b,Drive,Delivery,pitch.1,702082,0.0726,-0.2293,0.6662,0.0664,-0.8348,-0.68,0.0,0.0
1779744291276,2,12.00000015,Lower Delivery,Delivery,pitch.1,702161,-1.9962,-3.3291,83.1905,4.1433,78.2176,7.5501,-0.0894,0.0047
1779744291276,2,12.00000018,Upper Delivery,Delivery,pitch.1,702847,-0.079,-0.0109,0.0288,0.0296,0.1468,-0.921,0.0,0.0
1779744291276,2,Pitching Mound.Delivery,,Delivery,pitch.1,701213,-2.165,-3.3681,83.3637,32.5227,78.672,7.2535,-0.0896,0.3445
1779744291276,2,Pitching Mound.Drive,,Delivery,pitch.1,702081,0.0777,-0.2133,0.6519,0.0737,-0.8952,-0.6889,0.0,0.0
1779744291276,2,Pitching Mound.Drive,,Delivery,pitch.1,702082,0.0726,-0.2293,0.6662,0.0664,-0.8348,-0.68,0.0,0.0
1779744291276,2,Pitching Mound.Parent,,Delivery,pitch.1,700537,-2.0873,-3.5814,84.0156,32.5964,77.7767,6.5646,-0.0889,0.3418
1779744291277,2,11.0000004b,Drive,Delivery,pitch.1,702083,0.0639,-0.2426,0.6629,0.0486,-0.669,-0.6537,0.0,0.0
1779744291277,2,12.00000015,Lower Delivery,Delivery,pitch.1,702162,-1.9175,-3.3194,83.1348,4.1021,78.2861,7.5782,-0.0896,0.0047
1779744291277,2,12.00000018,Upper Delivery,Delivery,pitch.1,702848,-0.078,-0.0134,0.0414,0.0426,0.1664,-1.0226,0.0,0.0
1779744291277,2,Pitching Mound.Delivery,,Delivery,pitch.1,701214,-2.0742,-3.3424,83.2319,32.4566,78.384,7.1797,-0.0894,0.3444
1779744291277,2,Pitching Mound.Drive,,Delivery,pitch.1,702083,0.0639,-0.2426,0.6629,0.0486,-0.669,-0.6537,0.0,0.0
1779744291277,2,Pitching Mound.Parent,,Delivery,pitch.1,700538,-2.0016,-3.5718,83.8981,32.523,77.5492,6.4997,-0.0887,0.3417
1779744291278,2,11.0000004b,Drive,Delivery,pitch.1,702084,0.063,-0.2437,0.6501,0.0539,-0.7131,-0.6768,0.0,0.0
1779744291278,2,12.00000015,Lower Delivery,Delivery,pitch.1,702163,-1.8265,-3.303,82.9485,4.1571,77.8169,7.6425,-0.0892,0.0048
1779744291278,2,12.00000018,Upper Delivery,Delivery,pitch.1,702849,-0.0765,-0.0147,0.0616,0.0381,0.1596,-0.9877,0.0,0.0
1779744291278,2,12.00000018,Upper Delivery,Delivery,pitch.1,702850,-0.0739,-0.012,0.0597,0.0357,0.1559,-0.9686,0.0,0.0
1779744291278,2,Pitching Mound.Delivery,,Delivery,pitch.1,701215,-1.9939,-3.3341,83.1964,32.3851,78.4457,7.2164,-0.0895,0.3442
1779744291278,2,Pitching Mound.Delivery,,Delivery,pitch.1,701216,-1.9004,-3.315,83.0082,32.3749,77.9729,7.2698,-0.0892,0.3443
1779744291278,2,Pitching Mound.Drive,,Delivery,pitch.1,702084,0.063,-0.2437,0.6501,0.0539,-0.7131,-0.6768,0.0,0.0
1779744291278,2,Pitching Mound.Parent,,Delivery,pitch.1,700539,-1.93,-3.5766,83.8593,32.4337,77.7767,6.5627,-0.0888,0.3415
1779744291278,2,Pitching Mound.Parent,,Delivery,pitch.1,700540,-1.8375,-3.5587,83.6583,32.4288,77.2598,6.593,-0.0885,0.3416
1779744291279,2,11.0000004b,Drive,Delivery,pitch.1,702085,0.0616,-0.2421,0.6318,0.0579,-0.7483,-0.6929,0.0,0.0
1779744291279,2,12.00000015,Lower Delivery,Delivery,pitch.1,702164,-1.7571,-3.2813,82.7748,4.2164,77.7999,7.6948,-0.0894,0.0048
1779744291279,2,12.00000018,Upper Delivery,Delivery,pitch.1,702851,-0.0766,-0.0106,0.0558,0.0403,0.1629,-1.0044,0.0,0.0
1779744291279,2,Pitching Mound.Delivery,,Delivery,pitch.1,701217,-1.8337,-3.2919,82.8306,32.3811,77.9628,7.2617,-0.0894,0.3444
1779744291279,2,Pitching Mound.Drive,,Delivery,pitch.1,702085,0.0616,-0.2421,0.6318,0.0579,-0.7483,-0.6929,0.0,0.0
1779744291279,2,Pitching Mound.Parent,,Delivery,pitch.1,700541,-1.7722,-3.534,83.4624,32.439,77.2144,6.5688,-0.0887,0.3418
1779744291280,2,11.0000004b,Drive,Delivery,pitch.1,702086,0.055,-0.2464,0.657,0.0458,-0.6488,-0.6724,0.0,0.0
1779744291280,2,12.00000015,Lower Delivery,Delivery,pitch.1,702165,-1.6593,-3.2848,82.6769,4.1648,77.236,7.7745,-0.0889,0.0048
1779744291280,2,Pitching Mound.Drive,,Delivery,pitch.1,702086,0.055,-0.2464,0.657,0.0458,-0.6488,-0.6724,0.0,0.0
1779744291281,2,11.0000004b,Drive,Delivery,pitch.1,702087,0.05,-0.2605,0.7005,0.0552,-0.7112,-0.6745,0.0,0.0
1779744291281,2,12.00000015,Lower Delivery,Delivery,pitch.1,702166,-1.5733,-3.2613,82.6842,4.6262,77.759,7.8189,-0.0895,0.0053
1779744291281,2,12.00000018,Upper Delivery,Delivery,pitch.1,702852,-0.081,-0.0141,0.0773,0.0461,0.1716,-1.0496,0.0,0.0
1779744291281,2,Pitching Mound.Delivery,,Delivery,pitch.1,701218,-1.7402,-3.2989,82.7543,32.2947,77.4076,7.2615,-0.0888,0.3442
1779744291281,2,Pitching Mound.Drive,,Delivery,pitch.1,702087,0.05,-0.2605,0.7005,0.0552,-0.7112,-0.6745,0.0,0.0
1779744291281,2,Pitching Mound.Parent,,Delivery,pitch.1,700542,-1.6852,-3.5453,83.4112,32.3406,76.7588,6.5891,-0.0881,0.3414
1779744291282,2,11.0000004b,Drive,Delivery,pitch.1,702088,0.042,-0.2491,0.6234,0.0351,-0.5442,-0.6716,0.0,0.0
1779744291282,2,12.00000015,Lower Delivery,Delivery,pitch.1,702167,-1.5071,-3.2586,82.424,4.4388,76.8965,7.8567,-0.0887,0.0051
1779744291282,2,12.00000018,Upper Delivery,Delivery,pitch.1,702854,-0.1141,-0.0325,0.1138,0.0485,0.1752,-1.0685,0.0,0.0
1779744291282,2,12.00000018,Upper Delivery,Delivery,pitch.1,702853,-0.0904,-0.0184,0.1056,0.0518,0.1801,-1.0942,0.0,0.0
1779744291282,2,Pitching Mound.Delivery,,Delivery,pitch.1,701220,-1.6212,-3.2911,82.5378,32.4728,77.0717,7.2619,-0.0886,0.3442
1779744291282,2,Pitching Mound.Delivery,,Delivery,pitch.1,701219,-1.6637,-3.2797,82.7899,32.7548,77.9391,7.2288,-0.0893,0.3444
1779744291282,2,Pitching Mound.Drive,,Delivery,pitch.1,702088,0.042,-0.2491,0.6234,0.0351,-0.5442,-0.6716,0.0,0.0
1779744291282,2,Pitching Mound.Parent,,Delivery,pitch.1,700544,-1.5792,-3.5402,83.1612,32.5078,76.5275,6.5903,-0.088,0.3416
1779744291282,2,Pitching Mound.Parent,,Delivery,pitch.1,700543,-1.6137,-3.5402,83.4904,32.81,77.2279,6.5544,-0.0886,0.3416
1779744291283,2,12.00000015,Lower Delivery,Delivery,pitch.1,702168,-1.4384,-3.2714,82.2555,4.5099,76.3467,7.9419,-0.0883,0.0052
1779744291284,2,11.0000004b,Drive,Delivery,pitch.1,702090,0.0333,-0.2641,0.6817,0.0467,-0.5913,-0.6543,0.0,0.0
1779744291284,2,11.0000004b,Drive,Delivery,pitch.1,702089,0.035,-0.2556,0.6521,0.0392,-0.5521,-0.6743,0.0,0.0
1779744291284,2,12.00000018,Upper Delivery,Delivery,pitch.1,702855,-0.1222,-0.0354,0.1236,0.0395,0.1617,-0.9985,0.0,0.0
1779744291284,2,Pitching Mound.Delivery,,Delivery,pitch.1,701221,-1.5605,-3.3068,82.3791,32.4743,76.5084,7.3909,-0.0882,0.3442
1779744291284,2,Pitching Mound.Drive,,Delivery,pitch.1,702090,0.0333,-0.2641,0.6817,0.0467,-0.5913,-0.6543,0.0,0.0
1779744291284,2,Pitching Mound.Drive,,Delivery,pitch.1,702089,0.035,-0.2556,0.6521,0.0392,-0.5521,-0.6743,0.0,0.0
1779744291284,2,Pitching Mound.Parent,,Delivery,pitch.1,700545,-1.5255,-3.5623,83.0312,32.5134,75.9563,6.7166,-0.0875,0.3415
1779744291285,2,11.0000004b,Drive,Delivery,pitch.1,702091,0.0198,-0.2675,0.7829,0.0188,-0.4045,-0.6925,0.0,0.0
1779744291285,2,12.00000015,Lower Delivery,Delivery,pitch.1,702169,-1.3497,-3.2753,82.1872,4.5804,75.812,8.003,-0.0878,0.0053
1779744291285,2,12.00000018,Upper Delivery,Delivery,pitch.1,702856,-0.0919,-0.0233,0.0904,0.0351,0.155,-0.9638,0.0,0.0
1779744291285,2,Pitching Mound.Delivery,,Delivery,pitch.1,701222,-1.4416,-3.2986,82.2775,32.5284,75.9671,7.4669,-0.0877,0.3445
1779744291285,2,Pitching Mound.Drive,,Delivery,pitch.1,702091,0.0198,-0.2675,0.7829,0.0188,-0.4045,-0.6925,0.0,0.0
1779744291285,2,Pitching Mound.Parent,,Delivery,pitch.1,700546,-1.4083,-3.5627,82.9593,32.5751,75.3758,6.8126,-0.0869,0.3417
1779744291286,2,12.00000015,Lower Delivery,Delivery,pitch.1,702170,-1.2997,-3.2872,81.7404,4.4462,75.1967,8.0932,-0.0875,0.0052
1779744291286,2,12.00000018,Upper Delivery,Delivery,pitch.1,702857,-0.1159,-0.0314,0.1162,0.0273,0.1434,-0.9033,0.0,0.0
1779744291286,2,12.00000018,Upper Delivery,Delivery,pitch.1,702858,-0.0955,-0.0254,0.0903,0.0256,0.1408,-0.8898,0.0,0.0
1779744291286,2,Pitching Mound.Delivery,,Delivery,pitch.1,701223,-1.4155,-3.3186,81.8566,32.2258,75.3401,7.5924,-0.0874,0.3442
1779744291286,2,Pitching Mound.Parent,,Delivery,pitch.1,700547,-1.3958,-3.5861,82.6394,32.2445,74.9356,6.9,-0.0866,0.3409
1779744291287,2,11.0000004b,Drive,Delivery,pitch.1,702092,0.0273,-0.275,0.7739,0.0562,-0.6553,-0.6971,0.0,0.0
1779744291287,2,11.0000004b,Drive,Delivery,pitch.1,702093,0.0213,-0.2734,0.8,0.0428,-0.5578,-0.6848,0.0,0.0
1779744291287,2,12.00000015,Lower Delivery,Delivery,pitch.1,702171,-1.2618,-3.2812,81.4226,4.0576,74.4642,8.1825,-0.087,0.0047
1779744291287,2,Pitching Mound.Delivery,,Delivery,pitch.1,701224,-1.3573,-3.3066,81.5129,31.7362,74.6049,7.6892,-0.0869,0.344
1779744291287,2,Pitching Mound.Drive,,Delivery,pitch.1,702092,0.0273,-0.275,0.7739,0.0562,-0.6553,-0.6971,0.0,0.0
1779744291287,2,Pitching Mound.Drive,,Delivery,pitch.1,702093,0.0213,-0.2734,0.8,0.0428,-0.5578,-0.6848,0.0,0.0
1779744291287,2,Pitching Mound.Parent,,Delivery,pitch.1,700548,-1.33,-3.5816,82.2868,31.7924,73.9497,6.9921,-0.0861,0.3407
1779744291288,2,12.00000015,Lower Delivery,Delivery,pitch.1,702172,-1.2081,-3.2948,81.165,3.9835,74.0814,8.2406,-0.0868,0.0047
1779744291288,2,12.00000018,Upper Delivery,Delivery,pitch.1,702859,-0.0986,-0.0352,0.0833,0.0224,0.136,-0.8651,0.0,0.0
1779744291288,2,Pitching Mound.Delivery,,Delivery,pitch.1,701225,-1.3067,-3.33,81.2483,31.5737,74.2174,7.7527,-0.0867,0.344
1779744291288,2,Pitching Mound.Parent,,Delivery,pitch.1,700549,-1.2854,-3.6034,82.0483,31.6165,73.6596,7.0679,-0.0859,0.3406
1779744291289,2,11.0000004b,Drive,Delivery,pitch.1,702094,0.0235,-0.2734,0.7857,0.0451,-0.5629,-0.6645,0.0,0.0
1779744291289,2,12.00000015,Lower Delivery,Delivery,pitch.1,702173,-1.1408,-3.3179,80.7737,3.9027,73.5412,8.3168,-0.0866,0.0046
1779744291289,2,12.00000015,Lower Delivery,Delivery,pitch.1,702174,-1.094,-3.3381,80.845,4.1065,73.5415,8.3884,-0.0865,0.0048
1779744291289,2,12.00000018,Upper Delivery,Delivery,pitch.1,702860,-0.156,-0.0541,0.1342,0.0146,0.1243,-0.8042,0.0,0.0
1779744291289,2,Pitching Mound.Delivery,,Delivery,pitch.1,701226,-1.2968,-3.3721,80.9078,31.3348,73.6655,7.8474,-0.0865,0.3435
1779744291289,2,Pitching Mound.Drive,,Delivery,pitch.1,702094,0.0235,-0.2734,0.7857,0.0451,-0.5629,-0.6645,0.0,0.0
1779744291289,2,Pitching Mound.Parent,,Delivery,pitch.1,700550,-1.2733,-3.6454,81.6935,31.3799,73.1027,7.1829,-0.0856,0.3402
1779744291290,2,11.0000004b,Drive,Delivery,pitch.1,702095,0.0189,-0.2713,0.8745,0.0249,-0.3985,-0.6334,0.0,0.0
1779744291290,2,12.00000018,Upper Delivery,Delivery,pitch.1,702861,-0.1574,-0.0624,0.1485,0.0201,0.1326,-0.8472,0.0,0.0
1779744291290,2,12.00000018,Upper Delivery,Delivery,pitch.1,702862,-0.1399,-0.058,0.1117,0.0167,0.1274,-0.8203,0.0,0.0
1779744291290,2,Pitching Mound.Delivery,,Delivery,pitch.1,701227,-1.2514,-3.4005,80.9935,31.5635,73.6741,7.8597,-0.0864,0.3436
1779744291290,2,Pitching Mound.Drive,,Delivery,pitch.1,702095,0.0189,-0.2713,0.8745,0.0249,-0.3985,-0.6334,0.0,0.0
1779744291290,2,Pitching Mound.Parent,,Delivery,pitch.1,700551,-1.2325,-3.6718,81.868,31.5883,73.2756,7.2263,-0.0855,0.3399
1779744291291,2,11.0000004b,Drive,Delivery,pitch.1,702096,0.019,-0.2785,0.9337,0.0176,-0.3522,-0.6236,0.0,0.0
1779744291291,2,12.00000015,Lower Delivery,Delivery,pitch.1,702175,-1.049,-3.3478,80.901,4.4815,73.5713,8.4216,-0.0865,0.0053
1779744291291,2,12.00000015,Lower Delivery,Delivery,pitch.1,702176,-0.9877,-3.3422,80.8153,4.3475,73.405,8.4612,-0.0864,0.0051
1779744291291,2,Pitching Mound.Delivery,,Delivery,pitch.1,701228,-1.1889,-3.4058,81.0128,31.9665,73.6987,7.9104,-0.0864,0.3443
1779744291291,2,Pitching Mound.Drive,,Delivery,pitch.1,702096,0.019,-0.2785,0.9337,0.0176,-0.3522,-0.6236,0.0,0.0
1779744291291,2,Pitching Mound.Parent,,Delivery,pitch.1,700552,-1.17,-3.6842,81.9465,31.9841,73.3464,7.2868,-0.0854,0.3404
1779744291292,2,11.0000004b,Drive,Delivery,pitch.1,702097,0.0183,-0.2834,0.9411,0.0308,-0.4532,-0.6304,0.0,0.0
1779744291292,2,12.00000015,Lower Delivery,Delivery,pitch.1,702177,-0.9324,-3.3646,80.7974,4.4695,73.2169,8.4418,-0.0862,0.0053
1779744291292,2,12.00000018,Upper Delivery,Delivery,pitch.1,702863,-0.1362,-0.0514,0.1202,0.0144,0.1239,-0.8024,0.0,0.0
1779744291292,2,12.00000018,Upper Delivery,Delivery,pitch.1,702864,-0.1302,-0.0507,0.109,0.0175,0.1286,-0.8268,0.0,0.0
1779744291292,2,Pitching Mound.Delivery,,Delivery,pitch.1,701229,-1.1239,-3.3936,80.9355,31.7982,73.529,7.9483,-0.0863,0.3441
1779744291292,2,Pitching Mound.Delivery,,Delivery,pitch.1,701230,-1.0626,-3.4153,80.9064,31.9211,73.3456,7.8877,-0.0861,0.3443
1779744291292,2,Pitching Mound.Drive,,Delivery,pitch.1,702097,0.0183,-0.2834,0.9411,0.0308,-0.4532,-0.6304,0.0,0.0
1779744291292,2,Pitching Mound.Parent,,Delivery,pitch.1,700553,-1.1056,-3.677,81.8767,31.8291,73.0758,7.3179,-0.0853,0.3401
1779744291293,2,11.0000004b,Drive,Delivery,pitch.1,702098,0.0164,-0.2772,0.913,0.023,-0.3898,-0.6489,0.0,0.0
1779744291293,2,12.00000015,Lower Delivery,Delivery,pitch.1,702178,-0.8862,-3.3777,80.8553,5.0054,73.4048,8.5093,-0.0864,0.0059
1779744291293,2,12.00000018,Upper Delivery,Delivery,pitch.1,702865,-0.132,-0.0514,0.1248,0.0302,0.1477,-0.9259,0.0,0.0
1779744291293,2,Pitching Mound.Delivery,,Delivery,pitch.1,701231,-1.0181,-3.4291,80.9801,32.484,73.5525,7.8398,-0.0862,0.3448
1779744291293,2,Pitching Mound.Drive,,Delivery,pitch.1,702098,0.0164,-0.2772,0.913,0.023,-0.3898,-0.6489,0.0,0.0
1779744291293,2,Pitching Mound.Parent,,Delivery,pitch.1,700554,-1.0462,-3.6925,81.8193,31.9442,72.9557,7.2388,-0.0851,0.3405
1779744291294,2,11.0000004b,Drive,Delivery,pitch.1,702099,0.0158,-0.2625,0.9201,0.0071,-0.2814,-0.6318,0.0,0.0
1779744291294,2,12.00000015,Lower Delivery,Delivery,pitch.1,702179,-0.8136,-3.3791,80.7332,5.1421,73.5618,8.4761,-0.0867,0.0061
1779744291294,2,12.00000018,Upper Delivery,Delivery,pitch.1,702866,-0.1491,-0.0546,0.1411,0.0409,0.1638,-1.0095,0.0,0.0
1779744291294,2,Pitching Mound.Delivery,,Delivery,pitch.1,701232,-0.9627,-3.4336,80.8743,32.5843,73.7256,7.6925,-0.0865,0.3449
1779744291294,2,Pitching Mound.Drive,,Delivery,pitch.1,702099,0.0158,-0.2625,0.9201,0.0071,-0.2814,-0.6318,0.0,0.0
1779744291294,2,Pitching Mound.Parent,,Delivery,pitch.1,700555,-1.0024,-3.6916,81.9002,32.491,73.2711,7.208,-0.0853,0.341
1779744291295,2,11.0000004b,Drive,Delivery,pitch.1,702100,0.0215,-0.2718,0.9842,0.0266,-0.4706,-0.6303,0.0,0.0
1779744291295,2,12.00000015,Lower Delivery,Delivery,pitch.1,702180,-0.7357,-3.3721,80.3819,4.8998,73.1628,8.5429,-0.0866,0.0058
1779744291295,2,12.00000018,Upper Delivery,Delivery,pitch.1,702867,-0.1001,-0.0381,0.0971,0.059,0.1909,-1.15,0.0,0.0
1779744291295,2,Pitching Mound.Delivery,,Delivery,pitch.1,701233,-0.8359,-3.4102,80.479,32.2556,73.3536,7.6089,-0.0865,0.345
1779744291295,2,Pitching Mound.Drive,,Delivery,pitch.1,702100,0.0215,-0.2718,0.9842,0.0266,-0.4706,-0.6303,0.0,0.0
1779744291295,2,Pitching Mound.Parent,,Delivery,pitch.1,700556,-0.9411,-3.7054,81.8585,32.6109,73.2551,7.0622,-0.0855,0.3407
1779744291296,2,11.0000004b,Drive,Delivery,pitch.1,702101,0.0209,-0.2786,0.8716,0.0221,-0.4445,-0.6246,0.0,0.0
1779744291296,2,12.00000018,Upper Delivery,Delivery,pitch.1,702868,-0.0816,-0.0197,0.0853,0.0634,0.1976,-1.1848,0.0,0.0
1779744291296,2,Pitching Mound.Drive,,Delivery,pitch.1,702101,0.0209,-0.2786,0.8716,0.0221,-0.4445,-0.6246,0.0,0.0
1779744291296,2,Pitching Mound.Parent,,Delivery,pitch.1,700557,-0.8149,-3.6888,81.3506,32.2777,72.9091,6.9844,-0.0856,0.3413
1779744291297,2,11.0000004b,Drive,Delivery,pitch.1,702102,0.026,-0.2748,0.8057,0.0232,-0.4477,-0.6212,0.0,0.0
1779744291297,2,12.00000015,Lower Delivery,Delivery,pitch.1,702181,-0.6629,-3.3547,80.3076,4.6895,72.9878,8.5086,-0.0865,0.0056
1779744291297,2,12.00000015,Lower Delivery,Delivery,pitch.1,702182,-0.5845,-3.3407,80.2015,4.7043,72.6984,8.5516,-0.0862,0.0056
1779744291297,2,12.00000018,Upper Delivery,Delivery,pitch.1,702869,-0.0716,-0.011,0.0782,0.076,0.2165,-1.2829,0.0,0.0
1779744291297,2,Pitching Mound.Delivery,,Delivery,pitch.1,701234,-0.7445,-3.3744,80.3929,32.0285,73.1854,7.5214,-0.0864,0.3448
1779744291297,2,Pitching Mound.Delivery,,Delivery,pitch.1,701235,-0.6561,-3.3516,80.2797,32.0222,72.9149,7.4431,-0.0861,0.3449
1779744291297,2,Pitching Mound.Drive,,Delivery,pitch.1,702102,0.026,-0.2748,0.8057,0.0232,-0.4477,-0.6212,0.0,0.0
1779744291297,2,Pitching Mound.Parent,,Delivery,pitch.1,700558,-0.7185,-3.6492,81.1985,32.0517,72.7377,6.9002,-0.0855,0.3414
1779744291298,2,11.0000004b,Drive,Delivery,pitch.1,702103,0.022,-0.2696,0.8441,0.0225,-0.4762,-0.666,0.0,0.0
1779744291298,2,12.00000015,Lower Delivery,Delivery,pitch.1,702183,-0.5115,-3.3094,80.2601,5.005,72.9786,8.5928,-0.0865,0.0059
1779744291298,2,12.00000018,Upper Delivery,Delivery,pitch.1,702870,-0.0712,-0.0065,0.0723,0.0795,0.2218,-1.3104,0.0,0.0
1779744291298,2,Pitching Mound.Delivery,,Delivery,pitch.1,701236,-0.5827,-3.3159,80.3324,32.3484,73.2004,7.4321,-0.0864,0.3453
1779744291298,2,Pitching Mound.Drive,,Delivery,pitch.1,702103,0.022,-0.2696,0.8441,0.0225,-0.4762,-0.666,0.0,0.0
1779744291298,2,Pitching Mound.Parent,,Delivery,pitch.1,700559,-0.6342,-3.6213,81.1238,32.0447,72.4388,6.7771,-0.0852,0.3413
1779744291299,2,11.0000004b,Drive,Delivery,pitch.1,702104,0.0253,-0.2768,0.8687,0.0306,-0.5388,-0.6573,0.0,0.0
1779744291299,2,12.00000015,Lower Delivery,Delivery,pitch.1,702184,-0.4442,-3.2784,80.1432,5.007,72.3934,8.6381,-0.0859,0.0059
1779744291299,2,12.00000018,Upper Delivery,Delivery,pitch.1,702871,-0.0684,-0.0066,0.0804,0.0885,0.2353,-1.3804,0.0,0.0
1779744291299,2,Pitching Mound.Delivery,,Delivery,pitch.1,701237,-0.5126,-3.2851,80.2236,32.3168,72.6287,7.3855,-0.0858,0.3453
1779744291299,2,Pitching Mound.Drive,,Delivery,pitch.1,702104,0.0253,-0.2768,0.8687,0.0306,-0.5388,-0.6573,0.0,0.0
1779744291299,2,Pitching Mound.Parent,,Delivery,pitch.1,700560,-0.5574,-3.5928,81.2011,32.379,72.6616,6.7748,-0.0855,0.3416
1779744291300,2,11.0000004b,Drive,Delivery,pitch.1,702105,0.0221,-0.2639,0.832,0.0273,-0.5521,-0.7241,0.0,0.0
1779744291300,2,12.00000015,Lower Delivery,Delivery,pitch.1,702185,-0.3853,-3.2445,79.8551,4.7795,71.7828,8.6229,-0.0855,0.0057
1779744291300,2,12.00000018,Upper Delivery,Delivery,pitch.1,702872,-0.0713,-0.0118,0.0838,0.0879,0.2343,-1.3753,0.0,0.0
1779744291300,2,Pitching Mound.Delivery,,Delivery,pitch.1,701238,-0.4565,-3.2563,79.9389,31.9896,72.0171,7.3544,-0.0854,0.345
1779744291300,2,Pitching Mound.Drive,,Delivery,pitch.1,702105,0.0221,-0.2639,0.832,0.0273,-0.5521,-0.7241,0.0,0.0
1779744291300,2,Pitching Mound.Parent,,Delivery,pitch.1,700561,-0.4905,-3.549,81.0556,32.3441,72.0766,6.6614,-0.085,0.3417
1779744291301,2,11.0000004b,Drive,Delivery,pitch.1,702106,0.0353,-0.2513,0.7099,0.0384,-0.6483,-0.7429,0.0,0.0
1779744291301,2,12.00000015,Lower Delivery,Delivery,pitch.1,702186,-0.3038,-3.2065,79.3564,4.1877,71.137,8.6903,-0.0853,0.005
1779744291301,2,12.00000018,Upper Delivery,Delivery,pitch.1,702873,-0.0681,-0.0077,0.0904,0.0936,0.2429,-1.4203,0.0,0.0
1779744291301,2,Pitching Mound.Delivery,,Delivery,pitch.1,701239,-0.3719,-3.2142,79.4467,31.2317,71.3799,7.3502,-0.0852,0.3442
1779744291301,2,Pitching Mound.Drive,,Delivery,pitch.1,702106,0.0353,-0.2513,0.7099,0.0384,-0.6483,-0.7429,0.0,0.0
1779744291301,2,Pitching Mound.Parent,,Delivery,pitch.1,700562,-0.4212,-3.5077,80.6488,32.0281,71.3688,6.6114,-0.0847,0.3419
1779744291302,2,11.0000004b,Drive,Delivery,pitch.1,702107,0.039,-0.2467,0.6512,0.0352,-0.5987,-0.7023,0.0,0.0
1779744291302,2,12.00000015,Lower Delivery,Delivery,pitch.1,702187,-0.2429,-3.1879,78.8287,4.1369,70.479,8.7432,-0.0851,0.005
1779744291302,2,12.00000018,Upper Delivery,Delivery,pitch.1,702874,-0.0665,-0.006,0.0865,0.0891,0.2362,-1.385,0.0,0.0
1779744291302,2,Pitching Mound.Delivery,,Delivery,pitch.1,701240,-0.3094,-3.194,78.9152,30.9984,70.7151,7.4181,-0.085,0.3442
1779744291302,2,Pitching Mound.Drive,,Delivery,pitch.1,702107,0.039,-0.2467,0.6512,0.0352,-0.5987,-0.7023,0.0,0.0
1779744291302,2,Pitching Mound.Parent,,Delivery,pitch.1,700563,-0.3329,-3.4609,80.0979,31.2669,70.7812,6.6479,-0.0845,0.3414
1779744291303,2,11.0000004b,Drive,Delivery,pitch.1,702108,0.0455,-0.2436,0.658,0.0493,-0.7221,-0.7204,0.0,0.0
1779744291303,2,12.00000015,Lower Delivery,Delivery,pitch.1,702188,-0.1764,-3.1491,78.743,4.909,70.67,8.823,-0.0854,0.0059
1779744291303,2,12.00000018,Upper Delivery,Delivery,pitch.1,702875,-0.0641,-0.0033,0.0844,0.0862,0.2317,-1.3621,0.0,0.0
1779744291303,2,Pitching Mound.Delivery,,Delivery,pitch.1,701241,-0.2406,-3.1523,78.8274,31.7391,70.9017,7.4991,-0.0853,0.3452
1779744291303,2,Pitching Mound.Drive,,Delivery,pitch.1,702108,0.0455,-0.2436,0.658,0.0493,-0.7221,-0.7204,0.0,0.0
1779744291303,2,Pitching Mound.Parent,,Delivery,pitch.1,700564,-0.2639,-3.4376,79.5732,31.0477,69.993,6.6977,-0.0843,0.3414
1779744291304,2,11.0000004b,Drive,Delivery,pitch.1,702110,0.0442,-0.2611,0.721,0.0581,-0.7941,-0.7511,0.0,0.0
1779744291304,2,11.0000004b,Drive,Delivery,pitch.1,702109,0.0354,-0.2633,0.763,0.0589,-0.8276,-0.7585,0.0,0.0
1779744291304,2,12.00000015,Lower Delivery,Delivery,pitch.1,702189,-0.0863,-3.1311,78.7313,5.8379,70.9418,8.8878,-0.0857,0.0071
1779744291304,2,12.00000018,Upper Delivery,Delivery,pitch.1,702876,-0.0653,-0.0095,0.084,0.0778,0.2191,-1.2966,0.0,0.0
1779744291304,2,Pitching Mound.Delivery,,Delivery,pitch.1,701242,-0.1516,-3.1407,78.8153,32.6557,71.1609,7.5983,-0.0856,0.3463
1779744291304,2,Pitching Mound.Drive,,Delivery,pitch.1,702110,0.0442,-0.2611,0.721,0.0581,-0.7941,-0.7511,0.0,0.0
1779744291304,2,Pitching Mound.Drive,,Delivery,pitch.1,702109,0.0354,-0.2633,0.763,0.0589,-0.8276,-0.7585,0.0,0.0
1779744291304,2,Pitching Mound.Parent,,Delivery,pitch.1,700565,-0.2052,-3.4156,79.5904,31.798,70.0741,6.7407,-0.0845,0.3419
1779744291304,2,Pitching Mound.Parent,,Delivery,pitch.1,700566,-0.1074,-3.4017,79.5363,32.7138,70.3668,6.8472,-0.0848,0.3432
1779744291305,2,11.0000004b,Drive,Delivery,pitch.1,702111,0.0397,-0.2652,0.7497,0.0677,-0.8103,-0.7456,0.0,0.0
1779744291305,2,12.00000015,Lower Delivery,Delivery,pitch.1,702190,-0.0291,-3.1057,78.4967,5.7063,70.6833,8.9513,-0.0857,0.0069
1779744291305,2,12.00000018,Upper Delivery,Delivery,pitch.1,702877,-0.0639,-0.0088,0.0918,0.0783,0.2199,-1.3008,0.0,0.0
1779744291305,2,Pitching Mound.Delivery,,Delivery,pitch.1,701243,-0.093,-3.1145,78.5886,32.4423,70.9032,7.6387,-0.0856,0.3461
1779744291305,2,Pitching Mound.Drive,,Delivery,pitch.1,702111,0.0397,-0.2652,0.7497,0.0677,-0.8103,-0.7456,0.0,0.0
1779744291305,2,Pitching Mound.Parent,,Delivery,pitch.1,700567,-0.0533,-3.3797,79.3383,32.51,70.0929,6.8931,-0.0848,0.3428
1779744291306,2,11.0000004b,Drive,Delivery,pitch.1,702112,0.0363,-0.2578,0.7841,0.0812,-0.7888,-0.7602,0.0,0.0
1779744291306,2,12.00000015,Lower Delivery,Delivery,pitch.1,702191,0.0435,-3.0965,79.108,6.5308,71.2938,8.9931,-0.0857,0.0079
1779744291306,2,12.00000018,Upper Delivery,Delivery,pitch.1,702878,-0.0679,-0.0131,0.0881,0.0667,0.2026,-1.2107,0.0,0.0
1779744291306,2,Pitching Mound.Delivery,,Delivery,pitch.1,701244,-0.0244,-3.1096,79.1961,33.4643,71.4964,7.7445,-0.0856,0.3471
1779744291306,2,Pitching Mound.Drive,,Delivery,pitch.1,702112,0.0363,-0.2578,0.7841,0.0812,-0.7888,-0.7602,0.0,0.0
1779744291306,2,Pitching Mound.Parent,,Delivery,pitch.1,700568,0.0118,-3.3674,79.9802,33.5455,70.7075,6.9842,-0.0848,0.3437
1779744291307,2,11.0000004b,Drive,Delivery,pitch.1,702113,0.0379,-0.2652,0.8783,0.0831,-0.8061,-0.7549,0.0,0.0
1779744291307,2,12.00000015,Lower Delivery,Delivery,pitch.1,702192,0.1211,-3.107,78.8146,7.0383,71.2859,9.0559,-0.086,0.0085
1779744291307,2,12.00000018,Upper Delivery,Delivery,pitch.1,702879,-0.0713,-0.0191,0.0896,0.0739,0.2133,-1.2665,0.0,0.0
1779744291307,2,Pitching Mound.Delivery,,Delivery,pitch.1,701245,0.0497,-3.1261,78.9042,33.8787,71.4993,7.724,-0.0859,0.3477
1779744291307,2,Pitching Mound.Drive,,Delivery,pitch.1,702113,0.0379,-0.2652,0.8783,0.0831,-0.8061,-0.7549,0.0,0.0
1779744291307,2,Pitching Mound.Parent,,Delivery,pitch.1,700569,0.0876,-3.3913,79.7825,33.9618,70.6932,6.9691,-0.085,0.3439
1779744291308,2,11.0000004b,Drive,Delivery,pitch.1,702114,0.0387,-0.2544,0.951,0.0684,-0.7148,-0.711,0.0,0.0
1779744291308,2,12.00000015,Lower Delivery,Delivery,pitch.1,702193,0.1688,-3.1024,78.7451,6.7053,71.2277,9.0801,-0.086,0.0081
1779744291308,2,12.00000018,Upper Delivery,Delivery,pitch.1,702880,-0.0722,-0.022,0.0947,0.0724,0.2111,-1.2548,0.0,0.0
1779744291308,2,Pitching Mound.Delivery,,Delivery,pitch.1,701246,0.0966,-3.1244,78.8397,33.5188,71.4388,7.7433,-0.0859,0.3473
1779744291308,2,Pitching Mound.Drive,,Delivery,pitch.1,702114,0.0387,-0.2544,0.951,0.0684,-0.7148,-0.711,0.0,0.0
1779744291308,2,Pitching Mound.Parent,,Delivery,pitch.1,700570,0.1352,-3.3788,79.7908,33.5872,70.724,7.0323,-0.0849,0.3431
1779744291309,2,11.0000004b,Drive,Delivery,pitch.1,702115,0.0409,-0.2478,1.0712,0.0617,-0.7371,-0.6745,0.0,0.0
1779744291309,2,12.00000015,Lower Delivery,Delivery,pitch.1,702194,0.2316,-3.1324,78.3376,6.3791,70.5704,9.1724,-0.0857,0.0077
1779744291309,2,12.00000018,Upper Delivery,Delivery,pitch.1,702881,-0.071,-0.0181,0.0835,0.0826,0.2264,-1.3343,0.0,0.0
1779744291309,2,Pitching Mound.Delivery,,Delivery,pitch.1,701247,0.1606,-3.1505,78.4212,33.068,70.7968,7.7352,-0.0856,0.347
1779744291309,2,Pitching Mound.Drive,,Delivery,pitch.1,702115,0.0409,-0.2478,1.0712,0.0617,-0.7371,-0.6745,0.0,0.0
1779744291309,2,Pitching Mound.Parent,,Delivery,pitch.1,700571,0.2015,-3.3983,79.4923,33.1297,70.0597,7.0607,-0.0845,0.3423
1779744291310,2,11.0000004b,Drive,Delivery,pitch.1,702116,0.0392,-0.2375,1.1234,0.0555,-0.7207,-0.6672,0.0,0.0
1779744291310,2,12.00000015,Lower Delivery,Delivery,pitch.1,702195,0.2839,-3.1474,78.3022,6.3716,71.0062,9.2536,-0.0863,0.0077
1779744291310,2,12.00000018,Upper Delivery,Delivery,pitch.1,702882,-0.0703,-0.0186,0.0921,0.0874,0.2336,-1.3716,0.0,0.0
1779744291310,2,Pitching Mound.Delivery,,Delivery,pitch.1,701248,0.2136,-3.166,78.3943,33.0504,71.2398,7.7616,-0.0862,0.3469
1779744291310,2,Pitching Mound.Drive,,Delivery,pitch.1,702116,0.0392,-0.2375,1.1234,0.0555,-0.7207,-0.6672,0.0,0.0
1779744291310,2,Pitching Mound.Parent,,Delivery,pitch.1,700572,0.2528,-3.4035,79.5177,33.1059,70.5191,7.0943,-0.0849,0.342
1779744291311,2,11.0000004b,Drive,Delivery,pitch.1,702117,0.0439,-0.2556,1.1007,0.0687,-0.8123,-0.6373,0.0,0.0
1779744291311,2,12.00000015,Lower Delivery,Delivery,pitch.1,702196,0.336,-3.1775,78.6928,7.0549,71.7031,9.3157,-0.0867,0.0085
1779744291311,2,12.00000018,Upper Delivery,Delivery,pitch.1,702883,-0.0733,-0.0179,0.0842,0.0803,0.2229,-1.3161,0.0,0.0
1779744291311,2,Pitching Mound.Delivery,,Delivery,pitch.1,701249,0.2627,-3.1954,78.777,33.8621,71.926,7.8604,-0.0866,0.3478
1779744291311,2,Pitching Mound.Drive,,Delivery,pitch.1,702117,0.0439,-0.2556,1.1007,0.0687,-0.8123,-0.6373,0.0,0.0
1779744291311,2,Pitching Mound.Parent,,Delivery,pitch.1,700573,0.3066,-3.451,79.8777,33.9308,71.1138,7.2232,-0.0854,0.343
1779744291312,2,11.0000004b,Drive,Delivery,pitch.1,702118,0.0448,-0.2616,1.0838,0.0827,-0.8363,-0.6615,0.0,0.0
1779744291312,2,12.00000015,Lower Delivery,Delivery,pitch.1,702197,0.3675,-3.2001,78.4541,6.8211,71.481,9.3806,-0.0867,0.0083
1779744291312,2,12.00000018,Upper Delivery,Delivery,pitch.1,702884,-0.0749,-0.0142,0.0611,0.079,0.2209,-1.3059,0.0,0.0
1779744291312,2,Pitching Mound.Delivery,,Delivery,pitch.1,701250,0.2926,-3.2143,78.5152,33.5537,71.7019,7.9243,-0.0866,0.3477
1779744291312,2,Pitching Mound.Drive,,Delivery,pitch.1,702118,0.0448,-0.2616,1.0838,0.0827,-0.8363,-0.6615,0.0,0.0
1779744291312,2,Pitching Mound.Parent,,Delivery,pitch.1,700574,0.3374,-3.4758,79.599,33.6364,70.8657,7.2628,-0.0854,0.343
1779744291313,2,11.0000004b,Drive,Delivery,pitch.1,702119,0.0384,-0.2552,1.101,0.0851,-0.8639,-0.6744,0.0,0.0
1779744291313,2,12.00000015,Lower Delivery,Delivery,pitch.1,702198,0.4075,-3.2163,78.9122,6.6847,71.8475,9.4233,-0.0866,0.0081
1779744291313,2,12.00000018,Upper Delivery,Delivery,pitch.1,702885,-0.0819,-0.0185,0.0739,0.0821,0.2256,-1.3304,0.0,0.0
1779744291313,2,Pitching Mound.Delivery,,Delivery,pitch.1,701251,0.3256,-3.2348,78.9861,33.5718,72.0731,7.9265,-0.0865,0.3474
1779744291313,2,Pitching Mound.Drive,,Delivery,pitch.1,702119,0.0384,-0.2552,1.101,0.0851,-0.8639,-0.6744,0.0,0.0
1779744291313,2,Pitching Mound.Parent,,Delivery,pitch.1,700575,0.3639,-3.49,80.0872,33.6569,71.2092,7.2521,-0.0853,0.3426
1779744291314,2,11.0000004b,Drive,Delivery,pitch.1,702120,0.0406,-0.2546,1.0534,0.073,-0.8143,-0.6439,0.0,0.0
1779744291314,2,12.00000015,Lower Delivery,Delivery,pitch.1,702199,0.4376,-3.2496,78.8102,6.2403,71.4162,9.4682,-0.0862,0.0075
1779744291314,2,12.00000018,Upper Delivery,Delivery,pitch.1,702886,-0.0951,-0.0286,0.084,0.0851,0.2302,-1.3542,0.0,0.0
1779744291314,2,Pitching Mound.Delivery,,Delivery,pitch.1,701252,0.3425,-3.2783,78.8942,33.0923,71.6464,7.9329,-0.0861,0.3468
1779744291314,2,Pitching Mound.Drive,,Delivery,pitch.1,702120,0.0406,-0.2546,1.0534,0.073,-0.8143,-0.6439,0.0,0.0
1779744291314,2,Pitching Mound.Parent,,Delivery,pitch.1,700576,0.3831,-3.5329,79.9476,33.1653,70.8321,7.289,-0.085,0.3422
1779744291315,2,11.0000004b,Drive,Delivery,pitch.1,702121,0.0375,-0.26,0.9455,0.0804,-0.8402,-0.6798,0.0,0.0
1779744291315,2,12.00000015,Lower Delivery,Delivery,pitch.1,702200,0.4321,-3.2892,78.7198,5.7541,70.9134,9.5191,-0.0857,0.007
1779744291315,2,12.00000018,Upper Delivery,Delivery,pitch.1,702887,-0.0792,-0.0172,0.0606,0.076,0.2166,-1.2833,0.0,0.0
1779744291315,2,Pitching Mound.Delivery,,Delivery,pitch.1,701253,0.3529,-3.3063,78.7804,32.5743,71.1299,8.0621,-0.0856,0.3464
1779744291315,2,Pitching Mound.Drive,,Delivery,pitch.1,702121,0.0375,-0.26,0.9455,0.0804,-0.8402,-0.6798,0.0,0.0
1779744291315,2,Pitching Mound.Parent,,Delivery,pitch.1,700577,0.3904,-3.5663,79.7259,32.6547,70.2898,7.3823,-0.0846,0.3423
1779744291316,2,11.0000004b,Drive,Delivery,pitch.1,702122,0.041,-0.2677,0.7938,0.0812,-0.829,-0.6909,0.0,0.0
1779744291316,2,12.00000015,Lower Delivery,Delivery,pitch.1,702201,0.4639,-3.3167,78.8801,5.5582,71.0262,9.5543,-0.0857,0.0067
1779744291316,2,12.00000018,Upper Delivery,Delivery,pitch.1,702888,-0.0791,-0.0186,0.0541,0.0855,0.2307,-1.3567,0.0,0.0
1779744291316,2,Pitching Mound.Delivery,,Delivery,pitch.1,701254,0.3848,-3.3354,78.9342,32.4446,71.2569,8.013,-0.0856,0.3462
1779744291316,2,Pitching Mound.Drive,,Delivery,pitch.1,702122,0.041,-0.2677,0.7938,0.0812,-0.829,-0.6909,0.0,0.0
1779744291316,2,Pitching Mound.Parent,,Delivery,pitch.1,700578,0.4258,-3.603,79.728,32.5258,70.428,7.3222,-0.0847,0.3428
1779744291317,2,11.0000004b,Drive,Delivery,pitch.1,702123,0.0465,-0.2599,0.7379,0.0871,-0.8346,-0.7167,0.0,0.0
1779744291317,2,12.00000015,Lower Delivery,Delivery,pitch.1,702202,0.4936,-3.3219,78.5087,5.1365,71.11,9.6386,-0.0862,0.0062
1779744291317,2,12.00000018,Upper Delivery,Delivery,pitch.1,702889,-0.0802,-0.0228,0.0436,0.0784,0.2201,-1.3017,0.0,0.0
1779744291317,2,Pitching Mound.Delivery,,Delivery,pitch.1,701255,0.4134,-3.3446,78.5523,31.893,71.3301,8.1418,-0.0861,0.3458
1779744291317,2,Pitching Mound.Drive,,Delivery,pitch.1,702123,0.0465,-0.2599,0.7379,0.0871,-0.8346,-0.7167,0.0,0.0
1779744291317,2,Pitching Mound.Parent,,Delivery,pitch.1,700579,0.4599,-3.6045,79.2902,31.9801,70.4955,7.4251,-0.0853,0.3426
1779744291318,2,11.0000004b,Drive,Delivery,pitch.1,702124,0.0399,-0.2838,0.8212,0.0968,-0.7691,-0.7285,0.0,0.0
1779744291318,2,12.00000015,Lower Delivery,Delivery,pitch.1,702203,0.5178,-3.3454,78.7671,4.8174,71.3447,9.6917,-0.0862,0.0058
1779744291318,2,12.00000018,Upper Delivery,Delivery,pitch.1,702890,-0.078,-0.021,0.0466,0.0786,0.2204,-1.3034,0.0,0.0
1779744291318,2,Pitching Mound.Delivery,,Delivery,pitch.1,701256,0.4398,-3.3664,78.8137,31.6609,71.5651,8.1857,-0.0861,0.3454
1779744291318,2,Pitching Mound.Drive,,Delivery,pitch.1,702124,0.0399,-0.2838,0.8212,0.0968,-0.7691,-0.7285,0.0,0.0
1779744291318,2,Pitching Mound.Parent,,Delivery,pitch.1,700580,0.4797,-3.6502,79.635,31.7577,70.7961,7.4572,-0.0852,0.3419
1779744291319,2,11.0000004b,Drive,Delivery,pitch.1,702125,0.0443,-0.2644,0.7266,0.0952,-0.79,-0.7333,0.0,0.0
1779744291319,2,12.00000015,Lower Delivery,Delivery,pitch.1,702204,0.5558,-3.3574,78.9466,4.8587,71.5844,9.7398,-0.0863,0.0059
1779744291319,2,12.00000018,Upper Delivery,Delivery,pitch.1,702891,-0.0783,-0.0229,0.0262,0.0729,0.2118,-1.2585,0.0,0.0
1779744291319,2,Pitching Mound.Delivery,,Delivery,pitch.1,701257,0.4776,-3.3803,78.9728,31.7645,71.7962,8.2657,-0.0862,0.3456
1779744291319,2,Pitching Mound.Drive,,Delivery,pitch.1,702125,0.0443,-0.2644,0.7266,0.0952,-0.79,-0.7333,0.0,0.0
1779744291319,2,Pitching Mound.Parent,,Delivery,pitch.1,700581,0.5219,-3.6447,79.6994,31.8597,71.0063,7.5324,-0.0854,0.3425
1779744291320,2,11.0000004b,Drive,Delivery,pitch.1,702126,0.0402,-0.2675,0.6718,0.1096,-0.8233,-0.7557,0.0,0.0
1779744291320,2,12.00000015,Lower Delivery,Delivery,pitch.1,702205,0.5851,-3.3705,79.0736,4.4866,71.733,9.7748,-0.0863,0.0054
1779744291320,2,12.00000018,Upper Delivery,Delivery,pitch.1,702892,-0.0773,-0.0227,0.0251,0.0778,0.2192,-1.2971,0.0,0.0
1779744291320,2,Pitching Mound.Delivery,,Delivery,pitch.1,701258,0.5078,-3.3932,79.0988,31.4409,71.9522,8.2525,-0.0863,0.3452
1779744291320,2,Pitching Mound.Drive,,Delivery,pitch.1,702126,0.0402,-0.2675,0.6718,0.1096,-0.8233,-0.7557,0.0,0.0
1779744291320,2,Pitching Mound.Parent,,Delivery,pitch.1,700582,0.548,-3.6607,79.7706,31.5504,71.1289,7.4968,-0.0855,0.3423
1779744291321,2,11.0000004b,Drive,Delivery,pitch.1,702127,0.0558,-0.2659,0.6729,0.1151,-0.8039,-0.7349,0.0,0.0
1779744291321,2,12.00000015,Lower Delivery,Delivery,pitch.1,702206,0.6219,-3.3606,79.5873,4.3144,71.7554,9.834,-0.0858,0.0052
1779744291321,2,12.00000018,Upper Delivery,Delivery,pitch.1,702893,-0.075,-0.0168,0.0204,0.0707,0.2085,-1.2413,0.0,0.0
1779744291321,2,Pitching Mound.Delivery,,Delivery,pitch.1,701259,0.5469,-3.3774,79.6077,31.4378,71.9638,8.3558,-0.0857,0.345
1779744291321,2,Pitching Mound.Drive,,Delivery,pitch.1,702127,0.0558,-0.2659,0.6729,0.1151,-0.8039,-0.7349,0.0,0.0
1779744291321,2,Pitching Mound.Parent,,Delivery,pitch.1,700583,0.6027,-3.6433,80.2805,31.5529,71.1599,7.6208,-0.085,0.3421
1779744291322,2,11.0000004b,Drive,Delivery,pitch.1,702128,0.0551,-0.2619,0.6368,0.1046,-0.7534,-0.7412,0.0,0.0
1779744291322,2,12.00000015,Lower Delivery,Delivery,pitch.1,702207,0.6615,-3.3362,79.5385,4.1558,71.881,9.877,-0.086,0.005
1779744291322,2,12.00000018,Upper Delivery,Delivery,pitch.1,702894,-0.0725,-0.0094,0.0178,0.0733,0.2125,-1.2622,0.0,0.0
1779744291322,2,Pitching Mound.Delivery,,Delivery,pitch.1,701260,0.5891,-3.3456,79.5562,31.2662,72.0935,8.3652,-0.086,0.3448
1779744291322,2,Pitching Mound.Drive,,Delivery,pitch.1,702128,0.0551,-0.2619,0.6368,0.1046,-0.7534,-0.7412,0.0,0.0
1779744291322,2,Pitching Mound.Parent,,Delivery,pitch.1,700584,0.6441,-3.6075,80.1931,31.3708,71.3401,7.624,-0.0853,0.3421
1779744291323,2,11.0000004b,Drive,Delivery,pitch.1,702129,0.0504,-0.2625,0.6372,0.0737,-0.6926,-0.7097,0.0,0.0
1779744291323,2,12.00000015,Lower Delivery,Delivery,pitch.1,702208,0.7159,-3.3191,80.0198,3.9852,72.0175,9.9367,-0.0856,0.0047
1779744291323,2,12.00000018,Upper Delivery,Delivery,pitch.1,702895,-0.0736,-0.0103,0.0275,0.0766,0.2174,-1.2876,0.0,0.0
1779744291323,2,Pitching Mound.Delivery,,Delivery,pitch.1,701261,0.6423,-3.3293,80.0473,31.2591,72.2349,8.3807,-0.0856,0.3445
1779744291323,2,Pitching Mound.Drive,,Delivery,pitch.1,702129,0.0504,-0.2625,0.6372,0.0737,-0.6926,-0.7097,0.0,0.0
1779744291323,2,Pitching Mound.Parent,,Delivery,pitch.1,700585,0.6926,-3.5918,80.6845,31.3329,71.5423,7.671,-0.0849,0.3418
1779744291324,2,11.0000004b,Drive,Delivery,pitch.1,702130,0.0551,-0.2628,0.6686,0.086,-0.7112,-0.6966,0.0,0.0
1779744291324,2,12.00000015,Lower Delivery,Delivery,pitch.1,702209,0.7456,-3.3062,79.9034,4.0132,72.3185,9.9855,-0.0861,0.0048
1779744291324,2,12.00000018,Upper Delivery,Delivery,pitch.1,702896,-0.0734,-0.0128,0.0378,0.0768,0.2177,-1.2891,0.0,0.0
1779744291324,2,Pitching Mound.Delivery,,Delivery,pitch.1,701262,0.6722,-3.319,79.9412,31.2443,72.5362,8.4179,-0.0861,0.3445
1779744291324,2,Pitching Mound.Drive,,Delivery,pitch.1,702130,0.0551,-0.2628,0.6686,0.086,-0.7112,-0.6966,0.0,0.0
1779744291324,2,Pitching Mound.Parent,,Delivery,pitch.1,700586,0.7273,-3.5817,80.6098,31.3303,71.825,7.7214,-0.0853,0.3416
1779744291325,2,11.0000004b,Drive,Delivery,pitch.1,702131,0.0633,-0.2645,0.6754,0.0888,-0.7354,-0.7113,0.0,0.0
1779744291325,2,12.00000015,Lower Delivery,Delivery,pitch.1,702210,0.794,-3.273,79.9278,3.3658,72.4161,10.0279,-0.0862,0.004
1779744291325,2,12.00000018,Upper Delivery,Delivery,pitch.1,702897,-0.0721,-0.0075,0.0211,0.093,0.242,-1.4154,0.0,0.0
1779744291325,2,Pitching Mound.Delivery,,Delivery,pitch.1,701263,0.7218,-3.2806,79.9489,30.627,72.6581,8.3181,-0.0862,0.3438
1779744291325,2,Pitching Mound.Drive,,Delivery,pitch.1,702131,0.0633,-0.2645,0.6754,0.0888,-0.7354,-0.7113,0.0,0.0
1779744291325,2,Pitching Mound.Parent,,Delivery,pitch.1,700587,0.7851,-3.545,80.6244,30.7158,71.9227,7.6068,-0.0854,0.3409
1779744291326,2,11.0000004b,Drive,Delivery,pitch.1,702132,0.0623,-0.2518,0.6558,0.0622,-0.7286,-0.6593,0.0,0.0
1779744291326,2,12.00000015,Lower Delivery,Delivery,pitch.1,702211,0.8431,-3.2152,80.1315,3.4177,72.5572,10.0637,-0.0861,0.0041
1779744291326,2,12.00000018,Upper Delivery,Delivery,pitch.1,702898,-0.0734,-0.0055,0.0139,0.0952,0.2453,-1.4327,0.0,0.0
1779744291326,2,Pitching Mound.Delivery,,Delivery,pitch.1,701264,0.7697,-3.2207,80.1454,30.7529,72.8025,8.3194,-0.0861,0.3439
1779744291326,2,Pitching Mound.Drive,,Delivery,pitch.1,702132,0.0623,-0.2518,0.6558,0.0622,-0.7286,-0.6593,0.0,0.0
1779744291326,2,Pitching Mound.Parent,,Delivery,pitch.1,700588,0.832,-3.4725,80.8012,30.8151,72.0739,7.6601,-0.0854,0.3411
1779744291327,2,11.0000004b,Drive,Delivery,pitch.1,702133,0.0654,-0.2613,0.676,0.0726,-0.7492,-0.6751,0.0,0.0
1779744291327,2,12.00000015,Lower Delivery,Delivery,pitch.1,702212,0.8856,-3.1688,80.0592,3.0418,72.3424,10.0623,-0.086,0.0036
1779744291327,2,12.00000018,Upper Delivery,Delivery,pitch.1,702899,-0.0771,-0.0055,0.0123,0.1003,0.253,-1.4723,0.0,0.0
1779744291327,2,Pitching Mound.Delivery,,Delivery,pitch.1,701265,0.8085,-3.1744,80.0715,30.358,72.5954,8.2626,-0.0859,0.3435
1779744291327,2,Pitching Mound.Drive,,Delivery,pitch.1,702133,0.0654,-0.2613,0.676,0.0726,-0.7492,-0.6751,0.0,0.0
1779744291327,2,Pitching Mound.Parent,,Delivery,pitch.1,700589,0.8739,-3.4357,80.7474,30.4306,71.8462,7.5875,-0.0852,0.3406
1779744291328,2,11.0000004b,Drive,Delivery,pitch.1,702134,0.057,-0.2733,0.7431,0.0746,-0.7271,-0.6901,0.0,0.0
1779744291328,2,12.00000015,Lower Delivery,Delivery,pitch.1,702213,0.9201,-3.1379,80.2909,2.8361,72.1055,10.0277,-0.0854,0.0034
1779744291328,2,12.00000018,Upper Delivery,Delivery,pitch.1,702900,-0.0752,0.0022,-0.0023,0.1055,0.2608,-1.5128,0.0,0.0
1779744291328,2,Pitching Mound.Delivery,,Delivery,pitch.1,701266,0.8449,-3.1357,80.2886,30.2413,72.3663,8.1765,-0.0854,0.3434
1779744291328,2,Pitching Mound.Drive,,Delivery,pitch.1,702134,0.057,-0.2733,0.7431,0.0746,-0.7271,-0.6901,0.0,0.0
1779744291328,2,Pitching Mound.Parent,,Delivery,pitch.1,700590,0.9018,-3.409,81.0317,30.3159,71.6391,7.4864,-0.0846,0.3402
1779744291329,2,11.0000004b,Drive,Delivery,pitch.1,702135,0.0594,-0.2723,0.7471,0.0632,-0.6608,-0.6635,0.0,0.0
1779744291329,2,12.00000015,Lower Delivery,Delivery,pitch.1,702214,0.9419,-3.0912,80.3796,2.8142,71.8053,10.0497,-0.085,0.0033
1779744291329,2,12.00000018,Upper Delivery,Delivery,pitch.1,702901,-0.0763,0.0001,-0.0041,0.1081,0.2646,-1.5329,0.0,0.0
1779744291329,2,Pitching Mound.Delivery,,Delivery,pitch.1,701267,0.8656,-3.0911,80.3755,30.2527,72.0699,8.1706,-0.085,0.3434
1779744291329,2,Pitching Mound.Drive,,Delivery,pitch.1,702135,0.0594,-0.2723,0.7471,0.0632,-0.6608,-0.6635,0.0,0.0
1779744291329,2,Pitching Mound.Parent,,Delivery,pitch.1,700591,0.925,-3.3634,81.1226,30.3159,71.4092,7.5071,-0.0842,0.3402
1779744291330,2,11.0000004b,Drive,Delivery,pitch.1,702136,0.0502,-0.2768,0.7932,0.0708,-0.7026,-0.6897,0.0,0.0
1779744291330,2,12.00000015,Lower Delivery,Delivery,pitch.1,702215,0.9677,-3.0367,80.6692,2.7512,71.8,10.038,-0.0847,0.0032
1779744291330,2,12.00000018,Upper Delivery,Delivery,pitch.1,702902,-0.0752,0.004,-0.003,0.1082,0.2648,-1.5338,0.0,0.0
1779744291330,2,Pitching Mound.Delivery,,Delivery,pitch.1,701268,0.8924,-3.0326,80.6662,30.288,72.0648,8.1496,-0.0847,0.3433
1779744291330,2,Pitching Mound.Drive,,Delivery,pitch.1,702136,0.0502,-0.2768,0.7932,0.0708,-0.7026,-0.6897,0.0,0.0
1779744291330,2,Pitching Mound.Parent,,Delivery,pitch.1,700592,0.9427,-3.3094,81.4594,30.3588,71.3622,7.4598,-0.0838,0.3399
1779744291331,2,11.0000004b,Drive,Delivery,pitch.1,702137,0.0476,-0.2683,0.7899,0.0665,-0.709,-0.6763,0.0,0.0
1779744291331,2,12.00000015,Lower Delivery,Delivery,pitch.1,702216,0.9995,-2.9785,80.9381,3.1657,72.4317,10.0093,-0.0851,0.0037
1779744291331,2,12.00000018,Upper Delivery,Delivery,pitch.1,702903,-0.078,-0.0054,-0.0043,0.1054,0.2607,-1.5125,0.0,0.0
1779744291331,2,Pitching Mound.Delivery,,Delivery,pitch.1,701269,0.9216,-2.9839,80.9338,30.7915,72.6924,8.1304,-0.0851,0.3438
1779744291331,2,Pitching Mound.Drive,,Delivery,pitch.1,702137,0.0476,-0.2683,0.7899,0.0665,-0.709,-0.6763,0.0,0.0
1779744291331,2,Pitching Mound.Parent,,Delivery,pitch.1,700593,0.9692,-3.2523,81.7236,30.858,71.9834,7.4541,-0.0843,0.3404
1779744291332,2,11.0000004b,Drive,Delivery,pitch.1,702138,0.043,-0.2695,0.7831,0.0501,-0.689,-0.6795,0.0,0.0
1779744291332,2,12.00000015,Lower Delivery,Delivery,pitch.1,702217,1.0554,-2.9265,80.9908,3.0791,72.5962,9.967,-0.0853,0.0036
1779744291332,2,12.00000018,Upper Delivery,Delivery,pitch.1,702904,-0.0801,-0.0109,-0.0054,0.1166,0.2774,-1.5994,0.0,0.0
1779744291332,2,Pitching Mound.Delivery,,Delivery,pitch.1,701270,0.9754,-2.9374,80.9854,30.7343,72.8736,7.9815,-0.0853,0.3437
1779744291332,2,Pitching Mound.Drive,,Delivery,pitch.1,702138,0.043,-0.2695,0.7831,0.0501,-0.689,-0.6795,0.0,0.0
1779744291332,2,Pitching Mound.Parent,,Delivery,pitch.1,700594,1.0184,-3.207,81.7685,30.7845,72.1846,7.302,-0.0845,0.3404
1779744291333,2,11.0000004b,Drive,Delivery,pitch.1,702139,0.0354,-0.281,0.8867,0.0735,-0.7957,-0.7304,0.0,0.0
1779744291333,2,12.00000015,Lower Delivery,Delivery,pitch.1,702218,1.0753,-2.8954,81.1159,3.253,72.7654,9.9034,-0.0853,0.0038
1779744291333,2,12.00000018,Upper Delivery,Delivery,pitch.1,702905,-0.0794,-0.0128,-0.0015,0.1251,0.2902,-1.6658,0.0,0.0
1779744291333,2,Pitching Mound.Delivery,,Delivery,pitch.1,701271,0.996,-2.9082,81.1143,30.958,73.0556,7.8451,-0.0853,0.3438
1779744291333,2,Pitching Mound.Drive,,Delivery,pitch.1,702139,0.0354,-0.281,0.8867,0.0735,-0.7957,-0.7304,0.0,0.0
1779744291333,2,Pitching Mound.Parent,,Delivery,pitch.1,700595,1.0314,-3.1892,82.001,31.0314,72.2599,7.1146,-0.0844,0.3401
1779744291334,2,11.0000004b,Drive,Delivery,pitch.1,702140,0.0318,-0.2895,0.8691,0.0601,-0.7352,-0.7025,0.0,0.0
1779744291334,2,12.00000015,Lower Delivery,Delivery,pitch.1,702219,1.0962,-2.8299,81.4142,3.445,73.2615,9.8716,-0.0856,0.004
1779744291334,2,12.00000018,Upper Delivery,Delivery,pitch.1,702906,-0.0758,-0.0071,0.0034,0.1209,0.2839,-1.6329,0.0,0.0
1779744291334,2,Pitching Mound.Delivery,,Delivery,pitch.1,701272,1.0204,-2.837,81.4177,31.2455,73.5454,7.8402,-0.0856,0.344
1779744291334,2,Pitching Mound.Drive,,Delivery,pitch.1,702140,0.0318,-0.2895,0.8691,0.0601,-0.7352,-0.7025,0.0,0.0
1779744291334,2,Pitching Mound.Parent,,Delivery,pitch.1,700596,1.0522,-3.1266,82.2867,31.3056,72.8102,7.1377,-0.0847,0.3404
1779744291335,2,11.0000004b,Drive,Delivery,pitch.1,702141,0.041,-0.2798,0.8205,0.0628,-0.7767,-0.7081,0.0,0.0
1779744291335,2,12.00000015,Lower Delivery,Delivery,pitch.1,702220,1.1213,-2.7807,81.6906,3.2622,73.4553,9.8419,-0.0855,0.0038
1779744291335,2,12.00000018,Upper Delivery,Delivery,pitch.1,702907,-0.0745,-0.0073,0.0031,0.1217,0.2851,-1.6391,0.0,0.0
1779744291335,2,Pitching Mound.Delivery,,Delivery,pitch.1,701273,1.0467,-2.7881,81.6936,31.1577,73.7404,7.7962,-0.0855,0.3438
1779744291335,2,Pitching Mound.Drive,,Delivery,pitch.1,702141,0.041,-0.2798,0.8205,0.0628,-0.7767,-0.7081,0.0,0.0
1779744291335,2,Pitching Mound.Parent,,Delivery,pitch.1,700597,1.0877,-3.0679,82.5142,31.2204,72.9637,7.0882,-0.0847,0.3404
1779744291336,2,11.0000004b,Drive,Delivery,pitch.1,702142,0.022,-0.2802,0.9072,0.0575,-0.7468,-0.706,0.0,0.0
1779744291336,2,12.00000015,Lower Delivery,Delivery,pitch.1,702221,1.1457,-2.7388,82.0081,4.3233,74.1885,9.8426,-0.0861,0.005
1779744291336,2,12.00000018,Upper Delivery,Delivery,pitch.1,702908,-0.0717,-0.002,-0.0028,0.116,0.2766,-1.5952,0.0,0.0
1779744291336,2,Pitching Mound.Delivery,,Delivery,pitch.1,701274,1.0739,-2.7407,82.0053,32.323,74.4651,7.8336,-0.0861,0.345
1779744291336,2,Pitching Mound.Drive,,Delivery,pitch.1,702142,0.022,-0.2802,0.9072,0.0575,-0.7468,-0.706,0.0,0.0
1779744291336,2,Pitching Mound.Parent,,Delivery,pitch.1,700598,1.096,-3.0209,82.9125,32.3806,73.7183,7.1276,-0.0851,0.3413
1779744291337,2,11.0000004b,Drive,Delivery,pitch.1,702143,0.0187,-0.2934,0.9141,0.0626,-0.787,-0.7416,0.0,0.0
1779744291337,2,12.00000015,Lower Delivery,Delivery,pitch.1,702222,1.1365,-2.6886,82.4156,4.0338,74.0459,9.7964,-0.0855,0.0047
1779744291337,2,12.00000018,Upper Delivery,Delivery,pitch.1,702909,-0.0671,-0.0085,0.0278,0.1121,0.2708,-1.5647,0.0,0.0
1779744291337,2,Pitching Mound.Delivery,,Delivery,pitch.1,701275,1.0694,-2.6972,82.4435,32.1578,74.3167,7.8225,-0.0854,0.3444
1779744291337,2,Pitching Mound.Drive,,Delivery,pitch.1,702143,0.0187,-0.2934,0.9141,0.0626,-0.787,-0.7416,0.0,0.0
1779744291337,2,Pitching Mound.Parent,,Delivery,pitch.1,700599,1.0881,-2.9906,83.3576,32.2204,73.5296,7.0809,-0.0845,0.3406
1779744291338,2,11.0000004b,Drive,Delivery,pitch.1,702144,0.0195,-0.2961,0.8651,0.0587,-0.7655,-0.73,0.0,0.0
1779744291338,2,12.00000015,Lower Delivery,Delivery,pitch.1,702223,1.1517,-2.6349,82.5081,4.1277,74.496,9.7565,-0.0859,0.0048
1779744291338,2,12.00000018,Upper Delivery,Delivery,pitch.1,702910,-0.0614,-0.0067,0.0343,0.1049,0.26,-1.5086,0.0,0.0
1779744291338,2,Pitching Mound.Delivery,,Delivery,pitch.1,701276,1.0903,-2.6416,82.5424,32.2738,74.756,7.8355,-0.0859,0.3445
1779744291338,2,Pitching Mound.Drive,,Delivery,pitch.1,702144,0.0195,-0.2961,0.8651,0.0587,-0.7655,-0.73,0.0,0.0
1779744291338,2,Pitching Mound.Parent,,Delivery,pitch.1,700600,1.1098,-2.9376,83.4074,32.3324,73.9905,7.1055,-0.085,0.3409
1779744291339,2,11.0000004b,Drive,Delivery,pitch.1,702145,0.0297,-0.2933,0.8204,0.0788,-0.8917,-0.7635,0.0,0.0
1779744291339,2,12.00000015,Lower Delivery,Delivery,pitch.1,702224,1.1457,-2.597,82.5005,3.7474,74.1695,9.7382,-0.0855,0.0043
1779744291339,2,12.00000018,Upper Delivery,Delivery,pitch.1,702911,-0.0652,-0.0096,0.0354,0.0983,0.25,-1.4567,0.0,0.0
1779744291339,2,Pitching Mound.Delivery,,Delivery,pitch.1,701277,1.0805,-2.6066,82.536,31.8838,74.4195,7.8698,-0.0855,0.344
1779744291339,2,Pitching Mound.Drive,,Delivery,pitch.1,702145,0.0297,-0.2933,0.8204,0.0788,-0.8917,-0.7635,0.0,0.0
1779744291339,2,Pitching Mound.Parent,,Delivery,pitch.1,700601,1.1103,-2.8999,83.3563,31.9626,73.5278,7.1063,-0.0846,0.3406
1779744291340,2,11.0000004b,Drive,Delivery,pitch.1,702146,0.0263,-0.29,0.8302,0.0718,-0.8671,-0.7311,0.0,0.0
1779744291340,2,12.00000015,Lower Delivery,Delivery,pitch.1,702225,1.1194,-2.5564,82.273,3.1657,74.0458,9.7023,-0.0856,0.0037
1779744291340,2,12.00000018,Upper Delivery,Delivery,pitch.1,702912,-0.0674,-0.0094,0.0436,0.101,0.254,-1.4778,0.0,0.0
1779744291340,2,Pitching Mound.Delivery,,Delivery,pitch.1,701278,1.052,-2.5658,82.3165,31.2247,74.2999,7.8209,-0.0856,0.3433
1779744291340,2,Pitching Mound.Drive,,Delivery,pitch.1,702146,0.0263,-0.29,0.8302,0.0718,-0.8671,-0.7311,0.0,0.0
1779744291340,2,Pitching Mound.Parent,,Delivery,pitch.1,700602,1.0783,-2.8558,83.1467,31.2964,73.4328,7.0898,-0.0847,0.3399
1779744291341,2,11.0000004b,Drive,Delivery,pitch.1,702147,0.0283,-0.3031,0.8718,0.0706,-0.8677,-0.7628,0.0,0.0
1779744291341,2,12.00000015,Lower Delivery,Delivery,pitch.1,702226,1.103,-2.5111,81.7671,2.5668,73.5323,9.6986,-0.0855,0.003
1779744291341,2,12.00000018,Upper Delivery,Delivery,pitch.1,702913,-0.065,-0.0084,0.048,0.099,0.251,-1.4621,0.0,0.0
1779744291341,2,Pitching Mound.Delivery,,Delivery,pitch.1,701279,1.038,-2.5195,81.8151,30.4502,73.7833,7.8394,-0.0855,0.3426
1779744291341,2,Pitching Mound.Drive,,Delivery,pitch.1,702147,0.0283,-0.3031,0.8718,0.0706,-0.8677,-0.7628,0.0,0.0
1779744291341,2,Pitching Mound.Parent,,Delivery,pitch.1,700603,1.0663,-2.8226,82.6868,30.5209,72.9157,7.0766,-0.0846,0.339
1779744291342,2,11.0000004b,Drive,Delivery,pitch.1,702148,0.0407,-0.2992,0.8308,0.09,-0.9167,-0.76,0.0,0.0
1779744291342,2,12.00000015,Lower Delivery,Delivery,pitch.1,702227,1.0845,-2.4737,81.7499,2.5287,73.0026,9.6923,-0.085,0.0029
1779744291342,2,12.00000018,Upper Delivery,Delivery,pitch.1,702914,-0.0646,-0.015,0.0567,0.0994,0.2517,-1.4656,0.0,0.0
1779744291342,2,Pitching Mound.Delivery,,Delivery,pitch.1,701280,1.0199,-2.4887,81.8065,30.4039,73.2542,7.836,-0.0849,0.3425
1779744291342,2,Pitching Mound.Drive,,Delivery,pitch.1,702148,0.0407,-0.2992,0.8308,0.09,-0.9167,-0.76,0.0,0.0
1779744291342,2,Pitching Mound.Parent,,Delivery,pitch.1,700604,1.0606,-2.7879,82.6373,30.4939,72.3376,7.076,-0.084,0.339
1779744291343,2,11.0000004b,Drive,Delivery,pitch.1,702149,0.0488,-0.288,0.757,0.0724,-0.8703,-0.7463,0.0,0.0
1779744291343,2,12.00000015,Lower Delivery,Delivery,pitch.1,702228,1.0444,-2.4447,81.8397,2.2615,72.5003,9.7196,-0.0843,0.0026
1779744291343,2,12.00000018,Upper Delivery,Delivery,pitch.1,702915,-0.0628,-0.0148,0.0588,0.0907,0.2385,-1.3973,0.0,0.0
1779744291343,2,Pitching Mound.Delivery,,Delivery,pitch.1,701281,0.9816,-2.4595,81.8985,30.1577,72.7388,7.9459,-0.0842,0.3421
1779744291343,2,Pitching Mound.Drive,,Delivery,pitch.1,702149,0.0488,-0.288,0.757,0.0724,-0.8703,-0.7463,0.0,0.0
1779744291343,2,Pitching Mound.Parent,,Delivery,pitch.1,700605,1.0304,-2.7475,82.6554,30.2301,71.8685,7.1996,-0.0834,0.339
1779744291344,2,11.0000004b,Drive,Delivery,pitch.1,702150,0.0456,-0.2865,0.7446,0.0649,-0.8227,-0.7231,0.0,0.0
1779744291344,2,12.00000015,Lower Delivery,Delivery,pitch.1,702229,1.0189,-2.4042,82.0961,2.1208,72.1969,9.6911,-0.0837,0.0025
1779744291344,2,12.00000018,Upper Delivery,Delivery,pitch.1,702916,-0.0638,-0.0121,0.043,0.0867,0.2325,-1.3662,0.0,0.0
1779744291344,2,Pitching Mound.Delivery,,Delivery,pitch.1,701282,0.9552,-2.4162,82.1391,30.1056,72.4294,7.9568,-0.0836,0.3421
1779744291344,2,Pitching Mound.Drive,,Delivery,pitch.1,702150,0.0456,-0.2865,0.7446,0.0649,-0.8227,-0.7231,0.0,0.0
1779744291344,2,Pitching Mound.Parent,,Delivery,pitch.1,700606,1.0008,-2.7028,82.8838,30.1705,71.6067,7.2338,-0.0829,0.339
1779744291345,2,11.0000004b,Drive,Delivery,pitch.1,702151,0.0468,-0.2862,0.7363,0.0707,-0.872,-0.7091,0.0,0.0
1779744291345,2,12.00000015,Lower Delivery,Delivery,pitch.1,702230,0.9917,-2.3893,82.1543,1.9675,72.0005,9.7248,-0.0834,0.0023
1779744291345,2,12.00000018,Upper Delivery,Delivery,pitch.1,702917,-0.0636,-0.0087,0.028,0.0759,0.2163,-1.2821,0.0,0.0
1779744291345,2,Pitching Mound.Delivery,,Delivery,pitch.1,701283,0.928,-2.398,82.1823,29.9663,72.2169,8.0838,-0.0833,0.342
1779744291345,2,Pitching Mound.Drive,,Delivery,pitch.1,702151,0.0468,-0.2862,0.7363,0.0707,-0.872,-0.7091,0.0,0.0
1779744291345,2,Pitching Mound.Parent,,Delivery,pitch.1,700607,0.9749,-2.6842,82.9186,30.037,71.3449,7.3747,-0.0826,0.339
1779744291346,2,11.0000004b,Drive,Delivery,pitch.1,702152,0.0391,-0.2862,0.7445,0.0732,-0.8949,-0.7123,0.0,0.0
1779744291346,2,12.00000015,Lower Delivery,Delivery,pitch.1,702231,0.9593,-2.3586,82.116,1.9593,72.3855,9.7354,-0.0839,0.0023
1779744291346,2,12.00000018,Upper Delivery,Delivery,pitch.1,702918,-0.0643,-0.0102,0.0301,0.0738,0.2132,-1.2656,0.0,0.0
1779744291346,2,Pitching Mound.Delivery,,Delivery,pitch.1,701284,0.895,-2.3687,82.1461,29.9423,72.5987,8.1218,-0.0838,0.342
1779744291346,2,Pitching Mound.Drive,,Delivery,pitch.1,702152,0.0391,-0.2862,0.7445,0.0732,-0.8949,-0.7123,0.0,0.0
1779744291346,2,Pitching Mound.Parent,,Delivery,pitch.1,700608,0.9341,-2.655,82.8906,30.0155,71.7038,7.4095,-0.0831,0.3389
1779744291347,2,11.0000004b,Drive,Delivery,pitch.1,702153,0.0489,-0.2986,0.7902,0.0731,-0.9261,-0.759,0.0,0.0
1779744291347,2,12.00000015,Lower Delivery,Delivery,pitch.1,702232,0.9506,-2.3246,82.4139,1.8522,72.5062,9.7288,-0.0837,0.0021
1779744291347,2,12.00000018,Upper Delivery,Delivery,pitch.1,702919,-0.0636,-0.0076,0.0347,0.0699,0.2073,-1.2351,0.0,0.0
1779744291347,2,Pitching Mound.Delivery,,Delivery,pitch.1,701285,0.887,-2.3322,82.4487,29.931,72.7135,8.1489,-0.0837,0.3419
1779744291347,2,Pitching Mound.Drive,,Delivery,pitch.1,702153,0.0489,-0.2986,0.7902,0.0731,-0.9261,-0.759,0.0,0.0
1779744291347,2,Pitching Mound.Parent,,Delivery,pitch.1,700609,0.9359,-2.6308,83.2389,30.0041,71.7874,7.3899,-0.0829,0.3386
1779744291348,2,11.0000004b,Drive,Delivery,pitch.1,702154,0.0462,-0.3093,0.8236,0.0673,-0.8284,-0.7402,0.0,0.0
1779744291348,2,12.00000015,Lower Delivery,Delivery,pitch.1,702233,0.9324,-2.3044,82.6236,1.9623,72.6866,9.7437,-0.0837,0.0023
1779744291348,2,12.00000018,Upper Delivery,Delivery,pitch.1,702920,-0.064,-0.0038,0.0239,0.0769,0.2178,-1.2897,0.0,0.0
1779744291348,2,Pitching Mound.Delivery,,Delivery,pitch.1,701286,0.8684,-2.3082,82.6475,30.123,72.9044,8.1152,-0.0837,0.3421
1779744291348,2,Pitching Mound.Drive,,Delivery,pitch.1,702154,0.0462,-0.3093,0.8236,0.0673,-0.8284,-0.7402,0.0,0.0
1779744291348,2,Pitching Mound.Parent,,Delivery,pitch.1,700610,0.9146,-2.6175,83.471,30.1903,72.076,7.375,-0.0828,0.3387
1779744291349,2,11.0000004b,Drive,Delivery,pitch.1,702155,0.0493,-0.2997,0.8077,0.0501,-0.7092,-0.7317,0.0,0.0
1779744291349,2,12.00000015,Lower Delivery,Delivery,pitch.1,702234,0.9229,-2.2815,82.8516,1.9896,73.1826,9.7176,-0.084,0.0023
1779744291349,2,12.00000018,Upper Delivery,Delivery,pitch.1,702921,-0.062,-0.0117,0.0468,0.0731,0.2121,-1.26,0.0,0.0
1779744291349,2,Pitching Mound.Delivery,,Delivery,pitch.1,701287,0.8609,-2.2932,82.8984,30.2163,73.3946,8.1227,-0.084,0.3419
1779744291349,2,Pitching Mound.Drive,,Delivery,pitch.1,702155,0.0493,-0.2997,0.8077,0.0501,-0.7092,-0.7317,0.0,0.0
1779744291349,2,Pitching Mound.Parent,,Delivery,pitch.1,700611,0.9101,-2.5929,83.7061,30.2664,72.6854,7.391,-0.0832,0.3386
1779744291350,2,11.0000004b,Drive,Delivery,pitch.1,702156,0.0486,-0.2919,0.7646,0.0579,-0.7822,-0.7257,0.0,0.0
1779744291350,2,12.00000015,Lower Delivery,Delivery,pitch.1,702235,0.9049,-2.2599,82.8573,2.0473,73.4181,9.7552,-0.0843,0.0024
1779744291350,2,12.00000018,Upper Delivery,Delivery,pitch.1,702922,-0.0638,-0.0056,0.0265,0.0691,0.2061,-1.2289,0.0,0.0
1779744291350,2,Pitching Mound.Delivery,,Delivery,pitch.1,701288,0.8411,-2.2655,82.8839,30.2788,73.6242,8.197,-0.0843,0.3421
1779744291350,2,Pitching Mound.Drive,,Delivery,pitch.1,702156,0.0486,-0.2919,0.7646,0.0579,-0.7822,-0.7257,0.0,0.0
1779744291350,2,Pitching Mound.Parent,,Delivery,pitch.1,700612,0.8897,-2.5574,83.6484,30.3368,72.842,7.4713,-0.0835,0.339
1779744291351,2,11.0000004b,Drive,Delivery,pitch.1,702157,0.0521,-0.3076,0.7993,0.0586,-0.7748,-0.7065,0.0,0.0
1779744291351,2,12.00000015,Lower Delivery,Delivery,pitch.1,702236,0.913,-2.2229,83.6422,1.9432,73.776,9.759,-0.0839,0.0022
1779744291351,2,12.00000018,Upper Delivery,Delivery,pitch.1,702923,-0.065,-0.0108,0.0213,0.0613,0.1945,-1.1685,0.0,0.0
1779744291351,2,Pitching Mound.Delivery,,Delivery,pitch.1,701289,0.848,-2.2337,83.6635,30.4356,73.9705,8.258,-0.0839,0.342
1779744291351,2,Pitching Mound.Drive,,Delivery,pitch.1,702157,0.0521,-0.3076,0.7993,0.0586,-0.7748,-0.7065,0.0,0.0
1779744291351,2,Pitching Mound.Parent,,Delivery,pitch.1,700613,0.9001,-2.5412,84.4628,30.4943,73.1957,7.5514,-0.0831,0.3388
1779744291352,2,11.0000004b,Drive,Delivery,pitch.1,702158,0.0456,-0.2923,0.7776,0.058,-0.76,-0.6955,0.0,0.0
1779744291352,2,12.00000015,Lower Delivery,Delivery,pitch.1,702237,0.8897,-2.1897,84.063,2.1223,74.428,9.7522,-0.0842,0.0024
1779744291352,2,12.00000018,Upper Delivery,Delivery,pitch.1,702924,-0.0617,-0.0071,0.0137,0.0636,0.1979,-1.1863,0.0,0.0
1779744291352,2,Pitching Mound.Delivery,,Delivery,pitch.1,701290,0.828,-2.1968,84.0767,30.7627,74.6259,8.2424,-0.0842,0.3423
1779744291352,2,Pitching Mound.Drive,,Delivery,pitch.1,702158,0.0456,-0.2923,0.7776,0.058,-0.76,-0.6955,0.0,0.0
1779744291352,2,Pitching Mound.Parent,,Delivery,pitch.1,700614,0.8736,-2.4891,84.8543,30.8206,73.8659,7.5468,-0.0834,0.3392
1779744291353,2,11.0000004b,Drive,Delivery,pitch.1,702159,0.0582,-0.2786,0.7348,0.0605,-0.7636,-0.7103,0.0,0.0
1779744291353,2,12.00000015,Lower Delivery,Delivery,pitch.1,702238,0.9012,-2.1567,84.7816,2.1761,74.68,9.762,-0.0838,0.0024
1779744291353,2,12.00000018,Upper Delivery,Delivery,pitch.1,702925,-0.0628,-0.0082,0.0207,0.0647,0.1995,-1.1947,0.0,0.0
1779744291353,2,Pitching Mound.Delivery,,Delivery,pitch.1,701291,0.8384,-2.1648,84.8023,31.0594,74.8794,8.2396,-0.0838,0.3423
1779744291353,2,Pitching Mound.Drive,,Delivery,pitch.1,702159,0.0582,-0.2786,0.7348,0.0605,-0.7636,-0.7103,0.0,0.0
1779744291353,2,Pitching Mound.Parent,,Delivery,pitch.1,700615,0.8966,-2.4434,85.5371,31.1199,74.1159,7.5293,-0.0831,0.3393
1779744291354,2,11.0000004b,Drive,Delivery,pitch.1,702160,0.0336,-0.3042,0.8763,0.0469,-0.6618,-0.7155,0.0,0.0
1779744291354,2,12.00000015,Lower Delivery,Delivery,pitch.1,702239,0.9051,-2.121,85.1195,2.1142,74.5475,9.7747,-0.0833,0.0024
1779744291354,2,12.00000018,Upper Delivery,Delivery,pitch.1,702926,-0.0635,-0.0091,0.0343,0.0622,0.1958,-1.1755,0.0,0.0
1779744291354,2,Pitching Mound.Delivery,,Delivery,pitch.1,701292,0.8416,-2.1302,85.1538,31.1054,74.7433,8.2699,-0.0833,0.3421
1779744291354,2,Pitching Mound.Drive,,Delivery,pitch.1,702160,0.0336,-0.3042,0.8763,0.0469,-0.6618,-0.7155,0.0,0.0
1779744291354,2,Pitching Mound.Parent,,Delivery,pitch.1,700616,0.8752,-2.4343,86.0301,31.1523,74.0814,7.5543,-0.0824,0.3386
1779744291355,2,11.0000004b,Drive,Delivery,pitch.1,702161,0.0332,-0.3063,0.9135,0.0522,-0.722,-0.7052,0.0,0.0
1779744291355,2,12.00000015,Lower Delivery,Delivery,pitch.1,702240,0.915,-2.083,85.7027,2.3315,75.5351,9.7581,-0.0838,0.0026
1779744291355,2,12.00000018,Upper Delivery,Delivery,pitch.1,702927,-0.0613,-0.008,0.0373,0.0601,0.1926,-1.159,0.0,0.0
1779744291355,2,Pitching Mound.Delivery,,Delivery,pitch.1,701293,0.8537,-2.091,85.74,31.5178,75.7277,8.2672,-0.0838,0.3423
1779744291355,2,Pitching Mound.Drive,,Delivery,pitch.1,702161,0.0332,-0.3063,0.9135,0.0522,-0.722,-0.7052,0.0,0.0
1779744291355,2,Pitching Mound.Parent,,Delivery,pitch.1,700617,0.8869,-2.3973,86.6535,31.57,75.0057,7.562,-0.0829,0.3387
1779744291356,2,11.0000004b,Drive,Delivery,pitch.1,702162,0.0288,-0.298,1.025,0.0546,-0.7385,-0.7144,0.0,0.0
1779744291356,2,12.00000015,Lower Delivery,Delivery,pitch.1,702241,0.9402,-2.0384,86.2263,2.3403,75.5569,9.7929,-0.0834,0.0026
1779744291356,2,12.00000018,Upper Delivery,Delivery,pitch.1,702928,-0.0576,0.0017,0.0319,0.0724,0.2111,-1.2548,0.0,0.0
1779744291356,2,Pitching Mound.Delivery,,Delivery,pitch.1,701294,0.8826,-2.0367,86.2582,31.7188,75.768,8.1988,-0.0833,0.3423
1779744291356,2,Pitching Mound.Drive,,Delivery,pitch.1,702162,0.0288,-0.298,1.025,0.0546,-0.7385,-0.7144,0.0,0.0
1779744291356,2,Pitching Mound.Parent,,Delivery,pitch.1,700618,0.9113,-2.3347,87.2833,31.7733,75.0295,7.4844,-0.0823,0.3383
1779744291357,2,11.0000004b,Drive,Delivery,pitch.1,702163,0.0299,-0.2873,1.0484,0.0451,-0.6452,-0.6701,0.0,0.0
1779744291357,2,12.00000015,Lower Delivery,Delivery,pitch.1,702242,0.9516,-1.9857,86.8405,2.4806,76.092,9.8084,-0.0834,0.0027
1779744291357,2,12.00000018,Upper Delivery,Delivery,pitch.1,702929,-0.06,-0.0041,0.044,0.0647,0.1996,-1.1952,0.0,0.0
1779744291357,2,Pitching Mound.Delivery,,Delivery,pitch.1,701295,0.8915,-1.9898,86.8845,32.0561,76.2916,8.2693,-0.0833,0.3424
1779744291357,2,Pitching Mound.Drive,,Delivery,pitch.1,702163,0.0299,-0.2873,1.0484,0.0451,-0.6452,-0.6701,0.0,0.0
1779744291357,2,Pitching Mound.Parent,,Delivery,pitch.1,700619,0.9214,-2.2772,87.9329,32.1012,75.6463,7.5992,-0.0823,0.3383
1779744291358,2,11.0000004b,Drive,Delivery,pitch.1,702164,0.0241,-0.2706,1.054,0.0381,-0.5841,-0.6434,0.0,0.0
1779744291358,2,12.00000015,Lower Delivery,Delivery,pitch.1,702243,0.969,-1.9413,87.4772,2.4552,76.1581,9.8294,-0.0828,0.0027
1779744291358,2,12.00000018,Upper Delivery,Delivery,pitch.1,702930,-0.0599,0.0029,0.0265,0.0691,0.2061,-1.2289,0.0,0.0
1779744291358,2,Pitching Mound.Delivery,,Delivery,pitch.1,701296,0.9092,-1.9384,87.5038,32.2575,76.3642,8.2506,-0.0828,0.3425
1779744291358,2,Pitching Mound.Drive,,Delivery,pitch.1,702164,0.0241,-0.2706,1.054,0.0381,-0.5841,-0.6434,0.0,0.0
1779744291358,2,Pitching Mound.Parent,,Delivery,pitch.1,700620,0.9333,-2.209,88.5578,32.2956,75.7801,7.6072,-0.0818,0.3384
1779744291359,2,11.0000004b,Drive,Delivery,pitch.1,702165,0.0208,-0.2616,0.9895,0.0247,-0.4682,-0.643,0.0,0.0
1779744291359,2,12.00000015,Lower Delivery,Delivery,pitch.1,702244,0.9955,-1.9049,87.7533,2.5161,76.4802,9.8731,-0.0829,0.0027
1779744291359,2,12.00000018,Upper Delivery,Delivery,pitch.1,702931,-0.0623,-0.0029,0.0426,0.0763,0.217,-1.2855,0.0,0.0
1779744291359,2,Pitching Mound.Delivery,,Delivery,pitch.1,701297,0.9332,-1.9077,87.7959,32.4141,76.6972,8.2279,-0.0829,0.3424
1779744291359,2,Pitching Mound.Drive,,Delivery,pitch.1,702165,0.0208,-0.2616,0.9895,0.0247,-0.4682,-0.643,0.0,0.0
1779744291359,2,Pitching Mound.Parent,,Delivery,pitch.1,700621,0.954,-2.1694,88.7853,32.4388,76.229,7.5849,-0.0819,0.3386
1779744291360,2,11.0000004b,Drive,Delivery,pitch.1,702166,0.0213,-0.2599,1.0201,0.0387,-0.5684,-0.6278,0.0,0.0
1779744291360,2,12.00000015,Lower Delivery,Delivery,pitch.1,702245,1.0329,-1.8797,88.0305,2.3822,76.2838,9.9361,-0.0824,0.0026
1779744291360,2,12.00000018,Upper Delivery,Delivery,pitch.1,702932,-0.0636,0.0004,0.0463,0.0722,0.2107,-1.253,0.0,0.0
1779744291360,2,Pitching Mound.Delivery,,Delivery,pitch.1,701298,0.9694,-1.8792,88.0768,32.369,76.4945,8.3103,-0.0824,0.3422
1779744291360,2,Pitching Mound.Drive,,Delivery,pitch.1,702166,0.0213,-0.2599,1.0201,0.0387,-0.5684,-0.6278,0.0,0.0
1779744291360,2,Pitching Mound.Parent,,Delivery,pitch.1,700622,0.9907,-2.1391,89.0969,32.4078,75.9261,7.6825,-0.0814,0.3383
1779744291361,2,11.0000004b,Drive,Delivery,pitch.1,702167,0.0197,-0.2617,1.0275,0.035,-0.5275,-0.6219,0.0,0.0
1779744291361,2,12.00000015,Lower Delivery,Delivery,pitch.1,702246,1.0327,-1.8532,87.9233,2.2924,75.8557,9.9658,-0.0821,0.0025
1779744291361,2,12.00000018,Upper Delivery,Delivery,pitch.1,702933,-0.064,0.0091,0.0324,0.0812,0.2243,-1.3234,0.0,0.0
1779744291361,2,Pitching Mound.Delivery,,Delivery,pitch.1,701299,0.9687,-1.8441,87.9557,32.2565,76.0799,8.2695,-0.082,0.3422
1779744291361,2,Pitching Mound.Drive,,Delivery,pitch.1,702167,0.0197,-0.2617,1.0275,0.035,-0.5275,-0.6219,0.0,0.0
1779744291361,2,Pitching Mound.Parent,,Delivery,pitch.1,700623,0.9885,-2.1057,88.9832,32.2915,75.5524,7.6476,-0.0811,0.3383
1779744291362,2,11.0000004b,Drive,Delivery,pitch.1,702168,0.0181,-0.2578,1.069,0.0314,-0.5004,-0.6253,0.0,0.0
1779744291362,2,12.00000015,Lower Delivery,Delivery,pitch.1,702247,1.0647,-1.8257,87.7792,2.2336,75.9301,10.0685,-0.0823,0.0024
1779744291362,2,12.00000018,Upper Delivery,Delivery,pitch.1,702934,-0.0659,0.0083,0.0333,0.079,0.221,-1.3065,0.0,0.0
1779744291362,2,Pitching Mound.Delivery,,Delivery,pitch.1,701300,0.9988,-1.8173,87.8125,32.1462,76.1511,8.3776,-0.0823,0.3422
1779744291362,2,Pitching Mound.Drive,,Delivery,pitch.1,702168,0.0181,-0.2578,1.069,0.0314,-0.5004,-0.6253,0.0,0.0
1779744291362,2,Pitching Mound.Parent,,Delivery,pitch.1,700624,1.0168,-2.0751,88.8815,32.1776,75.6507,7.7523,-0.0813,0.338
1779744291363,2,11.0000004b,Drive,Delivery,pitch.1,702169,0.0186,-0.2793,1.068,0.0393,-0.5515,-0.631,0.0,0.0
1779744291363,2,12.00000015,Lower Delivery,Delivery,pitch.1,702248,1.091,-1.8058,87.9547,2.304,76.1609,10.0931,-0.0824,0.0025
1779744291363,2,12.00000018,Upper Delivery,Delivery,pitch.1,702935,-0.0637,0.0121,0.0385,0.0789,0.2208,-1.3052,0.0,0.0
1779744291363,2,Pitching Mound.Delivery,,Delivery,pitch.1,701301,1.0273,-1.7937,87.9933,32.2744,76.3817,8.3953,-0.0823,0.3422
1779744291363,2,Pitching Mound.Drive,,Delivery,pitch.1,702169,0.0186,-0.2793,1.068,0.0393,-0.5515,-0.631,0.0,0.0
1779744291363,2,Pitching Mound.Parent,,Delivery,pitch.1,700625,1.0459,-2.073,89.0613,32.3136,75.8302,7.7643,-0.0813,0.3381
1779744291364,2,11.0000004b,Drive,Delivery,pitch.1,702170,0.0163,-0.2709,1.0212,0.0412,-0.5464,-0.6614,0.0,0.0
1779744291364,2,12.00000015,Lower Delivery,Delivery,pitch.1,702249,1.1089,-1.8142,87.6319,2.2611,76.2209,10.1864,-0.0827,0.0025
1779744291364,2,12.00000018,Upper Delivery,Delivery,pitch.1,702936,-0.0648,0.0133,0.035,0.0742,0.2137,-1.2685,0.0,0.0
1779744291364,2,Pitching Mound.Delivery,,Delivery,pitch.1,701302,1.0442,-1.8009,87.6669,32.1182,76.4346,8.5188,-0.0827,0.3422
1779744291364,2,Pitching Mound.Drive,,Delivery,pitch.1,702170,0.0163,-0.2709,1.0212,0.0412,-0.5464,-0.6614,0.0,0.0
1779744291364,2,Pitching Mound.Parent,,Delivery,pitch.1,700626,1.0605,-2.0718,88.6881,32.1594,75.8882,7.8574,-0.0818,0.3382
1779744291365,2,11.0000004b,Drive,Delivery,pitch.1,702171,0.0206,-0.2663,1.0594,0.0479,-0.6068,-0.6709,0.0,0.0
1779744291365,2,12.00000015,Lower Delivery,Delivery,pitch.1,702250,1.1178,-1.8049,87.0925,2.0801,75.7959,10.2889,-0.0828,0.0023
1779744291365,2,12.00000018,Upper Delivery,Delivery,pitch.1,702937,-0.0618,0.0103,0.0522,0.0686,0.2054,-1.2251,0.0,0.0
1779744291365,2,Pitching Mound.Delivery,,Delivery,pitch.1,701303,1.056,-1.7946,87.1446,31.7424,76.0012,8.6627,-0.0827,0.3419
1779744291365,2,Pitching Mound.Drive,,Delivery,pitch.1,702171,0.0206,-0.2663,1.0594,0.0479,-0.6068,-0.6709,0.0,0.0
1779744291365,2,Pitching Mound.Parent,,Delivery,pitch.1,700627,1.0766,-2.0608,88.204,31.7903,75.3944,7.9918,-0.0817,0.3378
1779744291366,2,11.0000004b,Drive,Delivery,pitch.1,702172,0.0215,-0.2735,1.0229,0.0437,-0.5736,-0.6779,0.0,0.0
1779744291366,2,12.00000015,Lower Delivery,Delivery,pitch.1,702251,1.1395,-1.8126,86.585,2.0353,75.8093,10.3476,-0.0833,0.0022
1779744291366,2,12.00000018,Upper Delivery,Delivery,pitch.1,702938,-0.0668,0.0127,0.0397,0.0723,0.211,-1.2542,0.0,0.0
1779744291366,2,Pitching Mound.Delivery,,Delivery,pitch.1,701304,1.0728,-1.7999,86.6248,31.533,76.0202,8.6832,-0.0833,0.3419
1779744291366,2,Pitching Mound.Drive,,Delivery,pitch.1,702172,0.0215,-0.2735,1.0229,0.0437,-0.5736,-0.6779,0.0,0.0
1779744291366,2,Pitching Mound.Parent,,Delivery,pitch.1,700628,1.0943,-2.0734,87.6477,31.5768,75.4466,8.0053,-0.0823,0.3379
1779744291367,2,11.0000004b,Drive,Delivery,pitch.1,702173,0.0182,-0.2674,1.0349,0.0403,-0.578,-0.6818,0.0,0.0
1779744291367,2,12.00000015,Lower Delivery,Delivery,pitch.1,702252,1.1487,-1.8123,86.554,1.9517,75.6222,10.4453,-0.0831,0.0021
1779744291367,2,12.00000018,Upper Delivery,Delivery,pitch.1,702939,-0.0641,0.0105,0.054,0.0758,0.2163,-1.2817,0.0,0.0
1779744291367,2,Pitching Mound.Delivery,,Delivery,pitch.1,701305,1.0846,-1.8017,86.608,31.4375,75.8385,8.7513,-0.0831,0.3417
1779744291367,2,Pitching Mound.Drive,,Delivery,pitch.1,702173,0.0182,-0.2674,1.0349,0.0403,-0.578,-0.6818,0.0,0.0
1779744291367,2,Pitching Mound.Parent,,Delivery,pitch.1,700629,1.1028,-2.0692,87.643,31.4779,75.2605,8.0695,-0.0821,0.3377
1779744291368,2,11.0000004b,Drive,Delivery,pitch.1,702174,0.0275,-0.2701,0.9939,0.0549,-0.6794,-0.7076,0.0,0.0
1779744291368,2,12.00000015,Lower Delivery,Delivery,pitch.1,702253,1.1654,-1.8386,86.4246,1.8643,75.7752,10.519,-0.0834,0.0021
1779744291368,2,12.00000018,Upper Delivery,Delivery,pitch.1,702940,-0.0623,0.0098,0.0516,0.0872,0.2334,-1.3705,0.0,0.0
1779744291368,2,Pitching Mound.Delivery,,Delivery,pitch.1,701306,1.1031,-1.8288,86.4762,31.3183,76.0086,8.7311,-0.0834,0.3416
1779744291368,2,Pitching Mound.Drive,,Delivery,pitch.1,702174,0.0275,-0.2701,0.9939,0.0549,-0.6794,-0.7076,0.0,0.0
1779744291368,2,Pitching Mound.Parent,,Delivery,pitch.1,700630,1.1306,-2.0989,87.4701,31.3732,75.3291,8.0235,-0.0824,0.3378
1779744291369,2,11.0000004b,Drive,Delivery,pitch.1,702175,0.0281,-0.2694,0.8676,0.0608,-0.6923,-0.7295,0.0,0.0
1779744291369,2,12.00000015,Lower Delivery,Delivery,pitch.1,702254,1.1969,-1.8642,86.0299,1.8452,76.2347,10.5905,-0.0843,0.002
1779744291369,2,12.00000018,Upper Delivery,Delivery,pitch.1,702941,-0.0643,0.0072,0.0492,0.0912,0.2394,-1.4016,0.0,0.0
1779744291369,2,Pitching Mound.Delivery,,Delivery,pitch.1,701307,1.1325,-1.857,86.0792,31.1698,76.474,8.7601,-0.0842,0.3417
1779744291369,2,Pitching Mound.Drive,,Delivery,pitch.1,702175,0.0281,-0.2694,0.8676,0.0608,-0.6923,-0.7295,0.0,0.0
1779744291369,2,Pitching Mound.Parent,,Delivery,pitch.1,700631,1.1606,-2.1264,86.9467,31.2307,75.7817,8.0306,-0.0834,0.3382
1779744291370,2,11.0000004b,Drive,Delivery,pitch.1,702176,0.0345,-0.2592,0.7642,0.0467,-0.6768,-0.7032,0.0,0.0
1779744291370,2,12.00000015,Lower Delivery,Delivery,pitch.1,702255,1.1992,-1.8644,86.2248,1.7584,76.5047,10.6716,-0.0844,0.0019
1779744291370,2,12.00000018,Upper Delivery,Delivery,pitch.1,702942,-0.0601,0.0041,0.0568,0.0938,0.2432,-1.4217,0.0,0.0
1779744291370,2,Pitching Mound.Delivery,,Delivery,pitch.1,701308,1.139,-1.8602,86.2816,31.1493,76.7479,8.8218,-0.0843,0.3415
1779744291370,2,Pitching Mound.Drive,,Delivery,pitch.1,702176,0.0345,-0.2592,0.7642,0.0467,-0.6768,-0.7032,0.0,0.0
1779744291370,2,Pitching Mound.Parent,,Delivery,pitch.1,700632,1.1736,-2.1194,87.0458,31.196,76.0711,8.1186,-0.0836,0.3385
1779744291371,2,11.0000004b,Drive,Delivery,pitch.1,702177,0.0258,-0.2672,0.8731,0.0504,-0.7085,-0.7163,0.0,0.0
1779744291371,2,12.00000015,Lower Delivery,Delivery,pitch.1,702256,1.2326,-1.8894,86.8765,1.9339,77.3942,10.7471,-0.0847,0.0021
1779744291371,2,12.00000018,Upper Delivery,Delivery,pitch.1,702943,-0.0623,0.0077,0.0291,0.0949,0.2449,-1.4305,0.0,0.0
1779744291371,2,Pitching Mound.Delivery,,Delivery,pitch.1,701309,1.1703,-1.8817,86.9056,31.5569,77.6391,8.8763,-0.0847,0.3419
1779744291371,2,Pitching Mound.Drive,,Delivery,pitch.1,702177,0.0258,-0.2672,0.8731,0.0504,-0.7085,-0.7163,0.0,0.0
1779744291371,2,Pitching Mound.Parent,,Delivery,pitch.1,700633,1.1961,-2.1489,87.7787,31.6073,76.9306,8.16,-0.0839,0.3385
1779744291372,2,11.0000004b,Drive,Delivery,pitch.1,702178,0.031,-0.2662,0.7971,0.056,-0.7766,-0.7217,0.0,0.0
1779744291372,2,12.00000015,Lower Delivery,Delivery,pitch.1,702257,1.2495,-1.9257,87.0459,1.7922,77.4246,10.836,-0.0846,0.002
1779744291372,2,12.00000018,Upper Delivery,Delivery,pitch.1,702944,-0.0631,0.0016,0.0293,0.0973,0.2485,-1.449,0.0,0.0
1779744291372,2,Pitching Mound.Delivery,,Delivery,pitch.1,701310,1.1864,-1.9241,87.0752,31.4751,77.673,8.9407,-0.0846,0.3417
1779744291372,2,Pitching Mound.Drive,,Delivery,pitch.1,702178,0.031,-0.2662,0.7971,0.056,-0.7766,-0.7217,0.0,0.0
1779744291372,2,Pitching Mound.Parent,,Delivery,pitch.1,700634,1.2174,-2.1903,87.8723,31.5311,76.8965,8.2189,-0.0838,0.3386
1779744291373,2,11.0000004b,Drive,Delivery,pitch.1,702179,0.0302,-0.2672,0.7696,0.0484,-0.6985,-0.6848,0.0,0.0
1779744291373,2,12.00000015,Lower Delivery,Delivery,pitch.1,702258,1.2757,-1.9474,87.1168,1.8355,77.3436,10.8677,-0.0845,0.002
1779744291373,2,12.00000018,Upper Delivery,Delivery,pitch.1,702945,-0.0617,-0.0006,0.0401,0.1138,0.2733,-1.5777,0.0,0.0
1779744291373,2,Pitching Mound.Delivery,,Delivery,pitch.1,701311,1.2139,-1.9479,87.1569,31.5554,77.6169,8.8352,-0.0844,0.3417
1779744291373,2,Pitching Mound.Drive,,Delivery,pitch.1,702179,0.0302,-0.2672,0.7696,0.0484,-0.6985,-0.6848,0.0,0.0
1779744291373,2,Pitching Mound.Parent,,Delivery,pitch.1,700635,1.2441,-2.2152,87.9265,31.6038,76.9184,8.1504,-0.0837,0.3387
1779744291374,2,11.0000004b,Drive,Delivery,pitch.1,702180,0.0314,-0.2732,0.7751,0.048,-0.6769,-0.6555,0.0,0.0
1779744291374,2,12.00000015,Lower Delivery,Delivery,pitch.1,702259,1.3047,-1.9707,87.8297,1.7115,77.3477,11.0255,-0.0838,0.0019
1779744291374,2,12.00000018,Upper Delivery,Delivery,pitch.1,702946,-0.0653,0.0007,0.0165,0.1185,0.2803,-1.614,0.0,0.0
1779744291374,2,Pitching Mound.Delivery,,Delivery,pitch.1,701312,1.2394,-1.97,87.8462,31.6864,77.628,8.9457,-0.0838,0.3417
1779744291374,2,Pitching Mound.Drive,,Delivery,pitch.1,702180,0.0314,-0.2732,0.7751,0.048,-0.6769,-0.6555,0.0,0.0
1779744291374,2,Pitching Mound.Parent,,Delivery,pitch.1,700636,1.2709,-2.2432,88.6213,31.7345,76.951,8.2901,-0.083,0.3387
1779744291375,2,11.0000004b,Drive,Delivery,pitch.1,702182,0.0406,-0.2729,0.7497,0.0534,-0.7051,-0.63,0.0,0.0
1779744291375,2,11.0000004b,Drive,Delivery,pitch.1,702181,0.0274,-0.2875,0.8473,0.054,-0.718,-0.6407,0.0,0.0
1779744291375,2,12.00000015,Lower Delivery,Delivery,pitch.1,702260,1.3153,-1.9795,87.8739,1.7725,77.5751,11.1107,-0.084,0.0019
1779744291375,2,12.00000018,Upper Delivery,Delivery,pitch.1,702947,-0.0626,0.0059,0.0148,0.1299,0.2974,-1.7031,0.0,0.0
1779744291375,2,Pitching Mound.Delivery,,Delivery,pitch.1,701313,1.2528,-1.9736,87.8887,31.7744,77.8725,8.9391,-0.084,0.3418
1779744291375,2,Pitching Mound.Drive,,Delivery,pitch.1,702182,0.0406,-0.2729,0.7497,0.0534,-0.7051,-0.63,0.0,0.0
1779744291375,2,Pitching Mound.Drive,,Delivery,pitch.1,702181,0.0274,-0.2875,0.8473,0.054,-0.718,-0.6407,0.0,0.0
1779744291375,2,Pitching Mound.Parent,,Delivery,pitch.1,700637,1.2802,-2.261,88.736,31.8285,77.1545,8.2984,-0.0832,0.3385
1779744291376,2,12.00000015,Lower Delivery,Delivery,pitch.1,702261,1.3717,-1.9959,88.6736,2.0376,78.5425,11.1689,-0.0843,0.0022
1779744291376,2,12.00000018,Upper Delivery,Delivery,pitch.1,702948,-0.0655,0.0043,0.009,0.1411,0.3142,-1.7904,0.0,0.0
1779744291376,2,Pitching Mound.Delivery,,Delivery,pitch.1,701314,1.3062,-1.9916,88.6826,32.3246,78.8568,8.8899,-0.0843,0.3421
1779744291376,2,Pitching Mound.Parent,,Delivery,pitch.1,700638,1.3467,-2.2645,89.4323,32.378,78.1516,8.2598,-0.0835,0.3392
1779744291377,2,11.0000004b,Drive,Delivery,pitch.1,702183,0.0358,-0.2847,0.7936,0.0523,-0.6905,-0.6219,0.0,0.0
1779744291377,2,12.00000015,Lower Delivery,Delivery,pitch.1,702262,1.4084,-2.0069,88.926,2.0564,78.5313,11.3269,-0.084,0.0022
1779744291377,2,12.00000018,Upper Delivery,Delivery,pitch.1,702949,-0.0648,-0.0037,0.0269,0.1393,0.3116,-1.7766,0.0,0.0
1779744291377,2,Pitching Mound.Delivery,,Delivery,pitch.1,701315,1.3436,-2.0106,88.9529,32.4214,78.8428,9.0494,-0.084,0.342
1779744291377,2,Pitching Mound.Drive,,Delivery,pitch.1,702183,0.0358,-0.2847,0.7936,0.0523,-0.6905,-0.6219,0.0,0.0
1779744291377,2,Pitching Mound.Parent,,Delivery,pitch.1,700639,1.3794,-2.2953,89.7465,32.4737,78.1523,8.4275,-0.0832,0.339
1779744291378,2,11.0000004b,Drive,Delivery,pitch.1,702184,0.0523,-0.2742,0.7277,0.0527,-0.6794,-0.6154,0.0,0.0
1779744291378,2,11.0000004b,Drive,Delivery,pitch.1,702185,0.0544,-0.2844,0.779,0.0675,-0.7974,-0.6134,0.0,0.0
1779744291378,2,12.00000015,Lower Delivery,Delivery,pitch.1,702263,1.453,-2.0186,88.828,2.1977,79.0987,11.4193,-0.0847,0.0024
1779744291378,2,12.00000018,Upper Delivery,Delivery,pitch.1,702950,-0.0671,-0.0124,0.0645,0.1405,0.3134,-1.7861,0.0,0.0
1779744291378,2,Pitching Mound.Delivery,,Delivery,pitch.1,701316,1.386,-2.031,88.8925,32.5178,79.4121,9.1164,-0.0846,0.3419
1779744291378,2,Pitching Mound.Drive,,Delivery,pitch.1,702184,0.0523,-0.2742,0.7277,0.0527,-0.6794,-0.6154,0.0,0.0
1779744291378,2,Pitching Mound.Drive,,Delivery,pitch.1,702185,0.0544,-0.2844,0.779,0.0675,-0.7974,-0.6134,0.0,0.0
1779744291378,2,Pitching Mound.Parent,,Delivery,pitch.1,700640,1.4383,-2.3052,89.6202,32.5706,78.7327,8.5009,-0.084,0.3391
1779744291379,2,12.00000015,Lower Delivery,Delivery,pitch.1,702264,1.4971,-2.0276,89.1676,2.3039,79.2597,11.5569,-0.0846,0.0025
1779744291379,2,12.00000018,Upper Delivery,Delivery,pitch.1,702951,-0.0684,-0.0244,0.1,0.1442,0.3189,-1.8149,0.0,0.0
1779744291379,2,Pitching Mound.Delivery,,Delivery,pitch.1,701317,1.4287,-2.0519,89.2675,32.7311,79.5786,9.2098,-0.0845,0.3417
1779744291379,2,Pitching Mound.Parent,,Delivery,pitch.1,700641,1.4831,-2.3364,90.0465,32.7987,78.7812,8.5964,-0.0837,0.3387
1779744291380,2,11.0000004b,Drive,Delivery,pitch.1,702186,0.0536,-0.2779,0.763,0.0655,-0.7853,-0.619,0.0,0.0
1779744291380,2,12.00000015,Lower Delivery,Delivery,pitch.1,702265,1.5654,-2.0564,89.779,2.3868,79.5579,11.6945,-0.0843,0.0025
1779744291380,2,12.00000018,Upper Delivery,Delivery,pitch.1,702952,-0.0646,-0.0091,0.0865,0.1579,0.3394,-1.9212,0.0,0.0
1779744291380,2,Pitching Mound.Delivery,,Delivery,pitch.1,701318,1.5007,-2.0655,89.8654,33.0401,79.8973,9.2191,-0.0842,0.3419
1779744291380,2,Pitching Mound.Drive,,Delivery,pitch.1,702186,0.0536,-0.2779,0.763,0.0655,-0.7853,-0.619,0.0,0.0
1779744291380,2,Pitching Mound.Parent,,Delivery,pitch.1,700642,1.5543,-2.3434,90.6284,33.1056,79.1121,8.6001,-0.0835,0.339
1779744291381,2,11.0000004b,Drive,Delivery,pitch.1,702187,0.0509,-0.3123,0.9676,0.0725,-0.8353,-0.6022,0.0,0.0
1779744291381,2,12.00000015,Lower Delivery,Delivery,pitch.1,702266,1.6235,-2.068,90.0049,2.603,79.9964,11.8456,-0.0846,0.0028
1779744291381,2,12.00000018,Upper Delivery,Delivery,pitch.1,702953,-0.0648,-0.0084,0.0953,0.1614,0.3448,-1.9489,0.0,0.0
1779744291381,2,Pitching Mound.Delivery,,Delivery,pitch.1,701319,1.5588,-2.0765,90.1002,33.3336,80.3412,9.3227,-0.0845,0.342
1779744291381,2,Pitching Mound.Drive,,Delivery,pitch.1,702187,0.0509,-0.3123,0.9676,0.0725,-0.8353,-0.6022,0.0,0.0
1779744291381,2,Pitching Mound.Parent,,Delivery,pitch.1,700643,1.6096,-2.3888,91.0678,33.4062,79.5059,8.7206,-0.0836,0.3384
1779744291382,2,11.0000004b,Drive,Delivery,pitch.1,702188,0.0378,-0.3094,1.0183,0.0711,-0.8365,-0.632,0.0,0.0
1779744291382,2,12.00000015,Lower Delivery,Delivery,pitch.1,702267,1.674,-2.0738,90.2154,2.4065,79.9664,11.9606,-0.0843,0.0025
1779744291382,2,12.00000018,Upper Delivery,Delivery,pitch.1,702954,-0.0669,-0.0174,0.1283,0.1615,0.3449,-1.9495,0.0,0.0
1779744291382,2,Pitching Mound.Delivery,,Delivery,pitch.1,701320,1.6071,-2.0912,90.3437,33.1976,80.3113,9.4192,-0.0842,0.3416
1779744291382,2,Pitching Mound.Drive,,Delivery,pitch.1,702188,0.0378,-0.3094,1.0183,0.0711,-0.8365,-0.632,0.0,0.0
1779744291382,2,Pitching Mound.Parent,,Delivery,pitch.1,700644,1.6448,-2.4006,91.362,33.2687,79.4747,8.7872,-0.0833,0.3378
1779744291383,2,11.0000004b,Drive,Delivery,pitch.1,702189,0.0381,-0.3276,0.9776,0.0745,-0.8564,-0.617,0.0,0.0
1779744291383,2,12.00000015,Lower Delivery,Delivery,pitch.1,702268,1.7381,-2.0821,90.5093,2.6408,80.403,12.079,-0.0845,0.0028
1779744291383,2,12.00000018,Upper Delivery,Delivery,pitch.1,702955,-0.0653,-0.008,0.1032,0.1668,0.3529,-1.9911,0.0,0.0
1779744291383,2,Pitching Mound.Delivery,,Delivery,pitch.1,701321,1.6728,-2.0901,90.6125,33.5457,80.7559,9.4748,-0.0844,0.342
1779744291383,2,Pitching Mound.Drive,,Delivery,pitch.1,702189,0.0381,-0.3276,0.9776,0.0745,-0.8564,-0.617,0.0,0.0
1779744291383,2,Pitching Mound.Parent,,Delivery,pitch.1,700645,1.7109,-2.4176,91.5901,33.6202,79.8995,8.8578,-0.0835,0.3383
1779744291384,2,11.0000004b,Drive,Delivery,pitch.1,702190,0.0293,-0.3141,1.058,0.0685,-0.8197,-0.649,0.0,0.0
1779744291384,2,12.00000015,Lower Delivery,Delivery,pitch.1,702269,1.7982,-2.0904,90.6071,2.5945,81.0822,12.2024,-0.0851,0.0027
1779744291384,2,12.00000018,Upper Delivery,Delivery,pitch.1,702956,-0.0627,0.0049,0.0808,0.1625,0.3463,-1.9572,0.0,0.0
1779744291384,2,Pitching Mound.Delivery,,Delivery,pitch.1,701322,1.7355,-2.0855,90.6879,33.5359,81.4286,9.6125,-0.0851,0.3421
1779744291384,2,Pitching Mound.Drive,,Delivery,pitch.1,702190,0.0293,-0.3141,1.058,0.0685,-0.8197,-0.649,0.0,0.0
1779744291384,2,Pitching Mound.Parent,,Delivery,pitch.1,700646,1.7648,-2.3996,91.7459,33.6044,80.6089,8.9635,-0.0841,0.3382
1779744291385,2,11.0000004b,Drive,Delivery,pitch.1,702191,0.0274,-0.3143,1.1217,0.0608,-0.773,-0.6737,0.0,0.0
1779744291385,2,12.00000015,Lower Delivery,Delivery,pitch.1,702270,1.8583,-2.1171,90.911,2.5378,81.4328,12.2717,-0.0852,0.0027
1779744291385,2,12.00000018,Upper Delivery,Delivery,pitch.1,702957,-0.0605,0.0085,0.079,0.1777,0.3692,-2.0757,0.0,0.0
1779744291385,2,Pitching Mound.Delivery,,Delivery,pitch.1,701323,1.7979,-2.1086,90.9901,33.5984,81.802,9.5436,-0.0851,0.3421
1779744291385,2,Pitching Mound.Drive,,Delivery,pitch.1,702191,0.0274,-0.3143,1.1217,0.0608,-0.773,-0.6737,0.0,0.0
1779744291385,2,Pitching Mound.Parent,,Delivery,pitch.1,700647,1.8253,-2.4228,92.1118,33.6592,81.0291,8.8699,-0.0841,0.3379
1779744291386,2,11.0000004b,Drive,Delivery,pitch.1,702192,0.0304,-0.3227,1.0648,0.0544,-0.7229,-0.6847,0.0,0.0
1779744291386,2,11.0000004b,Drive,Delivery,pitch.1,702193,0.0235,-0.3113,1.0867,0.0434,-0.6424,-0.697,0.0,0.0
1779744291386,2,12.00000015,Lower Delivery,Delivery,pitch.1,702271,1.9285,-2.1223,90.7074,2.5779,81.7383,12.3784,-0.0857,0.0027
1779744291386,2,12.00000018,Upper Delivery,Delivery,pitch.1,702958,-0.0585,0.0134,0.0799,0.1808,0.3739,-2.1003,0.0,0.0
1779744291386,2,Pitching Mound.Delivery,,Delivery,pitch.1,701324,1.8701,-2.1089,90.7873,33.572,82.1122,9.6025,-0.0856,0.3421
1779744291386,2,Pitching Mound.Drive,,Delivery,pitch.1,702192,0.0304,-0.3227,1.0648,0.0544,-0.7229,-0.6847,0.0,0.0
1779744291386,2,Pitching Mound.Drive,,Delivery,pitch.1,702193,0.0235,-0.3113,1.0867,0.0434,-0.6424,-0.697,0.0,0.0
1779744291386,2,Pitching Mound.Parent,,Delivery,pitch.1,700648,1.9005,-2.4316,91.8522,33.6264,81.3893,8.9178,-0.0847,0.3381
1779744291387,2,11.0000004b,Drive,Delivery,pitch.1,702194,0.02,-0.3036,1.1057,0.041,-0.6117,-0.6679,0.0,0.0
1779744291387,2,12.00000015,Lower Delivery,Delivery,pitch.1,702272,1.9825,-2.13,91.0089,2.5771,81.7065,12.4934,-0.0854,0.0027
1779744291387,2,12.00000018,Upper Delivery,Delivery,pitch.1,702959,-0.0591,0.0115,0.0838,0.1771,0.3684,-2.0715,0.0,0.0
1779744291387,2,Pitching Mound.Delivery,,Delivery,pitch.1,701325,1.9234,-2.1185,91.0927,33.6687,82.0749,9.7277,-0.0853,0.3421
1779744291387,2,Pitching Mound.Drive,,Delivery,pitch.1,702194,0.02,-0.3036,1.1057,0.041,-0.6117,-0.6679,0.0,0.0
1779744291387,2,Pitching Mound.Parent,,Delivery,pitch.1,700649,1.9469,-2.4299,92.1794,33.7122,81.4325,9.0307,-0.0843,0.338
1779744291388,2,11.0000004b,Drive,Delivery,pitch.1,702195,0.0179,-0.3082,1.1041,0.0323,-0.5257,-0.65,0.0,0.0
1779744291388,2,12.00000015,Lower Delivery,Delivery,pitch.1,702273,2.0311,-2.1539,91.2645,2.6721,82.0264,12.5542,-0.0855,0.0028
1779744291388,2,12.00000018,Upper Delivery,Delivery,pitch.1,702960,-0.0586,0.0091,0.0703,0.179,0.3711,-2.0859,0.0,0.0
1779744291388,2,Pitching Mound.Delivery,,Delivery,pitch.1,701326,1.9725,-2.1448,91.3348,33.8571,82.3976,9.7578,-0.0854,0.3423
1779744291388,2,Pitching Mound.Drive,,Delivery,pitch.1,702195,0.0179,-0.3082,1.1041,0.0323,-0.5257,-0.65,0.0,0.0
1779744291388,2,Pitching Mound.Parent,,Delivery,pitch.1,700650,1.9925,-2.4484,92.4405,33.8981,81.7858,9.0899,-0.0844,0.3382
1779744291389,2,11.0000004b,Drive,Delivery,pitch.1,702196,0.0136,-0.3129,1.0765,0.0278,-0.4768,-0.6237,0.0,0.0
1779744291389,2,12.00000015,Lower Delivery,Delivery,pitch.1,702274,2.0808,-2.1373,91.4079,2.7679,82.6093,12.6473,-0.086,0.0029
1779744291389,2,12.00000018,Upper Delivery,Delivery,pitch.1,702961,-0.0576,0.0099,0.0597,0.1791,0.3714,-2.0872,0.0,0.0
1779744291389,2,Pitching Mound.Delivery,,Delivery,pitch.1,701327,2.0232,-2.1275,91.4676,34.0054,82.9807,9.8331,-0.0859,0.3424
1779744291389,2,Pitching Mound.Drive,,Delivery,pitch.1,702196,0.0136,-0.3129,1.0765,0.0278,-0.4768,-0.6237,0.0,0.0
1779744291389,2,Pitching Mound.Parent,,Delivery,pitch.1,700651,2.0411,-2.4356,92.5718,34.0377,82.455,9.1831,-0.0849,0.3384
1779744291390,2,11.0000004b,Drive,Delivery,pitch.1,702197,0.0146,-0.3215,1.0177,0.0245,-0.4429,-0.6003,0.0,0.0
1779744291390,2,12.00000015,Lower Delivery,Delivery,pitch.1,702275,2.1176,-2.144,91.5152,2.7348,82.8561,12.6825,-0.0861,0.0028
1779744291390,2,12.00000018,Upper Delivery,Delivery,pitch.1,702962,-0.0589,0.0098,0.0402,0.1641,0.3487,-1.9696,0.0,0.0
1779744291390,2,Pitching Mound.Delivery,,Delivery,pitch.1,701328,2.0587,-2.1342,91.5554,34.0003,83.2049,9.9729,-0.0861,0.3425
1779744291390,2,Pitching Mound.Drive,,Delivery,pitch.1,702197,0.0146,-0.3215,1.0177,0.0245,-0.4429,-0.6003,0.0,0.0
1779744291390,2,Pitching Mound.Parent,,Delivery,pitch.1,700652,2.0723,-2.447,92.6319,34.0281,82.7281,9.3492,-0.0851,0.3386
1779744291391,2,11.0000004b,Drive,Delivery,pitch.1,702198,0.0199,-0.3165,0.9119,0.0316,-0.5048,-0.6053,0.0,0.0
1779744291391,2,12.00000015,Lower Delivery,Delivery,pitch.1,702276,2.1639,-2.1533,92.0966,2.8157,83.0164,12.7701,-0.0858,0.0029
1779744291391,2,12.00000018,Upper Delivery,Delivery,pitch.1,702963,-0.0593,0.0067,0.0339,0.162,0.3456,-1.9533,0.0,0.0
1779744291391,2,Pitching Mound.Delivery,,Delivery,pitch.1,701329,2.1046,-2.1466,92.1305,34.2789,83.362,10.061,-0.0857,0.3427
1779744291391,2,Pitching Mound.Drive,,Delivery,pitch.1,702198,0.0199,-0.3165,0.9119,0.0316,-0.5048,-0.6053,0.0,0.0
1779744291391,2,Pitching Mound.Parent,,Delivery,pitch.1,700653,2.1192,-2.4681,93.1482,34.3035,82.9191,9.4607,-0.0848,0.3389
1779744291392,2,12.00000015,Lower Delivery,Delivery,pitch.1,702277,2.1943,-2.1618,92.3779,2.5518,83.2108,12.7938,-0.0857,0.0026
1779744291392,2,12.00000018,Upper Delivery,Delivery,pitch.1,702964,-0.0569,0.0087,0.0302,0.1615,0.3449,-1.9499,0.0,0.0
1779744291392,2,Pitching Mound.Delivery,,Delivery,pitch.1,701330,2.1374,-2.1531,92.4081,34.1115,83.5558,10.0785,-0.0857,0.3424
1779744291392,2,Pitching Mound.Parent,,Delivery,pitch.1,700654,2.1573,-2.4695,93.32,34.1431,83.051,9.4733,-0.0848,0.3391
1779744291393,2,11.0000004b,Drive,Delivery,pitch.1,702199,0.0296,-0.3095,0.8612,0.0387,-0.564,-0.6075,0.0,0.0
1779744291393,2,11.0000004b,Drive,Delivery,pitch.1,702200,0.0415,-0.295,0.7929,0.0336,-0.4896,-0.58,0.0,0.0
1779744291393,2,12.00000015,Lower Delivery,Delivery,pitch.1,702278,2.2423,-2.1599,92.8451,2.9179,83.2953,12.8577,-0.0853,0.003
1779744291393,2,12.00000018,Upper Delivery,Delivery,pitch.1,702965,-0.0562,0.0091,0.0263,0.149,0.3261,-1.8521,0.0,0.0
1779744291393,2,Pitching Mound.Delivery,,Delivery,pitch.1,701331,2.1862,-2.1507,92.8713,34.6252,83.6214,10.2241,-0.0853,0.3428
1779744291393,2,Pitching Mound.Drive,,Delivery,pitch.1,702199,0.0296,-0.3095,0.8612,0.0387,-0.564,-0.6075,0.0,0.0
1779744291393,2,Pitching Mound.Drive,,Delivery,pitch.1,702200,0.0415,-0.295,0.7929,0.0336,-0.4896,-0.58,0.0,0.0
1779744291393,2,Pitching Mound.Parent,,Delivery,pitch.1,700655,2.2158,-2.4602,93.7326,34.6639,83.0575,9.6166,-0.0845,0.3396
1779744291394,2,11.0000004b,Drive,Delivery,pitch.1,702201,0.0412,-0.3022,0.8156,0.0392,-0.5156,-0.5572,0.0,0.0
1779744291394,2,12.00000015,Lower Delivery,Delivery,pitch.1,702279,2.2943,-2.1688,92.8808,2.7699,83.4013,12.9569,-0.0854,0.0028
1779744291394,2,12.00000018,Upper Delivery,Delivery,pitch.1,702966,-0.0585,0.011,0.0138,0.1503,0.328,-1.862,0.0,0.0
1779744291394,2,Pitching Mound.Delivery,,Delivery,pitch.1,701332,2.2358,-2.1578,92.8946,34.495,83.7293,10.295,-0.0854,0.3427
1779744291394,2,Pitching Mound.Drive,,Delivery,pitch.1,702201,0.0412,-0.3022,0.8156,0.0392,-0.5156,-0.5572,0.0,0.0
1779744291394,2,Pitching Mound.Parent,,Delivery,pitch.1,700656,2.2772,-2.4528,93.6875,34.5285,83.2397,9.7149,-0.0847,0.3398
1779744291395,2,11.0000004b,Drive,Delivery,pitch.1,702202,0.0458,-0.285,0.7387,0.0435,-0.5702,-0.6102,0.0,0.0
1779744291395,2,12.00000015,Lower Delivery,Delivery,pitch.1,702280,2.3376,-2.1746,93.0063,2.5378,83.1665,13.0305,-0.0851,0.0026
1779744291395,2,12.00000018,Upper Delivery,Delivery,pitch.1,702967,-0.061,0.0058,0.0063,0.1426,0.3165,-1.8024,0.0,0.0
1779744291395,2,Pitching Mound.Delivery,,Delivery,pitch.1,701333,2.2766,-2.1688,93.0126,34.3004,83.483,10.4126,-0.0851,0.3425
1779744291395,2,Pitching Mound.Drive,,Delivery,pitch.1,702202,0.0458,-0.285,0.7387,0.0435,-0.5702,-0.6102,0.0,0.0
1779744291395,2,Pitching Mound.Parent,,Delivery,pitch.1,700657,2.3178,-2.471,93.8282,34.3396,82.9675,9.8554,-0.0843,0.3396
1779744291396,2,11.0000004b,Drive,Delivery,pitch.1,702203,0.0463,-0.2825,0.7412,0.0448,-0.5733,-0.5969,0.0,0.0
1779744291396,2,12.00000015,Lower Delivery,Delivery,pitch.1,702281,2.3715,-2.1763,93.1993,2.521,83.3457,13.1055,-0.0851,0.0026
1779744291396,2,12.00000018,Upper Delivery,Delivery,pitch.1,702968,-0.0622,0.0043,0.0091,0.1351,0.3052,-1.7436,0.0,0.0
1779744291396,2,Pitching Mound.Delivery,,Delivery,pitch.1,701334,2.3093,-2.172,93.2084,34.3407,83.6509,10.5344,-0.0851,0.3425
1779744291396,2,Pitching Mound.Drive,,Delivery,pitch.1,702203,0.0463,-0.2825,0.7412,0.0448,-0.5733,-0.5969,0.0,0.0
1779744291396,2,Pitching Mound.Parent,,Delivery,pitch.1,700658,2.3552,-2.4571,93.9471,34.3842,83.0807,9.9242,-0.0844,0.3398
1779744291397,2,11.0000004b,Drive,Delivery,pitch.1,702204,0.051,-0.282,0.7305,0.0578,-0.7192,-0.6179,0.0,0.0
1779744291397,2,12.00000015,Lower Delivery,Delivery,pitch.1,702282,2.4142,-2.2034,93.4982,2.4742,83.26,13.1845,-0.0847,0.0025
1779744291397,2,12.00000018,Upper Delivery,Delivery,pitch.1,702969,-0.0656,-0.0028,0.0237,0.135,0.305,-1.7427,0.0,0.0
1779744291397,2,Pitching Mound.Delivery,,Delivery,pitch.1,701335,2.3486,-2.2061,93.5219,34.3905,83.5651,10.5986,-0.0847,0.3423
1779744291397,2,Pitching Mound.Drive,,Delivery,pitch.1,702204,0.051,-0.282,0.7305,0.0578,-0.7192,-0.6179,0.0,0.0
1779744291397,2,Pitching Mound.Parent,,Delivery,pitch.1,700659,2.3949,-2.4886,94.2631,34.4353,82.9918,10.0017,-0.084,0.3397
1779744291398,2,11.0000004b,Drive,Delivery,pitch.1,702205,0.0535,-0.2705,0.6841,0.0659,-0.7983,-0.6567,0.0,0.0
1779744291398,2,12.00000015,Lower Delivery,Delivery,pitch.1,702283,2.4326,-2.2175,93.6351,2.5178,83.7742,13.2629,-0.0851,0.0026
1779744291398,2,12.00000018,Upper Delivery,Delivery,pitch.1,702970,-0.0657,-0.0042,0.0316,0.1359,0.3064,-1.7499,0.0,0.0
1779744291398,2,Pitching Mound.Delivery,,Delivery,pitch.1,701336,2.3669,-2.2217,93.6667,34.4789,84.0806,10.6637,-0.0851,0.3423
1779744291398,2,Pitching Mound.Drive,,Delivery,pitch.1,702205,0.0535,-0.2705,0.6841,0.0659,-0.7983,-0.6567,0.0,0.0
1779744291398,2,Pitching Mound.Parent,,Delivery,pitch.1,700660,2.4179,-2.5037,94.3972,34.5366,83.3614,10.0458,-0.0844,0.3397
1779744291399,2,11.0000004b,Drive,Delivery,pitch.1,702206,0.0545,-0.2662,0.702,0.0692,-0.8418,-0.6713,0.0,0.0
1779744291399,2,12.00000015,Lower Delivery,Delivery,pitch.1,702284,2.4934,-2.2466,93.7318,2.499,83.8929,13.3199,-0.0851,0.0025
1779744291399,2,12.00000018,Upper Delivery,Delivery,pitch.1,702971,-0.0701,-0.0051,0.0316,0.129,0.2961,-1.6964,0.0,0.0
1779744291399,2,Pitching Mound.Delivery,,Delivery,pitch.1,701337,2.4233,-2.2516,93.7634,34.4861,84.1891,10.752,-0.0851,0.3423
1779744291399,2,Pitching Mound.Drive,,Delivery,pitch.1,702206,0.0545,-0.2662,0.702,0.0692,-0.8418,-0.6713,0.0,0.0
1779744291399,2,Pitching Mound.Parent,,Delivery,pitch.1,700661,2.4768,-2.5221,94.4475,34.552,83.3908,10.0953,-0.0845,0.3398
1779744291400,2,11.0000004b,Drive,Delivery,pitch.1,702207,0.0537,-0.2712,0.7405,0.0774,-0.8912,-0.7175,0.0,0.0
1779744291400,2,12.00000015,Lower Delivery,Delivery,pitch.1,702285,2.5237,-2.2891,93.7532,2.5107,84.0886,13.3622,-0.0853,0.0025
1779744291400,2,12.00000018,Upper Delivery,Delivery,pitch.1,702972,-0.068,-0.003,0.0193,0.1222,0.2859,-1.6433,0.0,0.0
1779744291400,2,Pitching Mound.Delivery,,Delivery,pitch.1,701338,2.4557,-2.292,93.7725,34.5025,84.3745,10.8378,-0.0853,0.3424
1779744291400,2,Pitching Mound.Drive,,Delivery,pitch.1,702207,0.0537,-0.2712,0.7405,0.0774,-0.8912,-0.7175,0.0,0.0
1779744291400,2,Pitching Mound.Parent,,Delivery,pitch.1,700662,2.5102,-2.5582,94.4744,34.5716,83.5327,10.1665,-0.0847,0.3399
1779744291401,2,11.0000004b,Drive,Delivery,pitch.1,702208,0.0438,-0.2753,0.7708,0.0732,-0.7642,-0.6847,0.0,0.0
1779744291401,2,12.00000015,Lower Delivery,Delivery,pitch.1,702286,2.5635,-2.3095,93.8478,2.6422,84.5558,13.4208,-0.0857,0.0027
1779744291401,2,12.00000018,Upper Delivery,Delivery,pitch.1,702973,-0.0695,-0.0027,0.0162,0.1289,0.2959,-1.6954,0.0,0.0
1779744291401,2,Pitching Mound.Delivery,,Delivery,pitch.1,701339,2.4941,-2.3122,93.8639,34.6738,84.8517,10.8301,-0.0857,0.3426
1779744291401,2,Pitching Mound.Drive,,Delivery,pitch.1,702208,0.0438,-0.2753,0.7708,0.0732,-0.7642,-0.6847,0.0,0.0
1779744291401,2,Pitching Mound.Parent,,Delivery,pitch.1,700663,2.5477,-2.5834,94.6045,34.7512,83.9605,10.1126,-0.085,0.3399
1779744291402,2,11.0000004b,Drive,Delivery,pitch.1,702209,0.033,-0.3022,0.8725,0.0857,-0.7601,-0.7004,0.0,0.0
1779744291402,2,12.00000015,Lower Delivery,Delivery,pitch.1,702287,2.6083,-2.3371,93.9556,2.7913,85.0713,13.5139,-0.0861,0.0028
1779744291402,2,12.00000018,Upper Delivery,Delivery,pitch.1,702974,-0.0747,-0.0134,0.0385,0.1259,0.2914,-1.6717,0.0,0.0
1779744291402,2,Pitching Mound.Delivery,,Delivery,pitch.1,701340,2.5336,-2.3506,93.994,34.8489,85.3626,10.93,-0.0861,0.3425
1779744291402,2,Pitching Mound.Drive,,Delivery,pitch.1,702209,0.033,-0.3022,0.8725,0.0857,-0.7601,-0.7004,0.0,0.0
1779744291402,2,Pitching Mound.Parent,,Delivery,pitch.1,700664,2.5774,-2.6259,94.7649,34.9222,84.5984,10.2453,-0.0854,0.3398
1779744291403,2,11.0000004b,Drive,Delivery,pitch.1,702210,0.0355,-0.3001,0.8658,0.0689,-0.7629,-0.6703,0.0,0.0
1779744291403,2,12.00000015,Lower Delivery,Delivery,pitch.1,702289,2.6787,-2.3949,93.9567,2.8848,85.1715,13.6848,-0.0862,0.0029
1779744291403,2,12.00000015,Lower Delivery,Delivery,pitch.1,702288,2.6407,-2.3579,93.9567,2.8391,85.1829,13.6335,-0.0862,0.0029
1779744291403,2,12.00000018,Upper Delivery,Delivery,pitch.1,702975,-0.0728,-0.0065,0.0238,0.127,0.2931,-1.6808,0.0,0.0
1779744291403,2,Pitching Mound.Delivery,,Delivery,pitch.1,701341,2.5679,-2.3643,93.9805,34.9034,85.476,11.0301,-0.0862,0.3427
1779744291403,2,Pitching Mound.Drive,,Delivery,pitch.1,702210,0.0355,-0.3001,0.8658,0.0689,-0.7629,-0.6703,0.0,0.0
1779744291403,2,Pitching Mound.Parent,,Delivery,pitch.1,700665,2.601,-2.6665,94.853,34.989,84.716,10.3297,-0.0854,0.3395
1779744291404,2,11.0000004b,Drive,Delivery,pitch.1,702211,0.0326,-0.3027,0.9159,0.0793,-0.7585,-0.6791,0.0,0.0
1779744291404,2,12.00000015,Lower Delivery,Delivery,pitch.1,702290,2.7258,-2.4192,93.9482,2.9762,85.2194,13.7573,-0.0863,0.003
1779744291404,2,12.00000018,Upper Delivery,Delivery,pitch.1,702976,-0.0728,-0.0066,0.0259,0.1447,0.3197,-1.8188,0.0,0.0
1779744291404,2,Pitching Mound.Delivery,,Delivery,pitch.1,701342,2.6059,-2.4015,93.9827,34.966,85.4913,10.9304,-0.0862,0.3427
1779744291404,2,Pitching Mound.Drive,,Delivery,pitch.1,702211,0.0326,-0.3027,0.9159,0.0793,-0.7585,-0.6791,0.0,0.0
1779744291404,2,Pitching Mound.Parent,,Delivery,pitch.1,700666,2.6414,-2.7016,94.8485,35.0349,84.7283,10.2602,-0.0854,0.3396
1779744291405,2,11.0000004b,Drive,Delivery,pitch.1,702212,0.0486,-0.3087,0.8849,0.0905,-0.7354,-0.6751,0.0,0.0
1779744291405,2,12.00000018,Upper Delivery,Delivery,pitch.1,702977,-0.0719,-0.0049,0.0263,0.1424,0.3162,-1.8006,0.0,0.0
1779744291405,2,Pitching Mound.Delivery,,Delivery,pitch.1,701343,2.6539,-2.4241,93.9745,35.0521,85.5356,11.0055,-0.0863,0.3428
1779744291405,2,Pitching Mound.Drive,,Delivery,pitch.1,702212,0.0486,-0.3087,0.8849,0.0905,-0.7354,-0.6751,0.0,0.0
1779744291405,2,Pitching Mound.Parent,,Delivery,pitch.1,700667,2.6865,-2.7268,94.8904,35.1314,84.777,10.3264,-0.0854,0.3395
1779744291406,2,11.0000004b,Drive,Delivery,pitch.1,702213,0.0504,-0.3202,0.924,0.1029,-0.8089,-0.6779,0.0,0.0
1779744291406,2,12.00000015,Lower Delivery,Delivery,pitch.1,702291,2.7532,-2.4595,94.0213,3.1079,85.7463,13.7819,-0.0868,0.0031
1779744291406,2,12.00000015,Lower Delivery,Delivery,pitch.1,702292,2.8251,-2.4839,93.9872,3.1442,85.8999,13.8795,-0.0869,0.0032
1779744291406,2,12.00000018,Upper Delivery,Delivery,pitch.1,702978,-0.0678,-0.0017,0.0315,0.1512,0.3294,-1.8689,0.0,0.0
1779744291406,2,Pitching Mound.Delivery,,Delivery,pitch.1,701344,2.6854,-2.4613,94.0529,35.2155,86.0757,10.9538,-0.0867,0.3429
1779744291406,2,Pitching Mound.Drive,,Delivery,pitch.1,702213,0.0504,-0.3202,0.924,0.1029,-0.8089,-0.6779,0.0,0.0
1779744291406,2,Pitching Mound.Parent,,Delivery,pitch.1,700668,2.734,-2.77,94.9378,35.306,85.3403,10.2787,-0.0859,0.3397
1779744291407,2,11.0000004b,Drive,Delivery,pitch.1,702214,0.0556,-0.3294,0.9482,0.1101,-0.8346,-0.697,0.0,0.0
1779744291407,2,12.00000015,Lower Delivery,Delivery,pitch.1,702293,2.8688,-2.5088,94.0859,3.0184,85.6964,13.9488,-0.0866,0.0031
1779744291407,2,12.00000018,Upper Delivery,Delivery,pitch.1,702979,-0.0684,0.0009,0.0271,0.1484,0.3252,-1.8476,0.0,0.0
1779744291407,2,Pitching Mound.Delivery,,Delivery,pitch.1,701345,2.7567,-2.483,94.0143,35.239,86.2252,11.0481,-0.0869,0.343
1779744291407,2,Pitching Mound.Drive,,Delivery,pitch.1,702214,0.0556,-0.3294,0.9482,0.1101,-0.8346,-0.697,0.0,0.0
1779744291407,2,Pitching Mound.Parent,,Delivery,pitch.1,700669,2.8071,-2.8032,94.9383,35.3419,85.4162,10.3702,-0.0861,0.3396
1779744291408,2,11.0000004b,Drive,Delivery,pitch.1,702215,0.0518,-0.336,0.9697,0.1012,-0.8166,-0.6791,0.0,0.0
1779744291408,2,12.00000015,Lower Delivery,Delivery,pitch.1,702294,2.9076,-2.5323,94.1783,2.8851,85.3897,14.0018,-0.0863,0.0029
1779744291408,2,12.00000018,Upper Delivery,Delivery,pitch.1,702980,-0.0686,-0.0012,0.0474,0.1668,0.3528,-1.9909,0.0,0.0
1779744291408,2,Pitching Mound.Delivery,,Delivery,pitch.1,701346,2.8001,-2.51,94.1334,35.1582,86.0493,10.9592,-0.0866,0.3427
1779744291408,2,Pitching Mound.Drive,,Delivery,pitch.1,702215,0.0518,-0.336,0.9697,0.1012,-0.8166,-0.6791,0.0,0.0
1779744291408,2,Pitching Mound.Parent,,Delivery,pitch.1,700670,2.8557,-2.8394,95.0815,35.2683,85.2147,10.2622,-0.0857,0.3393
1779744291409,2,11.0000004b,Drive,Delivery,pitch.1,702216,0.044,-0.3338,0.9562,0.1015,-0.9463,-0.6733,0.0,0.0
1779744291409,2,12.00000015,Lower Delivery,Delivery,pitch.1,702295,2.9517,-2.5661,94.252,2.7473,85.1518,14.0697,-0.0859,0.0028
1779744291409,2,12.00000018,Upper Delivery,Delivery,pitch.1,702981,-0.0661,0.0033,0.0393,0.1743,0.3642,-2.0498,0.0,0.0
1779744291409,2,Pitching Mound.Delivery,,Delivery,pitch.1,701347,2.8416,-2.529,94.2176,35.0667,85.7539,10.941,-0.0862,0.3426
1779744291409,2,Pitching Mound.Drive,,Delivery,pitch.1,702216,0.044,-0.3338,0.9562,0.1015,-0.9463,-0.6733,0.0,0.0
1779744291409,2,Pitching Mound.Parent,,Delivery,pitch.1,700671,2.8934,-2.865,95.1873,35.1679,84.9373,10.2618,-0.0853,0.3391
1779744291410,2,11.0000004b,Drive,Delivery,pitch.1,702217,0.0509,-0.3326,0.9199,0.0942,-0.9128,-0.6973,0.0,0.0
1779744291410,2,12.00000015,Lower Delivery,Delivery,pitch.1,702296,2.9941,-2.5855,94.3012,2.7667,85.3332,14.1214,-0.0861,0.0028
1779744291410,2,12.00000018,Upper Delivery,Delivery,pitch.1,702982,-0.0631,0.0067,0.0479,0.1851,0.3803,-2.1335,0.0,0.0
1779744291410,2,Pitching Mound.Delivery,,Delivery,pitch.1,701348,2.8886,-2.5595,94.2999,34.9618,85.5321,10.9112,-0.0859,0.3424
1779744291410,2,Pitching Mound.Drive,,Delivery,pitch.1,702217,0.0509,-0.3326,0.9199,0.0942,-0.9128,-0.6973,0.0,0.0
1779744291410,2,Pitching Mound.Parent,,Delivery,pitch.1,700672,2.9327,-2.8933,95.2562,35.0633,84.5857,10.2378,-0.085,0.339
1779744291411,2,11.0000004b,Drive,Delivery,pitch.1,702218,0.0566,-0.3182,0.8738,0.1047,-0.9219,-0.7171,0.0,0.0
1779744291411,2,12.00000018,Upper Delivery,Delivery,pitch.1,702983,-0.064,-0.008,0.0791,0.1953,0.3956,-2.213,0.0,0.0
1779744291411,2,Pitching Mound.Delivery,,Delivery,pitch.1,701349,2.9301,-2.5935,94.3803,34.9974,85.7288,10.8686,-0.086,0.3422
1779744291411,2,Pitching Mound.Drive,,Delivery,pitch.1,702218,0.0566,-0.3182,0.8738,0.1047,-0.9219,-0.7171,0.0,0.0
1779744291411,2,Pitching Mound.Parent,,Delivery,pitch.1,700673,2.981,-2.9261,95.3002,35.0917,84.816,10.1714,-0.0852,0.3389
1779744291412,2,11.0000004b,Drive,Delivery,pitch.1,702219,0.0591,-0.3132,0.8586,0.1274,-1.0416,-0.7579,0.0,0.0
1779744291412,2,12.00000015,Lower Delivery,Delivery,pitch.1,702298,3.0427,-2.6518,94.2188,2.6038,85.0186,14.1946,-0.0858,0.0026
1779744291412,2,12.00000015,Lower Delivery,Delivery,pitch.1,702297,3.0109,-2.6124,94.2197,2.5494,84.5492,14.1991,-0.0854,0.0026
1779744291412,2,12.00000018,Upper Delivery,Delivery,pitch.1,702984,-0.0609,0.0003,0.0613,0.1902,0.388,-2.1732,0.0,0.0
1779744291412,2,Pitching Mound.Delivery,,Delivery,pitch.1,701350,2.95,-2.6121,94.281,34.7534,84.9372,10.9815,-0.0853,0.3421
1779744291412,2,Pitching Mound.Drive,,Delivery,pitch.1,702219,0.0591,-0.3132,0.8586,0.1274,-1.0416,-0.7579,0.0,0.0
1779744291412,2,Pitching Mound.Parent,,Delivery,pitch.1,700674,3.0066,-2.9303,95.1548,34.8581,84.0153,10.2643,-0.0845,0.339
1779744291413,2,11.0000004b,Drive,Delivery,pitch.1,702220,0.0652,-0.2969,0.8028,0.1467,-1.0325,-0.7692,0.0,0.0
1779744291413,2,12.00000018,Upper Delivery,Delivery,pitch.1,702985,-0.0632,-0.0099,0.098,0.1949,0.395,-2.2098,0.0,0.0
1779744291413,2,12.00000018,Upper Delivery,Delivery,pitch.1,702986,-0.0639,0.0001,0.0584,0.1982,0.4001,-2.236,0.0,0.0
1779744291413,2,Pitching Mound.Delivery,,Delivery,pitch.1,701351,2.9796,-2.6616,94.3168,34.7998,85.4136,10.9289,-0.0858,0.3419
1779744291413,2,Pitching Mound.Drive,,Delivery,pitch.1,702220,0.0652,-0.2969,0.8028,0.1467,-1.0325,-0.7692,0.0,0.0
1779744291413,2,Pitching Mound.Parent,,Delivery,pitch.1,700675,3.0387,-2.9748,95.1754,34.9271,84.372,10.171,-0.085,0.3388
1779744291414,2,11.0000004b,Drive,Delivery,pitch.1,702221,0.0608,-0.2984,0.8203,0.1366,-0.931,-0.7687,0.0,0.0
1779744291414,2,12.00000015,Lower Delivery,Delivery,pitch.1,702299,3.0739,-2.6746,94.2826,2.7919,85.3792,14.1899,-0.0861,0.0028
1779744291414,2,12.00000015,Lower Delivery,Delivery,pitch.1,702300,3.1002,-2.7004,94.2171,2.6622,85.1334,14.2126,-0.086,0.0027
1779744291414,2,12.00000018,Upper Delivery,Delivery,pitch.1,702987,-0.0637,-0.0008,0.0578,0.1933,0.3927,-2.1978,0.0,0.0
1779744291414,2,Pitching Mound.Delivery,,Delivery,pitch.1,701352,3.01,-2.6745,94.341,35.0264,85.7792,10.887,-0.0861,0.3424
1779744291414,2,Pitching Mound.Delivery,,Delivery,pitch.1,701353,3.0365,-2.7012,94.2749,34.8697,85.5261,10.9392,-0.0859,0.3423
1779744291414,2,Pitching Mound.Drive,,Delivery,pitch.1,702221,0.0608,-0.2984,0.8203,0.1366,-0.931,-0.7687,0.0,0.0
1779744291414,2,Pitching Mound.Parent,,Delivery,pitch.1,700676,3.0752,-2.9714,95.1438,35.1731,84.7468,10.1178,-0.0854,0.3395
1779744291414,2,Pitching Mound.Parent,,Delivery,pitch.1,700677,3.0973,-2.9996,95.0953,35.0063,84.5951,10.1705,-0.0852,0.3393
1779744291415,2,11.0000004b,Drive,Delivery,pitch.1,702222,0.0508,-0.3031,0.8333,0.1076,-0.9478,-0.7597,0.0,0.0
1779744291415,2,12.00000018,Upper Delivery,Delivery,pitch.1,702988,-0.0662,-0.0055,0.0375,0.1964,0.3974,-2.222,0.0,0.0
1779744291415,2,Pitching Mound.Drive,,Delivery,pitch.1,702222,0.0508,-0.3031,0.8333,0.1076,-0.9478,-0.7597,0.0,0.0
1779744291416,2,11.0000004b,Drive,Delivery,pitch.1,702223,0.0524,-0.2979,0.8173,0.0956,-0.963,-0.7364,0.0,0.0
1779744291416,2,12.00000015,Lower Delivery,Delivery,pitch.1,702301,3.1449,-2.7228,94.2272,2.6704,85.214,14.2786,-0.086,0.0027
1779744291416,2,12.00000015,Lower Delivery,Delivery,pitch.1,702302,3.1834,-2.7471,93.9709,2.3993,84.9213,14.3408,-0.086,0.0024
1779744291416,2,12.00000018,Upper Delivery,Delivery,pitch.1,702989,-0.0652,-0.0016,0.0432,0.1926,0.3917,-2.1925,0.0,0.0
1779744291416,2,Pitching Mound.Delivery,,Delivery,pitch.1,701354,3.0787,-2.7283,94.2647,34.8913,85.6113,10.9648,-0.086,0.3424
1779744291416,2,Pitching Mound.Delivery,,Delivery,pitch.1,701355,3.1182,-2.7487,94.0141,34.5274,85.313,11.0438,-0.0859,0.3421
1779744291416,2,Pitching Mound.Drive,,Delivery,pitch.1,702223,0.0524,-0.2979,0.8173,0.0956,-0.963,-0.7364,0.0,0.0
1779744291416,2,Pitching Mound.Parent,,Delivery,pitch.1,700678,3.1295,-3.0315,95.098,34.9989,84.6635,10.2051,-0.0852,0.3394
1779744291416,2,Pitching Mound.Parent,,Delivery,pitch.1,700679,3.1705,-3.0465,94.8314,34.6229,84.3499,10.3073,-0.0852,0.3392
1779744291417,2,11.0000004b,Drive,Delivery,pitch.1,702224,0.0527,-0.2926,0.8102,0.096,-0.8525,-0.7352,0.0,0.0
1779744291417,2,12.00000015,Lower Delivery,Delivery,pitch.1,702303,3.2151,-2.7684,93.9515,2.1738,84.8801,14.3573,-0.0859,0.0022
1779744291417,2,12.00000018,Upper Delivery,Delivery,pitch.1,702990,-0.063,0.0071,0.0347,0.1937,0.3933,-2.2011,0.0,0.0
1779744291417,2,Pitching Mound.Delivery,,Delivery,pitch.1,701356,3.1522,-2.7613,93.9862,34.2993,85.2735,11.0416,-0.0859,0.3419
1779744291417,2,Pitching Mound.Drive,,Delivery,pitch.1,702224,0.0527,-0.2926,0.8102,0.096,-0.8525,-0.7352,0.0,0.0
1779744291417,2,Pitching Mound.Parent,,Delivery,pitch.1,700680,3.2049,-3.0539,94.7964,34.3953,84.421,10.3064,-0.0852,0.339
1779744291418,2,11.0000004b,Drive,Delivery,pitch.1,702225,0.0551,-0.299,0.807,0.0804,-0.8053,-0.717,0.0,0.0
1779744291418,2,12.00000015,Lower Delivery,Delivery,pitch.1,702304,3.2676,-2.8085,94.2341,2.5044,85.2042,14.3701,-0.086,0.0025
1779744291418,2,12.00000018,Upper Delivery,Delivery,pitch.1,702991,-0.0628,0.0065,0.036,0.2023,0.4061,-2.2675,0.0,0.0
1779744291418,2,Pitching Mound.Delivery,,Delivery,pitch.1,701357,3.2048,-2.802,94.27,34.7341,85.6103,10.9703,-0.086,0.3423
1779744291418,2,Pitching Mound.Drive,,Delivery,pitch.1,702225,0.0551,-0.299,0.807,0.0804,-0.8053,-0.717,0.0,0.0
1779744291418,2,Pitching Mound.Parent,,Delivery,pitch.1,700681,3.2599,-3.101,95.077,34.8144,84.8051,10.2533,-0.0853,0.3394
1779744291419,2,11.0000004b,Drive,Delivery,pitch.1,702226,0.0505,-0.3065,0.8566,0.0666,-0.7263,-0.6778,0.0,0.0
1779744291419,2,12.00000015,Lower Delivery,Delivery,pitch.1,702305,3.3079,-2.8286,94.2585,2.5154,85.1446,14.4649,-0.0859,0.0025
1779744291419,2,12.00000018,Upper Delivery,Delivery,pitch.1,702992,-0.0637,0.0021,0.0361,0.2002,0.403,-2.2513,0.0,0.0
1779744291419,2,Pitching Mound.Delivery,,Delivery,pitch.1,701358,3.2442,-2.8266,94.2946,34.7512,85.5475,11.0673,-0.0859,0.3423
1779744291419,2,Pitching Mound.Drive,,Delivery,pitch.1,702226,0.0505,-0.3065,0.8566,0.0666,-0.7263,-0.6778,0.0,0.0
1779744291419,2,Pitching Mound.Parent,,Delivery,pitch.1,700682,3.2947,-3.1331,95.1512,34.8179,84.8212,10.3895,-0.0851,0.3392
1779744291420,2,11.0000004b,Drive,Delivery,pitch.1,702227,0.0459,-0.3242,0.8984,0.0561,-0.7304,-0.6592,0.0,0.0
1779744291420,2,12.00000015,Lower Delivery,Delivery,pitch.1,702306,3.3572,-2.8638,94.1655,2.9676,85.6065,14.511,-0.0865,0.003
1779744291420,2,12.00000018,Upper Delivery,Delivery,pitch.1,702993,-0.067,-0.006,0.0531,0.1959,0.3966,-2.2179,0.0,0.0
1779744291420,2,Pitching Mound.Delivery,,Delivery,pitch.1,701359,3.2903,-2.8698,94.2186,35.1617,86.0031,11.1289,-0.0864,0.3426
1779744291420,2,Pitching Mound.Drive,,Delivery,pitch.1,702227,0.0459,-0.3242,0.8984,0.0561,-0.7304,-0.6592,0.0,0.0
1779744291420,2,Pitching Mound.Parent,,Delivery,pitch.1,700683,3.3361,-3.194,95.117,35.2178,85.2727,10.4697,-0.0856,0.3394
1779744291421,2,11.0000004b,Drive,Delivery,pitch.1,702228,0.0481,-0.3179,0.8724,0.0503,-0.6675,-0.6258,0.0,0.0
1779744291421,2,12.00000015,Lower Delivery,Delivery,pitch.1,702307,3.3979,-2.8848,93.7168,2.8516,85.4976,14.5291,-0.0868,0.0029
1779744291421,2,12.00000018,Upper Delivery,Delivery,pitch.1,702994,-0.0657,-0.0025,0.0544,0.1884,0.3853,-2.1593,0.0,0.0
1779744291421,2,Pitching Mound.Delivery,,Delivery,pitch.1,701360,3.3322,-2.8873,93.7712,34.8852,85.8829,11.1923,-0.0867,0.3425
1779744291421,2,Pitching Mound.Drive,,Delivery,pitch.1,702228,0.0481,-0.3179,0.8724,0.0503,-0.6675,-0.6258,0.0,0.0
1779744291421,2,Pitching Mound.Parent,,Delivery,pitch.1,700684,3.3802,-3.2052,94.6436,34.9355,85.2154,10.5664,-0.0859,0.3393
1779744291422,2,11.0000004b,Drive,Delivery,pitch.1,702229,0.0385,-0.3288,0.9086,0.0389,-0.5536,-0.5922,0.0,0.0
1779744291422,2,12.00000015,Lower Delivery,Delivery,pitch.1,702308,3.4453,-2.9151,94.0996,3.1174,85.8847,14.5556,-0.0868,0.0032
1779744291422,2,12.00000018,Upper Delivery,Delivery,pitch.1,702995,-0.0668,-0.0051,0.0432,0.1897,0.3873,-2.1696,0.0,0.0
1779744291422,2,Pitching Mound.Delivery,,Delivery,pitch.1,701361,3.3785,-2.9202,94.1428,35.2863,86.272,11.1919,-0.0868,0.3428
1779744291422,2,Pitching Mound.Drive,,Delivery,pitch.1,702229,0.0385,-0.3288,0.9086,0.0389,-0.5536,-0.5922,0.0,0.0
1779744291422,2,Pitching Mound.Parent,,Delivery,pitch.1,700685,3.4169,-3.249,95.0514,35.3252,85.7184,10.5997,-0.086,0.3396
1779744291423,2,11.0000004b,Drive,Delivery,pitch.1,702230,0.0388,-0.3331,0.9283,0.0286,-0.4614,-0.5871,0.0,0.0
1779744291423,2,12.00000015,Lower Delivery,Delivery,pitch.1,702309,3.4962,-2.9391,94.1765,2.8809,85.6944,14.634,-0.0866,0.0029
1779744291423,2,12.00000018,Upper Delivery,Delivery,pitch.1,702996,-0.0681,-0.004,0.031,0.1912,0.3895,-2.1814,0.0,0.0
1779744291423,2,Pitching Mound.Delivery,,Delivery,pitch.1,701362,3.4281,-2.9431,94.2075,35.0816,86.084,11.2407,-0.0865,0.3427
1779744291423,2,Pitching Mound.Drive,,Delivery,pitch.1,702230,0.0388,-0.3331,0.9283,0.0286,-0.4614,-0.5871,0.0,0.0
1779744291423,2,Pitching Mound.Parent,,Delivery,pitch.1,700686,3.4669,-3.2762,95.1358,35.1102,85.6226,10.6536,-0.0857,0.3393
1779744291424,2,11.0000004b,Drive,Delivery,pitch.1,702231,0.0473,-0.3386,0.934,0.038,-0.5423,-0.5888,0.0,0.0
1779744291424,2,12.00000015,Lower Delivery,Delivery,pitch.1,702310,3.5405,-2.9842,94.2683,2.6949,85.5237,14.6799,-0.0863,0.0027
1779744291424,2,12.00000018,Upper Delivery,Delivery,pitch.1,702997,-0.0654,-0.003,0.0328,0.1907,0.3887,-2.177,0.0,0.0
1779744291424,2,Pitching Mound.Delivery,,Delivery,pitch.1,701363,3.4751,-2.9872,94.301,34.9256,85.9124,11.2769,-0.0863,0.3425
1779744291424,2,Pitching Mound.Drive,,Delivery,pitch.1,702231,0.0473,-0.3386,0.934,0.038,-0.5423,-0.5888,0.0,0.0
1779744291424,2,Pitching Mound.Parent,,Delivery,pitch.1,700687,3.5224,-3.3258,95.2351,34.9636,85.3702,10.6881,-0.0854,0.3391
1779744291425,2,11.0000004b,Drive,Delivery,pitch.1,702232,0.053,-0.3338,0.907,0.0519,-0.6427,-0.5773,0.0,0.0
1779744291425,2,12.00000015,Lower Delivery,Delivery,pitch.1,702311,3.5775,-3.0219,94.2305,2.838,85.6069,14.7237,-0.0864,0.0029
1779744291425,2,12.00000018,Upper Delivery,Delivery,pitch.1,702998,-0.0634,-0.0038,0.0415,0.19,0.3878,-2.1722,0.0,0.0
1779744291425,2,Pitching Mound.Delivery,,Delivery,pitch.1,701364,3.5141,-3.0257,94.272,35.0524,85.9947,11.3136,-0.0864,0.3426
1779744291425,2,Pitching Mound.Drive,,Delivery,pitch.1,702232,0.053,-0.3338,0.907,0.0519,-0.6427,-0.5773,0.0,0.0
1779744291425,2,Pitching Mound.Parent,,Delivery,pitch.1,700688,3.5671,-3.3595,95.179,35.1043,85.352,10.7363,-0.0856,0.3393
1779744291426,2,11.0000004b,Drive,Delivery,pitch.1,702233,0.0589,-0.3577,0.9397,0.0656,-0.7329,-0.6097,0.0,0.0
1779744291426,2,12.00000015,Lower Delivery,Delivery,pitch.1,702312,3.6067,-3.0635,94.1549,2.6006,85.4274,14.7749,-0.0863,0.0026
1779744291426,2,Pitching Mound.Drive,,Delivery,pitch.1,702233,0.0589,-0.3577,0.9397,0.0656,-0.7329,-0.6097,0.0,0.0
1779744291427,2,11.0000004b,Drive,Delivery,pitch.1,702234,0.0618,-0.3509,0.9181,0.0657,-0.7134,-0.6035,0.0,0.0
1779744291427,2,12.00000015,Lower Delivery,Delivery,pitch.1,702313,3.6363,-3.1102,94.2378,2.4274,84.8905,14.8073,-0.0857,0.0025
1779744291427,2,12.00000018,Upper Delivery,Delivery,pitch.1,702999,-0.0631,-0.0046,0.0467,0.1839,0.3786,-2.1245,0.0,0.0
1779744291427,2,Pitching Mound.Delivery,,Delivery,pitch.1,701365,3.5435,-3.068,94.2016,34.7813,85.806,11.4026,-0.0863,0.3423
1779744291427,2,Pitching Mound.Drive,,Delivery,pitch.1,702234,0.0618,-0.3509,0.9181,0.0657,-0.7134,-0.6035,0.0,0.0
1779744291427,2,Pitching Mound.Parent,,Delivery,pitch.1,700689,3.6025,-3.4257,95.1412,34.8469,85.0731,10.7929,-0.0854,0.3389
1779744291428,2,11.0000004b,Drive,Delivery,pitch.1,702235,0.0505,-0.3469,0.9563,0.0767,-0.7143,-0.6014,0.0,0.0
1779744291428,2,12.00000015,Lower Delivery,Delivery,pitch.1,702314,3.6771,-3.1546,94.1258,2.6218,85.12,14.8332,-0.086,0.0026
1779744291428,2,12.00000018,Upper Delivery,Delivery,pitch.1,703000,-0.0642,-0.0035,0.0392,0.19,0.3877,-2.1719,0.0,0.0
1779744291428,2,12.00000018,Upper Delivery,Delivery,pitch.1,703001,-0.0644,-0.0071,0.0524,0.1951,0.3953,-2.2113,0.0,0.0
1779744291428,2,Pitching Mound.Delivery,,Delivery,pitch.1,701366,3.5721,-3.1137,94.2769,34.6449,85.2782,11.3772,-0.0857,0.3422
1779744291428,2,Pitching Mound.Delivery,,Delivery,pitch.1,701367,3.6126,-3.1617,94.1782,34.8018,85.5153,11.3498,-0.086,0.3423
1779744291428,2,Pitching Mound.Drive,,Delivery,pitch.1,702235,0.0505,-0.3469,0.9563,0.0767,-0.7143,-0.6014,0.0,0.0
1779744291428,2,Pitching Mound.Parent,,Delivery,pitch.1,700690,3.6339,-3.4646,95.195,34.7106,84.5648,10.7737,-0.0848,0.3389
1779744291428,2,Pitching Mound.Parent,,Delivery,pitch.1,700691,3.6631,-3.5086,95.1345,34.8785,84.801,10.7484,-0.0851,0.3388
1779744291429,2,11.0000004b,Drive,Delivery,pitch.1,702236,0.0465,-0.3358,0.9281,0.0901,-0.7674,-0.6098,0.0,0.0
1779744291429,2,12.00000015,Lower Delivery,Delivery,pitch.1,702315,3.7072,-3.1906,94.0928,2.6946,84.8833,14.8568,-0.0858,0.0027
1779744291429,2,12.00000018,Upper Delivery,Delivery,pitch.1,703002,-0.0649,-0.0138,0.0705,0.1873,0.3836,-2.1505,0.0,0.0
1779744291429,2,Pitching Mound.Delivery,,Delivery,pitch.1,701368,3.6423,-3.2043,94.1634,34.8495,85.2669,11.4237,-0.0858,0.3422
1779744291429,2,Pitching Mound.Drive,,Delivery,pitch.1,702236,0.0465,-0.3358,0.9281,0.0901,-0.7674,-0.6098,0.0,0.0
1779744291429,2,Pitching Mound.Parent,,Delivery,pitch.1,700692,3.6889,-3.5401,95.0914,34.9396,84.4996,10.8139,-0.0849,0.3389
1779744291430,2,11.0000004b,Drive,Delivery,pitch.1,702237,0.0487,-0.3417,0.9324,0.101,-0.8321,-0.6137,0.0,0.0
1779744291430,2,12.00000015,Lower Delivery,Delivery,pitch.1,702316,3.753,-3.2065,94.085,2.9739,84.8939,14.9034,-0.0858,0.003
1779744291430,2,12.00000018,Upper Delivery,Delivery,pitch.1,703003,-0.0655,-0.0214,0.0962,0.1879,0.3846,-2.1558,0.0,0.0
1779744291430,2,Pitching Mound.Delivery,,Delivery,pitch.1,701369,3.6876,-3.2279,94.1812,35.118,85.2785,11.4493,-0.0857,0.3423
1779744291430,2,Pitching Mound.Drive,,Delivery,pitch.1,702237,0.0487,-0.3417,0.9324,0.101,-0.8321,-0.6137,0.0,0.0
1779744291430,2,Pitching Mound.Parent,,Delivery,pitch.1,700693,3.7363,-3.5696,95.1136,35.2191,84.4464,10.8356,-0.0849,0.339
1779744291431,2,11.0000004b,Drive,Delivery,pitch.1,702238,0.0437,-0.3324,0.8893,0.0888,-0.7729,-0.6015,0.0,0.0
1779744291431,2,12.00000015,Lower Delivery,Delivery,pitch.1,702317,3.7866,-3.2498,93.9884,2.9011,84.5072,14.9501,-0.0855,0.0029
1779744291431,2,12.00000018,Upper Delivery,Delivery,pitch.1,703004,-0.0663,-0.0239,0.099,0.1956,0.3961,-2.2157,0.0,0.0
1779744291431,2,Pitching Mound.Delivery,,Delivery,pitch.1,701370,3.7203,-3.2737,94.0874,35.0192,84.9034,11.4245,-0.0854,0.3422
1779744291431,2,Pitching Mound.Drive,,Delivery,pitch.1,702238,0.0437,-0.3324,0.8893,0.0888,-0.7729,-0.6015,0.0,0.0
1779744291431,2,Pitching Mound.Parent,,Delivery,pitch.1,700694,3.764,-3.6061,94.9767,35.108,84.1305,10.823,-0.0846,0.339
1779744291432,2,11.0000004b,Drive,Delivery,pitch.1,702239,0.0409,-0.3218,0.8608,0.0884,-0.8036,-0.6455,0.0,0.0
1779744291432,2,12.00000015,Lower Delivery,Delivery,pitch.1,702318,3.8319,-3.284,94.071,3.3091,84.9796,15.0119,-0.0859,0.0033
1779744291432,2,12.00000018,Upper Delivery,Delivery,pitch.1,703005,-0.0811,-0.0362,0.1345,0.1981,0.3998,-2.2349,0.0,0.0
1779744291432,2,Pitching Mound.Delivery,,Delivery,pitch.1,701371,3.7507,-3.3203,94.2055,35.4456,85.3795,11.4466,-0.0858,0.3424
1779744291432,2,Pitching Mound.Drive,,Delivery,pitch.1,702239,0.0409,-0.3218,0.8608,0.0884,-0.8036,-0.6455,0.0,0.0
1779744291432,2,Pitching Mound.Parent,,Delivery,pitch.1,700695,3.7916,-3.6421,95.0663,35.534,84.5758,10.8011,-0.085,0.3393
1779744291433,2,11.0000004b,Drive,Delivery,pitch.1,702240,0.0422,-0.3131,0.8955,0.0763,-0.802,-0.6331,0.0,0.0
1779744291433,2,12.00000015,Lower Delivery,Delivery,pitch.1,702319,3.8799,-3.2907,93.0587,3.291,84.8576,15.0577,-0.0867,0.0034
1779744291433,2,12.00000018,Upper Delivery,Delivery,pitch.1,703006,-0.1116,-0.0547,0.1935,0.1925,0.3914,-2.191,0.0,0.0
1779744291433,2,Pitching Mound.Delivery,,Delivery,pitch.1,701372,3.7684,-3.3455,93.2522,35.0576,85.249,11.5095,-0.0866,0.3419
1779744291433,2,Pitching Mound.Drive,,Delivery,pitch.1,702240,0.0422,-0.3131,0.8955,0.0763,-0.802,-0.6331,0.0,0.0
1779744291433,2,Pitching Mound.Parent,,Delivery,pitch.1,700696,3.8106,-3.6585,94.1478,35.134,84.447,10.8765,-0.0857,0.3387
1779744291434,2,11.0000004b,Drive,Delivery,pitch.1,702241,0.0389,-0.3258,0.919,0.0688,-0.7949,-0.6094,0.0,0.0
1779744291434,2,12.00000015,Lower Delivery,Delivery,pitch.1,702320,3.9436,-3.3107,92.986,3.8182,85.084,15.0396,-0.087,0.0039
1779744291434,2,12.00000018,Upper Delivery,Delivery,pitch.1,703007,-0.0673,-0.0389,0.1562,0.2006,0.4036,-2.2546,0.0,0.0
1779744291434,2,Pitching Mound.Delivery,,Delivery,pitch.1,701373,3.8763,-3.3496,93.1422,35.5809,85.4876,11.4213,-0.0869,0.3428
1779744291434,2,Pitching Mound.Drive,,Delivery,pitch.1,702241,0.0389,-0.3258,0.919,0.0688,-0.7949,-0.6094,0.0,0.0
1779744291434,2,Pitching Mound.Parent,,Delivery,pitch.1,700697,3.9152,-3.6753,94.0612,35.6497,84.6926,10.8119,-0.0861,0.3394
1779744291435,2,11.0000004b,Drive,Delivery,pitch.1,702242,0.0361,-0.3078,0.8891,0.0524,-0.6764,-0.6302,0.0,0.0
1779744291435,2,12.00000015,Lower Delivery,Delivery,pitch.1,702321,3.9948,-3.3241,93.267,4.1822,85.1934,15.0358,-0.0869,0.0043
1779744291435,2,12.00000018,Upper Delivery,Delivery,pitch.1,703008,-0.067,-0.0393,0.1412,0.1984,0.4004,-2.2376,0.0,0.0
1779744291435,2,Pitching Mound.Delivery,,Delivery,pitch.1,701374,3.9277,-3.3634,93.4082,36.0434,85.5938,11.4172,-0.0868,0.3432
1779744291435,2,Pitching Mound.Drive,,Delivery,pitch.1,702242,0.0361,-0.3078,0.8891,0.0524,-0.6764,-0.6302,0.0,0.0
1779744291435,2,Pitching Mound.Parent,,Delivery,pitch.1,700698,3.9638,-3.6712,94.2973,36.0959,84.9174,10.787,-0.0859,0.34
1779744291436,2,11.0000004b,Drive,Delivery,pitch.1,702243,0.0303,-0.3062,0.8829,0.0453,-0.6135,-0.622,0.0,0.0
1779744291436,2,12.00000015,Lower Delivery,Delivery,pitch.1,702322,4.058,-3.3253,93.4916,4.4743,84.9238,15.0364,-0.0864,0.0046
1779744291436,2,12.00000018,Upper Delivery,Delivery,pitch.1,703009,-0.0805,-0.0472,0.1707,0.2117,0.4203,-2.341,0.0,0.0
1779744291436,2,Pitching Mound.Delivery,,Delivery,pitch.1,701375,3.9775,-3.3726,93.6623,36.4151,85.3441,11.2883,-0.0863,0.3433
1779744291436,2,Pitching Mound.Drive,,Delivery,pitch.1,702243,0.0303,-0.3062,0.8829,0.0453,-0.6135,-0.622,0.0,0.0
1779744291436,2,Pitching Mound.Parent,,Delivery,pitch.1,700699,4.0077,-3.6788,94.5453,36.4603,84.7306,10.6663,-0.0854,0.3401
1779744291437,2,11.0000004b,Drive,Delivery,pitch.1,702244,0.0243,-0.2954,0.85,0.0386,-0.5421,-0.5921,0.0,0.0
1779744291437,2,12.00000015,Lower Delivery,Delivery,pitch.1,702323,4.1424,-3.3367,93.6371,5.443,86.2551,15.0038,-0.0876,0.0055
1779744291437,2,12.00000018,Upper Delivery,Delivery,pitch.1,703010,-0.0667,-0.0343,0.1187,0.2057,0.4113,-2.2945,0.0,0.0
1779744291437,2,Pitching Mound.Delivery,,Delivery,pitch.1,701376,4.0757,-3.3709,93.7558,37.4449,86.6665,11.2782,-0.0875,0.3447
1779744291437,2,Pitching Mound.Drive,,Delivery,pitch.1,702244,0.0243,-0.2954,0.85,0.0386,-0.5421,-0.5921,0.0,0.0
1779744291437,2,Pitching Mound.Parent,,Delivery,pitch.1,700700,4.1,-3.6663,94.6059,37.4836,86.1244,10.6861,-0.0867,0.3416
1779744291438,2,11.0000004b,Drive,Delivery,pitch.1,702245,0.0277,-0.279,0.7998,0.0392,-0.5559,-0.6042,0.0,0.0
1779744291438,2,12.00000015,Lower Delivery,Delivery,pitch.1,702324,4.2243,-3.3302,93.6719,5.859,86.461,15.0405,-0.0878,0.006
1779744291438,2,12.00000018,Upper Delivery,Delivery,pitch.1,703011,-0.0656,-0.037,0.1326,0.21,0.4178,-2.328,0.0,0.0
1779744291438,2,Pitching Mound.Delivery,,Delivery,pitch.1,701377,4.1587,-3.3673,93.8045,37.8724,86.8788,11.2539,-0.0877,0.345
1779744291438,2,Pitching Mound.Drive,,Delivery,pitch.1,702245,0.0277,-0.279,0.7998,0.0392,-0.5559,-0.6042,0.0,0.0
1779744291438,2,Pitching Mound.Parent,,Delivery,pitch.1,700701,4.1864,-3.6463,94.6043,37.9116,86.3229,10.6497,-0.0869,0.3421
1779744291439,2,11.0000004b,Drive,Delivery,pitch.1,702246,0.0205,-0.2944,0.8406,0.0314,-0.5112,-0.6203,0.0,0.0
1779744291439,2,12.00000015,Lower Delivery,Delivery,pitch.1,702325,4.2673,-3.329,94.1122,5.6754,86.3319,15.0443,-0.0873,0.0057
1779744291439,2,12.00000018,Upper Delivery,Delivery,pitch.1,703012,-0.0654,-0.0307,0.1168,0.2146,0.4247,-2.3641,0.0,0.0
1779744291439,2,Pitching Mound.Delivery,,Delivery,pitch.1,701378,4.2019,-3.3598,94.229,37.8485,86.7567,11.2071,-0.0872,0.3449
1779744291439,2,Pitching Mound.Drive,,Delivery,pitch.1,702246,0.0205,-0.2944,0.8406,0.0314,-0.5112,-0.6203,0.0,0.0
1779744291439,2,Pitching Mound.Parent,,Delivery,pitch.1,700702,4.2224,-3.6542,95.0696,37.8799,86.2455,10.5868,-0.0864,0.3418
1779744291440,2,11.0000004b,Drive,Delivery,pitch.1,702247,0.0162,-0.3022,0.8707,0.0381,-0.5841,-0.6427,0.0,0.0
1779744291440,2,12.00000015,Lower Delivery,Delivery,pitch.1,702326,4.3408,-3.3441,94.1291,6.1122,87.0635,15.0131,-0.088,0.0062
1779744291440,2,12.00000018,Upper Delivery,Delivery,pitch.1,703013,-0.0654,-0.0227,0.0809,0.2225,0.4365,-2.4251,0.0,0.0
1779744291440,2,Pitching Mound.Delivery,,Delivery,pitch.1,701379,4.2754,-3.3668,94.2099,38.311,87.5,11.0898,-0.0879,0.3456
1779744291440,2,Pitching Mound.Drive,,Delivery,pitch.1,702247,0.0162,-0.3022,0.8707,0.0381,-0.5841,-0.6427,0.0,0.0
1779744291440,2,Pitching Mound.Parent,,Delivery,pitch.1,700703,4.2916,-3.6691,95.0806,38.3491,86.9159,10.4472,-0.0871,0.3424
1779744291441,2,11.0000004b,Drive,Delivery,pitch.1,702248,0.0131,-0.3049,0.8959,0.0385,-0.5935,-0.6566,0.0,0.0
1779744291441,2,12.00000015,Lower Delivery,Delivery,pitch.1,702327,4.3917,-3.3548,94.1014,5.9949,87.1948,14.9905,-0.0881,0.0061
1779744291441,2,12.00000018,Upper Delivery,Delivery,pitch.1,703014,-0.0636,-0.0219,0.0812,0.2156,0.4261,-2.3711,0.0,0.0
1779744291441,2,Pitching Mound.Delivery,,Delivery,pitch.1,701380,4.3282,-3.3767,94.1826,38.1773,87.6208,11.1045,-0.0881,0.3455
1779744291441,2,Pitching Mound.Drive,,Delivery,pitch.1,702248,0.0131,-0.3049,0.8959,0.0385,-0.5935,-0.6566,0.0,0.0
1779744291441,2,Pitching Mound.Parent,,Delivery,pitch.1,700704,4.3413,-3.6816,95.0785,38.2157,87.0273,10.4479,-0.0872,0.3422
1779744291442,2,11.0000004b,Drive,Delivery,pitch.1,702249,0.0151,-0.3022,0.908,0.0381,-0.5881,-0.6513,0.0,0.0
1779744291442,2,12.00000015,Lower Delivery,Delivery,pitch.1,702328,4.4713,-3.3853,94.1621,6.2736,87.3471,14.9909,-0.0882,0.0063
1779744291442,2,12.00000018,Upper Delivery,Delivery,pitch.1,703015,-0.0637,-0.0178,0.0618,0.2117,0.4203,-2.3413,0.0,0.0
1779744291442,2,Pitching Mound.Delivery,,Delivery,pitch.1,701381,4.4075,-3.4031,94.2239,38.4794,87.7674,11.1078,-0.0882,0.3459
1779744291442,2,Pitching Mound.Drive,,Delivery,pitch.1,702249,0.0151,-0.3022,0.908,0.0381,-0.5881,-0.6513,0.0,0.0
1779744291442,2,Pitching Mound.Parent,,Delivery,pitch.1,700705,4.4226,-3.7053,95.1319,38.5175,87.1793,10.4565,-0.0873,0.3426
1779744291443,2,11.0000004b,Drive,Delivery,pitch.1,702250,0.0185,-0.3016,0.9009,0.0514,-0.7172,-0.6953,0.0,0.0
1779744291443,2,12.00000015,Lower Delivery,Delivery,pitch.1,702329,4.5207,-3.4081,94.2081,6.8011,87.9001,14.9891,-0.0888,0.0069
1779744291443,2,12.00000018,Upper Delivery,Delivery,pitch.1,703016,-0.0632,-0.0196,0.06,0.2069,0.413,-2.3035,0.0,0.0
1779744291443,2,Pitching Mound.Delivery,,Delivery,pitch.1,701382,4.4575,-3.4278,94.2681,39.0183,88.3132,11.1271,-0.0887,0.3464
1779744291443,2,Pitching Mound.Drive,,Delivery,pitch.1,702250,0.0185,-0.3016,0.9009,0.0514,-0.7172,-0.6953,0.0,0.0
1779744291443,2,Pitching Mound.Parent,,Delivery,pitch.1,700706,4.476,-3.7294,95.169,39.0697,87.5959,10.4318,-0.0879,0.3432
1779744291444,2,11.0000004b,Drive,Delivery,pitch.1,702251,0.0299,-0.3,0.8778,0.061,-0.7494,-0.6892,0.0,0.0
1779744291444,2,12.00000015,Lower Delivery,Delivery,pitch.1,702330,4.5773,-3.4454,94.2156,7.0394,87.8036,14.9697,-0.0887,0.0071
1779744291444,2,12.00000018,Upper Delivery,Delivery,pitch.1,703017,-0.0634,-0.0099,0.0272,0.1954,0.3958,-2.214,0.0,0.0
1779744291444,2,Pitching Mound.Delivery,,Delivery,pitch.1,701383,4.5139,-3.4553,94.2428,39.2588,88.1994,11.1779,-0.0886,0.3469
1779744291444,2,Pitching Mound.Drive,,Delivery,pitch.1,702251,0.0299,-0.3,0.8778,0.061,-0.7494,-0.6892,0.0,0.0
1779744291444,2,Pitching Mound.Parent,,Delivery,pitch.1,700707,4.5438,-3.7553,95.1206,39.3199,87.45,10.4887,-0.0878,0.3437
1779744291445,2,11.0000004b,Drive,Delivery,pitch.1,702252,0.026,-0.3029,0.8724,0.0566,-0.725,-0.6773,0.0,0.0
1779744291445,2,12.00000015,Lower Delivery,Delivery,pitch.1,702331,4.6087,-3.4501,94.1409,6.8929,88.0983,14.997,-0.089,0.007
1779744291445,2,12.00000018,Upper Delivery,Delivery,pitch.1,703018,-0.0647,-0.0195,0.0568,0.1953,0.3957,-2.2134,0.0,0.0
1779744291445,2,Pitching Mound.Delivery,,Delivery,pitch.1,701384,4.544,-3.4696,94.1977,39.0768,88.494,11.1946,-0.089,0.3466
1779744291445,2,Pitching Mound.Drive,,Delivery,pitch.1,702252,0.026,-0.3029,0.8724,0.0566,-0.725,-0.6773,0.0,0.0
1779744291445,2,Pitching Mound.Parent,,Delivery,pitch.1,700708,4.57,-3.7726,95.0701,39.1334,87.769,10.5173,-0.0882,0.3434
1779744291446,2,11.0000004b,Drive,Delivery,pitch.1,702253,0.0303,-0.2931,0.7996,0.0537,-0.6934,-0.636,0.0,0.0
1779744291446,2,12.00000015,Lower Delivery,Delivery,pitch.1,702332,4.6466,-3.473,94.1685,6.9785,87.8211,14.9631,-0.0887,0.007
1779744291446,2,12.00000018,Upper Delivery,Delivery,pitch.1,703019,-0.0654,-0.0212,0.0567,0.1978,0.3994,-2.2327,0.0,0.0
1779744291446,2,Pitching Mound.Delivery,,Delivery,pitch.1,701385,4.5811,-3.4942,94.2252,39.1743,88.2205,11.1284,-0.0887,0.3466
1779744291446,2,Pitching Mound.Drive,,Delivery,pitch.1,702253,0.0303,-0.2931,0.7996,0.0537,-0.6934,-0.636,0.0,0.0
1779744291446,2,Pitching Mound.Parent,,Delivery,pitch.1,700709,4.6114,-3.7873,95.0248,39.228,87.5271,10.4923,-0.0879,0.3437
1779744291447,2,11.0000004b,Drive,Delivery,pitch.1,702254,0.0294,-0.2927,0.7963,0.0708,-0.7651,-0.6663,0.0,0.0
1779744291447,2,12.00000015,Lower Delivery,Delivery,pitch.1,702333,4.6966,-3.5073,94.0439,7.1611,88.3182,15.0137,-0.0893,0.0072
1779744291447,2,12.00000018,Upper Delivery,Delivery,pitch.1,703020,-0.066,-0.0209,0.0371,0.1989,0.401,-2.2411,0.0,0.0
1779744291447,2,Pitching Mound.Delivery,,Delivery,pitch.1,701386,4.6305,-3.5282,94.081,39.3223,88.7192,11.1533,-0.0893,0.347
1779744291447,2,Pitching Mound.Drive,,Delivery,pitch.1,702254,0.0294,-0.2927,0.7963,0.0708,-0.7651,-0.6663,0.0,0.0
1779744291447,2,Pitching Mound.Parent,,Delivery,pitch.1,700710,4.6599,-3.8209,94.8773,39.3931,87.9542,10.4871,-0.0886,0.3441
1779744291448,2,11.0000004b,Drive,Delivery,pitch.1,702255,0.0309,-0.3049,0.8514,0.0703,-0.7854,-0.6613,0.0,0.0
1779744291448,2,12.00000015,Lower Delivery,Delivery,pitch.1,702334,4.7163,-3.5379,94.0418,6.8224,87.2218,15.0443,-0.0882,0.0069
1779744291448,2,12.00000018,Upper Delivery,Delivery,pitch.1,703021,-0.0685,-0.0265,0.0458,0.1985,0.4005,-2.2384,0.0,0.0
1779744291448,2,Pitching Mound.Delivery,,Delivery,pitch.1,701387,4.6477,-3.5644,94.0876,38.9796,87.6223,11.179,-0.0882,0.3466
1779744291448,2,Pitching Mound.Drive,,Delivery,pitch.1,702255,0.0309,-0.3049,0.8514,0.0703,-0.7854,-0.6613,0.0,0.0
1779744291448,2,Pitching Mound.Parent,,Delivery,pitch.1,700711,4.6786,-3.8693,94.939,39.0499,86.8369,10.5177,-0.0874,0.3435
1779744291449,2,11.0000004b,Drive,Delivery,pitch.1,702256,0.0375,-0.3051,0.8183,0.0735,-0.8197,-0.6363,0.0,0.0
1779744291449,2,12.00000015,Lower Delivery,Delivery,pitch.1,702335,4.7422,-3.5658,94.0148,6.9411,87.0327,15.0312,-0.0881,0.007
1779744291449,2,12.00000018,Upper Delivery,Delivery,pitch.1,703022,-0.0659,-0.0174,0.0351,0.2033,0.4076,-2.2754,0.0,0.0
1779744291449,2,Pitching Mound.Delivery,,Delivery,pitch.1,701388,4.6763,-3.5832,94.05,39.0975,87.4404,11.1211,-0.088,0.3468
1779744291449,2,Pitching Mound.Drive,,Delivery,pitch.1,702256,0.0375,-0.3051,0.8183,0.0735,-0.8197,-0.6363,0.0,0.0
1779744291449,2,Pitching Mound.Parent,,Delivery,pitch.1,700712,4.7138,-3.8884,94.8682,39.171,86.6207,10.4848,-0.0873,0.3438
1779744291450,2,11.0000004b,Drive,Delivery,pitch.1,702257,0.0279,-0.3186,0.9151,0.0609,-0.736,-0.614,0.0,0.0
1779744291450,2,12.00000015,Lower Delivery,Delivery,pitch.1,702336,4.7764,-3.6042,93.9491,7.44,87.0602,15.0183,-0.0882,0.0075
1779744291450,2,12.00000018,Upper Delivery,Delivery,pitch.1,703023,-0.0668,-0.0165,0.0308,0.2021,0.4058,-2.266,0.0,0.0
1779744291450,2,Pitching Mound.Delivery,,Delivery,pitch.1,701389,4.7096,-3.6208,93.9799,39.5744,87.466,11.1057,-0.0881,0.3473
1779744291450,2,Pitching Mound.Drive,,Delivery,pitch.1,702257,0.0279,-0.3186,0.9151,0.0609,-0.736,-0.614,0.0,0.0
1779744291450,2,Pitching Mound.Parent,,Delivery,pitch.1,700713,4.7375,-3.9393,94.8949,39.6353,86.73,10.4917,-0.0873,0.344
1779744291451,2,11.0000004b,Drive,Delivery,pitch.1,702258,0.0441,-0.3098,0.8536,0.0629,-0.7404,-0.5992,0.0,0.0
1779744291451,2,12.00000015,Lower Delivery,Delivery,pitch.1,702337,4.8021,-3.6267,93.7124,7.3706,87.2391,15.0494,-0.0886,0.0075
1779744291451,2,12.00000018,Upper Delivery,Delivery,pitch.1,703024,-0.0673,-0.0149,0.0371,0.203,0.4072,-2.273,0.0,0.0
1779744291451,2,Pitching Mound.Delivery,,Delivery,pitch.1,701390,4.7347,-3.6415,93.7495,39.4232,87.6462,11.1209,-0.0885,0.3472
1779744291451,2,Pitching Mound.Drive,,Delivery,pitch.1,702258,0.0441,-0.3098,0.8536,0.0629,-0.7404,-0.5992,0.0,0.0
1779744291451,2,Pitching Mound.Parent,,Delivery,pitch.1,700714,4.7789,-3.9513,94.6032,39.4861,86.9059,10.5217,-0.0877,0.3441
1779744291452,2,11.0000004b,Drive,Delivery,pitch.1,702259,0.0493,-0.3146,0.8459,0.0504,-0.6266,-0.5827,0.0,0.0
1779744291452,2,12.00000015,Lower Delivery,Delivery,pitch.1,702338,4.8378,-3.6631,93.6501,7.5807,87.1135,15.04,-0.0885,0.0077
1779744291452,2,12.00000018,Upper Delivery,Delivery,pitch.1,703025,-0.068,-0.018,0.0557,0.2077,0.4144,-2.3103,0.0,0.0
1779744291452,2,Pitching Mound.Delivery,,Delivery,pitch.1,701391,4.7698,-3.6811,93.7058,39.6105,87.5279,11.0617,-0.0884,0.3473
1779744291452,2,Pitching Mound.Drive,,Delivery,pitch.1,702259,0.0493,-0.3146,0.8459,0.0504,-0.6266,-0.5827,0.0,0.0
1779744291452,2,Pitching Mound.Parent,,Delivery,pitch.1,700715,4.819,-3.9957,94.5517,39.661,86.9013,10.479,-0.0876,0.3442
1779744291453,2,11.0000004b,Drive,Delivery,pitch.1,702260,0.0458,-0.312,0.8668,0.0571,-0.6854,-0.5814,0.0,0.0
1779744291453,2,12.00000015,Lower Delivery,Delivery,pitch.1,702339,4.8544,-3.6862,93.5394,6.9908,86.6729,15.0722,-0.0881,0.0071
1779744291453,2,12.00000018,Upper Delivery,Delivery,pitch.1,703026,-0.0654,-0.0058,0.0273,0.2033,0.4077,-2.2755,0.0,0.0
1779744291453,2,Pitching Mound.Delivery,,Delivery,pitch.1,701392,4.7889,-3.692,93.5667,38.9882,87.0806,11.1239,-0.0881,0.3469
1779744291453,2,Pitching Mound.Drive,,Delivery,pitch.1,702260,0.0458,-0.312,0.8668,0.0571,-0.6854,-0.5814,0.0,0.0
1779744291453,2,Pitching Mound.Parent,,Delivery,pitch.1,700716,4.8347,-4.004,94.4335,39.0454,86.3952,10.5425,-0.0873,0.3437
1779744291454,2,11.0000004b,Drive,Delivery,pitch.1,702261,0.0458,-0.331,0.9368,0.0605,-0.72,-0.5798,0.0,0.0
1779744291454,2,12.00000015,Lower Delivery,Delivery,pitch.1,702340,4.9032,-3.7107,93.6346,7.0157,86.2971,15.0445,-0.0877,0.0071
1779744291454,2,12.00000018,Upper Delivery,Delivery,pitch.1,703027,-0.0903,-0.0313,0.0974,0.2089,0.4161,-2.3191,0.0,0.0
1779744291454,2,Pitching Mound.Delivery,,Delivery,pitch.1,701393,4.8129,-3.742,93.732,39.0272,86.7131,11.0276,-0.0876,0.3464
1779744291454,2,Pitching Mound.Drive,,Delivery,pitch.1,702261,0.0458,-0.331,0.9368,0.0605,-0.72,-0.5798,0.0,0.0
1779744291454,2,Pitching Mound.Parent,,Delivery,pitch.1,700717,4.8587,-4.073,94.6687,39.0877,85.9931,10.4478,-0.0867,0.343
1779744291455,2,11.0000004b,Drive,Delivery,pitch.1,702262,0.0376,-0.3441,0.9996,0.0623,-0.7284,-0.5676,0.0,0.0
1779744291455,2,12.00000015,Lower Delivery,Delivery,pitch.1,702341,4.9397,-3.7441,93.5662,6.9752,86.3801,15.0644,-0.0878,0.0071
1779744291455,2,12.00000018,Upper Delivery,Delivery,pitch.1,703028,-0.0941,-0.0352,0.1136,0.2164,0.4274,-2.3777,0.0,0.0
1779744291455,2,Pitching Mound.Delivery,,Delivery,pitch.1,701394,4.8456,-3.7793,93.6798,38.9655,86.8075,10.9752,-0.0877,0.3463
1779744291455,2,Pitching Mound.Drive,,Delivery,pitch.1,702262,0.0376,-0.3441,0.9996,0.0623,-0.7284,-0.5676,0.0,0.0
1779744291455,2,Pitching Mound.Parent,,Delivery,pitch.1,700718,4.8832,-4.1234,94.6794,39.0278,86.0791,10.4076,-0.0868,0.3426
1779744291456,2,11.0000004b,Drive,Delivery,pitch.1,702263,0.0477,-0.3429,0.9716,0.0683,-0.7573,-0.5452,0.0,0.0
1779744291456,2,12.00000015,Lower Delivery,Delivery,pitch.1,702342,4.9815,-3.7982,93.5662,6.9765,85.8812,15.1363,-0.0873,0.0071
1779744291456,2,12.00000018,Upper Delivery,Delivery,pitch.1,703029,-0.0639,-0.0252,0.0751,0.2153,0.4258,-2.3696,0.0,0.0
1779744291456,2,Pitching Mound.Delivery,,Delivery,pitch.1,701395,4.9175,-3.8234,93.6413,38.9789,86.307,11.0513,-0.0872,0.3465
1779744291456,2,Pitching Mound.Drive,,Delivery,pitch.1,702263,0.0477,-0.3429,0.9716,0.0683,-0.7573,-0.5452,0.0,0.0
1779744291456,2,Pitching Mound.Parent,,Delivery,pitch.1,700719,4.9653,-4.1663,94.613,39.0471,85.5497,10.5061,-0.0863,0.343
1779744291457,2,11.0000004b,Drive,Delivery,pitch.1,702264,0.0252,-0.3335,1.0278,0.0583,-0.6944,-0.5734,0.0,0.0
1779744291457,2,12.00000015,Lower Delivery,Delivery,pitch.1,702343,5.0226,-3.8306,93.5298,6.7342,85.4684,15.147,-0.0869,0.0068
1779744291457,2,12.00000018,Upper Delivery,Delivery,pitch.1,703030,-0.0693,-0.0295,0.0865,0.2074,0.4139,-2.3079,0.0,0.0
1779744291457,2,Pitching Mound.Delivery,,Delivery,pitch.1,701396,4.9533,-3.8601,93.6163,38.7124,85.8823,11.1079,-0.0868,0.3462
1779744291457,2,Pitching Mound.Drive,,Delivery,pitch.1,702264,0.0252,-0.3335,1.0278,0.0583,-0.6944,-0.5734,0.0,0.0
1779744291457,2,Pitching Mound.Parent,,Delivery,pitch.1,700720,4.9786,-4.1937,94.6441,38.7707,85.188,10.5346,-0.0859,0.3425
1779744291458,2,11.0000004b,Drive,Delivery,pitch.1,702265,0.025,-0.3387,0.9768,0.054,-0.6478,-0.5537,0.0,0.0
1779744291458,2,12.00000015,Lower Delivery,Delivery,pitch.1,702344,5.056,-3.8408,93.5431,6.7047,85.7675,15.1496,-0.0872,0.0068
1779744291458,2,12.00000018,Upper Delivery,Delivery,pitch.1,703031,-0.0656,-0.0239,0.0736,0.2044,0.4093,-2.2838,0.0,0.0
1779744291458,2,Pitching Mound.Delivery,,Delivery,pitch.1,701397,4.9905,-3.8647,93.6167,38.6887,86.1767,11.1244,-0.0872,0.3463
1779744291458,2,Pitching Mound.Drive,,Delivery,pitch.1,702265,0.025,-0.3387,0.9768,0.054,-0.6478,-0.5537,0.0,0.0
1779744291458,2,Pitching Mound.Parent,,Delivery,pitch.1,700721,5.0154,-4.2034,94.5935,38.7428,85.5289,10.5707,-0.0863,0.3427
1779744291459,2,11.0000004b,Drive,Delivery,pitch.1,702266,0.0169,-0.3344,0.9807,0.0474,-0.5778,-0.5276,0.0,0.0
1779744291459,2,12.00000015,Lower Delivery,Delivery,pitch.1,702345,5.094,-3.856,93.5822,6.8011,86.1899,15.2038,-0.0876,0.0069
1779744291459,2,12.00000018,Upper Delivery,Delivery,pitch.1,703032,-0.0662,-0.0322,0.095,0.2089,0.4162,-2.3197,0.0,0.0
1779744291459,2,Pitching Mound.Delivery,,Delivery,pitch.1,701398,5.0278,-3.8882,93.6773,38.7957,86.6061,11.1297,-0.0875,0.3462
1779744291459,2,Pitching Mound.Drive,,Delivery,pitch.1,702266,0.0169,-0.3344,0.9807,0.0474,-0.5778,-0.5276,0.0,0.0
1779744291459,2,Pitching Mound.Parent,,Delivery,pitch.1,700722,5.0446,-4.2226,94.658,38.843,86.0284,10.6021,-0.0866,0.3426
1779744291460,2,11.0000004b,Drive,Delivery,pitch.1,702268,0.0229,-0.2901,0.7586,0.0424,-0.5402,-0.5598,0.0,0.0
1779744291460,2,11.0000004b,Drive,Delivery,pitch.1,702267,0.022,-0.3074,0.8632,0.044,-0.5487,-0.5434,0.0,0.0
1779744291460,2,12.00000015,Lower Delivery,Delivery,pitch.1,702346,5.1516,-3.9005,93.4474,7.3079,86.5215,15.2381,-0.0881,0.0074
1779744291460,2,12.00000018,Upper Delivery,Delivery,pitch.1,703033,-0.0614,-0.0249,0.0875,0.2075,0.414,-2.3085,0.0,0.0
1779744291460,2,Pitching Mound.Delivery,,Delivery,pitch.1,701399,5.0902,-3.9255,93.5349,39.2578,86.9355,11.1572,-0.088,0.3468
1779744291460,2,Pitching Mound.Drive,,Delivery,pitch.1,702268,0.0229,-0.2901,0.7586,0.0424,-0.5402,-0.5598,0.0,0.0
1779744291460,2,Pitching Mound.Drive,,Delivery,pitch.1,702267,0.022,-0.3074,0.8632,0.044,-0.5487,-0.5434,0.0,0.0
1779744291460,2,Pitching Mound.Parent,,Delivery,pitch.1,700723,5.1122,-4.2328,94.3981,39.3018,86.3869,10.6138,-0.0872,0.3436
1779744291461,2,12.00000015,Lower Delivery,Delivery,pitch.1,702347,5.1894,-3.9199,93.4527,7.6726,86.4757,15.2361,-0.088,0.0078
1779744291461,2,12.00000018,Upper Delivery,Delivery,pitch.1,703034,-0.0603,-0.033,0.1141,0.21,0.4178,-2.3281,0.0,0.0
1779744291461,2,Pitching Mound.Delivery,,Delivery,pitch.1,701400,5.1291,-3.9529,93.5667,39.6178,86.8935,11.1231,-0.0879,0.347
1779744291461,2,Pitching Mound.Parent,,Delivery,pitch.1,700724,5.152,-4.243,94.3253,39.6601,86.3533,10.5633,-0.0872,0.3442
1779744291462,2,11.0000004b,Drive,Delivery,pitch.1,702269,0.0173,-0.2897,0.7719,0.0464,-0.5991,-0.596,0.0,0.0
1779744291462,2,12.00000015,Lower Delivery,Delivery,pitch.1,702348,5.2409,-3.9444,93.4193,7.8291,86.8096,15.2936,-0.0884,0.008
1779744291462,2,12.00000018,Upper Delivery,Delivery,pitch.1,703035,-0.0642,-0.0393,0.137,0.2179,0.4297,-2.3897,0.0,0.0
1779744291462,2,Pitching Mound.Delivery,,Delivery,pitch.1,701401,5.1767,-3.9837,93.5563,39.763,87.2393,11.1002,-0.0883,0.347
1779744291462,2,Pitching Mound.Drive,,Delivery,pitch.1,702269,0.0173,-0.2897,0.7719,0.0464,-0.5991,-0.596,0.0,0.0
1779744291462,2,Pitching Mound.Parent,,Delivery,pitch.1,700725,5.194,-4.2734,94.3282,39.8094,86.6402,10.5042,-0.0875,0.3441
1779744291463,2,11.0000004b,Drive,Delivery,pitch.1,702270,0.0125,-0.2828,0.7574,0.0528,-0.6559,-0.5992,0.0,0.0
1779744291463,2,12.00000015,Lower Delivery,Delivery,pitch.1,702349,5.2804,-3.9567,93.453,8.2231,86.9559,15.278,-0.0885,0.0084
1779744291463,2,12.00000018,Upper Delivery,Delivery,pitch.1,703036,-0.0643,-0.0307,0.0929,0.221,0.4343,-2.4136,0.0,0.0
1779744291463,2,Pitching Mound.Delivery,,Delivery,pitch.1,701402,5.2161,-3.9873,93.5458,40.1865,87.3902,11.0472,-0.0884,0.3477
1779744291463,2,Pitching Mound.Drive,,Delivery,pitch.1,702270,0.0125,-0.2828,0.7574,0.0528,-0.6559,-0.5992,0.0,0.0
1779744291463,2,Pitching Mound.Parent,,Delivery,pitch.1,700726,5.2286,-4.2701,94.3033,40.2393,86.7342,10.4479,-0.0877,0.3449
1779744291464,2,11.0000004b,Drive,Delivery,pitch.1,702271,0.0174,-0.2874,0.7173,0.0462,-0.6156,-0.6207,0.0,0.0
1779744291464,2,12.00000015,Lower Delivery,Delivery,pitch.1,702350,5.3087,-3.9872,93.3957,8.1468,87.0232,15.3042,-0.0886,0.0083
1779744291464,2,12.00000018,Upper Delivery,Delivery,pitch.1,703037,-0.0984,-0.0541,0.1707,0.2219,0.4356,-2.4207,0.0,0.0
1779744291464,2,Pitching Mound.Delivery,,Delivery,pitch.1,701403,5.2103,-4.0413,93.5664,40.0652,87.4588,11.0452,-0.0885,0.347
1779744291464,2,Pitching Mound.Drive,,Delivery,pitch.1,702271,0.0174,-0.2874,0.7173,0.0462,-0.6156,-0.6207,0.0,0.0
1779744291464,2,Pitching Mound.Parent,,Delivery,pitch.1,700727,5.2277,-4.3287,94.2837,40.1114,86.8432,10.4245,-0.0878,0.3444
1779744291465,2,11.0000004b,Drive,Delivery,pitch.1,702272,0.0184,-0.2847,0.7344,0.0462,-0.6275,-0.6371,0.0,0.0
1779744291465,2,12.00000015,Lower Delivery,Delivery,pitch.1,702351,5.3558,-4.0,93.2943,8.6414,87.4034,15.3288,-0.0891,0.0088
1779744291465,2,12.00000018,Upper Delivery,Delivery,pitch.1,703038,-0.0683,-0.0308,0.0909,0.2215,0.435,-2.4176,0.0,0.0
1779744291465,2,Pitching Mound.Delivery,,Delivery,pitch.1,701404,5.2875,-4.0308,93.3852,40.5521,87.8384,11.067,-0.089,0.3481
1779744291465,2,Pitching Mound.Drive,,Delivery,pitch.1,702272,0.0184,-0.2847,0.7344,0.0462,-0.6275,-0.6371,0.0,0.0
1779744291465,2,Pitching Mound.Parent,,Delivery,pitch.1,700728,5.3059,-4.3156,94.1196,40.5983,87.2109,10.4299,-0.0883,0.3454
1779744291466,2,11.0000004b,Drive,Delivery,pitch.1,702273,0.0205,-0.2827,0.7297,0.0616,-0.7736,-0.6625,0.0,0.0
1779744291466,2,11.0000004b,Drive,Delivery,pitch.1,702274,0.0195,-0.288,0.8116,0.0651,-0.823,-0.6825,0.0,0.0
1779744291466,2,12.00000015,Lower Delivery,Delivery,pitch.1,702352,5.3998,-4.0112,93.3296,8.9618,87.9574,15.3021,-0.0897,0.0091
1779744291466,2,12.00000018,Upper Delivery,Delivery,pitch.1,703039,-0.0671,-0.028,0.0747,0.2228,0.437,-2.428,0.0,0.0
1779744291466,2,Pitching Mound.Delivery,,Delivery,pitch.1,701405,5.3327,-4.0391,93.4043,40.8913,88.3944,11.0153,-0.0896,0.3486
1779744291466,2,Pitching Mound.Drive,,Delivery,pitch.1,702273,0.0205,-0.2827,0.7297,0.0616,-0.7736,-0.6625,0.0,0.0
1779744291466,2,Pitching Mound.Drive,,Delivery,pitch.1,702274,0.0195,-0.288,0.8116,0.0651,-0.823,-0.6825,0.0,0.0
1779744291466,2,Pitching Mound.Parent,,Delivery,pitch.1,700729,5.3533,-4.3219,94.134,40.9529,87.6208,10.3528,-0.0889,0.3459
1779744291467,2,11.0000004b,Drive,Delivery,pitch.1,702275,0.02,-0.2945,0.8593,0.0756,-0.9302,-0.7068,0.0,0.0
1779744291467,2,12.00000015,Lower Delivery,Delivery,pitch.1,702353,5.4231,-4.0096,93.1694,8.9964,88.2846,15.3087,-0.0901,0.0092
1779744291467,2,12.00000018,Upper Delivery,Delivery,pitch.1,703040,-0.0678,-0.0147,0.0269,0.2214,0.4348,-2.4164,0.0,0.0
1779744291467,2,Pitching Mound.Delivery,,Delivery,pitch.1,701406,5.3554,-4.0243,93.1963,40.8862,88.7194,11.0254,-0.0901,0.349
1779744291467,2,Pitching Mound.Drive,,Delivery,pitch.1,702275,0.02,-0.2945,0.8593,0.0756,-0.9302,-0.7068,0.0,0.0
1779744291467,2,Pitching Mound.Parent,,Delivery,pitch.1,700730,5.3749,-4.3122,94.0079,40.9513,87.8963,10.3429,-0.0893,0.346
1779744291468,2,11.0000004b,Drive,Delivery,pitch.1,702276,0.0188,-0.2976,0.8802,0.0689,-0.8839,-0.7138,0.0,0.0
1779744291468,2,12.00000015,Lower Delivery,Delivery,pitch.1,702354,5.4636,-4.0241,93.2571,9.5156,88.6512,15.3038,-0.0904,0.0097
1779744291468,2,12.00000018,Upper Delivery,Delivery,pitch.1,703041,-0.0678,-0.0203,0.0381,0.225,0.4403,-2.4447,0.0,0.0
1779744291468,2,Pitching Mound.Delivery,,Delivery,pitch.1,701407,5.3957,-4.0444,93.2952,41.4351,89.0914,10.9784,-0.0904,0.3494
1779744291468,2,Pitching Mound.Drive,,Delivery,pitch.1,702276,0.0188,-0.2976,0.8802,0.0689,-0.8839,-0.7138,0.0,0.0
1779744291468,2,Pitching Mound.Parent,,Delivery,pitch.1,700731,5.4157,-4.3389,94.1545,41.5107,88.1612,10.2716,-0.0896,0.3462
1779744291469,2,11.0000004b,Drive,Delivery,pitch.1,702277,0.0227,-0.3037,0.9077,0.0728,-0.9233,-0.7212,0.0,0.0
1779744291469,2,12.00000015,Lower Delivery,Delivery,pitch.1,702355,5.4994,-4.0208,93.3305,9.8721,89.3922,15.3072,-0.0911,0.0101
1779744291469,2,12.00000018,Upper Delivery,Delivery,pitch.1,703042,-0.0661,-0.0275,0.0678,0.2307,0.4489,-2.4896,0.0,0.0
1779744291469,2,Pitching Mound.Delivery,,Delivery,pitch.1,701408,5.4333,-4.0483,93.3983,41.8122,89.8411,10.9253,-0.091,0.3496
1779744291469,2,Pitching Mound.Drive,,Delivery,pitch.1,702277,0.0227,-0.3037,0.9077,0.0728,-0.9233,-0.7212,0.0,0.0
1779744291469,2,Pitching Mound.Parent,,Delivery,pitch.1,700732,5.4521,-4.3458,94.2785,41.881,88.9572,10.2116,-0.0902,0.3463
1779744291470,2,11.0000004b,Drive,Delivery,pitch.1,702278,0.0245,-0.3056,0.8821,0.0672,-0.8742,-0.7108,0.0,0.0
1779744291470,2,12.00000015,Lower Delivery,Delivery,pitch.1,702356,5.5527,-4.0298,93.268,10.24,89.7875,15.3019,-0.0916,0.0104
1779744291470,2,12.00000018,Upper Delivery,Delivery,pitch.1,703043,-0.0659,-0.0219,0.04,0.2279,0.4447,-2.4677,0.0,0.0
1779744291470,2,Pitching Mound.Delivery,,Delivery,pitch.1,701409,5.4868,-4.0518,93.308,42.1655,90.2322,10.9239,-0.0915,0.3501
1779744291470,2,Pitching Mound.Drive,,Delivery,pitch.1,702278,0.0245,-0.3056,0.8821,0.0672,-0.8742,-0.7108,0.0,0.0
1779744291470,2,Pitching Mound.Parent,,Delivery,pitch.1,700733,5.5095,-4.3555,94.2157,42.2383,89.3089,10.2027,-0.0907,0.3468
1779744291471,2,11.0000004b,Drive,Delivery,pitch.1,702279,0.0243,-0.3078,0.8798,0.0641,-0.8303,-0.6882,0.0,0.0
1779744291471,2,12.00000015,Lower Delivery,Delivery,pitch.1,702357,5.5983,-3.9983,93.229,10.3338,89.903,15.2782,-0.0917,0.0105
1779744291471,2,12.00000018,Upper Delivery,Delivery,pitch.1,703044,-0.0649,-0.0176,0.0338,0.222,0.4357,-2.4211,0.0,0.0
1779744291471,2,Pitching Mound.Delivery,,Delivery,pitch.1,701410,5.5334,-4.0158,93.2629,42.2421,90.3387,10.9316,-0.0917,0.3503
1779744291471,2,Pitching Mound.Drive,,Delivery,pitch.1,702279,0.0243,-0.3078,0.8798,0.0641,-0.8303,-0.6882,0.0,0.0
1779744291471,2,Pitching Mound.Parent,,Delivery,pitch.1,700734,5.5579,-4.3214,94.145,42.3093,89.4645,10.2208,-0.0908,0.347
1779744291472,2,11.0000004b,Drive,Delivery,pitch.1,702280,0.0276,-0.3247,0.933,0.0614,-0.7922,-0.6689,0.0,0.0
1779744291472,2,12.00000015,Lower Delivery,Delivery,pitch.1,702358,5.6402,-4.009,93.2984,10.7814,90.2619,15.2657,-0.092,0.011
1779744291472,2,12.00000018,Upper Delivery,Delivery,pitch.1,703045,-0.0626,-0.0162,0.0393,0.2272,0.4435,-2.4618,0.0,0.0
1779744291472,2,Pitching Mound.Delivery,,Delivery,pitch.1,701411,5.5776,-4.0253,93.3378,42.7167,90.7054,10.8649,-0.092,0.3507
1779744291472,2,Pitching Mound.Drive,,Delivery,pitch.1,702280,0.0276,-0.3247,0.933,0.0614,-0.7922,-0.6689,0.0,0.0
1779744291472,2,Pitching Mound.Parent,,Delivery,pitch.1,700735,5.6018,-4.3331,94.2176,42.7808,89.8751,10.1768,-0.0911,0.3474
1779744291473,2,11.0000004b,Drive,Delivery,pitch.1,702281,0.0218,-0.3282,0.9497,0.0599,-0.7719,-0.6565,0.0,0.0
1779744291473,2,12.00000015,Lower Delivery,Delivery,pitch.1,702359,5.6981,-4.0029,93.3339,11.0094,91.0269,15.2791,-0.0928,0.0112
1779744291473,2,12.00000018,Upper Delivery,Delivery,pitch.1,703046,-0.0608,-0.0181,0.0452,0.2284,0.4454,-2.4713,0.0,0.0
1779744291473,2,Pitching Mound.Delivery,,Delivery,pitch.1,701412,5.6373,-4.021,93.3791,42.956,91.4723,10.8498,-0.0927,0.3509
1779744291473,2,Pitching Mound.Drive,,Delivery,pitch.1,702281,0.0218,-0.3282,0.9497,0.0599,-0.7719,-0.6565,0.0,0.0
1779744291473,2,Pitching Mound.Parent,,Delivery,pitch.1,700736,5.6648,-4.3457,94.3121,43.0174,90.6801,10.1809,-0.0918,0.3474
1779744291474,2,11.0000004b,Drive,Delivery,pitch.1,702282,0.0314,-0.3388,0.9606,0.0657,-0.8133,-0.6512,0.0,0.0
1779744291474,2,12.00000015,Lower Delivery,Delivery,pitch.1,702360,5.7417,-4.0109,93.3627,10.7958,90.9428,15.3311,-0.0927,0.011
1779744291474,2,12.00000018,Upper Delivery,Delivery,pitch.1,703047,-0.0593,-0.0181,0.0559,0.2287,0.4458,-2.4736,0.0,0.0
1779744291474,2,Pitching Mound.Delivery,,Delivery,pitch.1,701413,5.6824,-4.029,93.4186,42.7487,91.3886,10.8851,-0.0926,0.3506
1779744291474,2,Pitching Mound.Drive,,Delivery,pitch.1,702282,0.0314,-0.3388,0.9606,0.0657,-0.8133,-0.6512,0.0,0.0
1779744291474,2,Pitching Mound.Parent,,Delivery,pitch.1,700737,5.7041,-4.3572,94.3683,42.8086,90.6167,10.2286,-0.0917,0.3471
1779744291475,2,11.0000004b,Drive,Delivery,pitch.1,702283,0.038,-0.3381,0.9414,0.08,-0.8445,-0.6397,0.0,0.0
1779744291475,2,12.00000015,Lower Delivery,Delivery,pitch.1,702361,5.8014,-4.0049,93.4291,11.1429,91.6768,15.3261,-0.0933,0.0113
1779744291475,2,12.00000018,Upper Delivery,Delivery,pitch.1,703048,-0.0584,-0.0103,0.0455,0.235,0.4553,-2.5229,0.0,0.0
1779744291475,2,Pitching Mound.Delivery,,Delivery,pitch.1,701414,5.743,-4.0152,93.4746,43.1283,92.1322,10.8108,-0.0933,0.351
1779744291475,2,Pitching Mound.Drive,,Delivery,pitch.1,702283,0.038,-0.3381,0.9414,0.08,-0.8445,-0.6397,0.0,0.0
1779744291475,2,Pitching Mound.Parent,,Delivery,pitch.1,700738,5.7744,-4.3539,94.4351,43.1941,91.3189,10.1596,-0.0924,0.3474
1779744291476,2,11.0000004b,Drive,Delivery,pitch.1,702284,0.0205,-0.3572,1.02,0.0642,-0.7604,-0.6088,0.0,0.0
1779744291476,2,12.00000015,Lower Delivery,Delivery,pitch.1,702362,5.8169,-3.9793,93.3812,10.6585,91.2676,15.3333,-0.093,0.0109
1779744291476,2,12.00000018,Upper Delivery,Delivery,pitch.1,703049,-0.0567,-0.0168,0.0571,0.2232,0.4376,-2.4308,0.0,0.0
1779744291476,2,Pitching Mound.Delivery,,Delivery,pitch.1,701415,5.7602,-3.9962,93.4383,42.6119,91.7052,10.9055,-0.0929,0.3504
1779744291476,2,Pitching Mound.Drive,,Delivery,pitch.1,702284,0.0205,-0.3572,1.02,0.0642,-0.7604,-0.6088,0.0,0.0
1779744291476,2,Pitching Mound.Parent,,Delivery,pitch.1,700739,5.7982,-4.3343,94.3797,42.692,90.8607,10.2658,-0.092,0.3469
1779744291477,2,11.0000004b,Drive,Delivery,pitch.1,702285,0.0374,-0.3413,0.959,0.0624,-0.7187,-0.5882,0.0,0.0
1779744291477,2,12.00000015,Lower Delivery,Delivery,pitch.1,702363,5.8377,-3.9891,93.4811,10.5707,90.6808,15.3482,-0.0923,0.0108
1779744291477,2,12.00000018,Upper Delivery,Delivery,pitch.1,703050,-0.0571,-0.0147,0.0603,0.2303,0.4482,-2.486,0.0,0.0
1779744291477,2,Pitching Mound.Delivery,,Delivery,pitch.1,701416,5.7806,-4.0038,93.5415,42.5641,91.129,10.858,-0.0922,0.3503
1779744291477,2,Pitching Mound.Drive,,Delivery,pitch.1,702285,0.0374,-0.3413,0.959,0.0624,-0.7187,-0.5882,0.0,0.0
1779744291477,2,Pitching Mound.Parent,,Delivery,pitch.1,700740,5.8011,-4.3609,94.5615,42.6283,90.3687,10.2492,-0.0912,0.3465
1779744291478,2,11.0000004b,Drive,Delivery,pitch.1,702286,0.0456,-0.3324,0.9195,0.0687,-0.7398,-0.5768,0.0,0.0
1779744291478,2,12.00000015,Lower Delivery,Delivery,pitch.1,702364,5.8724,-3.9923,93.4899,10.5767,90.7673,15.3543,-0.0924,0.0108
1779744291478,2,12.00000018,Upper Delivery,Delivery,pitch.1,703051,-0.056,-0.017,0.0653,0.2329,0.4522,-2.5066,0.0,0.0
1779744291478,2,Pitching Mound.Delivery,,Delivery,pitch.1,701417,5.8164,-4.0093,93.5552,42.574,91.2195,10.8321,-0.0923,0.3503
1779744291478,2,Pitching Mound.Drive,,Delivery,pitch.1,702286,0.0456,-0.3324,0.9195,0.0687,-0.7398,-0.5768,0.0,0.0
1779744291478,2,Pitching Mound.Parent,,Delivery,pitch.1,700741,5.8538,-4.3505,94.5142,42.6364,90.5008,10.244,-0.0914,0.3467
1779744291479,2,11.0000004b,Drive,Delivery,pitch.1,702287,0.045,-0.3291,0.9092,0.0807,-0.8079,-0.5937,0.0,0.0
1779744291479,2,12.00000015,Lower Delivery,Delivery,pitch.1,702365,5.9052,-3.9971,93.6558,10.4805,90.511,15.2916,-0.0919,0.0106
1779744291479,2,12.00000018,Upper Delivery,Delivery,pitch.1,703052,-0.0555,-0.0169,0.0607,0.2292,0.4465,-2.4774,0.0,0.0
1779744291479,2,Pitching Mound.Delivery,,Delivery,pitch.1,701418,5.8498,-4.014,93.7165,42.5321,90.9575,10.7876,-0.0919,0.3502
1779744291479,2,Pitching Mound.Drive,,Delivery,pitch.1,702287,0.045,-0.3291,0.9092,0.0807,-0.8079,-0.5937,0.0,0.0
1779744291479,2,Pitching Mound.Parent,,Delivery,pitch.1,700742,5.8954,-4.3464,94.636,42.6008,90.2177,10.2107,-0.091,0.3468
1779744291480,2,11.0000004b,Drive,Delivery,pitch.1,702288,0.0572,-0.3194,0.8603,0.089,-0.8443,-0.5871,0.0,0.0
1779744291480,2,12.00000015,Lower Delivery,Delivery,pitch.1,702366,5.9326,-3.999,93.6708,10.2056,89.8219,15.333,-0.0912,0.0104
1779744291480,2,12.00000018,Upper Delivery,Delivery,pitch.1,703053,-0.0582,-0.0235,0.0591,0.2213,0.4348,-2.4163,0.0,0.0
1779744291480,2,Pitching Mound.Delivery,,Delivery,pitch.1,701419,5.8744,-4.0225,93.7299,42.2549,90.2566,10.8798,-0.0912,0.3499
1779744291480,2,Pitching Mound.Drive,,Delivery,pitch.1,702288,0.0572,-0.3194,0.8603,0.089,-0.8443,-0.5871,0.0,0.0
1779744291480,2,Pitching Mound.Parent,,Delivery,pitch.1,700743,5.9194,-4.3516,94.6391,42.3356,89.4487,10.286,-0.0903,0.3466
1779744291481,2,11.0000004b,Drive,Delivery,pitch.1,702289,0.0662,-0.3067,0.7924,0.0835,-0.8523,-0.5889,0.0,0.0
1779744291481,2,12.00000015,Lower Delivery,Delivery,pitch.1,702367,5.9514,-4.0099,93.6692,10.516,90.05,15.3224,-0.0915,0.0107
1779744291481,2,12.00000018,Upper Delivery,Delivery,pitch.1,703054,-0.0614,-0.0297,0.0607,0.2149,0.4251,-2.366,0.0,0.0
1779744291481,2,Pitching Mound.Delivery,,Delivery,pitch.1,701420,5.89,-4.0396,93.7299,42.5578,90.4751,10.9121,-0.0914,0.3502
1779744291481,2,Pitching Mound.Drive,,Delivery,pitch.1,702289,0.0662,-0.3067,0.7924,0.0835,-0.8523,-0.5889,0.0,0.0
1779744291481,2,Pitching Mound.Parent,,Delivery,pitch.1,700744,5.9472,-4.359,94.5902,42.6468,89.6309,10.325,-0.0906,0.347
1779744291482,2,11.0000004b,Drive,Delivery,pitch.1,702290,0.0742,-0.2949,0.7473,0.0735,-0.8033,-0.6079,0.0,0.0
1779744291482,2,12.00000015,Lower Delivery,Delivery,pitch.1,702368,5.9517,-3.9864,93.6301,10.2817,89.8864,15.3607,-0.0913,0.0104
1779744291482,2,12.00000018,Upper Delivery,Delivery,pitch.1,703055,-0.0609,-0.0339,0.0741,0.2255,0.441,-2.4484,0.0,0.0
1779744291482,2,Pitching Mound.Delivery,,Delivery,pitch.1,701421,5.8908,-4.0203,93.7043,42.3162,90.3273,10.868,-0.0913,0.3499
1779744291482,2,Pitching Mound.Drive,,Delivery,pitch.1,702290,0.0742,-0.2949,0.7473,0.0735,-0.8033,-0.6079,0.0,0.0
1779744291482,2,Pitching Mound.Parent,,Delivery,pitch.1,700745,5.957,-4.327,94.4966,42.3997,89.4751,10.2791,-0.0905,0.347
1779744291483,2,11.0000004b,Drive,Delivery,pitch.1,702291,0.0727,-0.2942,0.7531,0.081,-0.8791,-0.6023,0.0,0.0
1779744291483,2,12.00000015,Lower Delivery,Delivery,pitch.1,702369,5.9821,-3.9747,93.6457,10.467,90.5319,15.3549,-0.092,0.0106
1779744291483,2,12.00000018,Upper Delivery,Delivery,pitch.1,703056,-0.0652,-0.0359,0.063,0.2162,0.4271,-2.3765,0.0,0.0
1779744291483,2,Pitching Mound.Delivery,,Delivery,pitch.1,701422,5.9169,-4.0106,93.7087,42.5014,90.959,10.9223,-0.0919,0.3502
1779744291483,2,Pitching Mound.Drive,,Delivery,pitch.1,702291,0.0727,-0.2942,0.7531,0.081,-0.8791,-0.6023,0.0,0.0
1779744291483,2,Pitching Mound.Parent,,Delivery,pitch.1,700746,5.9911,-4.3056,94.456,42.5749,90.1557,10.3144,-0.0912,0.3474
1779744291484,2,11.0000004b,Drive,Delivery,pitch.1,702292,0.0761,-0.3149,0.8163,0.0783,-0.8701,-0.6147,0.0,0.0
1779744291484,2,12.00000015,Lower Delivery,Delivery,pitch.1,702370,5.9979,-3.9726,93.6703,10.7599,90.7839,15.3678,-0.0922,0.0109
1779744291484,2,12.00000018,Upper Delivery,Delivery,pitch.1,703057,-0.0656,-0.0414,0.0912,0.2087,0.4157,-2.3174,0.0,0.0
1779744291484,2,Pitching Mound.Delivery,,Delivery,pitch.1,701423,5.9323,-4.014,93.7616,42.7855,91.1996,10.9888,-0.0921,0.3503
1779744291484,2,Pitching Mound.Drive,,Delivery,pitch.1,702292,0.0761,-0.3149,0.8163,0.0783,-0.8701,-0.6147,0.0,0.0
1779744291484,2,Pitching Mound.Parent,,Delivery,pitch.1,700747,6.005,-4.3082,94.5147,42.8665,90.3205,10.3865,-0.0914,0.3475
1779744291485,2,11.0000004b,Drive,Delivery,pitch.1,702293,0.0862,-0.2908,0.7883,0.0846,-0.9294,-0.6247,0.0,0.0
1779744291485,2,12.00000015,Lower Delivery,Delivery,pitch.1,702371,6.0165,-3.945,93.8024,10.5862,91.0634,15.342,-0.0924,0.0107
1779744291485,2,12.00000018,Upper Delivery,Delivery,pitch.1,703058,-0.069,-0.0407,0.082,0.2041,0.4089,-2.2818,0.0,0.0
1779744291485,2,Pitching Mound.Delivery,,Delivery,pitch.1,701424,5.9476,-3.9857,93.8844,42.6553,91.4722,10.9911,-0.0923,0.3501
1779744291485,2,Pitching Mound.Drive,,Delivery,pitch.1,702293,0.0862,-0.2908,0.7883,0.0846,-0.9294,-0.6247,0.0,0.0
1779744291485,2,Pitching Mound.Parent,,Delivery,pitch.1,700748,6.0236,-4.3006,94.7006,42.7335,90.6021,10.3765,-0.0915,0.3471
1779744291486,2,11.0000004b,Drive,Delivery,pitch.1,702294,0.0901,-0.2914,0.7834,0.0788,-0.8815,-0.6235,0.0,0.0
1779744291486,2,12.00000015,Lower Delivery,Delivery,pitch.1,702372,6.0308,-3.9303,93.8642,10.9268,91.3504,15.3079,-0.0926,0.0111
1779744291486,2,12.00000018,Upper Delivery,Delivery,pitch.1,703059,-0.0706,-0.0598,0.1279,0.2082,0.415,-2.3137,0.0,0.0
1779744291486,2,Pitching Mound.Delivery,,Delivery,pitch.1,701425,5.9602,-3.9901,93.9921,43.0054,91.7654,10.9198,-0.0925,0.3501
1779744291486,2,Pitching Mound.Drive,,Delivery,pitch.1,702294,0.0901,-0.2914,0.7834,0.0788,-0.8815,-0.6235,0.0,0.0
1779744291486,2,Pitching Mound.Parent,,Delivery,pitch.1,700749,6.0464,-4.2809,94.7804,43.0899,90.836,10.2951,-0.0917,0.3472
1779744291487,2,11.0000004b,Drive,Delivery,pitch.1,702295,0.0842,-0.3069,0.8134,0.0867,-0.9054,-0.6265,0.0,0.0
1779744291487,2,12.00000015,Lower Delivery,Delivery,pitch.1,702373,6.0371,-3.9255,93.9274,10.984,91.4003,15.2867,-0.0926,0.0111
1779744291487,2,12.00000018,Upper Delivery,Delivery,pitch.1,703060,-0.0695,-0.0493,0.112,0.2101,0.4179,-2.3285,0.0,0.0
1779744291487,2,Pitching Mound.Delivery,,Delivery,pitch.1,701426,5.9677,-3.9747,94.0394,43.0914,91.8182,10.8819,-0.0925,0.3503
1779744291487,2,Pitching Mound.Drive,,Delivery,pitch.1,702295,0.0842,-0.3069,0.8134,0.0867,-0.9054,-0.6265,0.0,0.0
1779744291487,2,Pitching Mound.Parent,,Delivery,pitch.1,700750,6.0577,-4.2661,94.8229,43.1701,90.9367,10.2584,-0.0917,0.3474
1779744291488,2,11.0000004b,Drive,Delivery,pitch.1,702296,0.0901,-0.2959,0.8073,0.0755,-0.8496,-0.6307,0.0,0.0
1779744291488,2,12.00000015,Lower Delivery,Delivery,pitch.1,702374,6.0607,-3.8848,93.9947,11.0988,91.8159,15.2833,-0.0929,0.0112
1779744291488,2,12.00000018,Upper Delivery,Delivery,pitch.1,703061,-0.125,-0.0801,0.2226,0.2125,0.4215,-2.3473,0.0,0.0
1779744291488,2,Pitching Mound.Delivery,,Delivery,pitch.1,701427,5.9357,-3.9649,94.2172,43.1938,92.2374,10.8328,-0.0927,0.3496
1779744291488,2,Pitching Mound.Drive,,Delivery,pitch.1,702296,0.0901,-0.2959,0.8073,0.0755,-0.8496,-0.6307,0.0,0.0
1779744291488,2,Pitching Mound.Parent,,Delivery,pitch.1,700751,6.0199,-4.2718,95.0307,43.2804,91.3321,10.2063,-0.0919,0.3466
1779744291489,2,11.0000004b,Drive,Delivery,pitch.1,702297,0.0766,-0.31,0.8171,0.0586,-0.7055,-0.5885,0.0,0.0
1779744291489,2,12.00000015,Lower Delivery,Delivery,pitch.1,702375,6.0948,-3.8634,93.9366,11.2955,91.9983,15.2677,-0.0932,0.0114
1779744291489,2,12.00000018,Upper Delivery,Delivery,pitch.1,703062,-0.1574,-0.0969,0.2819,0.2197,0.4324,-2.4038,0.0,0.0
1779744291489,2,Pitching Mound.Delivery,,Delivery,pitch.1,701428,5.9374,-3.9603,94.2185,43.3579,92.4307,10.7381,-0.0929,0.3494
1779744291489,2,Pitching Mound.Drive,,Delivery,pitch.1,702297,0.0766,-0.31,0.8171,0.0586,-0.7055,-0.5885,0.0,0.0
1779744291489,2,Pitching Mound.Parent,,Delivery,pitch.1,700752,6.0275,-4.2562,95.0259,43.4333,91.581,10.1074,-0.0921,0.3464
1779744291490,2,11.0000004b,Drive,Delivery,pitch.1,702298,0.062,-0.3363,0.9138,0.0569,-0.6632,-0.5591,0.0,0.0
1779744291490,2,12.00000015,Lower Delivery,Delivery,pitch.1,702376,6.112,-3.824,94.0126,10.882,91.8887,15.256,-0.093,0.011
1779744291490,2,12.00000018,Upper Delivery,Delivery,pitch.1,703063,-0.1904,-0.1208,0.341,0.2258,0.4415,-2.4512,0.0,0.0
1779744291490,2,Pitching Mound.Delivery,,Delivery,pitch.1,701429,5.9217,-3.9448,94.3536,42.9562,92.3302,10.6619,-0.0926,0.3485
1779744291490,2,Pitching Mound.Drive,,Delivery,pitch.1,702298,0.062,-0.3363,0.9138,0.0569,-0.6632,-0.5591,0.0,0.0
1779744291490,2,Pitching Mound.Parent,,Delivery,pitch.1,700753,5.9983,-4.2548,95.1708,43.0148,91.6247,10.0734,-0.0918,0.3455
1779744291491,2,11.0000004b,Drive,Delivery,pitch.1,702299,0.056,-0.3173,0.8628,0.0555,-0.6516,-0.5501,0.0,0.0
1779744291491,2,12.00000015,Lower Delivery,Delivery,pitch.1,702377,6.1314,-3.7986,93.9169,10.4425,91.6248,15.2801,-0.0928,0.0106
1779744291491,2,12.00000018,Upper Delivery,Delivery,pitch.1,703064,-0.1762,-0.1127,0.3196,0.2259,0.4417,-2.4522,0.0,0.0
1779744291491,2,Pitching Mound.Delivery,,Delivery,pitch.1,701430,5.9552,-3.9113,94.2365,42.4916,92.0665,10.6833,-0.0925,0.3482
1779744291491,2,Pitching Mound.Drive,,Delivery,pitch.1,702299,0.056,-0.3173,0.8628,0.0555,-0.6516,-0.5501,0.0,0.0
1779744291491,2,Pitching Mound.Parent,,Delivery,pitch.1,700754,6.0172,-4.2476,95.1503,42.5484,91.4033,10.1242,-0.0916,0.3449
1779744291492,2,11.0000004b,Drive,Delivery,pitch.1,702300,0.0308,-0.3154,0.9111,0.0527,-0.6255,-0.5422,0.0,0.0
1779744291492,2,12.00000015,Lower Delivery,Delivery,pitch.1,702378,6.1631,-3.7744,94.1201,10.4236,91.4238,15.288,-0.0924,0.0105
1779744291492,2,12.00000018,Upper Delivery,Delivery,pitch.1,703065,-0.1565,-0.1019,0.2801,0.2316,0.4501,-2.496,0.0,0.0
1779744291492,2,Pitching Mound.Delivery,,Delivery,pitch.1,701431,6.0066,-3.8763,94.4002,42.5607,91.8739,10.6434,-0.0921,0.3485
1779744291492,2,Pitching Mound.Drive,,Delivery,pitch.1,702300,0.0308,-0.3154,0.9111,0.0527,-0.6255,-0.5422,0.0,0.0
1779744291492,2,Pitching Mound.Parent,,Delivery,pitch.1,700755,6.0625,-4.1936,95.263,42.6162,91.2223,10.0933,-0.0913,0.3453
1779744291493,2,11.0000004b,Drive,Delivery,pitch.1,702301,0.0289,-0.3059,0.8622,0.0528,-0.644,-0.5628,0.0,0.0
1779744291493,2,12.00000015,Lower Delivery,Delivery,pitch.1,702379,6.1798,-3.7494,94.0907,10.1786,90.6622,15.2711,-0.0917,0.0103
1779744291493,2,12.00000018,Upper Delivery,Delivery,pitch.1,703066,-0.224,-0.1256,0.3732,0.2318,0.4504,-2.4975,0.0,0.0
1779744291493,2,Pitching Mound.Delivery,,Delivery,pitch.1,701432,5.9558,-3.875,94.4638,42.2743,91.1126,10.5963,-0.0913,0.3476
1779744291493,2,Pitching Mound.Drive,,Delivery,pitch.1,702301,0.0289,-0.3059,0.8622,0.0528,-0.644,-0.5628,0.0,0.0
1779744291493,2,Pitching Mound.Parent,,Delivery,pitch.1,700756,5.9865,-4.1904,95.3749,42.327,90.4871,10.0542,-0.0904,0.3442
1779744291494,2,11.0000004b,Drive,Delivery,pitch.1,702302,0.03,-0.3094,0.854,0.0518,-0.6236,-0.542,0.0,0.0
1779744291494,2,12.00000015,Lower Delivery,Delivery,pitch.1,702380,6.176,-3.7175,94.2321,10.1915,90.7789,15.2319,-0.0916,0.0103
1779744291494,2,12.00000018,Upper Delivery,Delivery,pitch.1,703067,-0.209,-0.1062,0.3337,0.2363,0.4573,-2.533,0.0,0.0
1779744291494,2,Pitching Mound.Delivery,,Delivery,pitch.1,701433,5.967,-3.8237,94.5658,42.3533,91.2361,10.5279,-0.0913,0.3479
1779744291494,2,Pitching Mound.Drive,,Delivery,pitch.1,702302,0.03,-0.3094,0.854,0.0518,-0.6236,-0.542,0.0,0.0
1779744291494,2,Pitching Mound.Parent,,Delivery,pitch.1,700757,5.9959,-4.1295,95.428,42.4061,90.5922,9.9651,-0.0905,0.3447
1779744291495,2,11.0000004b,Drive,Delivery,pitch.1,702303,0.023,-0.3112,0.8607,0.0494,-0.5947,-0.545,0.0,0.0
1779744291495,2,12.00000015,Lower Delivery,Delivery,pitch.1,702381,6.1994,-3.6916,94.2554,10.3041,91.0747,15.2285,-0.0919,0.0104
1779744291495,2,12.00000018,Upper Delivery,Delivery,pitch.1,703068,-0.2127,-0.1091,0.3356,0.2462,0.4721,-2.6099,0.0,0.0
1779744291495,2,Pitching Mound.Delivery,,Delivery,pitch.1,701434,5.9867,-3.8007,94.5911,42.483,91.5467,10.4384,-0.0916,0.3479
1779744291495,2,Pitching Mound.Drive,,Delivery,pitch.1,702303,0.023,-0.3112,0.8607,0.0494,-0.5947,-0.545,0.0,0.0
1779744291495,2,Pitching Mound.Parent,,Delivery,pitch.1,700758,6.0167,-4.11,95.4451,42.5348,90.9231,9.8964,-0.0908,0.3448
1779744291496,2,11.0000004b,Drive,Delivery,pitch.1,702304,0.0217,-0.3198,0.8709,0.0473,-0.5884,-0.5657,0.0,0.0
1779744291496,2,12.00000015,Lower Delivery,Delivery,pitch.1,702382,6.2121,-3.6957,94.3681,11.0066,91.1952,15.2187,-0.0919,0.0111
1779744291496,2,12.00000018,Upper Delivery,Delivery,pitch.1,703069,-0.1615,-0.0904,0.2584,0.2529,0.4821,-2.6621,0.0,0.0
1779744291496,2,Pitching Mound.Delivery,,Delivery,pitch.1,701435,6.0506,-3.7861,94.6265,43.2567,91.6773,10.3896,-0.0917,0.3492
1779744291496,2,Pitching Mound.Drive,,Delivery,pitch.1,702304,0.0217,-0.3198,0.8709,0.0473,-0.5884,-0.5657,0.0,0.0
1779744291496,2,Pitching Mound.Parent,,Delivery,pitch.1,700759,6.0736,-4.0973,95.4872,43.3061,91.0826,9.8446,-0.0909,0.3461
1779744291497,2,11.0000004b,Drive,Delivery,pitch.1,702305,0.0275,-0.3291,0.8693,0.0449,-0.5762,-0.5589,0.0,0.0
1779744291497,2,12.00000015,Lower Delivery,Delivery,pitch.1,702383,6.206,-3.672,94.5261,10.7171,91.2244,15.2028,-0.0918,0.0108
1779744291497,2,12.00000018,Upper Delivery,Delivery,pitch.1,703070,-0.1705,-0.0954,0.2749,0.2498,0.4775,-2.638,0.0,0.0
1779744291497,2,Pitching Mound.Delivery,,Delivery,pitch.1,701436,6.0355,-3.7674,94.801,43.0123,91.7019,10.3968,-0.0915,0.3488
1779744291497,2,Pitching Mound.Drive,,Delivery,pitch.1,702305,0.0275,-0.3291,0.8693,0.0449,-0.5762,-0.5589,0.0,0.0
1779744291497,2,Pitching Mound.Parent,,Delivery,pitch.1,700760,6.0572,-4.0872,95.6719,43.0595,91.1134,9.8311,-0.0907,0.3456
1779744291498,2,11.0000004b,Drive,Delivery,pitch.1,702306,0.0251,-0.3395,0.9313,0.0467,-0.594,-0.5618,0.0,0.0
1779744291498,2,12.00000015,Lower Delivery,Delivery,pitch.1,702384,6.2087,-3.6682,94.6199,11.1543,91.8378,15.2294,-0.0923,0.0112
1779744291498,2,12.00000018,Upper Delivery,Delivery,pitch.1,703071,-0.1369,-0.079,0.2189,0.2524,0.4814,-2.6585,0.0,0.0
1779744291498,2,Pitching Mound.Delivery,,Delivery,pitch.1,701437,6.0719,-3.7473,94.8388,43.503,92.3192,10.4134,-0.0921,0.3496
1779744291498,2,Pitching Mound.Drive,,Delivery,pitch.1,702306,0.0251,-0.3395,0.9313,0.0467,-0.594,-0.5618,0.0,0.0
1779744291498,2,Pitching Mound.Parent,,Delivery,pitch.1,700761,6.0994,-4.0764,95.7081,43.5479,91.743,9.8545,-0.0913,0.3464
1779744291499,2,11.0000004b,Drive,Delivery,pitch.1,702307,0.0195,-0.3415,0.945,0.0437,-0.561,-0.5503,0.0,0.0
1779744291499,2,12.00000015,Lower Delivery,Delivery,pitch.1,702385,6.214,-3.6658,94.8097,11.2856,92.211,15.2144,-0.0925,0.0113
1779744291499,2,12.00000018,Upper Delivery,Delivery,pitch.1,703072,-0.1033,-0.0703,0.1614,0.2505,0.4785,-2.6436,0.0,0.0
1779744291499,2,Pitching Mound.Delivery,,Delivery,pitch.1,701438,6.1107,-3.7361,94.9712,43.7165,92.6895,10.423,-0.0924,0.3501
1779744291499,2,Pitching Mound.Drive,,Delivery,pitch.1,702307,0.0195,-0.3415,0.945,0.0437,-0.561,-0.5503,0.0,0.0
1779744291499,2,Pitching Mound.Parent,,Delivery,pitch.1,700762,6.1358,-4.0756,95.9025,43.7632,92.0955,9.8611,-0.0915,0.3467
1779744291500,2,11.0000004b,Drive,Delivery,pitch.1,702308,0.0216,-0.3393,0.9468,0.0492,-0.6237,-0.5805,0.0,0.0
1779744291500,2,12.00000015,Lower Delivery,Delivery,pitch.1,702386,6.1878,-3.6679,94.9894,11.3859,92.3365,15.2129,-0.0925,0.0114
1779744291500,2,12.00000018,Upper Delivery,Delivery,pitch.1,703073,-0.1228,-0.0829,0.1928,0.242,0.4658,-2.5775,0.0,0.0
1779744291500,2,Pitching Mound.Delivery,,Delivery,pitch.1,701439,6.065,-3.7508,95.1822,43.8588,92.8023,10.4897,-0.0923,0.35
1779744291500,2,Pitching Mound.Drive,,Delivery,pitch.1,702308,0.0216,-0.3393,0.9468,0.0492,-0.6237,-0.5805,0.0,0.0
1779744291500,2,Pitching Mound.Parent,,Delivery,pitch.1,700763,6.0844,-4.0923,96.1272,43.9025,92.2413,9.9394,-0.0914,0.3466
1779744291501,2,11.0000004b,Drive,Delivery,pitch.1,702309,0.0179,-0.3438,0.9732,0.0469,-0.6231,-0.6041,0.0,0.0
1779744291501,2,12.00000015,Lower Delivery,Delivery,pitch.1,702387,6.1716,-3.6602,95.1461,11.5068,92.6963,15.2305,-0.0927,0.0115
1779744291501,2,12.00000018,Upper Delivery,Delivery,pitch.1,703074,-0.0916,-0.06,0.1204,0.247,0.4732,-2.616,0.0,0.0
1779744291501,2,Pitching Mound.Delivery,,Delivery,pitch.1,701440,6.08,-3.7202,95.2665,44.0625,93.1696,10.485,-0.0926,0.3506
1779744291501,2,Pitching Mound.Drive,,Delivery,pitch.1,702309,0.0179,-0.3438,0.9732,0.0469,-0.6231,-0.6041,0.0,0.0
1779744291501,2,Pitching Mound.Parent,,Delivery,pitch.1,700764,6.1016,-4.0594,96.2133,44.1118,92.5458,9.9046,-0.0917,0.3472
1779744291502,2,11.0000004b,Drive,Delivery,pitch.1,702310,0.0207,-0.3365,1.0003,0.0614,-0.7341,-0.5867,0.0,0.0
1779744291502,2,12.00000015,Lower Delivery,Delivery,pitch.1,702388,6.1484,-3.6602,95.3261,11.7525,93.0407,15.2046,-0.0928,0.0117
1779744291502,2,12.00000018,Upper Delivery,Delivery,pitch.1,703075,-0.0788,-0.0494,0.098,0.2421,0.4659,-2.578,0.0,0.0
1779744291502,2,Pitching Mound.Delivery,,Delivery,pitch.1,701441,6.0696,-3.7096,95.4241,44.3721,93.5066,10.5093,-0.0928,0.351
1779744291502,2,Pitching Mound.Drive,,Delivery,pitch.1,702310,0.0207,-0.3365,1.0003,0.0614,-0.7341,-0.5867,0.0,0.0
1779744291502,2,Pitching Mound.Parent,,Delivery,pitch.1,700765,6.0876,-4.0533,96.3974,44.4191,92.8834,9.9052,-0.0918,0.3475
1779744291503,2,11.0000004b,Drive,Delivery,pitch.1,702311,0.021,-0.363,1.0461,0.0599,-0.7279,-0.6026,0.0,0.0
1779744291503,2,12.00000015,Lower Delivery,Delivery,pitch.1,702389,6.1279,-3.6626,95.4948,12.0468,93.4111,15.2242,-0.0931,0.012
1779744291503,2,12.00000018,Upper Delivery,Delivery,pitch.1,703076,-0.0826,-0.0517,0.1064,0.2422,0.4661,-2.579,0.0,0.0
1779744291503,2,Pitching Mound.Delivery,,Delivery,pitch.1,701442,6.0453,-3.7143,95.6012,44.721,93.8772,10.5337,-0.0929,0.3512
1779744291503,2,Pitching Mound.Drive,,Delivery,pitch.1,702311,0.021,-0.363,1.0461,0.0599,-0.7279,-0.6026,0.0,0.0
1779744291503,2,Pitching Mound.Parent,,Delivery,pitch.1,700766,6.066,-4.0508,96.6015,44.7825,93.1431,9.947,-0.092,0.3476
1779744291504,2,11.0000004b,Drive,Delivery,pitch.1,702312,0.0269,-0.3476,1.0763,0.065,-0.7283,-0.6213,0.0,0.0
1779744291504,2,12.00000015,Lower Delivery,Delivery,pitch.1,702390,6.0856,-3.6581,95.645,11.7104,93.4019,15.2336,-0.0929,0.0116
1779744291504,2,12.00000018,Upper Delivery,Delivery,pitch.1,703077,-0.0742,-0.0335,0.0646,0.2397,0.4623,-2.5594,0.0,0.0
1779744291504,2,Pitching Mound.Delivery,,Delivery,pitch.1,701443,6.0114,-3.6916,95.7096,44.4475,93.8642,10.5798,-0.0928,0.3512
1779744291504,2,Pitching Mound.Drive,,Delivery,pitch.1,702312,0.0269,-0.3476,1.0763,0.065,-0.7283,-0.6213,0.0,0.0
1779744291504,2,Pitching Mound.Parent,,Delivery,pitch.1,700767,6.0324,-4.0546,96.7556,44.5074,93.1363,9.9772,-0.0918,0.3474
1779744291505,2,11.0000004b,Drive,Delivery,pitch.1,702313,0.021,-0.337,1.0984,0.0446,-0.601,-0.5865,0.0,0.0
1779744291505,2,12.00000015,Lower Delivery,Delivery,pitch.1,702391,6.0635,-3.6321,95.6402,11.0764,93.008,15.3088,-0.0925,0.011
1779744291505,2,12.00000018,Upper Delivery,Delivery,pitch.1,703078,-0.0716,-0.038,0.0824,0.2433,0.4678,-2.5876,0.0,0.0
1779744291505,2,Pitching Mound.Delivery,,Delivery,pitch.1,701444,5.9919,-3.6701,95.7226,43.8094,93.4758,10.6352,-0.0924,0.3504
1779744291505,2,Pitching Mound.Drive,,Delivery,pitch.1,702313,0.021,-0.337,1.0984,0.0446,-0.601,-0.5865,0.0,0.0
1779744291505,2,Pitching Mound.Parent,,Delivery,pitch.1,700768,6.0189,-4.0178,96.7989,43.8744,92.7475,10.0139,-0.0914,0.3465
1779744291506,2,11.0000004b,Drive,Delivery,pitch.1,702314,0.0264,-0.3228,1.1018,0.0518,-0.666,-0.5931,0.0,0.0
1779744291506,2,12.00000015,Lower Delivery,Delivery,pitch.1,702392,6.0303,-3.6294,95.6859,10.9941,92.9722,15.2872,-0.0924,0.0109
1779744291506,2,12.00000018,Upper Delivery,Delivery,pitch.1,703079,-0.0703,-0.0302,0.0689,0.2434,0.4679,-2.588,0.0,0.0
1779744291506,2,Pitching Mound.Delivery,,Delivery,pitch.1,701445,5.96,-3.6596,95.7548,43.7472,93.44,10.6249,-0.0924,0.3504
1779744291506,2,Pitching Mound.Drive,,Delivery,pitch.1,702314,0.0264,-0.3228,1.1018,0.0518,-0.666,-0.5931,0.0,0.0
1779744291506,2,Pitching Mound.Parent,,Delivery,pitch.1,700769,5.981,-3.9966,96.8532,43.7918,92.839,10.0384,-0.0913,0.3465
1779744291507,2,11.0000004b,Drive,Delivery,pitch.1,702315,0.0315,-0.3283,1.0955,0.0576,-0.7029,-0.5963,0.0,0.0
1779744291507,2,12.00000015,Lower Delivery,Delivery,pitch.1,702393,5.9981,-3.5966,95.8395,10.5014,92.9879,15.3078,-0.0923,0.0104
1779744291507,2,12.00000018,Upper Delivery,Delivery,pitch.1,703080,-0.0698,-0.0347,0.0921,0.2399,0.4627,-2.5614,0.0,0.0
1779744291507,2,Pitching Mound.Delivery,,Delivery,pitch.1,701446,5.9283,-3.6313,95.9316,43.2954,93.4506,10.6834,-0.0922,0.3498
1779744291507,2,Pitching Mound.Drive,,Delivery,pitch.1,702315,0.0315,-0.3283,1.0955,0.0576,-0.7029,-0.5963,0.0,0.0
1779744291507,2,Pitching Mound.Parent,,Delivery,pitch.1,700770,5.9547,-3.9542,97.0334,43.3473,92.7846,10.0903,-0.0912,0.3458
1779744291508,2,11.0000004b,Drive,Delivery,pitch.1,702316,0.0286,-0.333,1.0067,0.0541,-0.6841,-0.6005,0.0,0.0
1779744291508,2,12.00000015,Lower Delivery,Delivery,pitch.1,702394,5.9928,-3.5626,95.8611,10.3338,93.6762,15.3526,-0.093,0.0103
1779744291508,2,12.00000018,Upper Delivery,Delivery,pitch.1,703081,-0.0698,-0.0352,0.1121,0.2418,0.4655,-2.5761,0.0,0.0
1779744291508,2,Pitching Mound.Delivery,,Delivery,pitch.1,701447,5.923,-3.5978,95.9732,43.1304,94.1418,10.7152,-0.0929,0.3494
1779744291508,2,Pitching Mound.Drive,,Delivery,pitch.1,702316,0.0286,-0.333,1.0067,0.0541,-0.6841,-0.6005,0.0,0.0
1779744291508,2,Pitching Mound.Parent,,Delivery,pitch.1,700771,5.9545,-3.9261,97.0687,43.188,93.4389,10.1189,-0.0918,0.3455
1779744291509,2,11.0000004b,Drive,Delivery,pitch.1,702317,0.0264,-0.3228,1.0067,0.0604,-0.7334,-0.5989,0.0,0.0
1779744291509,2,12.00000015,Lower Delivery,Delivery,pitch.1,702395,5.9858,-3.5299,96.0136,10.4173,93.5492,15.3619,-0.0927,0.0103
1779744291509,2,12.00000018,Upper Delivery,Delivery,pitch.1,703082,-0.0681,-0.0422,0.1308,0.2515,0.4801,-2.6517,0.0,0.0
1779744291509,2,Pitching Mound.Delivery,,Delivery,pitch.1,701448,5.9177,-3.5721,96.1444,43.269,94.0293,10.6518,-0.0926,0.3494
1779744291509,2,Pitching Mound.Drive,,Delivery,pitch.1,702317,0.0264,-0.3228,1.0067,0.0604,-0.7334,-0.5989,0.0,0.0
1779744291509,2,Pitching Mound.Parent,,Delivery,pitch.1,700772,5.9463,-3.9051,97.1511,43.3231,93.3453,10.0514,-0.0916,0.3458
1779744291510,2,11.0000004b,Drive,Delivery,pitch.1,702318,0.031,-0.3334,1.0043,0.0593,-0.7288,-0.6078,0.0,0.0
1779744291510,2,12.00000015,Lower Delivery,Delivery,pitch.1,702396,5.9792,-3.4922,96.0005,10.2299,93.4729,15.3909,-0.0926,0.0101
1779744291510,2,12.00000018,Upper Delivery,Delivery,pitch.1,703083,-0.0687,-0.0437,0.1257,0.2556,0.4862,-2.6835,0.0,0.0
1779744291510,2,Pitching Mound.Delivery,,Delivery,pitch.1,701449,5.9105,-3.5359,96.1262,43.083,93.9591,10.6511,-0.0925,0.3492
1779744291510,2,Pitching Mound.Drive,,Delivery,pitch.1,702318,0.031,-0.3334,1.0043,0.0593,-0.7288,-0.6078,0.0,0.0
1779744291510,2,Pitching Mound.Parent,,Delivery,pitch.1,700773,5.9369,-3.8587,97.1329,43.1434,93.2257,10.0522,-0.0915,0.3456
1779744291511,2,11.0000004b,Drive,Delivery,pitch.1,702319,0.026,-0.3145,0.9129,0.0637,-0.7706,-0.6272,0.0,0.0
1779744291511,2,12.00000015,Lower Delivery,Delivery,pitch.1,702397,5.9559,-3.4785,96.1264,10.3515,93.6423,15.3879,-0.0927,0.0102
1779744291511,2,12.00000018,Upper Delivery,Delivery,pitch.1,703084,-0.0785,-0.0404,0.1482,0.2583,0.4903,-2.7046,0.0,0.0
1779744291511,2,Pitching Mound.Delivery,,Delivery,pitch.1,701450,5.8774,-3.5189,96.2747,43.2424,94.1326,10.6316,-0.0925,0.3492
1779744291511,2,Pitching Mound.Drive,,Delivery,pitch.1,702319,0.026,-0.3145,0.9129,0.0637,-0.7706,-0.6272,0.0,0.0
1779744291511,2,Pitching Mound.Parent,,Delivery,pitch.1,700774,5.9084,-3.8523,97.279,43.3017,93.4039,10.0239,-0.0916,0.3456
1779744291512,2,11.0000004b,Drive,Delivery,pitch.1,702320,0.0384,-0.3097,0.8891,0.063,-0.7601,-0.6202,0.0,0.0
1779744291512,2,12.00000015,Lower Delivery,Delivery,pitch.1,702398,5.9248,-3.4436,96.2625,10.5242,93.69,15.4208,-0.0926,0.0104
1779744291512,2,12.00000018,Upper Delivery,Delivery,pitch.1,703085,-0.0664,-0.03,0.1288,0.2565,0.4875,-2.6902,0.0,0.0
1779744291512,2,Pitching Mound.Delivery,,Delivery,pitch.1,701451,5.8584,-3.4735,96.3913,43.4662,94.1775,10.6936,-0.0925,0.3495
1779744291512,2,Pitching Mound.Drive,,Delivery,pitch.1,702320,0.0384,-0.3097,0.8891,0.063,-0.7601,-0.6202,0.0,0.0
1779744291512,2,Pitching Mound.Parent,,Delivery,pitch.1,700775,5.8844,-3.788,97.3042,43.5299,93.4069,10.0664,-0.0916,0.3462
1779744291513,2,11.0000004b,Drive,Delivery,pitch.1,702321,0.034,-0.3288,0.9384,0.0616,-0.7474,-0.6096,0.0,0.0
1779744291513,2,12.00000015,Lower Delivery,Delivery,pitch.1,702399,5.9149,-3.4205,96.387,10.992,94.0761,15.4705,-0.0928,0.0108
1779744291513,2,12.00000018,Upper Delivery,Delivery,pitch.1,703086,-0.0665,-0.0385,0.1321,0.2606,0.4937,-2.7224,0.0,0.0
1779744291513,2,Pitching Mound.Delivery,,Delivery,pitch.1,701452,5.8484,-3.4591,96.5192,43.9792,94.5698,10.7145,-0.0927,0.3499
1779744291513,2,Pitching Mound.Drive,,Delivery,pitch.1,702321,0.034,-0.3288,0.9384,0.0616,-0.7474,-0.6096,0.0,0.0
1779744291513,2,Pitching Mound.Parent,,Delivery,pitch.1,700776,5.8868,-3.7688,97.4082,44.0422,93.8098,10.0942,-0.0919,0.3467
1779744291514,2,11.0000004b,Drive,Delivery,pitch.1,702322,0.0437,-0.3151,0.8842,0.0551,-0.6825,-0.6051,0.0,0.0
1779744291514,2,12.00000015,Lower Delivery,Delivery,pitch.1,702400,5.8918,-3.3924,96.6173,11.2349,94.1693,15.4268,-0.0927,0.0111
1779744291514,2,12.00000018,Upper Delivery,Delivery,pitch.1,703087,-0.0732,-0.0451,0.1621,0.252,0.4809,-2.6555,0.0,0.0
1779744291514,2,Pitching Mound.Delivery,,Delivery,pitch.1,701453,5.8187,-3.4375,96.7794,44.2817,94.6502,10.7431,-0.0926,0.3499
1779744291514,2,Pitching Mound.Drive,,Delivery,pitch.1,702322,0.0437,-0.3151,0.8842,0.0551,-0.6825,-0.6051,0.0,0.0
1779744291514,2,Pitching Mound.Parent,,Delivery,pitch.1,700777,5.8527,-3.7664,97.7178,44.3432,93.9028,10.1335,-0.0917,0.3465
1779744291515,2,11.0000004b,Drive,Delivery,pitch.1,702323,0.0357,-0.2966,0.8355,0.0481,-0.6165,-0.5954,0.0,0.0
1779744291515,2,12.00000015,Lower Delivery,Delivery,pitch.1,702401,5.8757,-3.366,96.7071,11.5873,94.751,15.4562,-0.0932,0.0114
1779744291515,2,12.00000018,Upper Delivery,Delivery,pitch.1,703088,-0.0915,-0.0459,0.1906,0.2516,0.4802,-2.652,0.0,0.0
1779744291515,2,Pitching Mound.Delivery,,Delivery,pitch.1,701454,5.7842,-3.4119,96.8978,44.6544,95.2311,10.7754,-0.093,0.35
1779744291515,2,Pitching Mound.Drive,,Delivery,pitch.1,702323,0.0357,-0.2966,0.8355,0.0481,-0.6165,-0.5954,0.0,0.0
1779744291515,2,Pitching Mound.Parent,,Delivery,pitch.1,700778,5.8279,-3.727,97.782,44.7096,94.5487,10.1703,-0.0922,0.3469
1779744291516,2,11.0000004b,Drive,Delivery,pitch.1,702324,0.0155,-0.328,0.947,0.0504,-0.6348,-0.5862,0.0,0.0
1779744291516,2,12.00000015,Lower Delivery,Delivery,pitch.1,702402,5.8761,-3.3428,96.8272,12.0909,95.2975,15.4886,-0.0936,0.0119
1779744291516,2,12.00000018,Upper Delivery,Delivery,pitch.1,703089,-0.0982,-0.0558,0.194,0.2551,0.4854,-2.6792,0.0,0.0
1779744291516,2,Pitching Mound.Delivery,,Delivery,pitch.1,701455,5.7779,-3.3986,97.0212,45.2012,95.7829,10.7781,-0.0934,0.3505
1779744291516,2,Pitching Mound.Drive,,Delivery,pitch.1,702324,0.0155,-0.328,0.947,0.0504,-0.6348,-0.5862,0.0,0.0
1779744291516,2,Pitching Mound.Parent,,Delivery,pitch.1,700779,5.8135,-3.6953,97.8567,45.2493,95.1664,10.1827,-0.0926,0.3475
1779744291517,2,11.0000004b,Drive,Delivery,pitch.1,702325,0.016,-0.3281,0.9712,0.0572,-0.689,-0.5908,0.0,0.0
1779744291517,2,12.00000015,Lower Delivery,Delivery,pitch.1,702403,5.8382,-3.325,96.9425,12.6002,95.7172,15.4843,-0.0939,0.0124
1779744291517,2,12.00000018,Upper Delivery,Delivery,pitch.1,703090,-0.0913,-0.0494,0.1962,0.2525,0.4816,-2.6592,0.0,0.0
1779744291517,2,Pitching Mound.Delivery,,Delivery,pitch.1,701456,5.7469,-3.3744,97.1387,45.7464,96.1988,10.8091,-0.0937,0.351
1779744291517,2,Pitching Mound.Drive,,Delivery,pitch.1,702325,0.016,-0.3281,0.9712,0.0572,-0.689,-0.5908,0.0,0.0
1779744291517,2,Pitching Mound.Parent,,Delivery,pitch.1,700780,5.7624,-3.7023,98.0857,45.7968,95.564,10.2229,-0.0928,0.3476
1779744291518,2,11.0000004b,Drive,Delivery,pitch.1,702326,0.0088,-0.3213,1.0387,0.0565,-0.7063,-0.6105,0.0,0.0
1779744291518,2,12.00000015,Lower Delivery,Delivery,pitch.1,702404,5.8235,-3.3111,97.1493,12.4777,95.6041,15.5073,-0.0936,0.0122
1779744291518,2,12.00000018,Upper Delivery,Delivery,pitch.1,703091,-0.1236,-0.0708,0.2472,0.2466,0.4728,-2.6136,0.0,0.0
1779744291518,2,Pitching Mound.Delivery,,Delivery,pitch.1,701457,5.7,-3.3819,97.3964,45.6711,96.0769,10.8718,-0.0934,0.3505
1779744291518,2,Pitching Mound.Drive,,Delivery,pitch.1,702326,0.0088,-0.3213,1.0387,0.0565,-0.7063,-0.6105,0.0,0.0
1779744291518,2,Pitching Mound.Parent,,Delivery,pitch.1,700781,5.716,-3.71,98.3676,45.7283,95.3879,10.281,-0.0925,0.347
1779744291519,2,11.0000004b,Drive,Delivery,pitch.1,702327,0.0144,-0.3381,1.0176,0.0727,-0.7294,-0.6252,0.0,0.0
1779744291519,2,12.00000015,Lower Delivery,Delivery,pitch.1,702405,5.8054,-3.3011,97.2269,12.6213,95.9494,15.5506,-0.0939,0.0123
1779744291519,2,12.00000018,Upper Delivery,Delivery,pitch.1,703092,-0.1123,-0.0568,0.203,0.2449,0.4702,-2.6003,0.0,0.0
1779744291519,2,Pitching Mound.Delivery,,Delivery,pitch.1,701458,5.6931,-3.3579,97.4299,45.8544,96.4196,10.9383,-0.0937,0.3509
1779744291519,2,Pitching Mound.Drive,,Delivery,pitch.1,702327,0.0144,-0.3381,1.0176,0.0727,-0.7294,-0.6252,0.0,0.0
1779744291519,2,Pitching Mound.Parent,,Delivery,pitch.1,700782,5.7018,-3.6792,98.4685,45.9108,95.7134,10.3278,-0.0927,0.3472
1779744291520,2,11.0000004b,Drive,Delivery,pitch.1,702328,0.0211,-0.3344,1.0425,0.0733,-0.6874,-0.6274,0.0,0.0
1779744291520,2,12.00000015,Lower Delivery,Delivery,pitch.1,702406,5.7905,-3.2733,97.352,12.9965,96.1584,15.5395,-0.094,0.0127
1779744291520,2,12.00000018,Upper Delivery,Delivery,pitch.1,703093,-0.101,-0.0546,0.18,0.2446,0.4697,-2.5975,0.0,0.0
1779744291520,2,Pitching Mound.Delivery,,Delivery,pitch.1,701459,5.6895,-3.328,97.532,46.2796,96.6281,10.9389,-0.0938,0.3514
1779744291520,2,Pitching Mound.Drive,,Delivery,pitch.1,702328,0.0211,-0.3344,1.0425,0.0733,-0.6874,-0.6274,0.0,0.0
1779744291520,2,Pitching Mound.Parent,,Delivery,pitch.1,700783,5.704,-3.6661,98.5496,46.3523,95.8987,10.3136,-0.0928,0.3478
1779744291521,2,11.0000004b,Drive,Delivery,pitch.1,702329,0.0238,-0.3345,1.0254,0.0615,-0.7104,-0.5524,0.0,0.0
1779744291521,2,12.00000015,Lower Delivery,Delivery,pitch.1,702407,5.7729,-3.2542,97.5071,12.64,96.2098,15.577,-0.0939,0.0123
1779744291521,2,12.00000018,Upper Delivery,Delivery,pitch.1,703094,-0.0761,-0.0355,0.1455,0.2376,0.4592,-2.5432,0.0,0.0
1779744291521,2,Pitching Mound.Delivery,,Delivery,pitch.1,701460,5.6968,-3.2897,97.6527,45.9806,96.6691,11.0451,-0.0937,0.3513
1779744291521,2,Pitching Mound.Drive,,Delivery,pitch.1,702329,0.0238,-0.3345,1.0254,0.0615,-0.7104,-0.5524,0.0,0.0
1779744291521,2,Pitching Mound.Parent,,Delivery,pitch.1,700784,5.7178,-3.6241,98.6951,46.0538,95.9817,10.4177,-0.0927,0.3476
1779744291522,2,11.0000004b,Drive,Delivery,pitch.1,702330,0.0273,-0.3252,1.0173,0.0518,-0.6402,-0.5582,0.0,0.0
1779744291522,2,12.00000015,Lower Delivery,Delivery,pitch.1,702408,5.7622,-3.2247,97.5391,12.7178,96.4389,15.5461,-0.0941,0.0124
1779744291522,2,12.00000018,Upper Delivery,Delivery,pitch.1,703095,-0.1066,-0.0627,0.1982,0.2394,0.4619,-2.5573,0.0,0.0
1779744291522,2,Pitching Mound.Delivery,,Delivery,pitch.1,701461,5.6556,-3.2874,97.7374,46.0532,96.9009,10.9934,-0.0939,0.351
1779744291522,2,Pitching Mound.Drive,,Delivery,pitch.1,702330,0.0273,-0.3252,1.0173,0.0518,-0.6402,-0.5582,0.0,0.0
1779744291522,2,Pitching Mound.Parent,,Delivery,pitch.1,700785,5.6794,-3.6219,98.7628,46.1146,96.1905,10.441,-0.0929,0.3474
1779744291523,2,11.0000004b,Drive,Delivery,pitch.1,702331,0.025,-0.3271,1.0036,0.0621,-0.7397,-0.5811,0.0,0.0
1779744291523,2,12.00000015,Lower Delivery,Delivery,pitch.1,702409,5.7518,-3.1985,97.6728,12.4421,96.6028,15.5579,-0.0941,0.0121
1779744291523,2,12.00000018,Upper Delivery,Delivery,pitch.1,703096,-0.1131,-0.0587,0.1847,0.2393,0.4617,-2.5562,0.0,0.0
1779744291523,2,Pitching Mound.Delivery,,Delivery,pitch.1,701462,5.6386,-3.2572,97.8575,45.8274,97.0646,11.0076,-0.0939,0.3508
1779744291523,2,Pitching Mound.Drive,,Delivery,pitch.1,702331,0.025,-0.3271,1.0036,0.0621,-0.7397,-0.5811,0.0,0.0
1779744291523,2,Pitching Mound.Parent,,Delivery,pitch.1,700786,5.6659,-3.5824,98.8747,45.8792,96.4244,10.4494,-0.0929,0.3472
1779744291524,2,11.0000004b,Drive,Delivery,pitch.1,702332,0.031,-0.322,0.9018,0.0521,-0.6604,-0.5881,0.0,0.0
1779744291524,2,12.00000015,Lower Delivery,Delivery,pitch.1,702410,5.7399,-3.1694,97.8349,12.1129,96.5123,15.5519,-0.0938,0.0118
1779744291524,2,12.00000015,Lower Delivery,Delivery,pitch.1,702411,5.74,-3.1524,97.9379,11.6158,96.7693,15.6354,-0.094,0.0113
1779744291524,2,12.00000018,Upper Delivery,Delivery,pitch.1,703097,-0.0696,-0.0365,0.1047,0.2417,0.4654,-2.5751,0.0,0.0
1779744291524,2,Pitching Mound.Delivery,,Delivery,pitch.1,701463,5.6703,-3.2059,97.9396,45.5829,96.9777,11.0015,-0.0937,0.351
1779744291524,2,Pitching Mound.Drive,,Delivery,pitch.1,702332,0.031,-0.322,0.9018,0.0521,-0.6604,-0.5881,0.0,0.0
1779744291524,2,Pitching Mound.Parent,,Delivery,pitch.1,700787,5.6953,-3.533,98.9433,45.645,96.238,10.4204,-0.0928,0.3475
1779744291525,2,11.0000004b,Drive,Delivery,pitch.1,702333,0.033,-0.333,1.0067,0.0589,-0.7175,-0.588,0.0,0.0
1779744291525,2,12.00000018,Upper Delivery,Delivery,pitch.1,703098,-0.0731,-0.039,0.0907,0.2363,0.4573,-2.5332,0.0,0.0
1779744291525,2,Pitching Mound.Delivery,,Delivery,pitch.1,701464,5.6669,-3.1915,98.0285,45.1201,97.2266,11.1258,-0.0939,0.3506
1779744291525,2,Pitching Mound.Drive,,Delivery,pitch.1,702333,0.033,-0.333,1.0067,0.0589,-0.7175,-0.588,0.0,0.0
1779744291525,2,Pitching Mound.Parent,,Delivery,pitch.1,700788,5.6979,-3.5135,98.9304,45.1723,96.5661,10.5376,-0.0931,0.3474
1779744291526,2,11.0000004b,Drive,Delivery,pitch.1,702334,0.0385,-0.3533,0.9786,0.0691,-0.7925,-0.5921,0.0,0.0
1779744291526,2,12.00000015,Lower Delivery,Delivery,pitch.1,702412,5.7372,-3.1083,98.2106,11.5452,96.8278,15.5974,-0.0938,0.0112
1779744291526,2,12.00000018,Upper Delivery,Delivery,pitch.1,703099,-0.0703,-0.0359,0.0762,0.243,0.4673,-2.5852,0.0,0.0
1779744291526,2,Pitching Mound.Delivery,,Delivery,pitch.1,701465,5.6669,-3.1442,98.2868,45.1538,97.2951,11.0376,-0.0937,0.3506
1779744291526,2,Pitching Mound.Drive,,Delivery,pitch.1,702334,0.0385,-0.3533,0.9786,0.0691,-0.7925,-0.5921,0.0,0.0
1779744291526,2,Pitching Mound.Parent,,Delivery,pitch.1,700789,5.6999,-3.4772,99.2935,45.2127,96.5776,10.4496,-0.0928,0.3471
1779744291527,2,11.0000004b,Drive,Delivery,pitch.1,702335,0.0397,-0.3497,0.9574,0.0671,-0.7781,-0.6129,0.0,0.0
1779744291527,2,12.00000015,Lower Delivery,Delivery,pitch.1,702413,5.7389,-3.0778,98.372,11.6849,96.7693,15.5692,-0.0936,0.0113
1779744291527,2,12.00000018,Upper Delivery,Delivery,pitch.1,703100,-0.0701,-0.0281,0.0621,0.2352,0.4556,-2.5242,0.0,0.0
1779744291527,2,Pitching Mound.Delivery,,Delivery,pitch.1,701466,5.6689,-3.1059,98.4341,45.3454,97.2249,11.07,-0.0935,0.3509
1779744291527,2,Pitching Mound.Drive,,Delivery,pitch.1,702335,0.0397,-0.3497,0.9574,0.0671,-0.7781,-0.6129,0.0,0.0
1779744291527,2,Pitching Mound.Parent,,Delivery,pitch.1,700790,5.7073,-3.4591,99.4127,45.4145,96.4324,10.4779,-0.0926,0.3474
1779744291528,2,11.0000004b,Drive,Delivery,pitch.1,702336,0.0314,-0.3504,0.9819,0.0561,-0.6973,-0.6042,0.0,0.0
1779744291528,2,12.00000015,Lower Delivery,Delivery,pitch.1,702414,5.7024,-3.0529,98.3962,10.8456,96.2871,15.5977,-0.0931,0.0105
1779744291528,2,12.00000018,Upper Delivery,Delivery,pitch.1,703101,-0.0722,-0.0359,0.0512,0.2469,0.4732,-2.6157,0.0,0.0
1779744291528,2,Pitching Mound.Delivery,,Delivery,pitch.1,701467,5.6302,-3.0888,98.4473,44.5299,96.7603,11.0187,-0.093,0.3501
1779744291528,2,Pitching Mound.Drive,,Delivery,pitch.1,702336,0.0314,-0.3504,0.9819,0.0561,-0.6973,-0.6042,0.0,0.0
1779744291528,2,Pitching Mound.Parent,,Delivery,pitch.1,700791,5.6699,-3.4385,99.4047,44.5969,95.9821,10.4057,-0.0921,0.3468
1779744291529,2,11.0000004b,Drive,Delivery,pitch.1,702337,0.0322,-0.3385,0.9319,0.0452,-0.5961,-0.6136,0.0,0.0
1779744291529,2,12.00000015,Lower Delivery,Delivery,pitch.1,702416,5.6773,-2.9869,98.6379,10.9786,96.1273,15.6051,-0.0927,0.0106
1779744291529,2,12.00000015,Lower Delivery,Delivery,pitch.1,702415,5.6917,-3.0222,98.4545,10.7615,95.9938,15.6224,-0.0928,0.0104
1779744291529,2,12.00000018,Upper Delivery,Delivery,pitch.1,703102,-0.0723,-0.0291,0.0423,0.2479,0.4747,-2.6237,0.0,0.0
1779744291529,2,Pitching Mound.Delivery,,Delivery,pitch.1,701468,5.6195,-3.0513,98.4968,44.4696,96.4685,11.0389,-0.0927,0.3501
1779744291529,2,Pitching Mound.Drive,,Delivery,pitch.1,702337,0.0322,-0.3385,0.9319,0.0452,-0.5961,-0.6136,0.0,0.0
1779744291529,2,Pitching Mound.Parent,,Delivery,pitch.1,700792,5.6509,-3.4016,99.4787,44.5257,95.7712,10.4347,-0.0918,0.3466
1779744291530,2,11.0000004b,Drive,Delivery,pitch.1,702338,0.0283,-0.3457,0.9553,0.0301,-0.4915,-0.616,0.0,0.0
1779744291530,2,12.00000015,Lower Delivery,Delivery,pitch.1,702417,5.6529,-2.9558,98.7009,10.6536,95.9907,15.6334,-0.0925,0.0103
1779744291530,2,12.00000018,Upper Delivery,Delivery,pitch.1,703103,-0.074,-0.0371,0.0539,0.2436,0.4682,-2.5896,0.0,0.0
1779744291530,2,Pitching Mound.Delivery,,Delivery,pitch.1,701469,5.6033,-3.024,98.6918,44.7408,96.5954,11.06,-0.0927,0.3502
1779744291530,2,Pitching Mound.Drive,,Delivery,pitch.1,702338,0.0283,-0.3457,0.9553,0.0301,-0.4915,-0.616,0.0,0.0
1779744291530,2,Pitching Mound.Parent,,Delivery,pitch.1,700793,5.6355,-3.3624,99.6237,44.786,95.9993,10.4465,-0.0918,0.3469
1779744291531,2,11.0000004b,Drive,Delivery,pitch.1,702339,0.0331,-0.337,0.9516,0.0352,-0.564,-0.6622,0.0,0.0
1779744291531,2,12.00000015,Lower Delivery,Delivery,pitch.1,702418,5.6582,-2.9254,98.852,11.0846,96.6984,15.6205,-0.0931,0.0107
1779744291531,2,12.00000018,Upper Delivery,Delivery,pitch.1,703104,-0.0725,-0.0304,0.0376,0.2393,0.4617,-2.5563,0.0,0.0
1779744291531,2,Pitching Mound.Delivery,,Delivery,pitch.1,701470,5.5804,-2.9862,98.7385,44.4384,96.4525,11.1305,-0.0925,0.35
1779744291531,2,Pitching Mound.Drive,,Delivery,pitch.1,702339,0.0331,-0.337,0.9516,0.0352,-0.564,-0.6622,0.0,0.0
1779744291531,2,Pitching Mound.Parent,,Delivery,pitch.1,700794,5.6088,-3.332,99.6938,44.4685,95.961,10.5144,-0.0916,0.3467
1779744291532,2,11.0000004b,Drive,Delivery,pitch.1,702340,0.0233,-0.3359,0.9486,0.0348,-0.5843,-0.7047,0.0,0.0
1779744291532,2,12.00000018,Upper Delivery,Delivery,pitch.1,703105,-0.0704,-0.027,0.0308,0.2439,0.4686,-2.5919,0.0,0.0
1779744291532,2,Pitching Mound.Delivery,,Delivery,pitch.1,701471,5.5878,-2.9523,98.8828,44.9276,97.167,11.0808,-0.093,0.3505
1779744291532,2,Pitching Mound.Drive,,Delivery,pitch.1,702340,0.0233,-0.3359,0.9486,0.0348,-0.5843,-0.7047,0.0,0.0
1779744291532,2,Pitching Mound.Parent,,Delivery,pitch.1,700795,5.6209,-3.2893,99.8344,44.9628,96.603,10.4186,-0.0921,0.3471
1779744291533,2,11.0000004b,Drive,Delivery,pitch.1,702341,0.0265,-0.3261,0.9291,0.0324,-0.5536,-0.6909,0.0,0.0
1779744291533,2,12.00000015,Lower Delivery,Delivery,pitch.1,702420,5.6267,-2.8818,99.1076,10.8668,96.6235,15.6265,-0.0927,0.0104
1779744291533,2,12.00000015,Lower Delivery,Delivery,pitch.1,702419,5.635,-2.8997,99.0879,10.9605,96.2165,15.6264,-0.0924,0.0105
1779744291533,2,12.00000018,Upper Delivery,Delivery,pitch.1,703106,-0.0704,-0.0185,0.0088,0.2361,0.4569,-2.5311,0.0,0.0
1779744291533,2,Pitching Mound.Delivery,,Delivery,pitch.1,701472,5.5646,-2.9182,99.0968,44.8834,96.6734,11.1555,-0.0924,0.3505
1779744291533,2,Pitching Mound.Drive,,Delivery,pitch.1,702341,0.0265,-0.3261,0.9291,0.0324,-0.5536,-0.6909,0.0,0.0
1779744291533,2,Pitching Mound.Parent,,Delivery,pitch.1,700796,5.5879,-3.2541,100.0453,44.9182,96.0891,10.4507,-0.0915,0.3471
1779744291534,2,11.0000004b,Drive,Delivery,pitch.1,702342,0.0149,-0.334,0.9401,0.0239,-0.4811,-0.6763,0.0,0.0
1779744291534,2,12.00000015,Lower Delivery,Delivery,pitch.1,702421,5.6145,-2.853,99.2102,11.5669,97.1664,15.6166,-0.0932,0.0111
1779744291534,2,12.00000018,Upper Delivery,Delivery,pitch.1,703107,-0.0678,-0.0157,0.0253,0.2309,0.4491,-2.4909,0.0,0.0
1779744291534,2,Pitching Mound.Delivery,,Delivery,pitch.1,701473,5.5589,-2.8975,99.1329,44.7857,97.0726,11.1994,-0.0927,0.3503
1779744291534,2,Pitching Mound.Drive,,Delivery,pitch.1,702342,0.0149,-0.334,0.9401,0.0239,-0.4811,-0.6763,0.0,0.0
1779744291534,2,Pitching Mound.Parent,,Delivery,pitch.1,700797,5.5854,-3.2236,100.062,44.8181,96.519,10.5086,-0.0919,0.347
1779744291535,2,11.0000004b,Drive,Delivery,pitch.1,702343,0.011,-0.3236,0.9933,0.0318,-0.566,-0.693,0.0,0.0
1779744291535,2,12.00000018,Upper Delivery,Delivery,pitch.1,703108,-0.0669,-0.0182,0.0515,0.235,0.4553,-2.5228,0.0,0.0
1779744291535,2,Pitching Mound.Delivery,,Delivery,pitch.1,701474,5.5476,-2.8712,99.2616,45.5158,97.6217,11.1621,-0.0931,0.3507
1779744291535,2,Pitching Mound.Drive,,Delivery,pitch.1,702343,0.011,-0.3236,0.9933,0.0318,-0.566,-0.693,0.0,0.0
1779744291535,2,Pitching Mound.Parent,,Delivery,pitch.1,700798,5.5625,-3.2051,100.2017,45.5398,97.1406,10.4859,-0.0922,0.3474
1779744291536,2,11.0000004b,Drive,Delivery,pitch.1,702344,0.0082,-0.3096,1.0153,0.037,-0.6001,-0.6826,0.0,0.0
1779744291536,2,12.00000015,Lower Delivery,Delivery,pitch.1,702422,5.6058,-2.853,99.3834,11.62,96.9387,15.5939,-0.0928,0.0111
1779744291536,2,12.00000015,Lower Delivery,Delivery,pitch.1,702423,5.5803,-2.8408,99.3689,11.4067,96.9029,15.6638,-0.0928,0.0109
1779744291536,2,12.00000018,Upper Delivery,Delivery,pitch.1,703109,-0.07,-0.0278,0.0604,0.231,0.4492,-2.4913,0.0,0.0
1779744291536,2,Pitching Mound.Delivery,,Delivery,pitch.1,701475,5.5359,-2.8808,99.4438,45.6208,97.388,11.1728,-0.0927,0.3507
1779744291536,2,Pitching Mound.Drive,,Delivery,pitch.1,702344,0.0082,-0.3096,1.0153,0.037,-0.6001,-0.6826,0.0,0.0
1779744291536,2,Pitching Mound.Parent,,Delivery,pitch.1,700799,5.5469,-3.2044,100.4371,45.6526,96.822,10.4798,-0.0918,0.3472
1779744291537,2,11.0000004b,Drive,Delivery,pitch.1,702345,0.0116,-0.305,0.9848,0.0247,-0.4738,-0.6437,0.0,0.0
1779744291537,2,12.00000015,Lower Delivery,Delivery,pitch.1,702424,5.5516,-2.8249,99.4389,11.3643,97.0736,15.6594,-0.0929,0.0109
1779744291537,2,12.00000018,Upper Delivery,Delivery,pitch.1,703110,-0.071,-0.0358,0.0787,0.2154,0.4259,-2.37,0.0,0.0
1779744291537,2,Pitching Mound.Delivery,,Delivery,pitch.1,701476,5.5093,-2.8766,99.4475,45.3808,97.3288,11.3723,-0.0927,0.3504
1779744291537,2,Pitching Mound.Drive,,Delivery,pitch.1,702345,0.0116,-0.305,0.9848,0.0247,-0.4738,-0.6437,0.0,0.0
1779744291537,2,Pitching Mound.Parent,,Delivery,pitch.1,700800,5.5175,-3.1861,100.4629,45.4178,96.7287,10.6897,-0.0918,0.3468
1779744291538,2,11.0000004b,Drive,Delivery,pitch.1,702346,0.0074,-0.2965,1.0327,0.021,-0.4407,-0.6329,0.0,0.0
1779744291538,2,12.00000015,Lower Delivery,Delivery,pitch.1,702425,5.5389,-2.8057,99.6037,11.324,97.3376,15.6651,-0.093,0.0108
1779744291538,2,12.00000018,Upper Delivery,Delivery,pitch.1,703111,-0.0662,-0.0192,0.0508,0.2235,0.438,-2.4332,0.0,0.0
1779744291538,2,Pitching Mound.Delivery,,Delivery,pitch.1,701477,5.4854,-2.8441,99.4897,45.3798,97.5116,11.3161,-0.0928,0.3505
1779744291538,2,Pitching Mound.Drive,,Delivery,pitch.1,702346,0.0074,-0.2965,1.0327,0.021,-0.4407,-0.6329,0.0,0.0
1779744291538,2,Pitching Mound.Parent,,Delivery,pitch.1,700801,5.497,-3.1491,100.4745,45.4045,97.0378,10.6725,-0.0919,0.3471
1779744291539,2,11.0000004b,Drive,Delivery,pitch.1,702347,0.0162,-0.3094,0.9894,0.038,-0.5735,-0.6336,0.0,0.0
1779744291539,2,12.00000015,Lower Delivery,Delivery,pitch.1,702426,5.5322,-2.771,99.6906,11.3069,97.6334,15.6675,-0.0932,0.0108
1779744291539,2,12.00000018,Upper Delivery,Delivery,pitch.1,703112,-0.0685,-0.0328,0.0702,0.2244,0.4394,-2.4402,0.0,0.0
1779744291539,2,Pitching Mound.Delivery,,Delivery,pitch.1,701478,5.4703,-2.8385,99.6739,45.3898,97.777,11.3184,-0.0929,0.3503
1779744291539,2,Pitching Mound.Drive,,Delivery,pitch.1,702347,0.0162,-0.3094,0.9894,0.038,-0.5735,-0.6336,0.0,0.0
1779744291539,2,Pitching Mound.Parent,,Delivery,pitch.1,700802,5.4777,-3.135,100.7066,45.4109,97.3363,10.6855,-0.0919,0.3467
1779744291540,2,11.0000004b,Drive,Delivery,pitch.1,702348,0.011,-0.2964,1.0356,0.0303,-0.4958,-0.6034,0.0,0.0
1779744291540,2,12.00000015,Lower Delivery,Delivery,pitch.1,702427,5.5278,-2.7618,99.7479,11.1526,97.5051,15.695,-0.093,0.0106
1779744291540,2,12.00000018,Upper Delivery,Delivery,pitch.1,703113,-0.0675,-0.0365,0.0736,0.2236,0.4381,-2.4337,0.0,0.0
1779744291540,2,Pitching Mound.Delivery,,Delivery,pitch.1,701479,5.4647,-2.8075,99.7642,45.4003,98.0716,11.33,-0.0931,0.3503
1779744291540,2,Pitching Mound.Drive,,Delivery,pitch.1,702348,0.011,-0.2964,1.0356,0.0303,-0.4958,-0.6034,0.0,0.0
1779744291540,2,Pitching Mound.Parent,,Delivery,pitch.1,700803,5.4809,-3.117,100.7536,45.4383,97.4981,10.6964,-0.0922,0.3468
1779744291541,2,11.0000004b,Drive,Delivery,pitch.1,702349,0.017,-0.3015,0.9809,0.0329,-0.4991,-0.5987,0.0,0.0
1779744291541,2,12.00000015,Lower Delivery,Delivery,pitch.1,702428,5.5161,-2.7437,99.8683,11.1584,97.6005,15.6976,-0.093,0.0106
1779744291541,2,12.00000018,Upper Delivery,Delivery,pitch.1,703114,-0.0668,-0.0307,0.0705,0.229,0.4463,-2.4759,0.0,0.0
1779744291541,2,12.00000018,Upper Delivery,Delivery,pitch.1,703115,-0.0705,-0.0349,0.0505,0.2312,0.4496,-2.4932,0.0,0.0
1779744291541,2,Pitching Mound.Delivery,,Delivery,pitch.1,701480,5.4611,-2.7925,99.8183,45.2719,97.9513,11.3169,-0.0929,0.3501
1779744291541,2,Pitching Mound.Delivery,,Delivery,pitch.1,701481,5.4456,-2.7786,99.9187,45.3276,98.0501,11.3049,-0.0929,0.3503
1779744291541,2,Pitching Mound.Drive,,Delivery,pitch.1,702349,0.017,-0.3015,0.9809,0.0329,-0.4991,-0.5987,0.0,0.0
1779744291541,2,Pitching Mound.Parent,,Delivery,pitch.1,700804,5.4721,-3.0889,100.8539,45.3022,97.4555,10.7135,-0.092,0.3466
1779744291541,2,Pitching Mound.Parent,,Delivery,pitch.1,700805,5.4626,-3.0801,100.8996,45.3605,97.551,10.7062,-0.092,0.3469
1779744291542,2,11.0000004b,Drive,Delivery,pitch.1,702350,0.0135,-0.2916,1.0074,0.0292,-0.4577,-0.5735,0.0,0.0
1779744291542,2,12.00000015,Lower Delivery,Delivery,pitch.1,702429,5.5126,-2.7465,100.0231,10.9106,97.3527,15.7124,-0.0926,0.0104
1779744291542,2,Pitching Mound.Drive,,Delivery,pitch.1,702350,0.0135,-0.2916,1.0074,0.0292,-0.4577,-0.5735,0.0,0.0
1779744291543,2,11.0000004b,Drive,Delivery,pitch.1,702351,0.0142,-0.2945,1.0325,0.0359,-0.4948,-0.5764,0.0,0.0
1779744291543,2,12.00000015,Lower Delivery,Delivery,pitch.1,702430,5.5074,-2.7061,100.11,11.0194,97.7548,15.6965,-0.0929,0.0105
1779744291543,2,12.00000018,Upper Delivery,Delivery,pitch.1,703116,-0.0697,-0.045,0.0658,0.2286,0.4457,-2.4729,0.0,0.0
1779744291543,2,12.00000018,Upper Delivery,Delivery,pitch.1,703117,-0.0669,-0.051,0.0871,0.2312,0.4496,-2.4935,0.0,0.0
1779744291543,2,Pitching Mound.Delivery,,Delivery,pitch.1,701482,5.443,-2.7916,100.0889,45.1246,97.7984,11.3416,-0.0925,0.3499
1779744291543,2,Pitching Mound.Delivery,,Delivery,pitch.1,701483,5.4405,-2.7571,100.1971,45.2584,98.2044,11.3078,-0.0928,0.3499
1779744291543,2,Pitching Mound.Drive,,Delivery,pitch.1,702351,0.0142,-0.2945,1.0325,0.0359,-0.4948,-0.5764,0.0,0.0
1779744291543,2,Pitching Mound.Parent,,Delivery,pitch.1,700806,5.4565,-3.0832,101.0963,45.1538,97.3407,10.7681,-0.0916,0.3464
1779744291543,2,Pitching Mound.Parent,,Delivery,pitch.1,700807,5.4546,-3.0516,101.2296,45.2943,97.7096,10.7314,-0.0919,0.3463
1779744291544,2,11.0000004b,Drive,Delivery,pitch.1,702352,0.0133,-0.3021,1.0657,0.0386,-0.5578,-0.6072,0.0,0.0
1779744291544,2,12.00000015,Lower Delivery,Delivery,pitch.1,702431,5.5009,-2.6815,100.1838,10.6704,97.7495,15.7453,-0.0928,0.0101
1779744291544,2,12.00000018,Upper Delivery,Delivery,pitch.1,703118,-0.068,-0.0465,0.0609,0.238,0.4598,-2.5464,0.0,0.0
1779744291544,2,Pitching Mound.Delivery,,Delivery,pitch.1,701484,5.4329,-2.7279,100.2447,44.9503,98.2093,11.3055,-0.0928,0.3497
1779744291544,2,Pitching Mound.Drive,,Delivery,pitch.1,702352,0.0133,-0.3021,1.0657,0.0386,-0.5578,-0.6072,0.0,0.0
1779744291544,2,Pitching Mound.Parent,,Delivery,pitch.1,700808,5.4462,-3.0301,101.3104,44.9889,97.6515,10.6984,-0.0918,0.346
1779744291545,2,11.0000004b,Drive,Delivery,pitch.1,702353,0.0141,-0.3176,1.0798,0.0355,-0.5135,-0.5978,0.0,0.0
1779744291545,2,12.00000015,Lower Delivery,Delivery,pitch.1,702432,5.4957,-2.6529,100.2427,10.5211,97.9558,15.7619,-0.093,0.01
1779744291545,2,12.00000018,Upper Delivery,Delivery,pitch.1,703119,-0.0645,-0.0385,0.0637,0.2424,0.4665,-2.5809,0.0,0.0
1779744291545,2,Pitching Mound.Delivery,,Delivery,pitch.1,701485,5.4312,-2.6914,100.3064,44.8245,98.4223,11.2905,-0.0929,0.3495
1779744291545,2,Pitching Mound.Drive,,Delivery,pitch.1,702353,0.0141,-0.3176,1.0798,0.0355,-0.5135,-0.5978,0.0,0.0
1779744291545,2,Pitching Mound.Parent,,Delivery,pitch.1,700809,5.4454,-3.009,101.3863,44.86,97.9089,10.6927,-0.0919,0.3458
1779744291546,2,11.0000004b,Drive,Delivery,pitch.1,702354,0.0128,-0.3171,1.0358,0.0297,-0.47,-0.5988,0.0,0.0
1779744291546,2,12.00000015,Lower Delivery,Delivery,pitch.1,702433,5.4938,-2.6367,100.2801,10.6516,98.0718,15.7641,-0.093,0.0101
1779744291546,2,12.00000018,Upper Delivery,Delivery,pitch.1,703120,-0.0668,-0.0469,0.0846,0.2449,0.4702,-2.6,0.0,0.0
1779744291546,2,Pitching Mound.Delivery,,Delivery,pitch.1,701486,5.427,-2.6836,100.3647,44.963,98.542,11.2735,-0.093,0.3495
1779744291546,2,Pitching Mound.Drive,,Delivery,pitch.1,702354,0.0128,-0.3171,1.0358,0.0297,-0.47,-0.5988,0.0,0.0
1779744291546,2,Pitching Mound.Parent,,Delivery,pitch.1,700810,5.4398,-3.0008,101.4005,44.9927,98.072,10.6747,-0.092,0.346
1779744291547,2,11.0000004b,Drive,Delivery,pitch.1,702355,0.0158,-0.315,1.0283,0.0296,-0.4826,-0.6089,0.0,0.0
1779744291547,2,12.00000015,Lower Delivery,Delivery,pitch.1,702434,5.4984,-2.614,100.3164,11.0721,98.9617,15.7301,-0.0938,0.0105
1779744291547,2,12.00000018,Upper Delivery,Delivery,pitch.1,703121,-0.0623,-0.0313,0.062,0.2506,0.4787,-2.6444,0.0,0.0
1779744291547,2,Pitching Mound.Delivery,,Delivery,pitch.1,701487,5.4361,-2.6453,100.3784,45.4091,99.4404,11.1951,-0.0938,0.3501
1779744291547,2,Pitching Mound.Drive,,Delivery,pitch.1,702355,0.0158,-0.315,1.0283,0.0296,-0.4826,-0.6089,0.0,0.0
1779744291547,2,Pitching Mound.Parent,,Delivery,pitch.1,700811,5.4519,-2.9603,101.4067,45.4387,98.9578,10.5862,-0.0928,0.3465
1779744291548,2,11.0000004b,Drive,Delivery,pitch.1,702356,0.0138,-0.3222,1.0565,0.0369,-0.5825,-0.6578,0.0,0.0
1779744291548,2,12.00000015,Lower Delivery,Delivery,pitch.1,702435,5.5039,-2.5937,100.4086,10.6142,98.7213,15.7663,-0.0935,0.0101
1779744291548,2,12.00000018,Upper Delivery,Delivery,pitch.1,703122,-0.0645,-0.0478,0.1114,0.2483,0.4752,-2.6264,0.0,0.0
1779744291548,2,Pitching Mound.Delivery,,Delivery,pitch.1,701488,5.4393,-2.6414,100.52,44.9635,99.1966,11.2467,-0.0934,0.3493
1779744291548,2,Pitching Mound.Drive,,Delivery,pitch.1,702356,0.0138,-0.3222,1.0565,0.0369,-0.5825,-0.6578,0.0,0.0
1779744291548,2,Pitching Mound.Parent,,Delivery,pitch.1,700812,5.4531,-2.9636,101.5765,45.0005,98.6141,10.5889,-0.0925,0.3457
1779744291549,2,11.0000004b,Drive,Delivery,pitch.1,702357,0.0117,-0.3326,1.0202,0.0344,-0.5557,-0.6487,0.0,0.0
1779744291549,2,12.00000015,Lower Delivery,Delivery,pitch.1,702436,5.4898,-2.5776,100.4534,10.6163,98.7817,15.7514,-0.0935,0.0101
1779744291549,2,12.00000018,Upper Delivery,Delivery,pitch.1,703123,-0.0612,-0.046,0.1357,0.2417,0.4654,-2.5752,0.0,0.0
1779744291549,2,Pitching Mound.Delivery,,Delivery,pitch.1,701489,5.4286,-2.6235,100.5891,44.9661,99.2471,11.2888,-0.0934,0.3491
1779744291549,2,Pitching Mound.Drive,,Delivery,pitch.1,702357,0.0117,-0.3326,1.0202,0.0344,-0.5557,-0.6487,0.0,0.0
1779744291549,2,Pitching Mound.Parent,,Delivery,pitch.1,700813,5.4403,-2.9562,101.6093,45.0004,98.6914,10.6401,-0.0925,0.3456
1779744291550,2,11.0000004b,Drive,Delivery,pitch.1,702358,0.0137,-0.3301,1.0491,0.0414,-0.6274,-0.6592,0.0,0.0
1779744291550,2,12.00000015,Lower Delivery,Delivery,pitch.1,702437,5.4824,-2.557,100.4337,10.1679,98.8208,15.7957,-0.0936,0.0096
1779744291550,2,12.00000018,Upper Delivery,Delivery,pitch.1,703124,-0.0615,-0.0439,0.1312,0.2345,0.4546,-2.5193,0.0,0.0
1779744291550,2,Pitching Mound.Delivery,,Delivery,pitch.1,701490,5.4208,-2.6008,100.5648,44.5053,99.2754,11.3915,-0.0935,0.3487
1779744291550,2,Pitching Mound.Drive,,Delivery,pitch.1,702358,0.0137,-0.3301,1.0491,0.0414,-0.6274,-0.6592,0.0,0.0
1779744291550,2,Pitching Mound.Parent,,Delivery,pitch.1,700814,5.4345,-2.9309,101.614,44.5467,98.648,10.7324,-0.0925,0.3451
1779744291551,2,11.0000004b,Drive,Delivery,pitch.1,702359,0.0141,-0.3301,0.9771,0.0361,-0.57,-0.6413,0.0,0.0
1779744291551,2,12.00000015,Lower Delivery,Delivery,pitch.1,702438,5.4565,-2.5408,100.4947,9.9419,98.6691,15.7861,-0.0934,0.0094
1779744291551,2,12.00000018,Upper Delivery,Delivery,pitch.1,703125,-0.0597,-0.0393,0.1434,0.2343,0.4543,-2.5175,0.0,0.0
1779744291551,2,Pitching Mound.Delivery,,Delivery,pitch.1,701491,5.3968,-2.5801,100.6381,44.2956,99.1233,11.3931,-0.0933,0.3484
1779744291551,2,Pitching Mound.Drive,,Delivery,pitch.1,702359,0.0141,-0.3301,0.9771,0.0361,-0.57,-0.6413,0.0,0.0
1779744291551,2,Pitching Mound.Parent,,Delivery,pitch.1,700815,5.4109,-2.9102,101.6152,44.3317,98.5533,10.7518,-0.0924,0.3451
1779744291552,2,11.0000004b,Drive,Delivery,pitch.1,702360,0.0087,-0.3237,0.9925,0.0291,-0.525,-0.6617,0.0,0.0
1779744291552,2,12.00000015,Lower Delivery,Delivery,pitch.1,702439,5.4646,-2.5163,100.5271,9.9945,98.9003,15.769,-0.0936,0.0095
1779744291552,2,12.00000018,Upper Delivery,Delivery,pitch.1,703126,-0.056,-0.0256,0.1293,0.2266,0.4426,-2.4569,0.0,0.0
1779744291552,2,Pitching Mound.Delivery,,Delivery,pitch.1,701492,5.4086,-2.5419,100.6564,44.3563,99.3429,11.435,-0.0935,0.3486
1779744291552,2,Pitching Mound.Drive,,Delivery,pitch.1,702360,0.0087,-0.3237,0.9925,0.0291,-0.525,-0.6617,0.0,0.0
1779744291552,2,Pitching Mound.Parent,,Delivery,pitch.1,700816,5.4173,-2.8655,101.6489,44.3853,98.818,10.7733,-0.0926,0.3452
1779744291553,2,11.0000004b,Drive,Delivery,pitch.1,702361,0.0106,-0.3309,0.935,0.0358,-0.5763,-0.6663,0.0,0.0
1779744291553,2,12.00000015,Lower Delivery,Delivery,pitch.1,702440,5.473,-2.4767,100.4689,10.0401,99.4283,15.7668,-0.0941,0.0095
1779744291553,2,Pitching Mound.Drive,,Delivery,pitch.1,702361,0.0106,-0.3309,0.935,0.0358,-0.5763,-0.6663,0.0,0.0
1779744291554,2,11.0000004b,Drive,Delivery,pitch.1,702362,0.0131,-0.3392,0.9022,0.0378,-0.6134,-0.689,0.0,0.0
1779744291554,2,12.00000015,Lower Delivery,Delivery,pitch.1,702441,5.4612,-2.4493,100.5158,9.9008,99.1177,15.7576,-0.0938,0.0094
1779744291554,2,12.00000018,Upper Delivery,Delivery,pitch.1,703127,-0.0577,-0.0222,0.1268,0.2297,0.4473,-2.4815,0.0,0.0
1779744291554,2,Pitching Mound.Delivery,,Delivery,pitch.1,701493,5.4153,-2.4989,100.5957,44.3861,99.8757,11.4048,-0.094,0.3486
1779744291554,2,Pitching Mound.Drive,,Delivery,pitch.1,702362,0.0131,-0.3392,0.9022,0.0378,-0.6134,-0.689,0.0,0.0
1779744291554,2,Pitching Mound.Parent,,Delivery,pitch.1,700817,5.4284,-2.8381,101.4979,44.4239,99.2623,10.7158,-0.0932,0.3455
1779744291555,2,11.0000004b,Drive,Delivery,pitch.1,702363,0.0174,-0.3385,0.8497,0.0375,-0.6043,-0.6731,0.0,0.0
1779744291555,2,12.00000015,Lower Delivery,Delivery,pitch.1,702442,5.4902,-2.4157,100.6071,10.0925,98.9945,15.6878,-0.0936,0.0095
1779744291555,2,12.00000018,Upper Delivery,Delivery,pitch.1,703128,-0.0606,-0.0275,0.1414,0.2181,0.4299,-2.3911,0.0,0.0
1779744291555,2,12.00000018,Upper Delivery,Delivery,pitch.1,703129,-0.0703,-0.0384,0.1758,0.2239,0.4386,-2.4362,0.0,0.0
1779744291555,2,Pitching Mound.Delivery,,Delivery,pitch.1,701494,5.4006,-2.4768,100.6571,44.2462,99.5476,11.4891,-0.0937,0.3484
1779744291555,2,Pitching Mound.Delivery,,Delivery,pitch.1,701495,5.4199,-2.4541,100.7829,44.4631,99.4331,11.361,-0.0934,0.3483
1779744291555,2,Pitching Mound.Drive,,Delivery,pitch.1,702363,0.0174,-0.3385,0.8497,0.0375,-0.6043,-0.6731,0.0,0.0
1779744291555,2,Pitching Mound.Parent,,Delivery,pitch.1,700818,5.4179,-2.8153,101.5069,44.2837,98.9432,10.816,-0.0929,0.3455
1779744291556,2,11.0000004b,Drive,Delivery,pitch.1,702364,0.0133,-0.333,0.87,0.0361,-0.5799,-0.6543,0.0,0.0
1779744291556,2,12.00000015,Lower Delivery,Delivery,pitch.1,702443,5.485,-2.3784,100.612,10.1377,98.7354,15.668,-0.0934,0.0096
1779744291556,2,Pitching Mound.Drive,,Delivery,pitch.1,702364,0.0133,-0.333,0.87,0.0361,-0.5799,-0.6543,0.0,0.0
1779744291556,2,Pitching Mound.Parent,,Delivery,pitch.1,700819,5.4332,-2.7871,101.6529,44.4991,98.8533,10.7067,-0.0926,0.3454
1779744291557,2,11.0000004b,Drive,Delivery,pitch.1,702365,0.0204,-0.316,0.8126,0.0353,-0.5719,-0.6566,0.0,0.0
1779744291557,2,12.00000015,Lower Delivery,Delivery,pitch.1,702444,5.4874,-2.3229,100.6056,9.6007,98.611,15.6368,-0.0932,0.0091
1779744291557,2,12.00000018,Upper Delivery,Delivery,pitch.1,703130,-0.0579,-0.0308,0.1609,0.2254,0.4408,-2.4478,0.0,0.0
1779744291557,2,Pitching Mound.Delivery,,Delivery,pitch.1,701496,5.4271,-2.4092,100.7729,44.5164,99.1762,11.3357,-0.0932,0.3485
1779744291557,2,Pitching Mound.Drive,,Delivery,pitch.1,702365,0.0204,-0.316,0.8126,0.0353,-0.5719,-0.6566,0.0,0.0
1779744291557,2,Pitching Mound.Parent,,Delivery,pitch.1,700820,5.4475,-2.7252,101.5854,44.5517,98.6043,10.6791,-0.0925,0.3457
1779744291558,2,11.0000004b,Drive,Delivery,pitch.1,702366,0.0369,-0.2871,0.7592,0.0403,-0.6049,-0.6524,0.0,0.0
1779744291558,2,12.00000015,Lower Delivery,Delivery,pitch.1,702445,5.4945,-2.2728,100.6037,9.1386,97.8478,15.6265,-0.0925,0.0086
1779744291558,2,12.00000018,Upper Delivery,Delivery,pitch.1,703132,-0.1423,-0.0684,0.285,0.2328,0.452,-2.5055,0.0,0.0
1779744291558,2,12.00000018,Upper Delivery,Delivery,pitch.1,703131,-0.0937,-0.0489,0.2197,0.2207,0.4337,-2.4109,0.0,0.0
1779744291558,2,Pitching Mound.Delivery,,Delivery,pitch.1,701497,5.3937,-2.3718,100.8253,43.9526,99.0448,11.3283,-0.093,0.3476
1779744291558,2,Pitching Mound.Delivery,,Delivery,pitch.1,701498,5.3523,-2.3412,100.8887,43.4797,98.2998,11.2045,-0.0923,0.3467
1779744291558,2,Pitching Mound.Drive,,Delivery,pitch.1,702366,0.0369,-0.2871,0.7592,0.0403,-0.6049,-0.6524,0.0,0.0
1779744291558,2,Pitching Mound.Parent,,Delivery,pitch.1,700821,5.4306,-2.6589,101.5845,43.9929,98.4399,10.6759,-0.0923,0.345
1779744291559,2,11.0000004b,Drive,Delivery,pitch.1,702367,0.0456,-0.2873,0.7485,0.0477,-0.6788,-0.6718,0.0,0.0
1779744291559,2,11.0000004b,Drive,Delivery,pitch.1,702368,0.0442,-0.2721,0.7511,0.0452,-0.6539,-0.6653,0.0,0.0
1779744291559,2,12.00000015,Lower Delivery,Delivery,pitch.1,702446,5.5188,-2.2164,100.5819,9.1403,97.7483,15.5643,-0.0924,0.0086
1779744291559,2,Pitching Mound.Drive,,Delivery,pitch.1,702367,0.0456,-0.2873,0.7485,0.0477,-0.6788,-0.6718,0.0,0.0
1779744291559,2,Pitching Mound.Drive,,Delivery,pitch.1,702368,0.0442,-0.2721,0.7511,0.0452,-0.6539,-0.6653,0.0,0.0
1779744291559,2,Pitching Mound.Parent,,Delivery,pitch.1,700822,5.3979,-2.6284,101.6371,43.5274,97.6209,10.5327,-0.0916,0.3441
1779744291560,2,11.0000004b,Drive,Delivery,pitch.1,702369,0.0426,-0.282,0.7735,0.044,-0.6607,-0.6948,0.0,0.0
1779744291560,2,12.00000015,Lower Delivery,Delivery,pitch.1,702447,5.5382,-2.1515,100.5714,9.1301,97.5896,15.5019,-0.0923,0.0086
1779744291560,2,12.00000018,Upper Delivery,Delivery,pitch.1,703133,-0.1519,-0.0715,0.3067,0.2304,0.4484,-2.487,0.0,0.0
1779744291560,2,12.00000018,Upper Delivery,Delivery,pitch.1,703134,-0.1556,-0.0776,0.3153,0.2304,0.4484,-2.4868,0.0,0.0
1779744291560,2,Pitching Mound.Delivery,,Delivery,pitch.1,701500,5.3825,-2.2291,100.8867,43.4475,98.038,11.0792,-0.092,0.3465
1779744291560,2,Pitching Mound.Delivery,,Delivery,pitch.1,701499,5.3668,-2.2879,100.8886,43.4643,98.1967,11.1493,-0.0922,0.3466
1779744291560,2,Pitching Mound.Drive,,Delivery,pitch.1,702369,0.0426,-0.282,0.7735,0.044,-0.6607,-0.6948,0.0,0.0
1779744291560,2,Pitching Mound.Parent,,Delivery,pitch.1,700824,5.4251,-2.5111,101.6602,43.4915,97.3772,10.3844,-0.0913,0.3438
1779744291560,2,Pitching Mound.Parent,,Delivery,pitch.1,700823,5.411,-2.56,101.6397,43.5095,97.5428,10.484,-0.0915,0.344
1779744291561,2,11.0000004b,Drive,Delivery,pitch.1,702370,0.0521,-0.2799,0.7695,0.0476,-0.6883,-0.6971,0.0,0.0
1779744291561,2,12.00000015,Lower Delivery,Delivery,pitch.1,702448,5.5674,-2.0942,100.5586,8.8225,97.1399,15.3889,-0.0919,0.0083
1779744291561,2,Pitching Mound.Drive,,Delivery,pitch.1,702370,0.0521,-0.2799,0.7695,0.0476,-0.6883,-0.6971,0.0,0.0
1779744291562,2,11.0000004b,Drive,Delivery,pitch.1,702371,0.0511,-0.2882,0.7976,0.0588,-0.7787,-0.7017,0.0,0.0
1779744291562,2,12.00000015,Lower Delivery,Delivery,pitch.1,702449,5.5899,-2.0404,100.4218,8.6742,96.9028,15.367,-0.0918,0.0082
1779744291562,2,12.00000018,Upper Delivery,Delivery,pitch.1,703135,-0.1841,-0.0935,0.3542,0.2255,0.4411,-2.4491,0.0,0.0
1779744291562,2,12.00000018,Upper Delivery,Delivery,pitch.1,703136,-0.1179,-0.0664,0.2276,0.2246,0.4396,-2.4415,0.0,0.0
1779744291562,2,Pitching Mound.Delivery,,Delivery,pitch.1,701501,5.3834,-2.1877,100.9127,43.1175,97.581,10.9844,-0.0916,0.3459
1779744291562,2,Pitching Mound.Delivery,,Delivery,pitch.1,701502,5.472,-2.1068,100.6494,42.9648,97.3425,10.9849,-0.0916,0.3467
1779744291562,2,Pitching Mound.Drive,,Delivery,pitch.1,702371,0.0511,-0.2882,0.7976,0.0588,-0.7787,-0.7017,0.0,0.0
1779744291562,2,Pitching Mound.Parent,,Delivery,pitch.1,700825,5.4355,-2.4676,101.6823,43.1651,96.8927,10.2872,-0.0909,0.3433
1779744291562,2,Pitching Mound.Parent,,Delivery,pitch.1,700826,5.5231,-2.395,101.447,43.0237,96.5637,10.2832,-0.0909,0.3439
1779744291563,2,11.0000004b,Drive,Delivery,pitch.1,702372,0.0488,-0.2792,0.7963,0.0602,-0.7917,-0.6955,0.0,0.0
1779744291563,2,Pitching Mound.Drive,,Delivery,pitch.1,702372,0.0488,-0.2792,0.7963,0.0602,-0.7917,-0.6955,0.0,0.0
1779744291564,2,11.0000004b,Drive,Delivery,pitch.1,702373,0.0458,-0.2778,0.7943,0.052,-0.7159,-0.6812,0.0,0.0
1779744291564,2,12.00000015,Lower Delivery,Delivery,pitch.1,702451,5.6546,-1.9371,100.4596,8.6281,96.4194,15.2674,-0.0913,0.0082
1779744291564,2,12.00000015,Lower Delivery,Delivery,pitch.1,702450,5.6243,-1.988,100.4264,8.7619,96.7825,15.3131,-0.0917,0.0083
1779744291564,2,12.00000018,Upper Delivery,Delivery,pitch.1,703138,-0.0999,-0.0612,0.2251,0.2192,0.4315,-2.3993,0.0,0.0
1779744291564,2,12.00000018,Upper Delivery,Delivery,pitch.1,703137,-0.1301,-0.0757,0.2779,0.2254,0.4408,-2.4478,0.0,0.0
1779744291564,2,Pitching Mound.Delivery,,Delivery,pitch.1,701504,5.5547,-1.9983,100.6847,42.927,96.8509,10.9115,-0.0911,0.3466
1779744291564,2,Pitching Mound.Delivery,,Delivery,pitch.1,701503,5.4942,-2.0638,100.7043,43.0377,97.2234,10.9088,-0.0914,0.3464
1779744291564,2,Pitching Mound.Drive,,Delivery,pitch.1,702373,0.0458,-0.2778,0.7943,0.052,-0.7159,-0.6812,0.0,0.0
1779744291564,2,Pitching Mound.Parent,,Delivery,pitch.1,700828,5.6005,-2.2761,101.479,42.979,96.1351,10.2303,-0.0904,0.3439
1779744291564,2,Pitching Mound.Parent,,Delivery,pitch.1,700827,5.543,-2.343,101.5005,43.0979,96.4316,10.2132,-0.0907,0.3437
1779744291565,2,11.0000004b,Drive,Delivery,pitch.1,702374,0.0364,-0.2986,0.8554,0.0599,-0.7843,-0.6832,0.0,0.0
1779744291565,2,12.00000015,Lower Delivery,Delivery,pitch.1,702452,5.6927,-1.865,100.4296,8.8437,96.6593,15.207,-0.0916,0.0084
1779744291565,2,12.00000018,Upper Delivery,Delivery,pitch.1,703139,-0.1202,-0.0732,0.2621,0.2252,0.4406,-2.4463,0.0,0.0
1779744291565,2,Pitching Mound.Delivery,,Delivery,pitch.1,701505,5.5725,-1.9382,100.6916,43.1258,97.0999,10.7843,-0.0913,0.3466
1779744291565,2,Pitching Mound.Drive,,Delivery,pitch.1,702374,0.0364,-0.2986,0.8554,0.0599,-0.7843,-0.6832,0.0,0.0
1779744291565,2,Pitching Mound.Parent,,Delivery,pitch.1,700829,5.6089,-2.2368,101.5471,43.1857,96.3156,10.1012,-0.0906,0.3437
1779744291566,2,11.0000004b,Drive,Delivery,pitch.1,702375,0.0359,-0.317,0.9314,0.0703,-0.8793,-0.7001,0.0,0.0
1779744291566,2,12.00000015,Lower Delivery,Delivery,pitch.1,702453,5.7088,-1.8137,100.3411,8.4933,96.7383,15.1498,-0.0917,0.0081
1779744291566,2,12.00000018,Upper Delivery,Delivery,pitch.1,703140,-0.1186,-0.0752,0.2743,0.2254,0.4409,-2.4483,0.0,0.0
1779744291566,2,Pitching Mound.Delivery,,Delivery,pitch.1,701506,5.5902,-1.8889,100.6153,42.7415,97.1792,10.7202,-0.0915,0.3462
1779744291566,2,Pitching Mound.Drive,,Delivery,pitch.1,702375,0.0359,-0.317,0.9314,0.0703,-0.8793,-0.7001,0.0,0.0
1779744291566,2,Pitching Mound.Parent,,Delivery,pitch.1,700830,5.6261,-2.2059,101.5468,42.8118,96.2999,10.02,-0.0906,0.343
1779744291567,2,11.0000004b,Drive,Delivery,pitch.1,702376,0.0385,-0.3175,0.8877,0.0509,-0.6946,-0.6639,0.0,0.0
1779744291567,2,12.00000015,Lower Delivery,Delivery,pitch.1,702454,5.7424,-1.7596,100.3001,8.4601,96.9823,15.0944,-0.092,0.008
1779744291567,2,12.00000018,Upper Delivery,Delivery,pitch.1,703141,-0.0901,-0.0579,0.2104,0.2301,0.4479,-2.4846,0.0,0.0
1779744291567,2,Pitching Mound.Delivery,,Delivery,pitch.1,701507,5.6524,-1.8174,100.5105,42.7207,97.4302,10.6267,-0.0918,0.3466
1779744291567,2,Pitching Mound.Drive,,Delivery,pitch.1,702376,0.0385,-0.3175,0.8877,0.0509,-0.6946,-0.6639,0.0,0.0
1779744291567,2,Pitching Mound.Parent,,Delivery,pitch.1,700831,5.6909,-2.1349,101.3982,42.7716,96.7356,9.9628,-0.091,0.3435
1779744291568,2,11.0000004b,Drive,Delivery,pitch.1,702377,0.0363,-0.3103,0.8776,0.052,-0.7164,-0.692,0.0,0.0
1779744291568,2,12.00000018,Upper Delivery,Delivery,pitch.1,703142,-0.062,-0.0342,0.1395,0.2287,0.4459,-2.474,0.0,0.0
1779744291568,2,Pitching Mound.Drive,,Delivery,pitch.1,702377,0.0363,-0.3103,0.8776,0.052,-0.7164,-0.692,0.0,0.0
1779744291569,2,11.0000004b,Drive,Delivery,pitch.1,702378,0.024,-0.3094,0.8713,0.0381,-0.5903,-0.65,0.0,0.0
1779744291569,2,12.00000015,Lower Delivery,Delivery,pitch.1,702455,5.773,-1.7096,100.3699,8.9129,97.1054,15.0279,-0.092,0.0084
1779744291569,2,12.00000018,Upper Delivery,Delivery,pitch.1,703143,-0.0608,-0.0275,0.1197,0.2309,0.4492,-2.491,0.0,0.0
1779744291569,2,Pitching Mound.Delivery,,Delivery,pitch.1,701508,5.711,-1.7438,100.5094,43.22,97.5513,10.57,-0.0919,0.3475
1779744291569,2,Pitching Mound.Drive,,Delivery,pitch.1,702378,0.024,-0.3094,0.8713,0.0381,-0.5903,-0.65,0.0,0.0
1779744291569,2,Pitching Mound.Parent,,Delivery,pitch.1,700832,5.7473,-2.0541,101.387,43.2719,96.8349,9.878,-0.0911,0.3445
1779744291570,2,11.0000004b,Drive,Delivery,pitch.1,702379,0.0315,-0.3097,0.8439,0.033,-0.5394,-0.6449,0.0,0.0
1779744291570,2,12.00000015,Lower Delivery,Delivery,pitch.1,702457,5.848,-1.599,100.2772,9.0419,97.5664,14.9426,-0.0926,0.0086
1779744291570,2,12.00000015,Lower Delivery,Delivery,pitch.1,702456,5.8013,-1.6534,100.3441,8.9023,97.1709,14.994,-0.0921,0.0084
1779744291570,2,12.00000018,Upper Delivery,Delivery,pitch.1,703144,-0.0602,-0.0168,0.0876,0.2339,0.4536,-2.5141,0.0,0.0
1779744291570,2,Pitching Mound.Delivery,,Delivery,pitch.1,701510,5.7877,-1.6159,100.3648,43.3402,98.02,10.4197,-0.0925,0.348
1779744291570,2,Pitching Mound.Delivery,,Delivery,pitch.1,701509,5.7405,-1.6809,100.4638,43.2096,97.62,10.5099,-0.092,0.3476
1779744291570,2,Pitching Mound.Drive,,Delivery,pitch.1,702379,0.0315,-0.3097,0.8439,0.033,-0.5394,-0.6449,0.0,0.0
1779744291570,2,Pitching Mound.Parent,,Delivery,pitch.1,700834,5.8193,-1.9256,101.2087,43.3733,97.4805,9.7747,-0.0917,0.3451
1779744291570,2,Pitching Mound.Parent,,Delivery,pitch.1,700833,5.7645,-1.9903,101.3351,43.2476,97.0298,9.8599,-0.0912,0.3446
1779744291571,2,11.0000004b,Drive,Delivery,pitch.1,702380,0.0443,-0.2961,0.7359,0.0244,-0.4499,-0.6157,0.0,0.0
1779744291571,2,12.00000015,Lower Delivery,Delivery,pitch.1,702458,5.8525,-1.5504,100.2907,8.7704,97.4217,14.8907,-0.0924,0.0083
1779744291571,2,12.00000018,Upper Delivery,Delivery,pitch.1,703145,-0.0599,-0.0031,0.0457,0.2445,0.4695,-2.5966,0.0,0.0
1779744291571,2,Pitching Mound.Delivery,,Delivery,pitch.1,701511,5.7926,-1.5535,100.3364,43.0982,97.8912,10.284,-0.0924,0.348
1779744291571,2,Pitching Mound.Drive,,Delivery,pitch.1,702380,0.0443,-0.2961,0.7359,0.0244,-0.4499,-0.6157,0.0,0.0
1779744291571,2,Pitching Mound.Parent,,Delivery,pitch.1,700835,5.8369,-1.8496,101.0723,43.1226,97.4413,9.6683,-0.0917,0.3455
1779744291572,2,11.0000004b,Drive,Delivery,pitch.1,702381,0.04,-0.3054,0.7666,0.0363,-0.5477,-0.6198,0.0,0.0
1779744291572,2,12.00000015,Lower Delivery,Delivery,pitch.1,702459,5.8787,-1.5108,100.3046,9.304,97.9422,14.8514,-0.0929,0.0088
1779744291572,2,12.00000018,Upper Delivery,Delivery,pitch.1,703146,-0.0609,0.0003,0.0269,0.2536,0.4832,-2.6678,0.0,0.0
1779744291572,2,Pitching Mound.Delivery,,Delivery,pitch.1,701512,5.8177,-1.5105,100.3315,43.652,98.4254,10.1641,-0.0929,0.3486
1779744291572,2,Pitching Mound.Drive,,Delivery,pitch.1,702381,0.04,-0.3054,0.7666,0.0363,-0.5477,-0.6198,0.0,0.0
1779744291572,2,Pitching Mound.Parent,,Delivery,pitch.1,700836,5.8578,-1.8159,101.0981,43.6883,97.8777,9.5443,-0.0922,0.346
1779744291573,2,11.0000004b,Drive,Delivery,pitch.1,702382,0.0413,-0.3004,0.7362,0.0337,-0.5344,-0.6316,0.0,0.0
1779744291573,2,12.00000015,Lower Delivery,Delivery,pitch.1,702460,5.9072,-1.4467,100.271,9.1576,98.0603,14.7697,-0.093,0.0087
1779744291573,2,12.00000018,Upper Delivery,Delivery,pitch.1,703147,-0.0605,0.0008,0.0403,0.2508,0.4791,-2.6462,0.0,0.0
1779744291573,2,Pitching Mound.Delivery,,Delivery,pitch.1,701513,5.8467,-1.4459,100.3113,43.4869,98.5394,10.0944,-0.093,0.3484
1779744291573,2,Pitching Mound.Drive,,Delivery,pitch.1,702382,0.0413,-0.3004,0.7362,0.0337,-0.5344,-0.6316,0.0,0.0
1779744291573,2,Pitching Mound.Parent,,Delivery,pitch.1,700837,5.888,-1.7463,101.0475,43.5206,98.005,9.4628,-0.0923,0.3459
1779744291574,2,11.0000004b,Drive,Delivery,pitch.1,702383,0.0518,-0.306,0.7263,0.0313,-0.5062,-0.6298,0.0,0.0
1779744291574,2,12.00000015,Lower Delivery,Delivery,pitch.1,702461,5.941,-1.3882,100.2344,9.3473,98.4626,14.6895,-0.0934,0.0089
1779744291574,2,12.00000018,Upper Delivery,Delivery,pitch.1,703148,-0.0638,0.0006,0.0301,0.2567,0.4879,-2.6919,0.0,0.0
1779744291574,2,Pitching Mound.Delivery,,Delivery,pitch.1,701514,5.8773,-1.3876,100.2645,43.6734,98.9504,9.9559,-0.0934,0.3487
1779744291574,2,Pitching Mound.Drive,,Delivery,pitch.1,702383,0.0518,-0.306,0.7263,0.0313,-0.5062,-0.6298,0.0,0.0
1779744291574,2,Pitching Mound.Parent,,Delivery,pitch.1,700838,5.9291,-1.6936,100.9907,43.7048,98.4442,9.3261,-0.0927,0.3462
1779744291575,2,11.0000004b,Drive,Delivery,pitch.1,702384,0.0498,-0.3181,0.8074,0.0425,-0.6135,-0.6476,0.0,0.0
1779744291575,2,12.00000015,Lower Delivery,Delivery,pitch.1,702462,5.9681,-1.3507,100.1555,9.5555,98.2867,14.6508,-0.0934,0.0091
1779744291575,2,12.00000018,Upper Delivery,Delivery,pitch.1,703149,-0.0651,-0.0023,0.0335,0.2515,0.4801,-2.6515,0.0,0.0
1779744291575,2,Pitching Mound.Delivery,,Delivery,pitch.1,701515,5.903,-1.353,100.1891,43.8485,98.7667,9.948,-0.0933,0.3488
1779744291575,2,Pitching Mound.Drive,,Delivery,pitch.1,702384,0.0498,-0.3181,0.8074,0.0425,-0.6135,-0.6476,0.0,0.0
1779744291575,2,Pitching Mound.Parent,,Delivery,pitch.1,700839,5.9528,-1.6711,100.9965,43.8909,98.1532,9.3005,-0.0926,0.3461
1779744291576,2,11.0000004b,Drive,Delivery,pitch.1,702385,0.0672,-0.2963,0.7403,0.0465,-0.652,-0.6444,0.0,0.0
1779744291576,2,12.00000015,Lower Delivery,Delivery,pitch.1,702463,5.9914,-1.2749,100.0802,9.5571,98.0719,14.6088,-0.0932,0.0091
1779744291576,2,12.00000018,Upper Delivery,Delivery,pitch.1,703150,-0.0643,-0.0049,0.0259,0.2539,0.4837,-2.6704,0.0,0.0
1779744291576,2,Pitching Mound.Delivery,,Delivery,pitch.1,701516,5.9271,-1.2798,100.106,43.8295,98.5556,9.8795,-0.0932,0.3489
1779744291576,2,Pitching Mound.Drive,,Delivery,pitch.1,702385,0.0672,-0.2963,0.7403,0.0465,-0.652,-0.6444,0.0,0.0
1779744291576,2,Pitching Mound.Parent,,Delivery,pitch.1,700840,5.9943,-1.576,100.8464,43.8759,97.9036,9.2351,-0.0925,0.3463
1779744291577,2,11.0000004b,Drive,Delivery,pitch.1,702386,0.0508,-0.2979,0.775,0.0425,-0.6069,-0.6155,0.0,0.0
1779744291577,2,12.00000015,Lower Delivery,Delivery,pitch.1,702464,6.0235,-1.2354,100.1117,9.9056,98.3206,14.5236,-0.0934,0.0094
1779744291577,2,12.00000018,Upper Delivery,Delivery,pitch.1,703151,-0.0665,-0.0091,0.0312,0.2454,0.4709,-2.6036,0.0,0.0
1779744291577,2,Pitching Mound.Delivery,,Delivery,pitch.1,701517,5.957,-1.2445,100.1429,44.1783,98.7915,9.8494,-0.0934,0.3492
1779744291577,2,Pitching Mound.Drive,,Delivery,pitch.1,702386,0.0508,-0.2979,0.775,0.0425,-0.6069,-0.6155,0.0,0.0
1779744291577,2,Pitching Mound.Parent,,Delivery,pitch.1,700841,6.0079,-1.5425,100.918,44.2209,98.1845,9.2339,-0.0927,0.3465
1779744291578,2,11.0000004b,Drive,Delivery,pitch.1,702387,0.0498,-0.2995,0.8011,0.0582,-0.736,-0.6119,0.0,0.0
1779744291578,2,12.00000015,Lower Delivery,Delivery,pitch.1,702465,6.0588,-1.1868,100.0268,9.6857,97.8677,14.5188,-0.0931,0.0092
1779744291578,2,12.00000018,Upper Delivery,Delivery,pitch.1,703152,-0.065,-0.0101,0.0141,0.2406,0.4637,-2.5663,0.0,0.0
1779744291578,2,Pitching Mound.Delivery,,Delivery,pitch.1,701518,5.9938,-1.1969,100.0409,43.9306,98.3313,9.8704,-0.0931,0.3491
1779744291578,2,Pitching Mound.Drive,,Delivery,pitch.1,702387,0.0498,-0.2995,0.8011,0.0582,-0.736,-0.6119,0.0,0.0
1779744291578,2,Pitching Mound.Parent,,Delivery,pitch.1,700842,6.0436,-1.4964,100.842,43.9888,97.5953,9.2585,-0.0923,0.3463
1779744291579,2,11.0000004b,Drive,Delivery,pitch.1,702388,0.0457,-0.3032,0.8189,0.0509,-0.6533,-0.5739,0.0,0.0
1779744291579,2,12.00000015,Lower Delivery,Delivery,pitch.1,702466,6.071,-1.1281,99.9351,10.0636,98.0665,14.4862,-0.0934,0.0096
1779744291579,2,12.00000018,Upper Delivery,Delivery,pitch.1,703153,-0.065,-0.0166,0.0528,0.2387,0.4608,-2.5515,0.0,0.0
1779744291579,2,Pitching Mound.Delivery,,Delivery,pitch.1,701519,6.006,-1.1447,99.9878,44.2623,98.5273,9.8484,-0.0933,0.3492
1779744291579,2,Pitching Mound.Drive,,Delivery,pitch.1,702388,0.0457,-0.3032,0.8189,0.0509,-0.6533,-0.5739,0.0,0.0
1779744291579,2,Pitching Mound.Parent,,Delivery,pitch.1,700843,6.0517,-1.448,100.8067,44.3131,97.874,9.2745,-0.0925,0.3464
1779744291580,2,11.0000004b,Drive,Delivery,pitch.1,702389,0.0512,-0.3141,0.8411,0.0614,-0.7532,-0.6058,0.0,0.0
1779744291580,2,12.00000015,Lower Delivery,Delivery,pitch.1,702467,6.0994,-1.0869,99.8878,9.8806,98.3006,14.3879,-0.0936,0.0094
1779744291580,2,12.00000018,Upper Delivery,Delivery,pitch.1,703154,-0.0701,-0.0362,0.0933,0.2379,0.4597,-2.5456,0.0,0.0
1779744291580,2,Pitching Mound.Delivery,,Delivery,pitch.1,701520,6.0293,-1.1231,99.9811,44.0487,98.7603,9.7447,-0.0935,0.3488
1779744291580,2,Pitching Mound.Drive,,Delivery,pitch.1,702389,0.0512,-0.3141,0.8411,0.0614,-0.7532,-0.6058,0.0,0.0
1779744291580,2,Pitching Mound.Parent,,Delivery,pitch.1,700844,6.0805,-1.4372,100.8222,44.1101,98.0071,9.1389,-0.0928,0.3459
1779744291581,2,11.0000004b,Drive,Delivery,pitch.1,702390,0.0378,-0.3221,0.869,0.0568,-0.6997,-0.5813,0.0,0.0
1779744291581,2,12.00000015,Lower Delivery,Delivery,pitch.1,702468,6.1097,-1.0382,99.7077,9.5589,98.0071,14.3499,-0.0935,0.0091
1779744291581,2,12.00000018,Upper Delivery,Delivery,pitch.1,703155,-0.0687,-0.0338,0.0942,0.2341,0.4539,-2.5157,0.0,0.0
1779744291581,2,Pitching Mound.Delivery,,Delivery,pitch.1,701521,6.041,-1.072,99.802,43.6615,98.461,9.7335,-0.0934,0.3485
1779744291581,2,Pitching Mound.Drive,,Delivery,pitch.1,702390,0.0378,-0.3221,0.869,0.0568,-0.6997,-0.5813,0.0,0.0
1779744291581,2,Pitching Mound.Parent,,Delivery,pitch.1,700845,6.0788,-1.394,100.6709,43.7183,97.7613,9.1522,-0.0926,0.3455
1779744291582,2,11.0000004b,Drive,Delivery,pitch.1,702391,0.0334,-0.322,0.8684,0.0549,-0.6936,-0.5899,0.0,0.0
1779744291582,2,12.00000015,Lower Delivery,Delivery,pitch.1,702469,6.1375,-0.9908,99.7324,9.6483,97.8401,14.2922,-0.0933,0.0092
1779744291582,2,12.00000018,Upper Delivery,Delivery,pitch.1,703156,-0.1419,-0.0773,0.2345,0.2232,0.4375,-2.4305,0.0,0.0
1779744291582,2,Pitching Mound.Delivery,,Delivery,pitch.1,701522,5.9956,-1.0681,99.9669,43.7007,98.2776,9.7267,-0.0931,0.3476
1779744291582,2,Pitching Mound.Drive,,Delivery,pitch.1,702391,0.0334,-0.322,0.8684,0.0549,-0.6936,-0.5899,0.0,0.0
1779744291582,2,Pitching Mound.Parent,,Delivery,pitch.1,700846,6.029,-1.3901,100.8352,43.7556,97.584,9.1368,-0.0923,0.3446
1779744291583,2,11.0000004b,Drive,Delivery,pitch.1,702392,0.0284,-0.3004,0.7889,0.0358,-0.5105,-0.5527,0.0,0.0
1779744291583,2,12.00000015,Lower Delivery,Delivery,pitch.1,702470,6.155,-0.9533,99.6983,9.5985,97.6573,14.2331,-0.0932,0.0092
1779744291583,2,12.00000018,Upper Delivery,Delivery,pitch.1,703157,-0.2172,-0.1043,0.3542,0.2204,0.4334,-2.409,0.0,0.0
1779744291583,2,Pitching Mound.Delivery,,Delivery,pitch.1,701523,5.9378,-1.0576,100.0525,43.596,98.0907,9.6575,-0.0929,0.3467
1779744291583,2,Pitching Mound.Drive,,Delivery,pitch.1,702392,0.0284,-0.3004,0.7889,0.0358,-0.5105,-0.5527,0.0,0.0
1779744291583,2,Pitching Mound.Parent,,Delivery,pitch.1,700847,5.9662,-1.358,100.8414,43.6317,97.5802,9.1048,-0.0921,0.344
1779744291584,2,11.0000004b,Drive,Delivery,pitch.1,702393,0.029,-0.3079,0.8108,0.0321,-0.4919,-0.5713,0.0,0.0
1779744291584,2,12.00000015,Lower Delivery,Delivery,pitch.1,702471,6.1865,-0.9105,99.5836,9.6263,97.7301,14.2343,-0.0934,0.0092
1779744291584,2,12.00000018,Upper Delivery,Delivery,pitch.1,703158,-0.1257,-0.0673,0.2158,0.2073,0.4137,-2.3071,0.0,0.0
1779744291584,2,Pitching Mound.Delivery,,Delivery,pitch.1,701524,6.0608,-0.9778,99.7994,43.6187,98.1439,9.7811,-0.0932,0.3477
1779744291584,2,Pitching Mound.Drive,,Delivery,pitch.1,702393,0.029,-0.3079,0.8108,0.0321,-0.4919,-0.5713,0.0,0.0
1779744291584,2,Pitching Mound.Parent,,Delivery,pitch.1,700848,6.0898,-1.2857,100.6102,43.6508,97.652,9.2098,-0.0924,0.3449
1779744291585,2,11.0000004b,Drive,Delivery,pitch.1,702394,0.0277,-0.298,0.7638,0.0168,-0.3559,-0.5663,0.0,0.0
1779744291585,2,12.00000015,Lower Delivery,Delivery,pitch.1,702472,6.2022,-0.8581,99.4123,9.5712,97.9025,14.1702,-0.0937,0.0092
1779744291585,2,12.00000018,Upper Delivery,Delivery,pitch.1,703159,-0.094,-0.0542,0.1921,0.2123,0.4212,-2.3457,0.0,0.0
1779744291585,2,Pitching Mound.Delivery,,Delivery,pitch.1,701525,6.1082,-0.9123,99.6044,43.5184,98.3237,9.6837,-0.0935,0.3478
1779744291585,2,Pitching Mound.Drive,,Delivery,pitch.1,702394,0.0277,-0.298,0.7638,0.0168,-0.3559,-0.5663,0.0,0.0
1779744291585,2,Pitching Mound.Parent,,Delivery,pitch.1,700849,6.1359,-1.2103,100.3682,43.5351,97.9677,9.1174,-0.0928,0.3452
1779744291586,2,11.0000004b,Drive,Delivery,pitch.1,702395,0.0182,-0.3099,0.8081,0.0226,-0.4066,-0.5722,0.0,0.0
1779744291586,2,12.00000015,Lower Delivery,Delivery,pitch.1,702473,6.2074,-0.8224,99.4111,9.3353,97.6339,14.0934,-0.0934,0.0089
1779744291586,2,12.00000018,Upper Delivery,Delivery,pitch.1,703160,-0.1472,-0.0738,0.2715,0.2144,0.4243,-2.362,0.0,0.0
1779744291586,2,Pitching Mound.Delivery,,Delivery,pitch.1,701526,6.0603,-0.8962,99.6826,43.2572,98.0583,9.5708,-0.0932,0.3471
1779744291586,2,Pitching Mound.Drive,,Delivery,pitch.1,702395,0.0182,-0.3099,0.8081,0.0226,-0.4066,-0.5722,0.0,0.0
1779744291586,2,Pitching Mound.Parent,,Delivery,pitch.1,700850,6.0785,-1.2061,100.4907,43.2798,97.6516,8.9986,-0.0924,0.3443
1779744291587,2,11.0000004b,Drive,Delivery,pitch.1,702396,0.0215,-0.3157,0.802,0.0199,-0.382,-0.5627,0.0,0.0
1779744291587,2,12.00000015,Lower Delivery,Delivery,pitch.1,702474,6.2314,-0.7748,99.3859,9.6271,98.0644,14.0296,-0.0939,0.0092
1779744291587,2,12.00000018,Upper Delivery,Delivery,pitch.1,703161,-0.0661,-0.0325,0.1463,0.2127,0.4219,-2.3492,0.0,0.0
1779744291587,2,Pitching Mound.Delivery,,Delivery,pitch.1,701527,6.1654,-0.8073,99.5322,43.5813,98.4862,9.5392,-0.0937,0.3482
1779744291587,2,Pitching Mound.Drive,,Delivery,pitch.1,702396,0.0215,-0.3157,0.802,0.0199,-0.382,-0.5627,0.0,0.0
1779744291587,2,Pitching Mound.Parent,,Delivery,pitch.1,700851,6.1869,-1.123,100.3342,43.6013,98.1043,8.9765,-0.093,0.3454
1779744291588,2,11.0000004b,Drive,Delivery,pitch.1,702397,0.0153,-0.309,0.8568,0.0146,-0.3526,-0.58,0.0,0.0
1779744291588,2,12.00000015,Lower Delivery,Delivery,pitch.1,702475,6.2468,-0.7362,99.2435,9.6508,97.9861,13.9691,-0.0939,0.0093
1779744291588,2,12.00000018,Upper Delivery,Delivery,pitch.1,703162,-0.1144,-0.0615,0.2366,0.2248,0.44,-2.4435,0.0,0.0
1779744291588,2,Pitching Mound.Delivery,,Delivery,pitch.1,701528,6.1325,-0.7977,99.4801,43.538,98.4261,9.3629,-0.0937,0.3476
1779744291588,2,Pitching Mound.Drive,,Delivery,pitch.1,702397,0.0153,-0.309,0.8568,0.0146,-0.3526,-0.58,0.0,0.0
1779744291588,2,Pitching Mound.Parent,,Delivery,pitch.1,700852,6.1478,-1.1067,100.337,43.5525,98.0735,8.7829,-0.0929,0.3446
1779744291589,2,11.0000004b,Drive,Delivery,pitch.1,702398,0.0193,-0.3076,0.8823,0.0215,-0.4168,-0.592,0.0,0.0
1779744291589,2,12.00000015,Lower Delivery,Delivery,pitch.1,702476,6.2657,-0.6984,99.1495,9.696,98.0232,13.8958,-0.094,0.0093
1779744291589,2,12.00000018,Upper Delivery,Delivery,pitch.1,703163,-0.1563,-0.0815,0.2869,0.2271,0.4435,-2.4613,0.0,0.0
1779744291589,2,Pitching Mound.Delivery,,Delivery,pitch.1,701529,6.1094,-0.7799,99.4364,43.5364,98.4666,9.251,-0.0938,0.3473
1779744291589,2,Pitching Mound.Drive,,Delivery,pitch.1,702398,0.0193,-0.3076,0.8823,0.0215,-0.4168,-0.592,0.0,0.0
1779744291589,2,Pitching Mound.Parent,,Delivery,pitch.1,700853,6.1287,-1.0875,100.3186,43.558,98.0498,8.659,-0.093,0.3443
1779744291590,2,11.0000004b,Drive,Delivery,pitch.1,702399,0.0217,-0.3079,0.8538,0.0326,-0.5371,-0.641,0.0,0.0
1779744291590,2,12.00000015,Lower Delivery,Delivery,pitch.1,702477,6.2853,-0.6678,99.0696,9.6558,97.9398,13.8263,-0.094,0.0093
1779744291590,2,12.00000018,Upper Delivery,Delivery,pitch.1,703164,-0.1217,-0.0701,0.2433,0.2239,0.4387,-2.4365,0.0,0.0
1779744291590,2,Pitching Mound.Delivery,,Delivery,pitch.1,701530,6.1636,-0.7379,99.3128,43.4807,98.3785,9.2115,-0.0938,0.3476
1779744291590,2,Pitching Mound.Drive,,Delivery,pitch.1,702399,0.0217,-0.3079,0.8538,0.0326,-0.5371,-0.641,0.0,0.0
1779744291590,2,Pitching Mound.Parent,,Delivery,pitch.1,700854,6.1853,-1.0458,100.1667,43.5134,97.8414,8.5705,-0.093,0.3446
1779744291591,2,11.0000004b,Drive,Delivery,pitch.1,702400,0.0211,-0.3135,0.9231,0.0311,-0.5079,-0.6257,0.0,0.0
1779744291591,2,12.00000015,Lower Delivery,Delivery,pitch.1,702478,6.3106,-0.6391,99.0054,9.8094,97.8796,13.7701,-0.094,0.0094
1779744291591,2,12.00000018,Upper Delivery,Delivery,pitch.1,703165,-0.1642,-0.0871,0.3019,0.2286,0.4457,-2.473,0.0,0.0
1779744291591,2,Pitching Mound.Delivery,,Delivery,pitch.1,701531,6.1465,-0.7262,99.3073,43.5971,98.3253,9.0957,-0.0938,0.3473
1779744291591,2,Pitching Mound.Drive,,Delivery,pitch.1,702400,0.0211,-0.3135,0.9231,0.0311,-0.5079,-0.6257,0.0,0.0
1779744291591,2,Pitching Mound.Parent,,Delivery,pitch.1,700855,6.1676,-1.0397,100.2304,43.6283,97.8173,8.47,-0.0929,0.3441
1779744291592,2,11.0000004b,Drive,Delivery,pitch.1,702401,0.0193,-0.3262,0.9152,0.0305,-0.504,-0.6245,0.0,0.0
1779744291592,2,12.00000015,Lower Delivery,Delivery,pitch.1,702479,6.3343,-0.591,98.8315,9.8807,97.8536,13.6568,-0.0942,0.0095
1779744291592,2,12.00000018,Upper Delivery,Delivery,pitch.1,703166,-0.1927,-0.0968,0.3322,0.2202,0.433,-2.407,0.0,0.0
1779744291592,2,Pitching Mound.Delivery,,Delivery,pitch.1,701532,6.1417,-0.6878,99.1637,43.5906,98.2866,9.0306,-0.0939,0.3472
1779744291592,2,Pitching Mound.Drive,,Delivery,pitch.1,702401,0.0193,-0.3262,0.9152,0.0305,-0.504,-0.6245,0.0,0.0
1779744291592,2,Pitching Mound.Parent,,Delivery,pitch.1,700856,6.161,-1.014,100.0789,43.6212,97.7826,8.4062,-0.093,0.344
1779744291593,2,11.0000004b,Drive,Delivery,pitch.1,702402,0.0223,-0.3139,0.9821,0.0353,-0.5289,-0.5991,0.0,0.0
1779744291593,2,12.00000015,Lower Delivery,Delivery,pitch.1,702480,6.3395,-0.5369,98.7556,9.9295,97.8591,13.6132,-0.0943,0.0096
1779744291593,2,12.00000018,Upper Delivery,Delivery,pitch.1,703167,-0.1462,-0.0737,0.2412,0.2183,0.4302,-2.3926,0.0,0.0
1779744291593,2,Pitching Mound.Delivery,,Delivery,pitch.1,701533,6.1933,-0.6106,98.9968,43.6427,98.2894,9.0154,-0.094,0.3479
1779744291593,2,Pitching Mound.Drive,,Delivery,pitch.1,702402,0.0223,-0.3139,0.9821,0.0353,-0.5289,-0.5991,0.0,0.0
1779744291593,2,Pitching Mound.Parent,,Delivery,pitch.1,700857,6.2156,-0.9245,99.9789,43.678,97.7605,8.4163,-0.0931,0.3445
1779744291594,2,11.0000004b,Drive,Delivery,pitch.1,702403,0.0236,-0.3385,0.9895,0.0559,-0.6867,-0.6248,0.0,0.0
1779744291594,2,12.00000015,Lower Delivery,Delivery,pitch.1,702481,6.3505,-0.5046,98.6294,9.8954,97.64,13.5226,-0.0942,0.0095
1779744291594,2,12.00000018,Upper Delivery,Delivery,pitch.1,703168,-0.0847,-0.0433,0.1386,0.223,0.4373,-2.4296,0.0,0.0
1779744291594,2,Pitching Mound.Delivery,,Delivery,pitch.1,701534,6.2658,-0.5479,98.768,43.6053,98.0773,8.905,-0.094,0.3486
1779744291594,2,Pitching Mound.Drive,,Delivery,pitch.1,702403,0.0236,-0.3385,0.9895,0.0559,-0.6867,-0.6248,0.0,0.0
1779744291594,2,Pitching Mound.Parent,,Delivery,pitch.1,700858,6.2893,-0.8864,99.7575,43.6612,97.3907,8.2802,-0.0931,0.3451
1779744291595,2,11.0000004b,Drive,Delivery,pitch.1,702404,0.0237,-0.3238,0.9794,0.0461,-0.6211,-0.6107,0.0,0.0
1779744291595,2,12.00000015,Lower Delivery,Delivery,pitch.1,702482,6.3661,-0.471,98.6001,9.6136,97.0272,13.4674,-0.0936,0.0093
1779744291595,2,12.00000018,Upper Delivery,Delivery,pitch.1,703169,-0.0791,-0.046,0.1397,0.2183,0.4302,-2.3925,0.0,0.0
1779744291595,2,Pitching Mound.Delivery,,Delivery,pitch.1,701535,6.2869,-0.517,98.7399,43.3085,97.4575,8.8835,-0.0935,0.3483
1779744291595,2,Pitching Mound.Drive,,Delivery,pitch.1,702404,0.0237,-0.3238,0.9794,0.0461,-0.6211,-0.6107,0.0,0.0
1779744291595,2,Pitching Mound.Parent,,Delivery,pitch.1,700859,6.3106,-0.8408,99.7193,43.3546,96.8364,8.2728,-0.0926,0.3449
1779744291596,2,11.0000004b,Drive,Delivery,pitch.1,702405,0.0258,-0.3196,0.9335,0.0557,-0.6918,-0.6078,0.0,0.0
1779744291596,2,12.00000015,Lower Delivery,Delivery,pitch.1,702483,6.389,-0.4408,98.5971,9.3879,96.7966,13.3953,-0.0934,0.0091
1779744291596,2,12.00000018,Upper Delivery,Delivery,pitch.1,703170,-0.0764,-0.0448,0.1286,0.2158,0.4265,-2.3733,0.0,0.0
1779744291596,2,Pitching Mound.Delivery,,Delivery,pitch.1,701536,6.3126,-0.4856,98.7257,43.083,97.2231,8.8237,-0.0933,0.3482
1779744291596,2,Pitching Mound.Drive,,Delivery,pitch.1,702405,0.0258,-0.3196,0.9335,0.0557,-0.6918,-0.6078,0.0,0.0
1779744291596,2,Pitching Mound.Parent,,Delivery,pitch.1,700860,6.3384,-0.8052,99.6593,43.1387,96.5313,8.2159,-0.0924,0.3449
1779744291597,2,11.0000004b,Drive,Delivery,pitch.1,702406,0.0336,-0.316,0.9008,0.0551,-0.6815,-0.5961,0.0,0.0
1779744291597,2,12.00000015,Lower Delivery,Delivery,pitch.1,702484,6.4191,-0.3941,98.4888,9.19,96.8673,13.2958,-0.0936,0.0089
1779744291597,2,12.00000018,Upper Delivery,Delivery,pitch.1,703171,-0.0707,-0.0389,0.1029,0.2198,0.4324,-2.404,0.0,0.0
1779744291597,2,Pitching Mound.Delivery,,Delivery,pitch.1,701537,6.3484,-0.433,98.5917,42.861,97.2997,8.6853,-0.0935,0.3482
1779744291597,2,Pitching Mound.Drive,,Delivery,pitch.1,702406,0.0336,-0.316,0.9008,0.0551,-0.6815,-0.5961,0.0,0.0
1779744291597,2,Pitching Mound.Parent,,Delivery,pitch.1,700861,6.3819,-0.749,99.4925,42.9162,96.6182,8.0891,-0.0926,0.345
1779744291598,2,11.0000004b,Drive,Delivery,pitch.1,702407,0.0402,-0.3103,0.8591,0.049,-0.6281,-0.614,0.0,0.0
1779744291598,2,12.00000015,Lower Delivery,Delivery,pitch.1,702485,6.4212,-0.3543,98.4519,8.8588,96.4784,13.2336,-0.0932,0.0086
1779744291598,2,12.00000018,Upper Delivery,Delivery,pitch.1,703172,-0.0705,-0.0359,0.0806,0.2193,0.4316,-2.4,0.0,0.0
1779744291598,2,Pitching Mound.Delivery,,Delivery,pitch.1,701538,6.3506,-0.3903,98.5325,42.5243,96.9101,8.6264,-0.0931,0.348
1779744291598,2,Pitching Mound.Drive,,Delivery,pitch.1,702407,0.0402,-0.3103,0.8591,0.049,-0.6281,-0.614,0.0,0.0
1779744291598,2,Pitching Mound.Parent,,Delivery,pitch.1,700862,6.3908,-0.7006,99.3915,42.5733,96.282,8.0124,-0.0923,0.345
1779744291599,2,11.0000004b,Drive,Delivery,pitch.1,702408,0.0484,-0.2889,0.7725,0.0482,-0.5854,-0.62,0.0,0.0
1779744291599,2,12.00000015,Lower Delivery,Delivery,pitch.1,702486,6.4346,-0.319,98.4183,8.4682,96.0682,13.2039,-0.0929,0.0082
1779744291599,2,12.00000018,Upper Delivery,Delivery,pitch.1,703173,-0.0689,-0.0233,0.0562,0.2197,0.4323,-2.4032,0.0,0.0
1779744291599,2,Pitching Mound.Delivery,,Delivery,pitch.1,701539,6.3658,-0.3423,98.4746,42.131,96.5004,8.5896,-0.0928,0.3478
1779744291599,2,Pitching Mound.Drive,,Delivery,pitch.1,702408,0.0484,-0.2889,0.7725,0.0482,-0.5854,-0.62,0.0,0.0
1779744291599,2,Pitching Mound.Parent,,Delivery,pitch.1,700863,6.4141,-0.6312,99.2471,42.1792,95.915,7.9695,-0.0921,0.3451
1779744291600,2,11.0000004b,Drive,Delivery,pitch.1,702409,0.0478,-0.2866,0.7587,0.0512,-0.5769,-0.644,0.0,0.0
1779744291600,2,12.00000015,Lower Delivery,Delivery,pitch.1,702487,6.4265,-0.2833,98.3345,8.1479,95.916,13.1388,-0.0928,0.0079
1779744291600,2,12.00000018,Upper Delivery,Delivery,pitch.1,703174,-0.0646,-0.0127,0.031,0.231,0.4492,-2.4913,0.0,0.0
1779744291600,2,Pitching Mound.Delivery,,Delivery,pitch.1,701540,6.3619,-0.296,98.3655,41.8021,96.3652,8.4405,-0.0928,0.3477
1779744291600,2,Pitching Mound.Drive,,Delivery,pitch.1,702409,0.0478,-0.2866,0.7587,0.0512,-0.5769,-0.644,0.0,0.0
1779744291600,2,Pitching Mound.Parent,,Delivery,pitch.1,700864,6.4097,-0.5827,99.1242,41.8533,95.7883,7.7965,-0.0921,0.345
1779744291601,2,11.0000004b,Drive,Delivery,pitch.1,702410,0.0469,-0.2992,0.7834,0.0481,-0.5964,-0.6093,0.0,0.0
1779744291601,2,12.00000015,Lower Delivery,Delivery,pitch.1,702488,6.44,-0.2406,98.2096,7.9376,96.0957,13.0853,-0.0931,0.0077
1779744291601,2,12.00000018,Upper Delivery,Delivery,pitch.1,703175,-0.0645,-0.0132,0.0369,0.2387,0.4609,-2.552,0.0,0.0
1779744291601,2,Pitching Mound.Delivery,,Delivery,pitch.1,701541,6.3755,-0.2538,98.2465,41.555,96.5566,8.3218,-0.093,0.3474
1779744291601,2,Pitching Mound.Drive,,Delivery,pitch.1,702410,0.0469,-0.2992,0.7834,0.0481,-0.5964,-0.6093,0.0,0.0
1779744291601,2,Pitching Mound.Parent,,Delivery,pitch.1,700865,6.4224,-0.553,99.0299,41.6031,95.9602,7.7125,-0.0923,0.3447
1779744291602,2,11.0000004b,Drive,Delivery,pitch.1,702411,0.0494,-0.2991,0.8059,0.0498,-0.6207,-0.6218,0.0,0.0
1779744291602,2,12.00000015,Lower Delivery,Delivery,pitch.1,702489,6.4198,-0.2071,98.0975,7.6761,95.7984,13.0432,-0.0929,0.0074
1779744291602,2,12.00000018,Upper Delivery,Delivery,pitch.1,703176,-0.0608,-0.0122,0.0468,0.2501,0.478,-2.6409,0.0,0.0
1779744291602,2,Pitching Mound.Delivery,,Delivery,pitch.1,701542,6.359,-0.2194,98.1443,41.2635,96.2764,8.1989,-0.0929,0.3471
1779744291602,2,Pitching Mound.Drive,,Delivery,pitch.1,702411,0.0494,-0.2991,0.8059,0.0498,-0.6207,-0.6218,0.0,0.0
1779744291602,2,Pitching Mound.Parent,,Delivery,pitch.1,700866,6.4084,-0.5184,98.9503,41.3133,95.6557,7.5771,-0.0921,0.3443
1779744291603,2,11.0000004b,Drive,Delivery,pitch.1,702412,0.0517,-0.2913,0.7535,0.0434,-0.5986,-0.6071,0.0,0.0
1779744291603,2,12.00000015,Lower Delivery,Delivery,pitch.1,702490,6.4074,-0.1862,98.0624,7.4525,95.7918,13.0108,-0.0929,0.0072
1779744291603,2,12.00000018,Upper Delivery,Delivery,pitch.1,703177,-0.06,-0.011,0.0693,0.2636,0.4982,-2.7455,0.0,0.0
1779744291603,2,Pitching Mound.Delivery,,Delivery,pitch.1,701543,6.3474,-0.1972,98.1317,41.0337,96.29,8.0664,-0.0929,0.3467
1779744291603,2,Pitching Mound.Drive,,Delivery,pitch.1,702412,0.0517,-0.2913,0.7535,0.0434,-0.5986,-0.6071,0.0,0.0
1779744291603,2,Pitching Mound.Parent,,Delivery,pitch.1,700867,6.3991,-0.4885,98.8852,41.077,95.6914,7.4593,-0.0922,0.3441
1779744291604,2,11.0000004b,Drive,Delivery,pitch.1,702413,0.0508,-0.3011,0.7664,0.0562,-0.6986,-0.6298,0.0,0.0
1779744291604,2,12.00000015,Lower Delivery,Delivery,pitch.1,702491,6.4022,-0.1784,97.9225,7.4905,95.6496,12.9699,-0.0929,0.0073
1779744291604,2,12.00000018,Upper Delivery,Delivery,pitch.1,703178,-0.0584,-0.0042,0.0618,0.264,0.4988,-2.7487,0.0,0.0
1779744291604,2,Pitching Mound.Delivery,,Delivery,pitch.1,701544,6.3438,-0.1827,97.9843,41.0271,96.1484,8.0246,-0.0929,0.3468
1779744291604,2,Pitching Mound.Drive,,Delivery,pitch.1,702413,0.0508,-0.3011,0.7664,0.0562,-0.6986,-0.6298,0.0,0.0
1779744291604,2,Pitching Mound.Parent,,Delivery,pitch.1,700868,6.3946,-0.4838,98.7507,41.0833,95.4498,7.3948,-0.0921,0.3442
1779744291605,2,11.0000004b,Drive,Delivery,pitch.1,702414,0.0442,-0.3187,0.8357,0.0535,-0.6626,-0.5708,0.0,0.0
1779744291605,2,12.00000015,Lower Delivery,Delivery,pitch.1,702492,6.4013,-0.1575,97.7927,7.597,95.7411,12.9427,-0.0931,0.0074
1779744291605,2,12.00000018,Upper Delivery,Delivery,pitch.1,703179,-0.0607,-0.0043,0.0576,0.2654,0.5009,-2.7598,0.0,0.0
1779744291605,2,Pitching Mound.Delivery,,Delivery,pitch.1,701545,6.3406,-0.1617,97.8503,41.0924,96.2421,7.9858,-0.0931,0.347
1779744291605,2,Pitching Mound.Drive,,Delivery,pitch.1,702414,0.0442,-0.3187,0.8357,0.0535,-0.6626,-0.5708,0.0,0.0
1779744291605,2,Pitching Mound.Parent,,Delivery,pitch.1,700869,6.3849,-0.4805,98.686,41.1459,95.5795,7.4149,-0.0923,0.344
1779744291606,2,11.0000004b,Drive,Delivery,pitch.1,702415,0.0401,-0.325,0.845,0.0594,-0.7158,-0.5868,0.0,0.0
1779744291606,2,12.00000015,Lower Delivery,Delivery,pitch.1,702493,6.3824,-0.1268,97.5914,8.0965,96.1463,12.9189,-0.0937,0.0079
1779744291606,2,12.00000018,Upper Delivery,Delivery,pitch.1,703180,-0.0581,-0.0012,0.0554,0.266,0.5019,-2.7647,0.0,0.0
1779744291606,2,Pitching Mound.Delivery,,Delivery,pitch.1,701546,6.3243,-0.128,97.6468,41.5247,96.6482,7.9644,-0.0937,0.3475
1779744291606,2,Pitching Mound.Drive,,Delivery,pitch.1,702415,0.0401,-0.325,0.845,0.0594,-0.7158,-0.5868,0.0,0.0
1779744291606,2,Pitching Mound.Parent,,Delivery,pitch.1,700870,6.3645,-0.4529,98.4918,41.5842,95.9324,7.3777,-0.0929,0.3445
1779744291607,2,11.0000004b,Drive,Delivery,pitch.1,702416,0.0417,-0.3185,0.8197,0.0536,-0.6805,-0.5904,0.0,0.0
1779744291607,2,12.00000015,Lower Delivery,Delivery,pitch.1,702494,6.3389,-0.1139,97.5049,8.1395,95.7682,12.8849,-0.0934,0.0079
1779744291607,2,12.00000018,Upper Delivery,Delivery,pitch.1,703181,-0.0579,0.0005,0.0679,0.2675,0.5041,-2.7763,0.0,0.0
1779744291607,2,Pitching Mound.Delivery,,Delivery,pitch.1,701547,6.281,-0.1134,97.5729,41.5356,96.2723,7.9337,-0.0934,0.3475
1779744291607,2,Pitching Mound.Drive,,Delivery,pitch.1,702416,0.0417,-0.3185,0.8197,0.0536,-0.6805,-0.5904,0.0,0.0
1779744291607,2,Pitching Mound.Parent,,Delivery,pitch.1,700871,6.3227,-0.4319,98.3925,41.5892,95.5918,7.3433,-0.0926,0.3446
1779744291608,2,11.0000004b,Drive,Delivery,pitch.1,702417,0.0266,-0.3235,0.8147,0.0445,-0.5853,-0.5517,0.0,0.0
1779744291608,2,12.00000015,Lower Delivery,Delivery,pitch.1,702495,6.3318,-0.0981,97.3507,8.4993,95.9758,12.8429,-0.0938,0.0083
1779744291608,2,12.00000018,Upper Delivery,Delivery,pitch.1,703182,-0.0587,-0.0024,0.0656,0.2602,0.4931,-2.7192,0.0,0.0
1779744291608,2,Pitching Mound.Delivery,,Delivery,pitch.1,701548,6.273,-0.1004,97.4163,41.8364,96.469,7.9509,-0.0937,0.3478
1779744291608,2,Pitching Mound.Drive,,Delivery,pitch.1,702417,0.0266,-0.3235,0.8147,0.0445,-0.5853,-0.5517,0.0,0.0
1779744291608,2,Pitching Mound.Parent,,Delivery,pitch.1,700872,6.2996,-0.4239,98.231,41.8809,95.8837,7.3992,-0.0929,0.345
1779744291609,2,11.0000004b,Drive,Delivery,pitch.1,702418,0.0231,-0.3178,0.8298,0.0478,-0.6182,-0.569,0.0,0.0
1779744291609,2,12.00000015,Lower Delivery,Delivery,pitch.1,702496,6.3343,-0.0621,97.1241,8.5325,96.0571,12.8174,-0.0941,0.0084
1779744291609,2,12.00000018,Upper Delivery,Delivery,pitch.1,703183,-0.0616,-0.0054,0.0573,0.2613,0.4948,-2.7281,0.0,0.0
1779744291609,2,Pitching Mound.Delivery,,Delivery,pitch.1,701549,6.2726,-0.0675,97.1815,41.7965,96.5519,7.9147,-0.094,0.348
1779744291609,2,Pitching Mound.Drive,,Delivery,pitch.1,702418,0.0231,-0.3178,0.8298,0.0478,-0.6182,-0.569,0.0,0.0
1779744291609,2,Pitching Mound.Parent,,Delivery,pitch.1,700873,6.2957,-0.3853,98.0113,41.8443,95.9337,7.3457,-0.0932,0.345
1779744291610,2,11.0000004b,Drive,Delivery,pitch.1,702419,0.0259,-0.3271,0.8516,0.0592,-0.7459,-0.6252,0.0,0.0
1779744291610,2,12.00000015,Lower Delivery,Delivery,pitch.1,702497,6.3227,-0.0463,97.0957,8.6184,95.8424,12.7498,-0.0939,0.0084
1779744291610,2,12.00000018,Upper Delivery,Delivery,pitch.1,703184,-0.0639,-0.0114,0.0742,0.2536,0.4833,-2.6681,0.0,0.0
1779744291610,2,Pitching Mound.Delivery,,Delivery,pitch.1,701550,6.2587,-0.0576,97.1699,41.8594,96.3257,7.9103,-0.0938,0.3479
1779744291610,2,Pitching Mound.Drive,,Delivery,pitch.1,702419,0.0259,-0.3271,0.8516,0.0592,-0.7459,-0.6252,0.0,0.0
1779744291610,2,Pitching Mound.Parent,,Delivery,pitch.1,700874,6.2847,-0.3847,98.0214,41.9186,95.5798,7.2851,-0.093,0.3449
1779744291611,2,11.0000004b,Drive,Delivery,pitch.1,702420,0.0347,-0.321,0.8189,0.0578,-0.7192,-0.596,0.0,0.0
1779744291611,2,12.00000015,Lower Delivery,Delivery,pitch.1,702498,6.3047,-0.0036,97.0234,8.5668,95.7657,12.7214,-0.0939,0.0084
1779744291611,2,12.00000018,Upper Delivery,Delivery,pitch.1,703185,-0.0633,-0.005,0.0619,0.2493,0.4767,-2.634,0.0,0.0
1779744291611,2,Pitching Mound.Delivery,,Delivery,pitch.1,701551,6.2414,-0.0086,97.0853,41.783,96.2424,7.9222,-0.0938,0.348
1779744291611,2,Pitching Mound.Drive,,Delivery,pitch.1,702420,0.0347,-0.321,0.8189,0.0578,-0.7192,-0.596,0.0,0.0
1779744291611,2,Pitching Mound.Parent,,Delivery,pitch.1,700875,6.2761,-0.3296,97.9042,41.8407,95.5232,7.3262,-0.0931,0.3451
1779744291612,2,11.0000004b,Drive,Delivery,pitch.1,702421,0.0345,-0.3006,0.7852,0.0502,-0.6491,-0.5854,0.0,0.0
1779744291612,2,12.00000015,Lower Delivery,Delivery,pitch.1,702499,6.3107,0.0216,96.8981,8.5468,95.6585,12.6337,-0.0939,0.0084
1779744291612,2,12.00000018,Upper Delivery,Delivery,pitch.1,703186,-0.0609,0.0006,0.0505,0.2483,0.4753,-2.6269,0.0,0.0
1779744291612,2,Pitching Mound.Delivery,,Delivery,pitch.1,701552,6.2498,0.0223,96.9485,41.7233,96.1338,7.8405,-0.0939,0.348
1779744291612,2,Pitching Mound.Drive,,Delivery,pitch.1,702421,0.0345,-0.3006,0.7852,0.0502,-0.6491,-0.5854,0.0,0.0
1779744291612,2,Pitching Mound.Parent,,Delivery,pitch.1,700876,6.2843,-0.2783,97.7337,41.7735,95.4847,7.255,-0.0931,0.3452
1779744291613,2,11.0000004b,Drive,Delivery,pitch.1,702422,0.0317,-0.3195,0.8424,0.0536,-0.6638,-0.5655,0.0,0.0
1779744291613,2,12.00000015,Lower Delivery,Delivery,pitch.1,702500,6.3221,0.061,96.8006,8.2721,95.3711,12.5784,-0.0937,0.0081
1779744291613,2,12.00000018,Upper Delivery,Delivery,pitch.1,703187,-0.0642,-0.0019,0.0482,0.2376,0.4592,-2.5429,0.0,0.0
1779744291613,2,Pitching Mound.Delivery,,Delivery,pitch.1,701553,6.258,0.0591,96.8488,41.4055,95.8303,7.8642,-0.0937,0.3478
1779744291613,2,Pitching Mound.Drive,,Delivery,pitch.1,702422,0.0317,-0.3195,0.8424,0.0536,-0.6638,-0.5655,0.0,0.0
1779744291613,2,Pitching Mound.Parent,,Delivery,pitch.1,700877,6.2896,-0.2605,97.6912,41.4591,95.1665,7.2987,-0.0929,0.3448
1779744291614,2,11.0000004b,Drive,Delivery,pitch.1,702423,0.0286,-0.3096,0.9331,0.053,-0.6544,-0.5624,0.0,0.0
1779744291614,2,12.00000015,Lower Delivery,Delivery,pitch.1,702501,6.3431,0.1059,96.6114,8.2112,95.4864,12.4797,-0.094,0.0081
1779744291614,2,12.00000018,Upper Delivery,Delivery,pitch.1,703188,-0.0621,-0.0024,0.0547,0.2316,0.4502,-2.4964,0.0,0.0
1779744291614,2,Pitching Mound.Delivery,,Delivery,pitch.1,701554,6.281,0.1036,96.6661,41.272,95.9366,7.8056,-0.094,0.3477
1779744291614,2,Pitching Mound.Drive,,Delivery,pitch.1,702423,0.0286,-0.3096,0.9331,0.053,-0.6544,-0.5624,0.0,0.0
1779744291614,2,Pitching Mound.Parent,,Delivery,pitch.1,700878,6.3096,-0.206,97.5992,41.3251,95.2822,7.2431,-0.0931,0.3444
1779744291615,2,11.0000004b,Drive,Delivery,pitch.1,702424,0.0236,-0.319,0.9481,0.0605,-0.7381,-0.5956,0.0,0.0
1779744291615,2,12.00000015,Lower Delivery,Delivery,pitch.1,702502,6.3487,0.1591,96.4029,7.6634,94.9182,12.4304,-0.0937,0.0076
1779744291615,2,12.00000018,Upper Delivery,Delivery,pitch.1,703189,-0.0582,0.0029,0.0546,0.2331,0.4524,-2.5079,0.0,0.0
1779744291615,2,Pitching Mound.Delivery,,Delivery,pitch.1,701555,6.2905,0.162,96.4575,40.6549,95.3706,7.7442,-0.0936,0.3472
1779744291615,2,Pitching Mound.Drive,,Delivery,pitch.1,702424,0.0236,-0.319,0.9481,0.0605,-0.7381,-0.5956,0.0,0.0
1779744291615,2,Pitching Mound.Parent,,Delivery,pitch.1,700879,6.3141,-0.157,97.4056,40.7154,94.6324,7.1485,-0.0927,0.3438
1779744291616,2,11.0000004b,Drive,Delivery,pitch.1,702425,0.0146,-0.3108,1.0082,0.0588,-0.7278,-0.6073,0.0,0.0
1779744291616,2,12.00000015,Lower Delivery,Delivery,pitch.1,702503,6.373,0.2008,96.3722,7.524,94.6457,12.3591,-0.0934,0.0074
1779744291616,2,12.00000018,Upper Delivery,Delivery,pitch.1,703190,-0.0561,0.0049,0.0476,0.2374,0.4588,-2.5412,0.0,0.0
1779744291616,2,Pitching Mound.Delivery,,Delivery,pitch.1,701556,6.3169,0.2057,96.4198,40.5117,95.1045,7.632,-0.0934,0.3471
1779744291616,2,Pitching Mound.Drive,,Delivery,pitch.1,702425,0.0146,-0.3108,1.0082,0.0588,-0.7278,-0.6073,0.0,0.0
1779744291616,2,Pitching Mound.Parent,,Delivery,pitch.1,700880,6.3315,-0.1051,97.428,40.5705,94.3767,7.0248,-0.0924,0.3435
1779744291617,2,11.0000004b,Drive,Delivery,pitch.1,702426,0.0151,-0.321,1.0429,0.0519,-0.6582,-0.5922,0.0,0.0
1779744291617,2,12.00000015,Lower Delivery,Delivery,pitch.1,702504,6.3849,0.2642,96.1701,7.1132,94.5276,12.2996,-0.0935,0.007
1779744291617,2,12.00000018,Upper Delivery,Delivery,pitch.1,703191,-0.0577,0.0039,0.0465,0.2361,0.457,-2.5315,0.0,0.0
1779744291617,2,Pitching Mound.Delivery,,Delivery,pitch.1,701557,6.3272,0.268,96.2166,40.0314,94.9845,7.5776,-0.0935,0.3467
1779744291617,2,Pitching Mound.Drive,,Delivery,pitch.1,702426,0.0151,-0.321,1.0429,0.0519,-0.6582,-0.5922,0.0,0.0
1779744291617,2,Pitching Mound.Parent,,Delivery,pitch.1,700881,6.3423,-0.053,97.2595,40.0833,94.3264,6.9855,-0.0925,0.343
1779744291618,2,11.0000004b,Drive,Delivery,pitch.1,702427,0.0161,-0.3381,1.0621,0.0589,-0.7306,-0.6087,0.0,0.0
1779744291618,2,12.00000015,Lower Delivery,Delivery,pitch.1,702505,6.4177,0.3126,96.0948,6.9766,94.117,12.2817,-0.0932,0.0069
1779744291618,2,12.00000018,Upper Delivery,Delivery,pitch.1,703192,-0.0563,0.0014,0.0347,0.2288,0.446,-2.4745,0.0,0.0
1779744291618,2,Pitching Mound.Delivery,,Delivery,pitch.1,701558,6.3614,0.314,96.1295,39.8658,94.563,7.6061,-0.0931,0.3467
1779744291618,2,Pitching Mound.Drive,,Delivery,pitch.1,702427,0.0161,-0.3381,1.0621,0.0589,-0.7306,-0.6087,0.0,0.0
1779744291618,2,Pitching Mound.Parent,,Delivery,pitch.1,700882,6.3776,-0.0241,97.1916,39.9247,93.8324,6.9974,-0.0921,0.3429
1779744291619,2,11.0000004b,Drive,Delivery,pitch.1,702428,0.0059,-0.3474,1.1443,0.0583,-0.7383,-0.6514,0.0,0.0
1779744291619,2,12.00000015,Lower Delivery,Delivery,pitch.1,702506,6.447,0.3632,96.028,6.906,93.9325,12.241,-0.0931,0.0068
1779744291619,2,12.00000018,Upper Delivery,Delivery,pitch.1,703193,-0.0554,-0.0018,0.0525,0.2286,0.4456,-2.4726,0.0,0.0
1779744291619,2,Pitching Mound.Delivery,,Delivery,pitch.1,701559,6.3917,0.3615,96.0805,39.7662,94.3781,7.5576,-0.093,0.3465
1779744291619,2,Pitching Mound.Drive,,Delivery,pitch.1,702428,0.0059,-0.3474,1.1443,0.0583,-0.7383,-0.6514,0.0,0.0
1779744291619,2,Pitching Mound.Parent,,Delivery,pitch.1,700883,6.3976,0.014,97.2248,39.8246,93.6398,6.9063,-0.0919,0.3424
1779744291620,2,11.0000004b,Drive,Delivery,pitch.1,702429,0.013,-0.3543,1.0654,0.0389,-0.5567,-0.5911,0.0,0.0
1779744291620,2,12.00000015,Lower Delivery,Delivery,pitch.1,702507,6.4625,0.4056,95.7249,6.961,94.0573,12.1608,-0.0935,0.0069
1779744291620,2,12.00000018,Upper Delivery,Delivery,pitch.1,703194,-0.0545,-0.0116,0.0801,0.2269,0.4431,-2.4596,0.0,0.0
1779744291620,2,Pitching Mound.Delivery,,Delivery,pitch.1,701560,6.408,0.394,95.805,39.7072,94.5005,7.4854,-0.0934,0.3463
1779744291620,2,Pitching Mound.Drive,,Delivery,pitch.1,702429,0.013,-0.3543,1.0654,0.0389,-0.5567,-0.5911,0.0,0.0
1779744291620,2,Pitching Mound.Parent,,Delivery,pitch.1,700884,6.4209,0.0397,96.8704,39.746,93.9437,6.8943,-0.0924,0.3425
1779744291621,2,11.0000004b,Drive,Delivery,pitch.1,702430,0.0154,-0.3677,1.0265,0.0396,-0.5456,-0.5576,0.0,0.0
1779744291621,2,12.00000015,Lower Delivery,Delivery,pitch.1,702508,6.4906,0.4448,95.8094,6.8976,93.9325,12.1254,-0.0933,0.0068
1779744291621,2,12.00000018,Upper Delivery,Delivery,pitch.1,703195,-0.0531,-0.0207,0.1078,0.2221,0.4359,-2.4221,0.0,0.0
1779744291621,2,Pitching Mound.Delivery,,Delivery,pitch.1,701561,6.4376,0.424,95.9172,39.6582,94.3684,7.4784,-0.0932,0.3461
1779744291621,2,Pitching Mound.Drive,,Delivery,pitch.1,702430,0.0154,-0.3677,1.0265,0.0396,-0.5456,-0.5576,0.0,0.0
1779744291621,2,Pitching Mound.Parent,,Delivery,pitch.1,700885,6.4529,0.0563,96.9436,39.6978,93.8227,6.9207,-0.0922,0.3424
1779744291622,2,11.0000004b,Drive,Delivery,pitch.1,702431,0.0162,-0.3613,0.9454,0.0509,-0.6554,-0.5986,0.0,0.0
1779744291622,2,12.00000015,Lower Delivery,Delivery,pitch.1,702509,6.5211,0.4872,95.7823,6.929,93.754,12.0703,-0.0931,0.0069
1779744291622,2,12.00000018,Upper Delivery,Delivery,pitch.1,703196,-0.0561,-0.0262,0.1121,0.2126,0.4217,-2.3481,0.0,0.0
1779744291622,2,Pitching Mound.Delivery,,Delivery,pitch.1,701562,6.465,0.461,95.8943,39.6694,94.1757,7.4859,-0.093,0.3461
1779744291622,2,Pitching Mound.Drive,,Delivery,pitch.1,702431,0.0162,-0.3613,0.9454,0.0509,-0.6554,-0.5986,0.0,0.0
1779744291622,2,Pitching Mound.Parent,,Delivery,pitch.1,700886,6.4812,0.0997,96.8397,39.7203,93.5203,6.8873,-0.0921,0.3427
1779744291623,2,11.0000004b,Drive,Delivery,pitch.1,702432,0.0221,-0.361,0.9217,0.0376,-0.5303,-0.5685,0.0,0.0
1779744291623,2,12.00000015,Lower Delivery,Delivery,pitch.1,702510,6.5491,0.5282,95.8269,6.7665,93.7767,12.0014,-0.0931,0.0067
1779744291623,2,12.00000018,Upper Delivery,Delivery,pitch.1,703197,-0.0545,-0.0251,0.1178,0.2196,0.4322,-2.4027,0.0,0.0
1779744291623,2,Pitching Mound.Delivery,,Delivery,pitch.1,701563,6.4946,0.5031,95.9447,39.5272,94.2089,7.3534,-0.093,0.3459
1779744291623,2,Pitching Mound.Drive,,Delivery,pitch.1,702432,0.0221,-0.361,0.9217,0.0376,-0.5303,-0.5685,0.0,0.0
1779744291623,2,Pitching Mound.Parent,,Delivery,pitch.1,700887,6.5167,0.1421,96.8664,39.5648,93.6786,6.7849,-0.0921,0.3426
1779744291624,2,11.0000004b,Drive,Delivery,pitch.1,702433,0.038,-0.3412,0.8254,0.0485,-0.6475,-0.6153,0.0,0.0
1779744291624,2,12.00000015,Lower Delivery,Delivery,pitch.1,702511,6.5572,0.5434,95.7886,6.854,93.4324,12.025,-0.0928,0.0068
1779744291624,2,12.00000018,Upper Delivery,Delivery,pitch.1,703198,-0.0574,-0.0321,0.1267,0.2128,0.4219,-2.3494,0.0,0.0
1779744291624,2,Pitching Mound.Delivery,,Delivery,pitch.1,701564,6.4999,0.5113,95.9153,39.5918,93.8543,7.4266,-0.0927,0.3459
1779744291624,2,Pitching Mound.Drive,,Delivery,pitch.1,702433,0.038,-0.3412,0.8254,0.0485,-0.6475,-0.6153,0.0,0.0
1779744291624,2,Pitching Mound.Parent,,Delivery,pitch.1,700888,6.5378,0.1702,96.7407,39.6403,93.2068,6.8113,-0.0919,0.3429
1779744291625,2,11.0000004b,Drive,Delivery,pitch.1,702434,0.0505,-0.3182,0.7472,0.0532,-0.683,-0.606,0.0,0.0
1779744291625,2,12.00000015,Lower Delivery,Delivery,pitch.1,702512,6.5829,0.5738,95.925,6.8261,93.3242,11.9481,-0.0925,0.0068
1779744291625,2,12.00000018,Upper Delivery,Delivery,pitch.1,703199,-0.056,-0.0239,0.1032,0.2218,0.4355,-2.4202,0.0,0.0
1779744291625,2,Pitching Mound.Delivery,,Delivery,pitch.1,701565,6.5269,0.5498,96.0282,39.6273,93.7597,7.2706,-0.0925,0.346
1779744291625,2,Pitching Mound.Drive,,Delivery,pitch.1,702434,0.0505,-0.3182,0.7472,0.0532,-0.683,-0.606,0.0,0.0
1779744291625,2,Pitching Mound.Parent,,Delivery,pitch.1,700889,6.5774,0.2316,96.7753,39.6806,93.0767,6.6646,-0.0917,0.3434
1779744291626,2,11.0000004b,Drive,Delivery,pitch.1,702435,0.0453,-0.3204,0.7652,0.0473,-0.6438,-0.619,0.0,0.0
1779744291626,2,12.00000015,Lower Delivery,Delivery,pitch.1,702513,6.5867,0.5941,95.8166,6.2038,92.5451,11.9219,-0.0919,0.0062
1779744291626,2,12.00000018,Upper Delivery,Delivery,pitch.1,703200,-0.0578,-0.0159,0.0755,0.2188,0.431,-2.3964,0.0,0.0
1779744291626,2,Pitching Mound.Delivery,,Delivery,pitch.1,701566,6.5288,0.5782,95.8921,38.9745,92.9761,7.2664,-0.0918,0.3456
1779744291626,2,Pitching Mound.Drive,,Delivery,pitch.1,702435,0.0453,-0.3204,0.7652,0.0473,-0.6438,-0.619,0.0,0.0
1779744291626,2,Pitching Mound.Parent,,Delivery,pitch.1,700890,6.5742,0.2578,96.6572,39.0219,92.3323,6.6474,-0.0911,0.3429
1779744291627,2,11.0000004b,Drive,Delivery,pitch.1,702436,0.0449,-0.3094,0.7386,0.0359,-0.5291,-0.5846,0.0,0.0
1779744291627,2,12.00000015,Lower Delivery,Delivery,pitch.1,702514,6.5894,0.5881,95.8945,6.4497,92.3665,11.8793,-0.0916,0.0064
1779744291627,2,12.00000018,Upper Delivery,Delivery,pitch.1,703201,-0.0598,-0.0247,0.0839,0.2148,0.4249,-2.3651,0.0,0.0
1779744291627,2,Pitching Mound.Delivery,,Delivery,pitch.1,701567,6.5296,0.5633,95.9784,39.2401,92.7914,7.2535,-0.0915,0.3458
1779744291627,2,Pitching Mound.Drive,,Delivery,pitch.1,702436,0.0449,-0.3094,0.7386,0.0359,-0.5291,-0.5846,0.0,0.0
1779744291627,2,Pitching Mound.Parent,,Delivery,pitch.1,700891,6.5744,0.2539,96.717,39.2759,92.2623,6.6689,-0.0909,0.3432
1779744291628,2,11.0000004b,Drive,Delivery,pitch.1,702437,0.0552,-0.2987,0.7404,0.0359,-0.5014,-0.5499,0.0,0.0
1779744291628,2,12.00000015,Lower Delivery,Delivery,pitch.1,702515,6.5984,0.6122,95.9181,6.4898,92.5365,11.7873,-0.0918,0.0064
1779744291628,2,12.00000018,Upper Delivery,Delivery,pitch.1,703202,-0.0624,-0.0238,0.0896,0.2199,0.4326,-2.4052,0.0,0.0
1779744291628,2,Pitching Mound.Delivery,,Delivery,pitch.1,701568,6.536,0.5884,96.0078,39.2914,92.9691,7.1174,-0.0917,0.3458
1779744291628,2,Pitching Mound.Drive,,Delivery,pitch.1,702437,0.0552,-0.2987,0.7404,0.0359,-0.5014,-0.5499,0.0,0.0
1779744291628,2,Pitching Mound.Parent,,Delivery,pitch.1,700892,6.5912,0.2897,96.7482,39.3274,92.4677,6.5675,-0.091,0.3431
1779744291629,2,11.0000004b,Drive,Delivery,pitch.1,702438,0.0513,-0.2888,0.7431,0.0411,-0.543,-0.5582,0.0,0.0
1779744291629,2,12.00000015,Lower Delivery,Delivery,pitch.1,702516,6.6067,0.6097,95.8778,6.7972,92.6372,11.7285,-0.0919,0.0067
1779744291629,2,12.00000018,Upper Delivery,Delivery,pitch.1,703203,-0.063,-0.019,0.0797,0.2207,0.4338,-2.4114,0.0,0.0
1779744291629,2,Pitching Mound.Delivery,,Delivery,pitch.1,701569,6.5437,0.5908,95.9576,39.5892,93.0711,7.0495,-0.0918,0.3462
1779744291629,2,Pitching Mound.Drive,,Delivery,pitch.1,702438,0.0513,-0.2888,0.7431,0.0411,-0.543,-0.5582,0.0,0.0
1779744291629,2,Pitching Mound.Parent,,Delivery,pitch.1,700893,6.5949,0.302,96.7007,39.6303,92.5281,6.4913,-0.0911,0.3435
1779744291630,2,11.0000004b,Drive,Delivery,pitch.1,702439,0.0593,-0.2806,0.7375,0.0468,-0.5897,-0.5604,0.0,0.0
1779744291630,2,12.00000015,Lower Delivery,Delivery,pitch.1,702517,6.6048,0.6138,95.8138,6.7199,92.5052,11.6491,-0.0918,0.0067
1779744291630,2,12.00000018,Upper Delivery,Delivery,pitch.1,703204,-0.0574,0.0013,0.0352,0.2356,0.4562,-2.5275,0.0,0.0
1779744291630,2,Pitching Mound.Delivery,,Delivery,pitch.1,701570,6.5474,0.6151,95.849,39.5203,92.9614,6.8565,-0.0918,0.3464
1779744291630,2,Pitching Mound.Drive,,Delivery,pitch.1,702439,0.0593,-0.2806,0.7375,0.0468,-0.5897,-0.5604,0.0,0.0
1779744291630,2,Pitching Mound.Parent,,Delivery,pitch.1,700894,6.6066,0.3345,96.5865,39.5671,92.3716,6.296,-0.0911,0.3438
1779744291631,2,11.0000004b,Drive,Delivery,pitch.1,702440,0.057,-0.2979,0.7832,0.053,-0.6499,-0.5757,0.0,0.0
1779744291631,2,12.00000015,Lower Delivery,Delivery,pitch.1,702518,6.6225,0.6364,95.8306,6.7467,92.84,11.5918,-0.0922,0.0067
1779744291631,2,12.00000018,Upper Delivery,Delivery,pitch.1,703205,-0.0606,0.0008,0.0374,0.2396,0.4621,-2.5584,0.0,0.0
1779744291631,2,Pitching Mound.Delivery,,Delivery,pitch.1,701571,6.562,0.6372,95.868,39.556,93.3021,6.7612,-0.0921,0.3464
1779744291631,2,Pitching Mound.Drive,,Delivery,pitch.1,702440,0.057,-0.2979,0.7832,0.053,-0.6499,-0.5757,0.0,0.0
1779744291631,2,Pitching Mound.Parent,,Delivery,pitch.1,700895,6.6189,0.3394,96.6512,39.609,92.6522,6.1854,-0.0914,0.3436
1779744291632,2,11.0000004b,Drive,Delivery,pitch.1,702441,0.0594,-0.3076,0.8087,0.0513,-0.62,-0.544,0.0,0.0
1779744291632,2,12.00000015,Lower Delivery,Delivery,pitch.1,702519,6.5955,0.6445,95.7753,6.6377,92.7987,11.5537,-0.0922,0.0066
1779744291632,2,12.00000018,Upper Delivery,Delivery,pitch.1,703206,-0.0614,0.0003,0.0244,0.2383,0.4602,-2.5484,0.0,0.0
1779744291632,2,Pitching Mound.Delivery,,Delivery,pitch.1,701572,6.5341,0.6448,95.7997,39.4313,93.2589,6.7419,-0.0921,0.3464
1779744291632,2,Pitching Mound.Drive,,Delivery,pitch.1,702441,0.0594,-0.3076,0.8087,0.0513,-0.62,-0.544,0.0,0.0
1779744291632,2,Pitching Mound.Parent,,Delivery,pitch.1,700896,6.5934,0.3372,96.6084,39.4827,92.639,6.1979,-0.0914,0.3435
1779744291633,2,11.0000004b,Drive,Delivery,pitch.1,702442,0.0585,-0.303,0.7931,0.0391,-0.5054,-0.5175,0.0,0.0
1779744291633,2,12.00000015,Lower Delivery,Delivery,pitch.1,702520,6.5751,0.6584,95.7,6.5946,92.8902,11.4971,-0.0923,0.0066
1779744291633,2,12.00000018,Upper Delivery,Delivery,pitch.1,703207,-0.0633,0.0038,0.012,0.2381,0.46,-2.5472,0.0,0.0
1779744291633,2,Pitching Mound.Delivery,,Delivery,pitch.1,701573,6.5118,0.6623,95.712,39.3666,93.3502,6.6929,-0.0923,0.3465
1779744291633,2,Pitching Mound.Drive,,Delivery,pitch.1,702442,0.0585,-0.303,0.7931,0.0391,-0.5054,-0.5175,0.0,0.0
1779744291633,2,Pitching Mound.Parent,,Delivery,pitch.1,700897,6.5703,0.3593,96.5051,39.4057,92.8448,6.1754,-0.0916,0.3436
1779744291634,2,11.0000004b,Drive,Delivery,pitch.1,702443,0.0527,-0.3018,0.7777,0.0421,-0.5421,-0.5381,0.0,0.0
1779744291634,2,12.00000015,Lower Delivery,Delivery,pitch.1,702521,6.576,0.6937,95.5939,6.6919,92.8218,11.4889,-0.0924,0.0067
1779744291634,2,12.00000018,Upper Delivery,Delivery,pitch.1,703208,-0.0644,-0.0019,0.0168,0.2326,0.4516,-2.5039,0.0,0.0
1779744291634,2,Pitching Mound.Delivery,,Delivery,pitch.1,701574,6.5116,0.6918,95.6108,39.4207,93.2734,6.7273,-0.0924,0.3465
1779744291634,2,Pitching Mound.Drive,,Delivery,pitch.1,702443,0.0527,-0.3018,0.7777,0.0421,-0.5421,-0.5381,0.0,0.0
1779744291634,2,Pitching Mound.Parent,,Delivery,pitch.1,700898,6.5643,0.39,96.3884,39.4628,92.7313,6.1892,-0.0916,0.3437
1779744291635,2,11.0000004b,Drive,Delivery,pitch.1,702444,0.0378,-0.3221,0.8541,0.0319,-0.4559,-0.5363,0.0,0.0
1779744291635,2,12.00000015,Lower Delivery,Delivery,pitch.1,702522,6.5584,0.7217,95.422,6.5814,92.7973,11.4298,-0.0925,0.0066
1779744291635,2,12.00000018,Upper Delivery,Delivery,pitch.1,703209,-0.0639,-0.0009,0.007,0.231,0.4493,-2.4918,0.0,0.0
1779744291635,2,Pitching Mound.Delivery,,Delivery,pitch.1,701575,6.4945,0.7208,95.4291,39.2535,93.2466,6.6864,-0.0925,0.3465
1779744291635,2,Pitching Mound.Drive,,Delivery,pitch.1,702444,0.0378,-0.3221,0.8541,0.0319,-0.4559,-0.5363,0.0,0.0
1779744291635,2,Pitching Mound.Parent,,Delivery,pitch.1,700899,6.5323,0.3987,96.2832,39.2854,92.7907,6.1501,-0.0917,0.3434
1779744291636,2,11.0000004b,Drive,Delivery,pitch.1,702445,0.0364,-0.3214,0.8571,0.0117,-0.2763,-0.5187,0.0,0.0
1779744291636,2,12.00000015,Lower Delivery,Delivery,pitch.1,702523,6.5516,0.7585,95.2422,6.6701,93.0467,11.4269,-0.0929,0.0067
1779744291636,2,12.00000018,Upper Delivery,Delivery,pitch.1,703210,-0.0633,0.0029,0.0234,0.2292,0.4465,-2.4773,0.0,0.0
1779744291636,2,Pitching Mound.Delivery,,Delivery,pitch.1,701576,6.4883,0.7614,95.2656,39.2736,93.4932,6.7006,-0.0929,0.3465
1779744291636,2,Pitching Mound.Drive,,Delivery,pitch.1,702445,0.0364,-0.3214,0.8571,0.0117,-0.2763,-0.5187,0.0,0.0
1779744291636,2,Pitching Mound.Parent,,Delivery,pitch.1,700900,6.5247,0.44,96.1227,39.2853,93.2169,6.1818,-0.0921,0.3434
1779744291637,2,11.0000004b,Drive,Delivery,pitch.1,702446,0.0256,-0.333,0.8933,0.0167,-0.311,-0.5076,0.0,0.0
1779744291637,2,12.00000015,Lower Delivery,Delivery,pitch.1,702524,6.5383,0.7831,95.2979,7.0937,93.258,11.3718,-0.0931,0.0071
1779744291637,2,12.00000018,Upper Delivery,Delivery,pitch.1,703211,-0.0611,0.0062,0.0161,0.2192,0.4315,-2.3995,0.0,0.0
1779744291637,2,Pitching Mound.Delivery,,Delivery,pitch.1,701577,6.4773,0.7893,95.314,39.7087,93.6896,6.7285,-0.0931,0.347
1779744291637,2,Pitching Mound.Drive,,Delivery,pitch.1,702446,0.0256,-0.333,0.8933,0.0167,-0.311,-0.5076,0.0,0.0
1779744291637,2,Pitching Mound.Parent,,Delivery,pitch.1,700901,6.5029,0.4563,96.2073,39.7254,93.3786,6.2209,-0.0922,0.3437
1779744291638,2,11.0000004b,Drive,Delivery,pitch.1,702447,0.0313,-0.3289,0.8728,0.0206,-0.3563,-0.5262,0.0,0.0
1779744291638,2,12.00000015,Lower Delivery,Delivery,pitch.1,702525,6.5205,0.8164,95.113,6.9906,93.4444,11.3488,-0.0935,0.007
1779744291638,2,12.00000018,Upper Delivery,Delivery,pitch.1,703212,-0.0625,0.0115,0.0193,0.2173,0.4287,-2.3848,0.0,0.0
1779744291638,2,Pitching Mound.Delivery,,Delivery,pitch.1,701578,6.458,0.8279,95.1323,39.5398,93.8731,6.7258,-0.0934,0.3469
1779744291638,2,Pitching Mound.Drive,,Delivery,pitch.1,702447,0.0313,-0.3289,0.8728,0.0206,-0.3563,-0.5262,0.0,0.0
1779744291638,2,Pitching Mound.Parent,,Delivery,pitch.1,700902,6.4893,0.4989,96.0051,39.5604,93.5168,6.1996,-0.0926,0.3437
1779744291639,2,11.0000004b,Drive,Delivery,pitch.1,702448,0.0411,-0.3088,0.7915,0.0262,-0.3918,-0.5131,0.0,0.0
1779744291639,2,12.00000015,Lower Delivery,Delivery,pitch.1,702526,6.5071,0.8314,95.0256,6.8677,93.4271,11.3552,-0.0935,0.0069
1779744291639,2,12.00000018,Upper Delivery,Delivery,pitch.1,703213,-0.0628,0.0052,0.0355,0.2163,0.4272,-2.3768,0.0,0.0
1779744291639,2,Pitching Mound.Delivery,,Delivery,pitch.1,701579,6.4443,0.8366,95.0611,39.3806,93.8543,6.7446,-0.0935,0.3466
1779744291639,2,Pitching Mound.Drive,,Delivery,pitch.1,702448,0.0411,-0.3088,0.7915,0.0262,-0.3918,-0.5131,0.0,0.0
1779744291639,2,Pitching Mound.Parent,,Delivery,pitch.1,700903,6.4854,0.5278,95.8526,39.4068,93.4625,6.2316,-0.0927,0.3438
1779744291640,2,11.0000004b,Drive,Delivery,pitch.1,702449,0.0374,-0.3093,0.7882,0.0226,-0.3626,-0.5034,0.0,0.0
1779744291640,2,12.00000015,Lower Delivery,Delivery,pitch.1,702527,6.4972,0.8596,94.9572,6.6903,93.517,11.3155,-0.0937,0.0067
1779744291640,2,12.00000018,Upper Delivery,Delivery,pitch.1,703214,-0.0635,0.0003,0.0369,0.2131,0.4224,-2.3518,0.0,0.0
1779744291640,2,Pitching Mound.Delivery,,Delivery,pitch.1,701580,6.4337,0.8599,94.994,39.1762,93.9393,6.7331,-0.0937,0.3464
1779744291640,2,Pitching Mound.Drive,,Delivery,pitch.1,702449,0.0374,-0.3093,0.7882,0.0226,-0.3626,-0.5034,0.0,0.0
1779744291640,2,Pitching Mound.Parent,,Delivery,pitch.1,700904,6.4711,0.5506,95.7823,39.1989,93.5767,6.2297,-0.0929,0.3436
1779744291641,2,11.0000004b,Drive,Delivery,pitch.1,702450,0.0188,-0.3307,0.8886,0.0298,-0.4477,-0.5305,0.0,0.0
1779744291641,2,12.00000015,Lower Delivery,Delivery,pitch.1,702528,6.503,0.8848,94.9957,7.2342,93.521,11.2685,-0.0937,0.0072
1779744291641,2,12.00000018,Upper Delivery,Delivery,pitch.1,703215,-0.0662,-0.0088,0.0622,0.2088,0.416,-2.3186,0.0,0.0
1779744291641,2,Pitching Mound.Delivery,,Delivery,pitch.1,701581,6.4368,0.876,95.0579,39.7204,93.937,6.7163,-0.0936,0.3468
1779744291641,2,Pitching Mound.Drive,,Delivery,pitch.1,702450,0.0188,-0.3307,0.8886,0.0298,-0.4477,-0.5305,0.0,0.0
1779744291641,2,Pitching Mound.Parent,,Delivery,pitch.1,700905,6.4556,0.5453,95.9465,39.7502,93.4893,6.1858,-0.0927,0.3436
1779744291642,2,11.0000004b,Drive,Delivery,pitch.1,702451,0.0148,-0.3339,0.9065,0.0276,-0.4273,-0.5331,0.0,0.0
1779744291642,2,12.00000015,Lower Delivery,Delivery,pitch.1,702529,6.4902,0.8877,95.0136,7.2883,93.197,11.2073,-0.0933,0.0073
1779744291642,2,12.00000018,Upper Delivery,Delivery,pitch.1,703216,-0.0641,-0.0081,0.0694,0.2046,0.4096,-2.2857,0.0,0.0
1779744291642,2,Pitching Mound.Delivery,,Delivery,pitch.1,701582,6.4262,0.8796,95.083,39.7739,93.6066,6.6931,-0.0932,0.3468
1779744291642,2,Pitching Mound.Drive,,Delivery,pitch.1,702451,0.0148,-0.3339,0.9065,0.0276,-0.4273,-0.5331,0.0,0.0
1779744291642,2,Pitching Mound.Parent,,Delivery,pitch.1,700906,6.441,0.5456,95.9895,39.8016,93.1793,6.16,-0.0924,0.3435
1779744291643,2,11.0000004b,Drive,Delivery,pitch.1,702453,0.0154,-0.3077,0.9843,0.0308,-0.4663,-0.5373,0.0,0.0
1779744291643,2,11.0000004b,Drive,Delivery,pitch.1,702452,0.0177,-0.3104,0.9133,0.0342,-0.4887,-0.5361,0.0,0.0
1779744291643,2,12.00000015,Lower Delivery,Delivery,pitch.1,702530,6.5142,0.8996,95.0268,7.7591,93.4353,11.1738,-0.0935,0.0078
1779744291643,2,12.00000018,Upper Delivery,Delivery,pitch.1,703217,-0.0626,-0.0078,0.0824,0.2123,0.4212,-2.346,0.0,0.0
1779744291643,2,Pitching Mound.Delivery,,Delivery,pitch.1,701583,6.4515,0.8918,95.1091,40.2525,93.8565,6.5917,-0.0935,0.3472
1779744291643,2,Pitching Mound.Drive,,Delivery,pitch.1,702453,0.0154,-0.3077,0.9843,0.0308,-0.4663,-0.5373,0.0,0.0
1779744291643,2,Pitching Mound.Drive,,Delivery,pitch.1,702452,0.0177,-0.3104,0.9133,0.0342,-0.4887,-0.5361,0.0,0.0
1779744291643,2,Pitching Mound.Parent,,Delivery,pitch.1,700907,6.4692,0.5814,96.0224,40.2867,93.3678,6.0556,-0.0926,0.3439
1779744291644,2,12.00000015,Lower Delivery,Delivery,pitch.1,702531,6.511,0.9001,95.1017,7.8305,93.3535,11.1467,-0.0934,0.0078
1779744291644,2,12.00000018,Upper Delivery,Delivery,pitch.1,703218,-0.0622,-0.0071,0.084,0.2083,0.4152,-2.3147,0.0,0.0
1779744291644,2,Pitching Mound.Delivery,,Delivery,pitch.1,701584,6.4489,0.8929,95.1857,40.3448,93.7687,6.5971,-0.0933,0.3472
1779744291644,2,Pitching Mound.Parent,,Delivery,pitch.1,700908,6.4643,0.5852,96.17,40.3756,93.3024,6.0598,-0.0923,0.3437
1779744291645,2,11.0000004b,Drive,Delivery,pitch.1,702454,0.0184,-0.3083,0.9573,0.032,-0.4629,-0.5111,0.0,0.0
1779744291645,2,12.00000015,Lower Delivery,Delivery,pitch.1,702532,6.5155,0.9082,95.1691,7.8723,93.2819,11.1028,-0.0932,0.0079
1779744291645,2,12.00000018,Upper Delivery,Delivery,pitch.1,703219,-0.0679,-0.0179,0.1109,0.2092,0.4166,-2.3218,0.0,0.0
1779744291645,2,Pitching Mound.Delivery,,Delivery,pitch.1,701585,6.4476,0.8904,95.28,40.4013,93.6985,6.5427,-0.0931,0.3471
1779744291645,2,Pitching Mound.Drive,,Delivery,pitch.1,702454,0.0184,-0.3083,0.9573,0.032,-0.4629,-0.5111,0.0,0.0
1779744291645,2,Pitching Mound.Parent,,Delivery,pitch.1,700909,6.4659,0.5821,96.2373,40.4333,93.2356,6.0316,-0.0922,0.3436
1779744291646,2,11.0000004b,Drive,Delivery,pitch.1,702455,0.0197,-0.2944,1.0193,0.0429,-0.5878,-0.5625,0.0,0.0
1779744291646,2,12.00000015,Lower Delivery,Delivery,pitch.1,702533,6.5103,0.9094,95.2749,7.4218,92.7821,11.1241,-0.0926,0.0074
1779744291646,2,12.00000018,Upper Delivery,Delivery,pitch.1,703220,-0.064,-0.0213,0.1266,0.2083,0.4152,-2.3145,0.0,0.0
1779744291646,2,Pitching Mound.Delivery,,Delivery,pitch.1,701586,6.4462,0.8881,95.4015,39.9804,93.1973,6.5743,-0.0925,0.3465
1779744291646,2,Pitching Mound.Drive,,Delivery,pitch.1,702455,0.0197,-0.2944,1.0193,0.0429,-0.5878,-0.5625,0.0,0.0
1779744291646,2,Pitching Mound.Parent,,Delivery,pitch.1,700910,6.466,0.5937,96.4208,40.0233,92.6095,6.0118,-0.0915,0.3428
1779744291647,2,11.0000004b,Drive,Delivery,pitch.1,702456,0.0225,-0.3147,1.0002,0.0453,-0.5829,-0.5236,0.0,0.0
1779744291647,2,12.00000015,Lower Delivery,Delivery,pitch.1,702534,6.5133,0.9194,95.3478,6.8387,92.1608,11.1021,-0.0919,0.0068
1779744291647,2,12.00000018,Upper Delivery,Delivery,pitch.1,703221,-0.0969,-0.0481,0.2114,0.2195,0.4321,-2.4023,0.0,0.0
1779744291647,2,Pitching Mound.Delivery,,Delivery,pitch.1,701587,6.4164,0.8713,95.5592,39.4046,92.5928,6.4523,-0.0917,0.3453
1779744291647,2,Pitching Mound.Drive,,Delivery,pitch.1,702456,0.0225,-0.3147,1.0002,0.0453,-0.5829,-0.5236,0.0,0.0
1779744291647,2,Pitching Mound.Parent,,Delivery,pitch.1,700911,6.4389,0.5566,96.5594,39.4499,92.01,5.9287,-0.0908,0.3417
1779744291648,2,11.0000004b,Drive,Delivery,pitch.1,702457,0.0295,-0.3096,1.0014,0.0613,-0.7511,-0.584,0.0,0.0
1779744291648,2,12.00000015,Lower Delivery,Delivery,pitch.1,702535,6.5352,0.9337,95.3523,6.8469,92.2563,11.0705,-0.092,0.0068
1779744291648,2,12.00000018,Upper Delivery,Delivery,pitch.1,703222,-0.1601,-0.0767,0.3069,0.2174,0.4288,-2.3854,0.0,0.0
1779744291648,2,Pitching Mound.Delivery,,Delivery,pitch.1,701588,6.3751,0.8569,95.6592,39.3797,92.6851,6.4087,-0.0917,0.3446
1779744291648,2,Pitching Mound.Drive,,Delivery,pitch.1,702457,0.0295,-0.3096,1.0014,0.0613,-0.7511,-0.584,0.0,0.0
1779744291648,2,Pitching Mound.Parent,,Delivery,pitch.1,700912,6.4046,0.5473,96.6606,39.441,91.934,5.8247,-0.0908,0.3411
1779744291649,2,11.0000004b,Drive,Delivery,pitch.1,702458,0.0333,-0.3211,1.019,0.0596,-0.7221,-0.5557,0.0,0.0
1779744291649,2,12.00000015,Lower Delivery,Delivery,pitch.1,702536,6.5641,0.9449,95.4596,6.5915,92.0298,11.0349,-0.0917,0.0066
1779744291649,2,12.00000015,Lower Delivery,Delivery,pitch.1,702537,6.5894,0.9717,95.5246,6.5876,91.915,11.0447,-0.0915,0.0066
1779744291649,2,12.00000018,Upper Delivery,Delivery,pitch.1,703223,-0.234,-0.1147,0.451,0.226,0.4417,-2.4524,0.0,0.0
1779744291649,2,Pitching Mound.Delivery,,Delivery,pitch.1,701589,6.3301,0.8302,95.9106,39.1204,92.4715,6.2712,-0.0913,0.3433
1779744291649,2,Pitching Mound.Drive,,Delivery,pitch.1,702458,0.0333,-0.3211,1.019,0.0596,-0.7221,-0.5557,0.0,0.0
1779744291649,2,Pitching Mound.Parent,,Delivery,pitch.1,700913,6.3634,0.5092,96.9297,39.18,91.7494,5.7155,-0.0903,0.3397
1779744291650,2,11.0000004b,Drive,Delivery,pitch.1,702459,0.0241,-0.3047,1.013,0.035,-0.5417,-0.5795,0.0,0.0
1779744291650,2,12.00000018,Upper Delivery,Delivery,pitch.1,703224,-0.2816,-0.134,0.5158,0.2079,0.4146,-2.3114,0.0,0.0
1779744291650,2,Pitching Mound.Delivery,,Delivery,pitch.1,701590,6.3078,0.8377,96.0404,39.0985,92.3296,6.3971,-0.091,0.3429
1779744291650,2,Pitching Mound.Drive,,Delivery,pitch.1,702459,0.0241,-0.3047,1.013,0.035,-0.5417,-0.5795,0.0,0.0
1779744291650,2,Pitching Mound.Parent,,Delivery,pitch.1,700914,6.3319,0.5329,97.0534,39.1335,91.7879,5.8176,-0.0901,0.3393
1779744291651,2,11.0000004b,Drive,Delivery,pitch.1,702460,0.0225,-0.3116,1.0208,0.0371,-0.5566,-0.5913,0.0,0.0
1779744291651,2,12.00000015,Lower Delivery,Delivery,pitch.1,702538,6.6193,0.994,95.5346,6.3276,91.7911,11.0442,-0.0914,0.0063
1779744291651,2,12.00000018,Upper Delivery,Delivery,pitch.1,703225,-0.3508,-0.1638,0.6275,0.2061,0.4119,-2.2977,0.0,0.0
1779744291651,2,Pitching Mound.Delivery,,Delivery,pitch.1,701591,6.2684,0.8302,96.1621,38.8021,92.203,6.3767,-0.0908,0.3418
1779744291651,2,Pitching Mound.Drive,,Delivery,pitch.1,702460,0.0225,-0.3116,1.0208,0.0371,-0.5566,-0.5913,0.0,0.0
1779744291651,2,Pitching Mound.Parent,,Delivery,pitch.1,700915,6.2909,0.5186,97.1829,38.8392,91.6464,5.7854,-0.0899,0.3382
1779744291652,2,11.0000004b,Drive,Delivery,pitch.1,702461,0.0217,-0.3203,0.9352,0.0347,-0.5489,-0.6008,0.0,0.0
1779744291652,2,12.00000015,Lower Delivery,Delivery,pitch.1,702539,6.6412,1.0187,95.5798,5.9988,91.9306,11.0497,-0.0915,0.006
1779744291652,2,12.00000018,Upper Delivery,Delivery,pitch.1,703226,-0.306,-0.1531,0.5771,0.2066,0.4127,-2.3016,0.0,0.0
1779744291652,2,Pitching Mound.Delivery,,Delivery,pitch.1,701592,6.3353,0.8656,96.157,38.5063,92.3432,6.3861,-0.0909,0.3419
1779744291652,2,Pitching Mound.Drive,,Delivery,pitch.1,702461,0.0217,-0.3203,0.9352,0.0347,-0.5489,-0.6008,0.0,0.0
1779744291652,2,Pitching Mound.Parent,,Delivery,pitch.1,700916,6.357,0.5453,97.0921,38.541,91.7944,5.7853,-0.0901,0.3386
1779744291653,2,11.0000004b,Drive,Delivery,pitch.1,702462,0.0243,-0.3314,0.8563,0.0347,-0.5491,-0.6247,0.0,0.0
1779744291653,2,12.00000015,Lower Delivery,Delivery,pitch.1,702540,6.6872,1.0262,95.5226,6.1116,92.1431,11.0037,-0.0918,0.0061
1779744291653,2,12.00000018,Upper Delivery,Delivery,pitch.1,703227,-0.2438,-0.1274,0.4825,0.2073,0.4137,-2.3068,0.0,0.0
1779744291653,2,Pitching Mound.Delivery,,Delivery,pitch.1,701593,6.4433,0.8989,96.0051,38.6325,92.5568,6.3403,-0.0913,0.3426
1779744291653,2,Pitching Mound.Drive,,Delivery,pitch.1,702462,0.0243,-0.3314,0.8563,0.0347,-0.5491,-0.6247,0.0,0.0
1779744291653,2,Pitching Mound.Parent,,Delivery,pitch.1,700917,6.4676,0.5674,96.8614,38.6672,92.0077,5.7156,-0.0905,0.3396
1779744291654,2,11.0000004b,Drive,Delivery,pitch.1,702463,0.0406,-0.3143,0.8155,0.0482,-0.6674,-0.6496,0.0,0.0
1779744291654,2,12.00000015,Lower Delivery,Delivery,pitch.1,702541,6.7051,1.0694,95.5087,5.6445,91.9009,11.0029,-0.0915,0.0056
1779744291654,2,12.00000015,Lower Delivery,Delivery,pitch.1,702542,6.7678,1.0937,95.4087,5.5284,91.8739,10.9484,-0.0916,0.0055
1779744291654,2,12.00000018,Upper Delivery,Delivery,pitch.1,703228,-0.3116,-0.1578,0.5844,0.2197,0.4323,-2.4037,0.0,0.0
1779744291654,2,Pitching Mound.Delivery,,Delivery,pitch.1,701594,6.3935,0.9116,96.0931,38.1385,92.3332,6.2135,-0.091,0.3415
1779744291654,2,Pitching Mound.Drive,,Delivery,pitch.1,702463,0.0406,-0.3143,0.8155,0.0482,-0.6674,-0.6496,0.0,0.0
1779744291654,2,Pitching Mound.Parent,,Delivery,pitch.1,700918,6.4341,0.5974,96.9086,38.1867,91.6658,5.5639,-0.0902,0.3386
1779744291655,2,11.0000004b,Drive,Delivery,pitch.1,702464,0.0487,-0.2921,0.7825,0.0557,-0.7208,-0.6603,0.0,0.0
1779744291655,2,12.00000018,Upper Delivery,Delivery,pitch.1,703229,-0.2423,-0.1209,0.4655,0.2216,0.4352,-2.4186,0.0,0.0
1779744291655,2,Pitching Mound.Delivery,,Delivery,pitch.1,701595,6.5255,0.9727,95.8743,38.0307,92.3091,6.1464,-0.0912,0.3422
1779744291655,2,Pitching Mound.Drive,,Delivery,pitch.1,702464,0.0487,-0.2921,0.7825,0.0557,-0.7208,-0.6603,0.0,0.0
1779744291655,2,Pitching Mound.Parent,,Delivery,pitch.1,700919,6.5742,0.6807,96.6567,38.0864,91.5883,5.4861,-0.0904,0.3394
1779744291656,2,11.0000004b,Drive,Delivery,pitch.1,702465,0.032,-0.3022,0.8314,0.0587,-0.7715,-0.705,0.0,0.0
1779744291656,2,12.00000015,Lower Delivery,Delivery,pitch.1,702543,6.8081,1.1337,95.3618,5.8476,92.269,10.9438,-0.092,0.0058
1779744291656,2,12.00000018,Upper Delivery,Delivery,pitch.1,703230,-0.2237,-0.1111,0.4264,0.2312,0.4496,-2.4934,0.0,0.0
1779744291656,2,Pitching Mound.Delivery,,Delivery,pitch.1,701596,6.5845,1.0226,95.7882,38.3569,92.7186,6.0595,-0.0916,0.3428
1779744291656,2,Pitching Mound.Drive,,Delivery,pitch.1,702465,0.032,-0.3022,0.8314,0.0587,-0.7715,-0.705,0.0,0.0
1779744291656,2,Pitching Mound.Parent,,Delivery,pitch.1,700920,6.6165,0.7204,96.6196,38.4155,91.9471,5.3545,-0.0908,0.3398
1779744291657,2,11.0000004b,Drive,Delivery,pitch.1,702466,0.0295,-0.3032,0.8191,0.0569,-0.7386,-0.6728,0.0,0.0
1779744291657,2,12.00000015,Lower Delivery,Delivery,pitch.1,702545,6.8948,1.1693,95.223,6.4593,92.9785,10.8778,-0.0929,0.0065
1779744291657,2,12.00000015,Lower Delivery,Delivery,pitch.1,702544,6.85,1.136,95.35,6.2368,92.5264,10.9221,-0.0923,0.0062
1779744291657,2,12.00000018,Upper Delivery,Delivery,pitch.1,703231,-0.1685,-0.0791,0.3178,0.227,0.4432,-2.4602,0.0,0.0
1779744291657,2,Pitching Mound.Delivery,,Delivery,pitch.1,701597,6.6816,1.0569,95.6678,38.7747,92.9696,6.0756,-0.092,0.3439
1779744291657,2,Pitching Mound.Drive,,Delivery,pitch.1,702466,0.0295,-0.3032,0.8191,0.0569,-0.7386,-0.6728,0.0,0.0
1779744291657,2,Pitching Mound.Parent,,Delivery,pitch.1,700921,6.7111,0.7537,96.4869,38.8316,92.2311,5.4029,-0.0912,0.341
1779744291658,2,11.0000004b,Drive,Delivery,pitch.1,702467,0.0273,-0.2891,0.7568,0.044,-0.6226,-0.661,0.0,0.0
1779744291658,2,12.00000015,Lower Delivery,Delivery,pitch.1,702546,6.9413,1.1815,95.1926,6.5125,93.126,10.8561,-0.0931,0.0065
1779744291658,2,12.00000018,Upper Delivery,Delivery,pitch.1,703232,-0.085,-0.0419,0.1814,0.2234,0.4378,-2.4321,0.0,0.0
1779744291658,2,Pitching Mound.Delivery,,Delivery,pitch.1,701598,6.8098,1.1273,95.4044,38.9968,93.4163,6.0726,-0.0927,0.3451
1779744291658,2,Pitching Mound.Drive,,Delivery,pitch.1,702467,0.0273,-0.2891,0.7568,0.044,-0.6226,-0.661,0.0,0.0
1779744291658,2,Pitching Mound.Parent,,Delivery,pitch.1,700922,6.8371,0.8383,96.1612,39.0409,92.7938,5.4115,-0.092,0.3424
1779744291659,2,11.0000004b,Drive,Delivery,pitch.1,702468,0.0171,-0.2946,0.7591,0.0346,-0.5424,-0.6432,0.0,0.0
1779744291659,2,12.00000015,Lower Delivery,Delivery,pitch.1,702547,6.962,1.1809,95.2625,6.5039,93.164,10.8812,-0.093,0.0065
1779744291659,2,12.00000018,Upper Delivery,Delivery,pitch.1,703233,-0.0577,-0.0177,0.1116,0.2272,0.4436,-2.4622,0.0,0.0
1779744291659,2,Pitching Mound.Delivery,,Delivery,pitch.1,701599,6.8836,1.1638,95.3042,39.0672,93.5696,6.0143,-0.093,0.3457
1779744291659,2,Pitching Mound.Drive,,Delivery,pitch.1,702468,0.0171,-0.2946,0.7591,0.0346,-0.5424,-0.6432,0.0,0.0
1779744291659,2,Pitching Mound.Parent,,Delivery,pitch.1,700923,6.9006,0.8692,96.0633,39.1018,93.0272,5.3711,-0.0922,0.343
1779744291660,2,11.0000004b,Drive,Delivery,pitch.1,702469,0.0203,-0.2908,0.7321,0.0411,-0.6044,-0.6695,0.0,0.0
1779744291660,2,12.00000015,Lower Delivery,Delivery,pitch.1,702548,6.9906,1.1924,95.2128,6.7524,93.479,10.8734,-0.0934,0.0067
1779744291660,2,12.00000018,Upper Delivery,Delivery,pitch.1,703234,-0.0582,-0.0093,0.0726,0.2349,0.4551,-2.5218,0.0,0.0
1779744291660,2,Pitching Mound.Delivery,,Delivery,pitch.1,701600,6.9038,1.1716,95.3352,39.1033,93.6191,5.9724,-0.093,0.346
1779744291660,2,Pitching Mound.Drive,,Delivery,pitch.1,702469,0.0203,-0.2908,0.7321,0.0411,-0.6044,-0.6695,0.0,0.0
1779744291660,2,Pitching Mound.Parent,,Delivery,pitch.1,700924,6.9241,0.8808,96.0673,39.1444,93.0147,5.303,-0.0923,0.3433
1779744291661,2,11.0000004b,Drive,Delivery,pitch.1,702470,0.0175,-0.2949,0.7526,0.0395,-0.5685,-0.6258,0.0,0.0
1779744291661,2,11.0000004b,Drive,Delivery,pitch.1,702471,0.027,-0.2928,0.7383,0.0396,-0.5696,-0.6278,0.0,0.0
1779744291661,2,12.00000018,Upper Delivery,Delivery,pitch.1,703235,-0.0614,-0.0077,0.0654,0.2361,0.457,-2.5318,0.0,0.0
1779744291661,2,Pitching Mound.Delivery,,Delivery,pitch.1,701601,6.9291,1.1847,95.2782,39.3386,93.9361,5.9439,-0.0933,0.3463
1779744291661,2,Pitching Mound.Drive,,Delivery,pitch.1,702470,0.0175,-0.2949,0.7526,0.0395,-0.5685,-0.6258,0.0,0.0
1779744291661,2,Pitching Mound.Drive,,Delivery,pitch.1,702471,0.027,-0.2928,0.7383,0.0396,-0.5696,-0.6278,0.0,0.0
1779744291661,2,Pitching Mound.Parent,,Delivery,pitch.1,700925,6.9466,0.8898,96.0308,39.3782,93.3675,5.3181,-0.0926,0.3436
1779744291662,2,11.0000004b,Drive,Delivery,pitch.1,702472,0.0308,-0.2899,0.7431,0.0281,-0.4789,-0.6288,0.0,0.0
1779744291662,2,12.00000015,Lower Delivery,Delivery,pitch.1,702549,6.9983,1.2171,95.21,6.5294,93.412,10.9046,-0.0933,0.0065
1779744291662,2,12.00000018,Upper Delivery,Delivery,pitch.1,703236,-0.0588,-0.0044,0.0592,0.2331,0.4525,-2.5082,0.0,0.0
1779744291662,2,Pitching Mound.Delivery,,Delivery,pitch.1,701602,6.9395,1.2127,95.2692,39.1138,93.8645,5.997,-0.0933,0.3461
1779744291662,2,Pitching Mound.Drive,,Delivery,pitch.1,702472,0.0308,-0.2899,0.7431,0.0281,-0.4789,-0.6288,0.0,0.0
1779744291662,2,Pitching Mound.Parent,,Delivery,pitch.1,700926,6.9665,0.9199,96.0075,39.1534,93.295,5.3692,-0.0926,0.3434
1779744291663,2,12.00000015,Lower Delivery,Delivery,pitch.1,702550,7.0267,1.2464,95.2729,6.4982,93.2731,10.862,-0.0931,0.0065
1779744291663,2,12.00000018,Upper Delivery,Delivery,pitch.1,703237,-0.0624,-0.0076,0.0655,0.2384,0.4604,-2.5491,0.0,0.0
1779744291663,2,Pitching Mound.Delivery,,Delivery,pitch.1,701603,6.9643,1.2387,95.3384,39.1071,93.7334,5.9026,-0.0931,0.346
1779744291663,2,Pitching Mound.Parent,,Delivery,pitch.1,700927,6.9952,0.9488,96.0815,39.1352,93.2546,5.2737,-0.0923,0.3433
1779744291664,2,11.0000004b,Drive,Delivery,pitch.1,702474,0.0177,-0.3028,0.7765,0.0286,-0.5075,-0.6369,0.0,0.0
1779744291664,2,11.0000004b,Drive,Delivery,pitch.1,702473,0.0223,-0.3,0.7581,0.036,-0.5531,-0.6272,0.0,0.0
1779744291664,2,12.00000015,Lower Delivery,Delivery,pitch.1,702551,7.0338,1.2575,95.3535,6.2649,93.1347,10.8947,-0.0929,0.0063
1779744291664,2,12.00000018,Upper Delivery,Delivery,pitch.1,703238,-0.0611,-0.0049,0.0649,0.2399,0.4627,-2.5613,0.0,0.0
1779744291664,2,Pitching Mound.Delivery,,Delivery,pitch.1,701604,6.9727,1.2526,95.4184,38.903,93.5974,5.9211,-0.0929,0.3458
1779744291664,2,Pitching Mound.Drive,,Delivery,pitch.1,702474,0.0177,-0.3028,0.7765,0.0286,-0.5075,-0.6369,0.0,0.0
1779744291664,2,Pitching Mound.Drive,,Delivery,pitch.1,702473,0.0223,-0.3,0.7581,0.036,-0.5531,-0.6272,0.0,0.0
1779744291664,2,Pitching Mound.Parent,,Delivery,pitch.1,700928,6.995,0.9526,96.1765,38.939,93.0443,5.2939,-0.0921,0.3431
1779744291665,2,11.0000004b,Drive,Delivery,pitch.1,702475,0.0123,-0.3199,0.8274,0.0217,-0.4392,-0.6185,0.0,0.0
1779744291665,2,12.00000015,Lower Delivery,Delivery,pitch.1,702552,7.0565,1.2699,95.5531,6.2728,93.2636,10.885,-0.0928,0.0062
1779744291665,2,12.00000018,Upper Delivery,Delivery,pitch.1,703239,-0.0632,-0.0036,0.066,0.2266,0.4427,-2.4575,0.0,0.0
1779744291665,2,Pitching Mound.Delivery,,Delivery,pitch.1,701605,6.9933,1.2662,95.619,38.965,93.7063,6.0069,-0.0928,0.3458
1779744291665,2,Pitching Mound.Drive,,Delivery,pitch.1,702475,0.0123,-0.3199,0.8274,0.0217,-0.4392,-0.6185,0.0,0.0
1779744291665,2,Pitching Mound.Parent,,Delivery,pitch.1,700929,7.011,0.9635,96.3955,38.9936,93.1988,5.37,-0.092,0.343
1779744291666,2,11.0000004b,Drive,Delivery,pitch.1,702476,0.007,-0.3294,0.85,0.0196,-0.4177,-0.6102,0.0,0.0
1779744291666,2,12.00000015,Lower Delivery,Delivery,pitch.1,702553,7.0595,1.2802,95.6911,5.8292,92.8951,10.9104,-0.0923,0.0058
1779744291666,2,12.00000018,Upper Delivery,Delivery,pitch.1,703240,-0.0609,-0.002,0.052,0.2255,0.4411,-2.4489,0.0,0.0
1779744291666,2,Pitching Mound.Delivery,,Delivery,pitch.1,701606,6.9985,1.2781,95.7432,38.572,93.3361,6.0406,-0.0923,0.3454
1779744291666,2,Pitching Mound.Drive,,Delivery,pitch.1,702476,0.007,-0.3294,0.85,0.0196,-0.4177,-0.6102,0.0,0.0
1779744291666,2,Pitching Mound.Parent,,Delivery,pitch.1,700930,7.0109,0.9583,96.5706,38.5937,92.8969,5.4221,-0.0915,0.3425
1779744291667,2,11.0000004b,Drive,Delivery,pitch.1,702477,0.0193,-0.3146,0.8056,0.0179,-0.399,-0.5984,0.0,0.0
1779744291667,2,12.00000015,Lower Delivery,Delivery,pitch.1,702554,7.0767,1.2909,95.7474,5.6373,92.7172,10.8709,-0.0921,0.0056
1779744291667,2,12.00000018,Upper Delivery,Delivery,pitch.1,703241,-0.0619,-0.0005,0.0558,0.2165,0.4275,-2.3786,0.0,0.0
1779744291667,2,Pitching Mound.Delivery,,Delivery,pitch.1,701607,7.0148,1.2904,95.8032,38.3889,93.1447,6.0651,-0.0921,0.3452
1779744291667,2,Pitching Mound.Drive,,Delivery,pitch.1,702477,0.0193,-0.3146,0.8056,0.0179,-0.399,-0.5984,0.0,0.0
1779744291667,2,Pitching Mound.Parent,,Delivery,pitch.1,700931,7.0218,0.961,96.6532,38.4085,92.7271,5.455,-0.0913,0.3422
1779744291668,2,11.0000004b,Drive,Delivery,pitch.1,702478,0.0323,-0.3056,0.7756,0.0212,-0.4117,-0.5807,0.0,0.0
1779744291668,2,12.00000015,Lower Delivery,Delivery,pitch.1,702555,7.0743,1.3052,95.9064,5.5444,92.5403,10.8194,-0.0918,0.0055
1779744291668,2,12.00000018,Upper Delivery,Delivery,pitch.1,703242,-0.0642,-0.0191,0.1009,0.2207,0.4338,-2.4115,0.0,0.0
1779744291668,2,Pitching Mound.Delivery,,Delivery,pitch.1,701608,7.01,1.2861,96.0073,38.339,92.9741,5.9809,-0.0917,0.3448
1779744291668,2,Pitching Mound.Drive,,Delivery,pitch.1,702478,0.0323,-0.3056,0.7756,0.0212,-0.4117,-0.5807,0.0,0.0
1779744291668,2,Pitching Mound.Parent,,Delivery,pitch.1,700932,7.0294,0.9715,96.8129,38.3569,92.5752,5.3825,-0.0909,0.3419
1779744291669,2,11.0000004b,Drive,Delivery,pitch.1,702479,0.0326,-0.314,0.8294,0.0454,-0.6294,-0.6225,0.0,0.0
1779744291669,2,12.00000015,Lower Delivery,Delivery,pitch.1,702556,7.0915,1.3021,96.0446,5.4386,92.5958,10.7973,-0.0917,0.0054
1779744291669,2,12.00000018,Upper Delivery,Delivery,pitch.1,703243,-0.0628,-0.0239,0.1152,0.2291,0.4464,-2.4767,0.0,0.0
1779744291669,2,Pitching Mound.Delivery,,Delivery,pitch.1,701609,7.0286,1.2782,96.1598,38.2837,93.0422,5.8881,-0.0916,0.3446
1779744291669,2,Pitching Mound.Drive,,Delivery,pitch.1,702479,0.0326,-0.314,0.8294,0.0454,-0.6294,-0.6225,0.0,0.0
1779744291669,2,Pitching Mound.Parent,,Delivery,pitch.1,700933,7.0609,0.9725,96.9354,38.3049,92.6305,5.3074,-0.0909,0.3418
1779744291670,2,11.0000004b,Drive,Delivery,pitch.1,702480,0.0423,-0.3111,0.7884,0.044,-0.6159,-0.619,0.0,0.0
1779744291670,2,12.00000015,Lower Delivery,Delivery,pitch.1,702557,7.098,1.3004,96.1224,5.4623,92.447,10.7692,-0.0915,0.0054
1779744291670,2,12.00000018,Upper Delivery,Delivery,pitch.1,703244,-0.0608,-0.0269,0.1288,0.2282,0.4451,-2.4699,0.0,0.0
1779744291670,2,Pitching Mound.Delivery,,Delivery,pitch.1,701610,7.0371,1.2735,96.2512,38.3284,92.8921,5.8653,-0.0914,0.3445
1779744291670,2,Pitching Mound.Drive,,Delivery,pitch.1,702480,0.0423,-0.3111,0.7884,0.044,-0.6159,-0.619,0.0,0.0
1779744291670,2,Pitching Mound.Parent,,Delivery,pitch.1,700934,7.0698,0.9595,97.0805,38.3738,92.2627,5.2427,-0.0906,0.3415
1779744291671,2,11.0000004b,Drive,Delivery,pitch.1,702481,0.0337,-0.3278,0.8132,0.043,-0.6287,-0.6433,0.0,0.0
1779744291671,2,12.00000015,Lower Delivery,Delivery,pitch.1,702558,7.1087,1.3094,96.2136,5.3621,92.4669,10.7828,-0.0914,0.0053
1779744291671,2,12.00000015,Lower Delivery,Delivery,pitch.1,702559,7.1122,1.3113,96.365,5.2725,92.333,10.7144,-0.0911,0.0052
1779744291671,2,12.00000018,Upper Delivery,Delivery,pitch.1,703245,-0.0612,-0.0362,0.152,0.2198,0.4324,-2.404,0.0,0.0
1779744291671,2,Pitching Mound.Delivery,,Delivery,pitch.1,701611,7.0475,1.2732,96.3655,38.2428,92.8993,5.941,-0.0913,0.3442
1779744291671,2,Pitching Mound.Drive,,Delivery,pitch.1,702481,0.0337,-0.3278,0.8132,0.043,-0.6287,-0.6433,0.0,0.0
1779744291671,2,Pitching Mound.Parent,,Delivery,pitch.1,700935,7.0899,0.9622,97.1539,38.2868,92.2834,5.322,-0.0905,0.3414
1779744291672,2,11.0000004b,Drive,Delivery,pitch.1,702482,0.0338,-0.3279,0.834,0.0369,-0.571,-0.6376,0.0,0.0
1779744291672,2,12.00000018,Upper Delivery,Delivery,pitch.1,703246,-0.0702,-0.0507,0.2001,0.2263,0.4422,-2.4547,0.0,0.0
1779744291672,2,Pitching Mound.Delivery,,Delivery,pitch.1,701612,7.042,1.2605,96.5651,38.1949,92.7752,5.8176,-0.091,0.3438
1779744291672,2,Pitching Mound.Drive,,Delivery,pitch.1,702482,0.0338,-0.3279,0.834,0.0369,-0.571,-0.6376,0.0,0.0
1779744291672,2,Pitching Mound.Parent,,Delivery,pitch.1,700936,7.0757,0.9327,97.3783,38.2378,92.1465,5.1743,-0.0902,0.3409
1779744291673,2,11.0000004b,Drive,Delivery,pitch.1,702483,0.0354,-0.3279,0.8178,0.0444,-0.6217,-0.6182,0.0,0.0
1779744291673,2,12.00000015,Lower Delivery,Delivery,pitch.1,702560,7.1198,1.3007,96.4089,5.3916,92.7552,10.7003,-0.0915,0.0053
1779744291673,2,12.00000018,Upper Delivery,Delivery,pitch.1,703247,-0.0872,-0.0572,0.2252,0.2312,0.4496,-2.4934,0.0,0.0
1779744291673,2,Pitching Mound.Delivery,,Delivery,pitch.1,701613,7.0326,1.2434,96.634,38.3252,93.2048,5.7566,-0.0913,0.3437
1779744291673,2,Pitching Mound.Drive,,Delivery,pitch.1,702483,0.0354,-0.3279,0.8178,0.0444,-0.6217,-0.6182,0.0,0.0
1779744291673,2,Pitching Mound.Parent,,Delivery,pitch.1,700937,7.0664,0.9155,97.468,38.3621,92.6339,5.119,-0.0905,0.3408
1779744291674,2,11.0000004b,Drive,Delivery,pitch.1,702484,0.0455,-0.2964,0.741,0.0404,-0.5851,-0.6079,0.0,0.0
1779744291674,2,12.00000015,Lower Delivery,Delivery,pitch.1,702562,7.1349,1.3217,96.448,5.3272,92.8759,10.7078,-0.0916,0.0053
1779744291674,2,12.00000015,Lower Delivery,Delivery,pitch.1,702561,7.1212,1.3035,96.4375,5.3484,92.7968,10.7308,-0.0915,0.0053
1779744291674,2,12.00000018,Upper Delivery,Delivery,pitch.1,703248,-0.1372,-0.0792,0.3003,0.2267,0.4428,-2.4577,0.0,0.0
1779744291674,2,Pitching Mound.Delivery,,Delivery,pitch.1,701614,6.9841,1.2243,96.7379,38.2617,93.2396,5.8053,-0.0913,0.3431
1779744291674,2,Pitching Mound.Drive,,Delivery,pitch.1,702484,0.0455,-0.2964,0.741,0.0404,-0.5851,-0.6079,0.0,0.0
1779744291674,2,Pitching Mound.Parent,,Delivery,pitch.1,700938,7.0195,0.8963,97.5557,38.3061,92.6179,5.187,-0.0905,0.3403
1779744291675,2,11.0000004b,Drive,Delivery,pitch.1,702485,0.0431,-0.3156,0.7588,0.049,-0.6479,-0.5898,0.0,0.0
1779744291675,2,12.00000018,Upper Delivery,Delivery,pitch.1,703249,-0.142,-0.0815,0.3128,0.2284,0.4454,-2.4716,0.0,0.0
1779744291675,2,Pitching Mound.Delivery,,Delivery,pitch.1,701615,6.9929,1.2402,96.7608,38.2416,93.3214,5.762,-0.0913,0.343
1779744291675,2,Pitching Mound.Drive,,Delivery,pitch.1,702485,0.0431,-0.3156,0.7588,0.049,-0.6479,-0.5898,0.0,0.0
1779744291675,2,Pitching Mound.Parent,,Delivery,pitch.1,700939,7.0384,0.9438,97.5018,38.2821,92.7363,5.1542,-0.0906,0.3404
1779744291676,2,11.0000004b,Drive,Delivery,pitch.1,702486,0.0471,-0.3049,0.7396,0.0517,-0.6738,-0.5895,0.0,0.0
1779744291676,2,12.00000015,Lower Delivery,Delivery,pitch.1,702564,7.1813,1.3045,96.5112,5.6361,93.5341,10.7234,-0.0922,0.0056
1779744291676,2,12.00000015,Lower Delivery,Delivery,pitch.1,702563,7.1549,1.3047,96.4304,5.351,93.0063,10.7331,-0.0918,0.0053
1779744291676,2,12.00000018,Upper Delivery,Delivery,pitch.1,703250,-0.1753,-0.0923,0.3503,0.2351,0.4554,-2.5235,0.0,0.0
1779744291676,2,Pitching Mound.Delivery,,Delivery,pitch.1,701616,6.9796,1.2124,96.7807,38.2533,93.4617,5.7173,-0.0914,0.3428
1779744291676,2,Pitching Mound.Drive,,Delivery,pitch.1,702486,0.0471,-0.3049,0.7396,0.0517,-0.6738,-0.5895,0.0,0.0
1779744291676,2,Pitching Mound.Parent,,Delivery,pitch.1,700940,7.0226,0.8968,97.5395,38.3023,92.8139,5.1275,-0.0907,0.3401
1779744291677,2,11.0000004b,Drive,Delivery,pitch.1,702487,0.0556,-0.3046,0.7512,0.0617,-0.7413,-0.5676,0.0,0.0
1779744291677,2,12.00000018,Upper Delivery,Delivery,pitch.1,703251,-0.1142,-0.0747,0.2885,0.2348,0.4549,-2.5209,0.0,0.0
1779744291677,2,Pitching Mound.Delivery,,Delivery,pitch.1,701617,7.0672,1.2298,96.7998,38.5865,93.9891,5.722,-0.0919,0.3435
1779744291677,2,Pitching Mound.Drive,,Delivery,pitch.1,702487,0.0556,-0.3046,0.7512,0.0617,-0.7413,-0.5676,0.0,0.0
1779744291677,2,Pitching Mound.Parent,,Delivery,pitch.1,700941,7.1143,0.9249,97.5394,38.6383,93.3152,5.1326,-0.0912,0.3409
1779744291678,2,11.0000004b,Drive,Delivery,pitch.1,702488,0.0477,-0.3161,0.7765,0.0616,-0.7684,-0.6073,0.0,0.0
1779744291678,2,12.00000015,Lower Delivery,Delivery,pitch.1,702565,7.1851,1.3208,96.4924,5.5205,93.5813,10.7157,-0.0923,0.0054
1779744291678,2,12.00000015,Lower Delivery,Delivery,pitch.1,702566,7.2057,1.3293,96.5235,5.9159,93.7592,10.7456,-0.0924,0.0058
1779744291678,2,12.00000018,Upper Delivery,Delivery,pitch.1,703252,-0.126,-0.0745,0.2939,0.2357,0.4563,-2.528,0.0,0.0
1779744291678,2,Pitching Mound.Delivery,,Delivery,pitch.1,701618,7.0591,1.2463,96.7863,38.4636,94.0376,5.702,-0.092,0.3434
1779744291678,2,Pitching Mound.Drive,,Delivery,pitch.1,702488,0.0477,-0.3161,0.7765,0.0616,-0.7684,-0.6073,0.0,0.0
1779744291678,2,Pitching Mound.Parent,,Delivery,pitch.1,700942,7.1147,0.9417,97.5375,38.5253,93.2962,5.1344,-0.0913,0.3407
1779744291679,2,11.0000004b,Drive,Delivery,pitch.1,702489,0.0447,-0.3087,0.7695,0.0603,-0.7354,-0.577,0.0,0.0
1779744291679,2,12.00000015,Lower Delivery,Delivery,pitch.1,702567,7.2381,1.3543,96.4709,5.9666,94.0659,10.7411,-0.0928,0.0059
1779744291679,2,12.00000018,Upper Delivery,Delivery,pitch.1,703253,-0.132,-0.0791,0.3215,0.2383,0.4602,-2.5483,0.0,0.0
1779744291679,2,Pitching Mound.Delivery,,Delivery,pitch.1,701619,7.0737,1.2502,96.8449,38.8629,94.2194,5.7025,-0.0921,0.3436
1779744291679,2,Pitching Mound.Drive,,Delivery,pitch.1,702489,0.0447,-0.3087,0.7695,0.0603,-0.7354,-0.577,0.0,0.0
1779744291679,2,Pitching Mound.Parent,,Delivery,pitch.1,700943,7.1215,0.934,97.6214,38.9245,93.451,5.0952,-0.0914,0.3408
1779744291680,2,11.0000004b,Drive,Delivery,pitch.1,702490,0.0512,-0.3203,0.7796,0.0537,-0.6753,-0.5786,0.0,0.0
1779744291680,2,12.00000015,Lower Delivery,Delivery,pitch.1,702568,7.2448,1.381,96.4629,6.4898,94.7657,10.7589,-0.0935,0.0064
1779744291680,2,12.00000018,Upper Delivery,Delivery,pitch.1,703254,-0.0556,-0.0361,0.1859,0.245,0.4703,-2.6005,0.0,0.0
1779744291680,2,Pitching Mound.Delivery,,Delivery,pitch.1,701620,7.1825,1.3181,96.6567,38.9484,94.5362,5.6607,-0.0926,0.3446
1779744291680,2,Pitching Mound.Drive,,Delivery,pitch.1,702490,0.0512,-0.3203,0.7796,0.0537,-0.6753,-0.5786,0.0,0.0
1779744291680,2,Pitching Mound.Parent,,Delivery,pitch.1,700944,7.2272,1.0094,97.4262,39.0088,93.8008,5.0838,-0.0918,0.3418
1779744291681,2,11.0000004b,Drive,Delivery,pitch.1,702491,0.0577,-0.3067,0.7746,0.0605,-0.7433,-0.5919,0.0,0.0
1779744291681,2,12.00000018,Upper Delivery,Delivery,pitch.1,703255,-0.0556,-0.025,0.1519,0.2499,0.4777,-2.6392,0.0,0.0
1779744291681,2,Pitching Mound.Delivery,,Delivery,pitch.1,701621,7.1891,1.356,96.6147,39.4855,95.2434,5.6375,-0.0933,0.3453
1779744291681,2,Pitching Mound.Drive,,Delivery,pitch.1,702491,0.0577,-0.3067,0.7746,0.0605,-0.7433,-0.5919,0.0,0.0
1779744291681,2,Pitching Mound.Parent,,Delivery,pitch.1,700945,7.2404,1.0357,97.3944,39.5392,94.5681,5.059,-0.0926,0.3426
1779744291682,2,11.0000004b,Drive,Delivery,pitch.1,702492,0.0581,-0.311,0.7964,0.0639,-0.7763,-0.6054,0.0,0.0
1779744291682,2,12.00000015,Lower Delivery,Delivery,pitch.1,702569,7.2798,1.3938,96.4621,6.6538,94.7733,10.7469,-0.0935,0.0066
1779744291682,2,12.00000018,Upper Delivery,Delivery,pitch.1,703256,-0.0546,-0.0249,0.1598,0.2527,0.4819,-2.661,0.0,0.0
1779744291682,2,Pitching Mound.Delivery,,Delivery,pitch.1,701622,7.2252,1.3688,96.6219,39.6493,95.2552,5.5922,-0.0933,0.3454
1779744291682,2,Pitching Mound.Drive,,Delivery,pitch.1,702492,0.0581,-0.311,0.7964,0.0639,-0.7763,-0.6054,0.0,0.0
1779744291682,2,Pitching Mound.Parent,,Delivery,pitch.1,700946,7.2829,1.0621,97.3966,39.7097,94.5119,5.0002,-0.0926,0.3427
1779744291683,2,11.0000004b,Drive,Delivery,pitch.1,702493,0.06,-0.3016,0.7638,0.0604,-0.7373,-0.597,0.0,0.0
1779744291683,2,12.00000015,Lower Delivery,Delivery,pitch.1,702570,7.3124,1.4161,96.4403,6.7605,94.972,10.7383,-0.0937,0.0067
1779744291683,2,12.00000018,Upper Delivery,Delivery,pitch.1,703257,-0.0533,-0.009,0.1205,0.2605,0.4936,-2.7218,0.0,0.0
1779744291683,2,Pitching Mound.Delivery,,Delivery,pitch.1,701623,7.2592,1.4071,96.5607,39.7698,95.4656,5.5122,-0.0936,0.3458
1779744291683,2,Pitching Mound.Drive,,Delivery,pitch.1,702493,0.06,-0.3016,0.7638,0.0604,-0.7373,-0.597,0.0,0.0
1779744291683,2,Pitching Mound.Parent,,Delivery,pitch.1,700947,7.3173,1.096,97.3571,39.8337,94.6893,4.9068,-0.0928,0.343
1779744291684,2,11.0000004b,Drive,Delivery,pitch.1,702494,0.0628,-0.2947,0.7814,0.0699,-0.8142,-0.6272,0.0,0.0
1779744291684,2,12.00000015,Lower Delivery,Delivery,pitch.1,702571,7.3451,1.4454,96.5091,6.9126,95.1181,10.7426,-0.0938,0.0068
1779744291684,2,12.00000018,Upper Delivery,Delivery,pitch.1,703258,-0.0515,-0.0078,0.1007,0.2598,0.4926,-2.7163,0.0,0.0
1779744291684,2,Pitching Mound.Delivery,,Delivery,pitch.1,701624,7.2936,1.4376,96.6098,39.9512,95.6107,5.5115,-0.0937,0.3461
1779744291684,2,Pitching Mound.Drive,,Delivery,pitch.1,702494,0.0628,-0.2947,0.7814,0.0699,-0.8142,-0.6272,0.0,0.0
1779744291684,2,Pitching Mound.Parent,,Delivery,pitch.1,700948,7.3536,1.1361,97.3735,40.0116,94.8734,4.9145,-0.0929,0.3434
1779744291685,2,12.00000015,Lower Delivery,Delivery,pitch.1,702573,7.4108,1.4817,96.5673,6.8373,95.1246,10.6805,-0.0937,0.0067
1779744291685,2,12.00000015,Lower Delivery,Delivery,pitch.1,702572,7.3781,1.4613,96.5095,6.9118,95.0333,10.7006,-0.0937,0.0068
1779744291685,2,12.00000018,Upper Delivery,Delivery,pitch.1,703259,-0.0509,-0.0114,0.1123,0.2611,0.4944,-2.726,0.0,0.0
1779744291685,2,Pitching Mound.Delivery,,Delivery,pitch.1,701625,7.3272,1.4499,96.6219,39.9479,95.5277,5.4487,-0.0936,0.346
1779744291685,2,Pitching Mound.Parent,,Delivery,pitch.1,700949,7.3899,1.1553,97.4033,40.0178,94.7135,4.8215,-0.0928,0.3432
1779744291686,2,11.0000004b,Drive,Delivery,pitch.1,702495,0.0643,-0.3006,0.7966,0.0641,-0.7676,-0.6156,0.0,0.0
1779744291686,2,11.0000004b,Drive,Delivery,pitch.1,702496,0.0571,-0.3012,0.7797,0.0512,-0.6623,-0.625,0.0,0.0
1779744291686,2,12.00000015,Lower Delivery,Delivery,pitch.1,702574,7.4331,1.5179,96.6626,6.7855,95.033,10.63,-0.0935,0.0067
1779744291686,2,12.00000018,Upper Delivery,Delivery,pitch.1,703260,-0.0526,-0.0272,0.1356,0.2645,0.4995,-2.7525,0.0,0.0
1779744291686,2,Pitching Mound.Delivery,,Delivery,pitch.1,701626,7.3581,1.4546,96.7029,39.8885,95.6241,5.3905,-0.0936,0.3458
1779744291686,2,Pitching Mound.Drive,,Delivery,pitch.1,702495,0.0643,-0.3006,0.7966,0.0641,-0.7676,-0.6156,0.0,0.0
1779744291686,2,Pitching Mound.Drive,,Delivery,pitch.1,702496,0.0571,-0.3012,0.7797,0.0512,-0.6623,-0.625,0.0,0.0
1779744291686,2,Pitching Mound.Parent,,Delivery,pitch.1,700950,7.4224,1.154,97.4995,39.9526,94.8565,4.7749,-0.0928,0.3429
1779744291687,2,11.0000004b,Drive,Delivery,pitch.1,702497,0.0405,-0.3018,0.7819,0.0371,-0.5551,-0.6052,0.0,0.0
1779744291687,2,12.00000015,Lower Delivery,Delivery,pitch.1,702575,7.4823,1.5306,96.623,7.0207,94.8063,10.6669,-0.0933,0.0069
1779744291687,2,12.00000018,Upper Delivery,Delivery,pitch.1,703261,-0.0542,-0.0239,0.1214,0.2561,0.4869,-2.687,0.0,0.0
1779744291687,2,Pitching Mound.Delivery,,Delivery,pitch.1,701627,7.3789,1.494,96.784,39.8656,95.5199,5.3973,-0.0934,0.3458
1779744291687,2,Pitching Mound.Drive,,Delivery,pitch.1,702497,0.0405,-0.3018,0.7819,0.0371,-0.5551,-0.6052,0.0,0.0
1779744291687,2,Pitching Mound.Parent,,Delivery,pitch.1,700951,7.436,1.1928,97.5638,39.9168,94.8576,4.7723,-0.0927,0.3431
1779744291688,2,11.0000004b,Drive,Delivery,pitch.1,702498,0.0404,-0.294,0.7334,0.0336,-0.5347,-0.6299,0.0,0.0
1779744291688,2,12.00000018,Upper Delivery,Delivery,pitch.1,703262,-0.0544,-0.017,0.1075,0.2604,0.4934,-2.7208,0.0,0.0
1779744291688,2,Pitching Mound.Delivery,,Delivery,pitch.1,701628,7.4279,1.5136,96.7305,40.0964,95.2997,5.3836,-0.0932,0.3461
1779744291688,2,Pitching Mound.Drive,,Delivery,pitch.1,702498,0.0404,-0.294,0.7334,0.0336,-0.5347,-0.6299,0.0,0.0
1779744291688,2,Pitching Mound.Parent,,Delivery,pitch.1,700952,7.4683,1.2118,97.5124,40.1335,94.7446,4.7784,-0.0925,0.3434
1779744291689,2,11.0000004b,Drive,Delivery,pitch.1,702499,0.0328,-0.2994,0.797,0.031,-0.5091,-0.6203,0.0,0.0
1779744291689,2,12.00000015,Lower Delivery,Delivery,pitch.1,702577,7.5719,1.55,96.7264,7.9443,95.3613,10.5803,-0.0938,0.0078
1779744291689,2,12.00000015,Lower Delivery,Delivery,pitch.1,702576,7.5227,1.5363,96.6432,7.2219,95.0476,10.5984,-0.0936,0.0071
1779744291689,2,12.00000018,Upper Delivery,Delivery,pitch.1,703263,-0.0593,-0.0246,0.1242,0.2657,0.5013,-2.7618,0.0,0.0
1779744291689,2,Pitching Mound.Delivery,,Delivery,pitch.1,701629,7.4634,1.5117,96.7674,40.304,95.5489,5.2587,-0.0934,0.3462
1779744291689,2,Pitching Mound.Drive,,Delivery,pitch.1,702499,0.0328,-0.2994,0.797,0.031,-0.5091,-0.6203,0.0,0.0
1779744291689,2,Pitching Mound.Parent,,Delivery,pitch.1,700953,7.5039,1.2177,97.5007,40.3376,95.0142,4.6287,-0.0927,0.3436
1779744291690,2,11.0000004b,Drive,Delivery,pitch.1,702500,0.0248,-0.3008,0.8123,0.0277,-0.4688,-0.5979,0.0,0.0
1779744291690,2,12.00000015,Lower Delivery,Delivery,pitch.1,702578,7.6147,1.5685,96.7327,7.9915,95.4013,10.5445,-0.0938,0.0079
1779744291690,2,12.00000018,Upper Delivery,Delivery,pitch.1,703264,-0.0608,-0.0242,0.1307,0.2742,0.5141,-2.8284,0.0,0.0
1779744291690,2,Pitching Mound.Delivery,,Delivery,pitch.1,701630,7.5111,1.5258,96.8571,41.0611,95.8754,5.1568,-0.0937,0.3469
1779744291690,2,Pitching Mound.Drive,,Delivery,pitch.1,702500,0.0248,-0.3008,0.8123,0.0277,-0.4688,-0.5979,0.0,0.0
1779744291690,2,Pitching Mound.Parent,,Delivery,pitch.1,700954,7.5439,1.2264,97.6541,41.092,95.3663,4.5365,-0.0929,0.3441
1779744291691,2,11.0000004b,Drive,Delivery,pitch.1,702501,0.0191,-0.3005,0.8348,0.0241,-0.4215,-0.5746,0.0,0.0
1779744291691,2,12.00000015,Lower Delivery,Delivery,pitch.1,702579,7.6606,1.6034,96.6758,8.0893,95.4015,10.539,-0.0939,0.008
1779744291691,2,12.00000018,Upper Delivery,Delivery,pitch.1,703265,-0.0642,-0.0325,0.1365,0.2661,0.502,-2.7651,0.0,0.0
1779744291691,2,Pitching Mound.Delivery,,Delivery,pitch.1,701631,7.5505,1.536,96.8692,41.1003,95.9033,5.1686,-0.0937,0.3469
1779744291691,2,Pitching Mound.Drive,,Delivery,pitch.1,702501,0.0191,-0.3005,0.8348,0.0241,-0.4215,-0.5746,0.0,0.0
1779744291691,2,Pitching Mound.Parent,,Delivery,pitch.1,700955,7.5753,1.2352,97.6815,41.1279,95.4345,4.5708,-0.0929,0.344
1779744291692,2,11.0000004b,Drive,Delivery,pitch.1,702502,0.0102,-0.2985,0.924,0.0292,-0.4687,-0.585,0.0,0.0
1779744291692,2,12.00000015,Lower Delivery,Delivery,pitch.1,702580,7.6892,1.622,96.6476,8.151,95.4999,10.5397,-0.094,0.008
1779744291692,2,12.00000018,Upper Delivery,Delivery,pitch.1,703266,-0.0698,-0.0362,0.1549,0.2609,0.4942,-2.7248,0.0,0.0
1779744291692,2,Pitching Mound.Delivery,,Delivery,pitch.1,701632,7.5908,1.5672,96.8308,41.1673,95.8957,5.1858,-0.0937,0.3469
1779744291692,2,Pitching Mound.Drive,,Delivery,pitch.1,702502,0.0102,-0.2985,0.924,0.0292,-0.4687,-0.585,0.0,0.0
1779744291692,2,Pitching Mound.Parent,,Delivery,pitch.1,700956,7.61,1.2667,97.6656,41.1914,95.4742,4.6112,-0.0929,0.3439
1779744291693,2,11.0000004b,Drive,Delivery,pitch.1,702503,0.0048,-0.3202,0.9148,0.0309,-0.5022,-0.6216,0.0,0.0
1779744291693,2,12.00000015,Lower Delivery,Delivery,pitch.1,702581,7.7355,1.6519,96.5926,8.3347,95.7647,10.4839,-0.0943,0.0082
1779744291693,2,12.00000018,Upper Delivery,Delivery,pitch.1,703267,-0.061,-0.0308,0.1311,0.2699,0.5076,-2.7946,0.0,0.0
1779744291693,2,Pitching Mound.Delivery,,Delivery,pitch.1,701633,7.6282,1.5912,96.7788,41.2364,96.0075,5.11,-0.0939,0.3471
1779744291693,2,Pitching Mound.Drive,,Delivery,pitch.1,702503,0.0048,-0.3202,0.9148,0.0309,-0.5022,-0.6216,0.0,0.0
1779744291693,2,Pitching Mound.Parent,,Delivery,pitch.1,700957,7.6383,1.2927,97.7028,41.2657,95.5388,4.5251,-0.093,0.3438
1779744291694,2,11.0000004b,Drive,Delivery,pitch.1,702504,-0.0043,-0.315,0.9297,0.028,-0.4662,-0.5928,0.0,0.0
1779744291694,2,12.00000015,Lower Delivery,Delivery,pitch.1,702582,7.7808,1.67,96.5903,8.2445,95.6704,10.4591,-0.0942,0.0081
1779744291694,2,12.00000018,Upper Delivery,Delivery,pitch.1,703268,-0.0743,-0.0346,0.148,0.2605,0.4937,-2.722,0.0,0.0
1779744291694,2,Pitching Mound.Delivery,,Delivery,pitch.1,701634,7.6613,1.6173,96.7406,41.3864,96.2584,5.1066,-0.0942,0.3472
1779744291694,2,Pitching Mound.Drive,,Delivery,pitch.1,702504,-0.0043,-0.315,0.9297,0.028,-0.4662,-0.5928,0.0,0.0
1779744291694,2,Pitching Mound.Parent,,Delivery,pitch.1,700958,7.6661,1.297,97.6554,41.4173,95.7562,4.485,-0.0933,0.3439
1779744291695,2,11.0000004b,Drive,Delivery,pitch.1,702505,-0.0019,-0.3244,0.8933,0.024,-0.4238,-0.5869,0.0,0.0
1779744291695,2,12.00000015,Lower Delivery,Delivery,pitch.1,702583,7.8245,1.6948,96.564,8.1476,95.9458,10.4395,-0.0945,0.008
1779744291695,2,12.00000018,Upper Delivery,Delivery,pitch.1,703269,-0.1308,-0.0605,0.2623,0.2708,0.5091,-2.8023,0.0,0.0
1779744291695,2,Pitching Mound.Delivery,,Delivery,pitch.1,701635,7.65,1.6095,96.8527,41.2668,96.1795,4.9669,-0.094,0.3463
1779744291695,2,Pitching Mound.Drive,,Delivery,pitch.1,702505,-0.0019,-0.3244,0.8933,0.024,-0.4238,-0.5869,0.0,0.0
1779744291695,2,Pitching Mound.Parent,,Delivery,pitch.1,700959,7.6457,1.2946,97.7824,41.2948,95.7132,4.3741,-0.0931,0.343
1779744291696,2,11.0000004b,Drive,Delivery,pitch.1,702506,0.0132,-0.3152,0.8885,0.0188,-0.3541,-0.5489,0.0,0.0
1779744291696,2,12.00000015,Lower Delivery,Delivery,pitch.1,702584,7.8506,1.7206,96.5894,8.3115,96.2885,10.3936,-0.0948,0.0082
1779744291696,2,12.00000018,Upper Delivery,Delivery,pitch.1,703270,-0.0704,-0.0377,0.1935,0.2775,0.5192,-2.8545,0.0,0.0
1779744291696,2,Pitching Mound.Delivery,,Delivery,pitch.1,701636,7.7541,1.6571,96.7575,41.1911,96.465,4.9007,-0.0943,0.3467
1779744291696,2,Pitching Mound.Drive,,Delivery,pitch.1,702506,0.0132,-0.3152,0.8885,0.0188,-0.3541,-0.5489,0.0,0.0
1779744291696,2,Pitching Mound.Parent,,Delivery,pitch.1,700960,7.7522,1.3327,97.6508,41.2151,96.0412,4.3137,-0.0935,0.3435
1779744291697,2,11.0000004b,Drive,Delivery,pitch.1,702507,0.0069,-0.3262,0.9305,0.0359,-0.5106,-0.5712,0.0,0.0
1779744291697,2,12.00000015,Lower Delivery,Delivery,pitch.1,702585,7.9056,1.74,96.6164,8.3688,96.3057,10.3507,-0.0948,0.0082
1779744291697,2,12.00000018,Upper Delivery,Delivery,pitch.1,703271,-0.0569,-0.0313,0.176,0.2781,0.5201,-2.8591,0.0,0.0
1779744291697,2,Pitching Mound.Delivery,,Delivery,pitch.1,701637,7.7937,1.6893,96.7654,41.3701,96.8086,4.8459,-0.0947,0.3469
1779744291697,2,Pitching Mound.Drive,,Delivery,pitch.1,702507,0.0069,-0.3262,0.9305,0.0359,-0.5106,-0.5712,0.0,0.0
1779744291697,2,Pitching Mound.Parent,,Delivery,pitch.1,700961,7.8068,1.3741,97.6539,41.3889,96.4545,4.297,-0.0938,0.3438
1779744291698,2,11.0000004b,Drive,Delivery,pitch.1,702508,0.0253,-0.3298,0.8806,0.0406,-0.561,-0.5754,0.0,0.0
1779744291698,2,12.00000015,Lower Delivery,Delivery,pitch.1,702586,7.9234,1.7605,96.6141,8.068,96.1581,10.3232,-0.0947,0.0079
1779744291698,2,12.00000018,Upper Delivery,Delivery,pitch.1,703272,-0.055,-0.0374,0.1979,0.2798,0.5226,-2.8724,0.0,0.0
1779744291698,2,Pitching Mound.Delivery,,Delivery,pitch.1,701638,7.8506,1.7026,96.8144,41.431,96.8284,4.7717,-0.0946,0.3468
1779744291698,2,Pitching Mound.Drive,,Delivery,pitch.1,702508,0.0253,-0.3298,0.8806,0.0406,-0.561,-0.5754,0.0,0.0
1779744291698,2,Pitching Mound.Parent,,Delivery,pitch.1,700962,7.8575,1.3764,97.7448,41.4668,96.3178,4.2005,-0.0937,0.3435
1779744291699,2,11.0000004b,Drive,Delivery,pitch.1,702509,0.0273,-0.3175,0.8252,0.0365,-0.5009,-0.5411,0.0,0.0
1779744291699,2,12.00000015,Lower Delivery,Delivery,pitch.1,702587,7.9334,1.794,96.635,7.8392,96.088,10.2587,-0.0946,0.0077
1779744291699,2,12.00000018,Upper Delivery,Delivery,pitch.1,703273,-0.0898,-0.0607,0.2837,0.2834,0.528,-2.9002,0.0,0.0
1779744291699,2,Pitching Mound.Delivery,,Delivery,pitch.1,701639,7.8336,1.6999,96.8978,41.1038,96.6861,4.6985,-0.0944,0.3459
1779744291699,2,Pitching Mound.Drive,,Delivery,pitch.1,702509,0.0273,-0.3175,0.8252,0.0365,-0.5009,-0.5411,0.0,0.0
1779744291699,2,Pitching Mound.Parent,,Delivery,pitch.1,700963,7.8589,1.37,97.7784,41.1443,96.1251,4.1231,-0.0936,0.3428
1779744291700,2,11.0000004b,Drive,Delivery,pitch.1,702510,0.0299,-0.3184,0.7999,0.0391,-0.5351,-0.5672,0.0,0.0
1779744291700,2,12.00000015,Lower Delivery,Delivery,pitch.1,702588,7.9456,1.8245,96.551,7.5052,95.9454,10.2587,-0.0945,0.0074
1779744291700,2,12.00000018,Upper Delivery,Delivery,pitch.1,703274,-0.1179,-0.0752,0.3278,0.2756,0.5163,-2.8394,0.0,0.0
1779744291700,2,Pitching Mound.Delivery,,Delivery,pitch.1,701640,7.8155,1.7189,96.9629,40.8593,96.6043,4.6819,-0.0943,0.3454
1779744291700,2,Pitching Mound.Drive,,Delivery,pitch.1,702510,0.0299,-0.3184,0.7999,0.0391,-0.5351,-0.5672,0.0,0.0
1779744291700,2,Pitching Mound.Parent,,Delivery,pitch.1,700964,7.8428,1.4013,97.7881,40.8958,96.1033,4.1407,-0.0935,0.3425
1779744291701,2,11.0000004b,Drive,Delivery,pitch.1,702511,0.0375,-0.3271,0.8145,0.0466,-0.6034,-0.5809,0.0,0.0
1779744291701,2,12.00000015,Lower Delivery,Delivery,pitch.1,702589,7.9785,1.8515,96.5891,7.5152,95.9964,10.1913,-0.0945,0.0074
1779744291701,2,12.00000018,Upper Delivery,Delivery,pitch.1,703275,-0.0606,-0.0537,0.2321,0.2793,0.5218,-2.8679,0.0,0.0
1779744291701,2,12.00000018,Upper Delivery,Delivery,pitch.1,703276,-0.0566,-0.0368,0.1912,0.2867,0.533,-2.9261,0.0,0.0
1779744291701,2,Pitching Mound.Delivery,,Delivery,pitch.1,701641,7.885,1.7708,96.7831,40.5328,96.4672,4.6686,-0.0943,0.3457
1779744291701,2,Pitching Mound.Delivery,,Delivery,pitch.1,701642,7.9219,1.8146,96.7803,40.5772,96.5294,4.5332,-0.0944,0.346
1779744291701,2,Pitching Mound.Drive,,Delivery,pitch.1,702511,0.0375,-0.3271,0.8145,0.0466,-0.6034,-0.5809,0.0,0.0
1779744291701,2,Pitching Mound.Parent,,Delivery,pitch.1,700965,7.915,1.4524,97.583,40.5719,95.9321,4.1015,-0.0935,0.3429
1779744291701,2,Pitching Mound.Parent,,Delivery,pitch.1,700966,7.9594,1.4875,97.5948,40.6238,95.926,3.9523,-0.0936,0.3432
1779744291702,2,11.0000004b,Drive,Delivery,pitch.1,702512,0.0337,-0.3259,0.804,0.0544,-0.6836,-0.6022,0.0,0.0
1779744291702,2,12.00000015,Lower Delivery,Delivery,pitch.1,702590,8.0116,1.8607,96.6426,7.4898,95.9881,10.1739,-0.0945,0.0074
1779744291702,2,12.00000018,Upper Delivery,Delivery,pitch.1,703277,-0.0549,-0.0262,0.1457,0.283,0.5274,-2.8973,0.0,0.0
1779744291702,2,Pitching Mound.Delivery,,Delivery,pitch.1,701643,7.9567,1.8345,96.7883,40.5818,96.5155,4.534,-0.0943,0.3463
1779744291702,2,Pitching Mound.Drive,,Delivery,pitch.1,702512,0.0337,-0.3259,0.804,0.0544,-0.6836,-0.6022,0.0,0.0
1779744291702,2,Pitching Mound.Parent,,Delivery,pitch.1,700967,7.9904,1.5086,97.5923,40.6362,95.8319,3.9318,-0.0936,0.3435
1779744291703,2,11.0000004b,Drive,Delivery,pitch.1,702513,0.0372,-0.3092,0.7717,0.0596,-0.7176,-0.586,0.0,0.0
1779744291703,2,12.00000015,Lower Delivery,Delivery,pitch.1,702591,8.0425,1.9101,96.6641,7.9178,96.1847,10.1498,-0.0947,0.0078
1779744291703,2,12.00000018,Upper Delivery,Delivery,pitch.1,703278,-0.0518,-0.0178,0.1456,0.2867,0.533,-2.9261,0.0,0.0
1779744291703,2,Pitching Mound.Delivery,,Delivery,pitch.1,701644,7.9907,1.8922,96.8098,41.0208,96.7177,4.4716,-0.0945,0.3468
1779744291703,2,Pitching Mound.Drive,,Delivery,pitch.1,702513,0.0372,-0.3092,0.7717,0.0596,-0.7176,-0.586,0.0,0.0
1779744291703,2,Pitching Mound.Parent,,Delivery,pitch.1,700968,8.0279,1.583,97.5815,41.0805,96.0,3.8857,-0.0938,0.344
1779744291704,2,11.0000004b,Drive,Delivery,pitch.1,702514,0.0241,-0.3085,0.7963,0.0564,-0.6799,-0.5623,0.0,0.0
1779744291704,2,Pitching Mound.Drive,,Delivery,pitch.1,702514,0.0241,-0.3085,0.7963,0.0564,-0.6799,-0.5623,0.0,0.0
1779744291705,2,11.0000004b,Drive,Delivery,pitch.1,702515,0.0167,-0.3361,0.8787,0.0589,-0.708,-0.5739,0.0,0.0
1779744291705,2,12.00000015,Lower Delivery,Delivery,pitch.1,702592,8.0734,1.9488,96.6712,7.8477,96.1805,10.0954,-0.0946,0.0077
1779744291705,2,12.00000015,Lower Delivery,Delivery,pitch.1,702593,8.1051,1.9919,96.7277,7.9143,96.3062,10.0436,-0.0947,0.0078
1779744291705,2,12.00000018,Upper Delivery,Delivery,pitch.1,703279,-0.0532,-0.024,0.1559,0.2793,0.5218,-2.8683,0.0,0.0
1779744291705,2,Pitching Mound.Delivery,,Delivery,pitch.1,701645,8.0201,1.9248,96.8271,40.9422,96.7023,4.4641,-0.0945,0.3466
1779744291705,2,Pitching Mound.Drive,,Delivery,pitch.1,702515,0.0167,-0.3361,0.8787,0.0589,-0.708,-0.5739,0.0,0.0
1779744291705,2,Pitching Mound.Parent,,Delivery,pitch.1,700969,8.0442,1.6164,97.6234,40.9986,96.0224,3.9018,-0.0937,0.3438
1779744291706,2,11.0000004b,Drive,Delivery,pitch.1,702516,0.0147,-0.3326,0.849,0.0411,-0.5554,-0.5641,0.0,0.0
1779744291706,2,12.00000015,Lower Delivery,Delivery,pitch.1,702594,8.1335,2.0282,96.6534,7.6745,96.4329,10.0088,-0.0949,0.0076
1779744291706,2,12.00000018,Upper Delivery,Delivery,pitch.1,703280,-0.0526,-0.0305,0.1597,0.2679,0.5048,-2.7797,0.0,0.0
1779744291706,2,Pitching Mound.Delivery,,Delivery,pitch.1,701646,8.0525,1.9615,96.8874,41.0154,96.811,4.4902,-0.0946,0.3466
1779744291706,2,Pitching Mound.Drive,,Delivery,pitch.1,702516,0.0147,-0.3326,0.849,0.0411,-0.5554,-0.5641,0.0,0.0
1779744291706,2,Pitching Mound.Parent,,Delivery,pitch.1,700970,8.0692,1.6254,97.7661,41.0743,96.103,3.9163,-0.0937,0.3435
1779744291707,2,11.0000004b,Drive,Delivery,pitch.1,702517,0.0199,-0.33,0.8393,0.0427,-0.5753,-0.5655,0.0,0.0
1779744291707,2,12.00000015,Lower Delivery,Delivery,pitch.1,702595,8.1775,2.0812,96.5894,7.1687,96.4345,9.9717,-0.095,0.0071
1779744291707,2,12.00000018,Upper Delivery,Delivery,pitch.1,703281,-0.0525,-0.0165,0.1093,0.2598,0.4926,-2.7164,0.0,0.0
1779744291707,2,Pitching Mound.Delivery,,Delivery,pitch.1,701647,8.081,2.0116,96.7627,40.7593,96.9255,4.5092,-0.0948,0.3468
1779744291707,2,Pitching Mound.Drive,,Delivery,pitch.1,702517,0.0199,-0.33,0.8393,0.0427,-0.5753,-0.5655,0.0,0.0
1779744291707,2,Pitching Mound.Parent,,Delivery,pitch.1,700971,8.0957,1.679,97.6117,40.8004,96.3701,3.945,-0.094,0.3438
1779744291708,2,11.0000004b,Drive,Delivery,pitch.1,702518,0.0124,-0.3168,0.855,0.0203,-0.3819,-0.538,0.0,0.0
1779744291708,2,12.00000015,Lower Delivery,Delivery,pitch.1,702596,8.2185,2.1308,96.6817,7.1426,96.6046,9.9021,-0.0951,0.007
1779744291708,2,12.00000018,Upper Delivery,Delivery,pitch.1,703282,-0.0517,-0.0159,0.099,0.2501,0.4779,-2.6404,0.0,0.0
1779744291708,2,Pitching Mound.Delivery,,Delivery,pitch.1,701648,8.1258,2.0653,96.6885,40.2255,96.9124,4.5334,-0.0949,0.3464
1779744291708,2,Pitching Mound.Drive,,Delivery,pitch.1,702518,0.0124,-0.3168,0.855,0.0203,-0.3819,-0.538,0.0,0.0
1779744291708,2,Pitching Mound.Parent,,Delivery,pitch.1,700972,8.1457,1.7353,97.5278,40.2682,96.3371,3.9679,-0.0941,0.3434
1779744291709,2,11.0000004b,Drive,Delivery,pitch.1,702519,0.0104,-0.3192,0.8368,0.0172,-0.3589,-0.5491,0.0,0.0
1779744291709,2,12.00000015,Lower Delivery,Delivery,pitch.1,702597,8.261,2.1705,96.7111,7.3865,97.072,9.8723,-0.0955,0.0073
1779744291709,2,12.00000018,Upper Delivery,Delivery,pitch.1,703283,-0.0508,-0.0154,0.1131,0.2558,0.4866,-2.6851,0.0,0.0
1779744291709,2,Pitching Mound.Delivery,,Delivery,pitch.1,701649,8.1678,2.1154,96.7948,40.2318,97.0912,4.4054,-0.0949,0.3462
1779744291709,2,Pitching Mound.Drive,,Delivery,pitch.1,702519,0.0104,-0.3192,0.8368,0.0172,-0.3589,-0.5491,0.0,0.0
1779744291709,2,Pitching Mound.Parent,,Delivery,pitch.1,700973,8.1801,1.7986,97.6498,40.2521,96.7093,3.8674,-0.0941,0.3432
1779744291710,2,11.0000004b,Drive,Delivery,pitch.1,702520,0.0017,-0.3258,0.8184,0.0184,-0.3899,-0.5914,0.0,0.0
1779744291710,2,12.00000015,Lower Delivery,Delivery,pitch.1,702598,8.3276,2.2096,96.7335,7.3614,97.1647,9.8733,-0.0956,0.0072
1779744291710,2,12.00000018,Upper Delivery,Delivery,pitch.1,703284,-0.05,-0.0138,0.098,0.2504,0.4784,-2.6428,0.0,0.0
1779744291710,2,Pitching Mound.Delivery,,Delivery,pitch.1,701650,8.211,2.1566,96.809,40.4854,97.5504,4.4038,-0.0954,0.3466
1779744291710,2,Pitching Mound.Drive,,Delivery,pitch.1,702520,0.0017,-0.3258,0.8184,0.0184,-0.3899,-0.5914,0.0,0.0
1779744291710,2,Pitching Mound.Parent,,Delivery,pitch.1,700974,8.2214,1.8374,97.6459,40.5026,97.1915,3.8547,-0.0946,0.3436
1779744291711,2,11.0000004b,Drive,Delivery,pitch.1,702521,-0.0116,-0.3287,0.864,0.0163,-0.378,-0.605,0.0,0.0
1779744291711,2,12.00000015,Lower Delivery,Delivery,pitch.1,702599,8.3679,2.2532,96.8624,7.2824,97.1621,9.8045,-0.0954,0.0072
1779744291711,2,12.00000018,Upper Delivery,Delivery,pitch.1,703285,-0.0475,-0.011,0.1007,0.2509,0.4792,-2.6468,0.0,0.0
1779744291711,2,12.00000018,Upper Delivery,Delivery,pitch.1,703286,-0.054,-0.0303,0.1442,0.243,0.4673,-2.5854,0.0,0.0
1779744291711,2,Pitching Mound.Delivery,,Delivery,pitch.1,701651,8.2802,2.1986,96.8342,40.4674,97.6439,4.3789,-0.0955,0.3465
1779744291711,2,Pitching Mound.Delivery,,Delivery,pitch.1,701652,8.3139,2.2228,97.0066,40.4097,97.6294,4.3557,-0.0953,0.3461
1779744291711,2,Pitching Mound.Drive,,Delivery,pitch.1,702521,-0.0116,-0.3287,0.864,0.0163,-0.378,-0.605,0.0,0.0
1779744291711,2,Pitching Mound.Parent,,Delivery,pitch.1,700975,8.2819,1.8728,97.6526,40.4858,97.254,3.7875,-0.0947,0.3436
1779744291711,2,Pitching Mound.Parent,,Delivery,pitch.1,700976,8.3023,1.8941,97.8706,40.4259,97.2514,3.7507,-0.0944,0.3431
1779744291712,2,11.0000004b,Drive,Delivery,pitch.1,702522,-0.0121,-0.3227,0.952,0.0096,-0.3285,-0.5997,0.0,0.0
1779744291712,2,12.00000015,Lower Delivery,Delivery,pitch.1,702600,8.4134,2.3001,96.9149,7.3466,97.4259,9.7863,-0.0956,0.0072
1779744291712,2,12.00000018,Upper Delivery,Delivery,pitch.1,703287,-0.072,-0.0423,0.1807,0.243,0.4673,-2.5852,0.0,0.0
1779744291712,2,Pitching Mound.Delivery,,Delivery,pitch.1,701653,8.3414,2.2578,97.0956,40.4793,97.8932,4.316,-0.0955,0.3459
1779744291712,2,Pitching Mound.Drive,,Delivery,pitch.1,702522,-0.0121,-0.3227,0.952,0.0096,-0.3285,-0.5997,0.0,0.0
1779744291712,2,Pitching Mound.Parent,,Delivery,pitch.1,700977,8.3293,1.9352,98.0476,40.4889,97.5647,3.7164,-0.0945,0.3426
1779744291713,2,11.0000004b,Drive,Delivery,pitch.1,702523,-0.0129,-0.3288,0.9535,0.0172,-0.3846,-0.5995,0.0,0.0
1779744291713,2,12.00000015,Lower Delivery,Delivery,pitch.1,702601,8.4515,2.3494,97.0599,7.2246,97.5379,9.7373,-0.0956,0.0071
1779744291713,2,Pitching Mound.Drive,,Delivery,pitch.1,702523,-0.0129,-0.3288,0.9535,0.0172,-0.3846,-0.5995,0.0,0.0
1779744291714,2,11.0000004b,Drive,Delivery,pitch.1,702524,-0.0141,-0.3548,0.979,0.0152,-0.3795,-0.6237,0.0,0.0
1779744291714,2,12.00000015,Lower Delivery,Delivery,pitch.1,702602,8.5021,2.3748,97.0708,6.997,97.5919,9.6971,-0.0956,0.0069
1779744291714,2,12.00000018,Upper Delivery,Delivery,pitch.1,703289,-0.1541,-0.0758,0.3023,0.2545,0.4846,-2.6749,0.0,0.0
1779744291714,2,12.00000018,Upper Delivery,Delivery,pitch.1,703288,-0.1379,-0.069,0.285,0.2464,0.4725,-2.612,0.0,0.0
1779744291714,2,Pitching Mound.Delivery,,Delivery,pitch.1,701654,8.3136,2.2804,97.3449,40.3746,98.0104,4.2049,-0.0953,0.3451
1779744291714,2,Pitching Mound.Delivery,,Delivery,pitch.1,701655,8.348,2.299,97.3731,40.1528,98.0765,4.079,-0.0953,0.3447
1779744291714,2,Pitching Mound.Drive,,Delivery,pitch.1,702524,-0.0141,-0.3548,0.979,0.0152,-0.3795,-0.6237,0.0,0.0
1779744291714,2,Pitching Mound.Parent,,Delivery,pitch.1,700978,8.3007,1.9516,98.2984,40.3918,97.6258,3.6053,-0.0944,0.3417
1779744291714,2,Pitching Mound.Parent,,Delivery,pitch.1,700979,8.3339,1.9443,98.3522,40.168,97.697,3.4553,-0.0944,0.3413
1779744291715,2,11.0000004b,Drive,Delivery,pitch.1,702525,-0.0155,-0.3498,1.0035,0.0195,-0.4255,-0.6369,0.0,0.0
1779744291715,2,12.00000015,Lower Delivery,Delivery,pitch.1,702603,8.5403,2.4192,97.1352,7.1433,97.8363,9.6893,-0.0958,0.007
1779744291715,2,12.00000018,Upper Delivery,Delivery,pitch.1,703290,-0.1644,-0.0784,0.3075,0.2636,0.4982,-2.7456,0.0,0.0
1779744291715,2,Pitching Mound.Delivery,,Delivery,pitch.1,701656,8.376,2.3408,97.4427,40.3283,98.3345,3.9841,-0.0955,0.3448
1779744291715,2,Pitching Mound.Drive,,Delivery,pitch.1,702525,-0.0155,-0.3498,1.0035,0.0195,-0.4255,-0.6369,0.0,0.0
1779744291715,2,Pitching Mound.Parent,,Delivery,pitch.1,700980,8.3605,1.991,98.4463,40.3479,97.909,3.3472,-0.0945,0.3413
1779744291716,2,11.0000004b,Drive,Delivery,pitch.1,702526,-0.0158,-0.3572,1.0017,0.0302,-0.511,-0.647,0.0,0.0
1779744291716,2,12.00000015,Lower Delivery,Delivery,pitch.1,702604,8.5997,2.4659,97.1253,7.0294,97.946,9.6276,-0.0959,0.0069
1779744291716,2,12.00000018,Upper Delivery,Delivery,pitch.1,703291,-0.0948,-0.0358,0.1788,0.2696,0.5073,-2.7926,0.0,0.0
1779744291716,2,Pitching Mound.Delivery,,Delivery,pitch.1,701657,8.5049,2.4301,97.3041,40.2608,98.4533,3.8788,-0.0958,0.3456
1779744291716,2,Pitching Mound.Drive,,Delivery,pitch.1,702526,-0.0158,-0.3572,1.0017,0.0302,-0.511,-0.647,0.0,0.0
1779744291716,2,Pitching Mound.Parent,,Delivery,pitch.1,700981,8.4891,2.0729,98.3058,40.291,97.9422,3.2318,-0.0948,0.3421
1779744291717,2,11.0000004b,Drive,Delivery,pitch.1,702527,-0.0136,-0.3516,1.0593,0.0431,-0.6292,-0.6501,0.0,0.0
1779744291717,2,12.00000015,Lower Delivery,Delivery,pitch.1,702605,8.6499,2.5061,97.1786,7.1413,98.1608,9.6084,-0.0961,0.007
1779744291717,2,12.00000018,Upper Delivery,Delivery,pitch.1,703292,-0.1186,-0.0471,0.2099,0.2751,0.5155,-2.8352,0.0,0.0
1779744291717,2,Pitching Mound.Delivery,,Delivery,pitch.1,701658,8.5312,2.459,97.3885,40.3857,98.6762,3.7919,-0.0959,0.3455
1779744291717,2,Pitching Mound.Drive,,Delivery,pitch.1,702527,-0.0136,-0.3516,1.0593,0.0431,-0.6292,-0.6501,0.0,0.0
1779744291717,2,Pitching Mound.Parent,,Delivery,pitch.1,700982,8.5176,2.1074,98.4478,40.4288,98.047,3.1418,-0.0949,0.3418
1779744291718,2,11.0000004b,Drive,Delivery,pitch.1,702528,-0.0145,-0.3482,1.0716,0.0432,-0.6468,-0.6815,0.0,0.0
1779744291718,2,12.00000015,Lower Delivery,Delivery,pitch.1,702606,8.6852,2.5439,97.2567,7.1838,98.272,9.5561,-0.0961,0.007
1779744291718,2,12.00000018,Upper Delivery,Delivery,pitch.1,703293,-0.0565,-0.0167,0.1191,0.2803,0.5233,-2.8758,0.0,0.0
1779744291718,2,Pitching Mound.Delivery,,Delivery,pitch.1,701659,8.6287,2.5273,97.3758,40.4909,98.7953,3.7081,-0.096,0.3462
1779744291718,2,Pitching Mound.Drive,,Delivery,pitch.1,702528,-0.0145,-0.3482,1.0716,0.0432,-0.6468,-0.6815,0.0,0.0
1779744291718,2,Pitching Mound.Parent,,Delivery,pitch.1,700983,8.6142,2.179,98.4475,40.5341,98.1484,3.0266,-0.095,0.3424
1779744291719,2,11.0000004b,Drive,Delivery,pitch.1,702529,-0.0132,-0.3459,1.0955,0.047,-0.6616,-0.6405,0.0,0.0
1779744291719,2,12.00000015,Lower Delivery,Delivery,pitch.1,702607,8.7453,2.5743,97.2772,6.9317,98.1072,9.5511,-0.0959,0.0068
1779744291719,2,12.00000018,Upper Delivery,Delivery,pitch.1,703294,-0.1088,-0.0537,0.2182,0.2772,0.5187,-2.8522,0.0,0.0
1779744291719,2,Pitching Mound.Delivery,,Delivery,pitch.1,701660,8.6365,2.5206,97.4954,40.209,98.626,3.6885,-0.0957,0.3452
1779744291719,2,Pitching Mound.Drive,,Delivery,pitch.1,702529,-0.0132,-0.3459,1.0955,0.047,-0.6616,-0.6405,0.0,0.0
1779744291719,2,Pitching Mound.Parent,,Delivery,pitch.1,700984,8.6233,2.1747,98.5909,40.256,97.9644,3.048,-0.0947,0.3414
1779744291720,2,11.0000004b,Drive,Delivery,pitch.1,702530,-0.0104,-0.3473,1.0779,0.0391,-0.5842,-0.6099,0.0,0.0
1779744291720,2,12.00000015,Lower Delivery,Delivery,pitch.1,702608,8.8054,2.635,97.4058,6.9127,98.0251,9.492,-0.0957,0.0068
1779744291720,2,12.00000018,Upper Delivery,Delivery,pitch.1,703295,-0.1998,-0.0931,0.3579,0.2713,0.5099,-2.8061,0.0,0.0
1779744291720,2,Pitching Mound.Delivery,,Delivery,pitch.1,701661,8.6056,2.5419,97.7637,40.1803,98.535,3.6242,-0.0954,0.3442
1779744291720,2,Pitching Mound.Drive,,Delivery,pitch.1,702530,-0.0104,-0.3473,1.0779,0.0391,-0.5842,-0.6099,0.0,0.0
1779744291720,2,Pitching Mound.Parent,,Delivery,pitch.1,700985,8.5952,2.1945,98.8416,40.2194,97.9508,3.0143,-0.0943,0.3405
1779744291721,2,11.0000004b,Drive,Delivery,pitch.1,702531,-0.0075,-0.334,1.0871,0.0336,-0.5313,-0.6017,0.0,0.0
1779744291721,2,12.00000015,Lower Delivery,Delivery,pitch.1,702609,8.8423,2.6695,97.351,6.7672,97.4939,9.4654,-0.0953,0.0066
1779744291721,2,12.00000018,Upper Delivery,Delivery,pitch.1,703296,-0.2488,-0.1242,0.4524,0.2597,0.4924,-2.7157,0.0,0.0
1779744291721,2,Pitching Mound.Delivery,,Delivery,pitch.1,701662,8.5934,2.5452,97.8034,39.9724,97.9863,3.6587,-0.0948,0.3434
1779744291721,2,Pitching Mound.Drive,,Delivery,pitch.1,702531,-0.0075,-0.334,1.0871,0.0336,-0.5313,-0.6017,0.0,0.0
1779744291721,2,Pitching Mound.Parent,,Delivery,pitch.1,700986,8.586,2.2113,98.8905,40.006,97.4551,3.057,-0.0938,0.3397
1779744291722,2,11.0000004b,Drive,Delivery,pitch.1,702532,-0.0013,-0.3199,1.0091,0.03,-0.4984,-0.572,0.0,0.0
1779744291722,2,12.00000015,Lower Delivery,Delivery,pitch.1,702610,8.8985,2.7107,97.3727,6.7038,97.6126,9.4455,-0.0954,0.0065
1779744291722,2,12.00000018,Upper Delivery,Delivery,pitch.1,703297,-0.1463,-0.0801,0.3096,0.2647,0.4998,-2.7541,0.0,0.0
1779744291722,2,Pitching Mound.Delivery,,Delivery,pitch.1,701663,8.7523,2.6306,97.6823,39.97,98.1125,3.6162,-0.0951,0.3444
1779744291722,2,Pitching Mound.Drive,,Delivery,pitch.1,702532,-0.0013,-0.3199,1.0091,0.03,-0.4984,-0.572,0.0,0.0
1779744291722,2,Pitching Mound.Parent,,Delivery,pitch.1,700987,8.751,2.3107,98.6914,40.0,97.6141,3.0442,-0.0941,0.3409
1779744291723,2,11.0000004b,Drive,Delivery,pitch.1,702533,0.0075,-0.3366,0.9919,0.0435,-0.5984,-0.5712,0.0,0.0
1779744291723,2,12.00000015,Lower Delivery,Delivery,pitch.1,702611,8.9364,2.7407,97.3014,6.6088,97.4361,9.4047,-0.0953,0.0065
1779744291723,2,12.00000018,Upper Delivery,Delivery,pitch.1,703298,-0.1646,-0.0962,0.356,0.2542,0.4842,-2.6727,0.0,0.0
1779744291723,2,Pitching Mound.Delivery,,Delivery,pitch.1,701664,8.7719,2.6445,97.6574,39.8244,97.9202,3.6377,-0.0949,0.344
1779744291723,2,Pitching Mound.Drive,,Delivery,pitch.1,702533,0.0075,-0.3366,0.9919,0.0435,-0.5984,-0.5712,0.0,0.0
1779744291723,2,Pitching Mound.Parent,,Delivery,pitch.1,700988,8.7794,2.3079,98.6492,39.868,97.3218,3.0665,-0.094,0.3405
1779744291724,2,11.0000004b,Drive,Delivery,pitch.1,702534,0.0139,-0.3454,0.942,0.038,-0.5474,-0.5581,0.0,0.0
1779744291724,2,12.00000015,Lower Delivery,Delivery,pitch.1,702612,8.9957,2.7772,97.3737,6.6008,97.5873,9.3553,-0.0953,0.0064
1779744291724,2,12.00000018,Upper Delivery,Delivery,pitch.1,703299,-0.1302,-0.0847,0.3148,0.2529,0.4821,-2.662,0.0,0.0
1779744291724,2,Pitching Mound.Delivery,,Delivery,pitch.1,701665,8.8655,2.6924,97.6885,39.8537,98.0694,3.5905,-0.095,0.3442
1779744291724,2,Pitching Mound.Drive,,Delivery,pitch.1,702534,0.0139,-0.3454,0.942,0.038,-0.5474,-0.5581,0.0,0.0
1779744291724,2,Pitching Mound.Parent,,Delivery,pitch.1,700989,8.8794,2.347,98.6305,39.8917,97.5219,3.0324,-0.0941,0.3409
1779744291725,2,11.0000004b,Drive,Delivery,pitch.1,702535,0.0144,-0.324,0.8494,0.0469,-0.6328,-0.5733,0.0,0.0
1779744291725,2,12.00000015,Lower Delivery,Delivery,pitch.1,702613,9.0316,2.8222,97.4394,6.5424,97.6034,9.3167,-0.0953,0.0064
1779744291725,2,12.00000018,Upper Delivery,Delivery,pitch.1,703300,-0.1117,-0.0761,0.2868,0.2454,0.4709,-2.6038,0.0,0.0
1779744291725,2,Pitching Mound.Delivery,,Delivery,pitch.1,701666,8.92,2.7461,97.7263,39.8197,98.0743,3.6041,-0.095,0.3444
1779744291725,2,Pitching Mound.Drive,,Delivery,pitch.1,702535,0.0144,-0.324,0.8494,0.0469,-0.6328,-0.5733,0.0,0.0
1779744291725,2,Pitching Mound.Parent,,Delivery,pitch.1,700990,8.9343,2.4221,98.5756,39.8666,97.4415,3.0308,-0.0942,0.3414
1779744291726,2,11.0000004b,Drive,Delivery,pitch.1,702536,0.0316,-0.3105,0.799,0.0495,-0.6603,-0.6003,0.0,0.0
1779744291726,2,12.00000015,Lower Delivery,Delivery,pitch.1,702614,9.0704,2.8656,97.539,6.4543,97.3927,9.2779,-0.095,0.0063
1779744291726,2,Pitching Mound.Drive,,Delivery,pitch.1,702536,0.0316,-0.3105,0.799,0.0495,-0.6603,-0.6003,0.0,0.0
1779744291727,2,11.0000004b,Drive,Delivery,pitch.1,702537,0.0458,-0.2897,0.7725,0.0499,-0.6537,-0.5748,0.0,0.0
1779744291727,2,12.00000015,Lower Delivery,Delivery,pitch.1,702615,9.0817,2.9031,97.4782,6.4146,97.4193,9.2612,-0.0951,0.0063
1779744291727,2,12.00000018,Upper Delivery,Delivery,pitch.1,703301,-0.163,-0.1047,0.3951,0.2461,0.4719,-2.6093,0.0,0.0
1779744291727,2,12.00000018,Upper Delivery,Delivery,pitch.1,703302,-0.1808,-0.116,0.4249,0.2424,0.4664,-2.5807,0.0,0.0
1779744291727,2,Pitching Mound.Delivery,,Delivery,pitch.1,701667,8.9073,2.7609,97.9341,39.7293,97.8646,3.5292,-0.0946,0.3435
1779744291727,2,Pitching Mound.Delivery,,Delivery,pitch.1,701668,8.9009,2.7871,97.9031,39.6552,97.8857,3.5312,-0.0947,0.3433
1779744291727,2,Pitching Mound.Drive,,Delivery,pitch.1,702537,0.0458,-0.2897,0.7725,0.0499,-0.6537,-0.5748,0.0,0.0
1779744291727,2,Pitching Mound.Parent,,Delivery,pitch.1,700991,8.9389,2.4505,98.733,39.7789,97.2043,2.9289,-0.0938,0.3407
1779744291727,2,Pitching Mound.Parent,,Delivery,pitch.1,700992,8.9466,2.4974,98.6756,39.7051,97.2321,2.9564,-0.0939,0.3406
1779744291728,2,11.0000004b,Drive,Delivery,pitch.1,702538,0.0572,-0.2702,0.726,0.0489,-0.6343,-0.5678,0.0,0.0
1779744291728,2,12.00000015,Lower Delivery,Delivery,pitch.1,702616,9.1208,2.952,97.4013,6.5289,97.7262,9.2073,-0.0954,0.0064
1779744291728,2,12.00000018,Upper Delivery,Delivery,pitch.1,703303,-0.2522,-0.1418,0.5251,0.2419,0.4656,-2.5762,0.0,0.0
1779744291728,2,Pitching Mound.Delivery,,Delivery,pitch.1,701669,8.8685,2.8102,97.9264,39.7086,98.1918,3.4442,-0.0949,0.3427
1779744291728,2,Pitching Mound.Drive,,Delivery,pitch.1,702538,0.0572,-0.2702,0.726,0.0489,-0.6343,-0.5678,0.0,0.0
1779744291728,2,Pitching Mound.Parent,,Delivery,pitch.1,700993,8.9257,2.5401,98.6524,39.7576,97.5574,2.8764,-0.0942,0.3402
1779744291729,2,11.0000004b,Drive,Delivery,pitch.1,702539,0.0549,-0.2803,0.7225,0.0539,-0.6837,-0.584,0.0,0.0
1779744291729,2,12.00000015,Lower Delivery,Delivery,pitch.1,702617,9.1602,2.9824,97.5064,6.4919,97.7089,9.1355,-0.0953,0.0063
1779744291729,2,12.00000018,Upper Delivery,Delivery,pitch.1,703304,-0.2801,-0.157,0.5893,0.2539,0.4837,-2.6702,0.0,0.0
1779744291729,2,Pitching Mound.Delivery,,Delivery,pitch.1,701670,8.88,2.8254,98.0957,39.6976,98.1926,3.2556,-0.0948,0.3422
1779744291729,2,Pitching Mound.Drive,,Delivery,pitch.1,702539,0.0549,-0.2803,0.7225,0.0539,-0.6837,-0.584,0.0,0.0
1779744291729,2,Pitching Mound.Parent,,Delivery,pitch.1,700994,8.9349,2.5451,98.8182,39.7514,97.5089,2.6716,-0.0941,0.3397
1779744291730,2,11.0000004b,Drive,Delivery,pitch.1,702540,0.0563,-0.2809,0.725,0.0542,-0.6694,-0.5577,0.0,0.0
1779744291730,2,12.00000015,Lower Delivery,Delivery,pitch.1,702618,9.1715,3.0384,97.4742,6.535,97.7155,9.1605,-0.0954,0.0064
1779744291730,2,12.00000018,Upper Delivery,Delivery,pitch.1,703305,-0.3098,-0.1634,0.6092,0.2525,0.4816,-2.6593,0.0,0.0
1779744291730,2,Pitching Mound.Delivery,,Delivery,pitch.1,701671,8.8617,2.875,98.0834,39.7216,98.1971,3.2776,-0.0948,0.3421
1779744291730,2,Pitching Mound.Drive,,Delivery,pitch.1,702540,0.0563,-0.2809,0.725,0.0542,-0.6694,-0.5577,0.0,0.0
1779744291730,2,Pitching Mound.Parent,,Delivery,pitch.1,700995,8.918,2.5941,98.8084,39.7757,97.5277,2.7199,-0.0941,0.3396
1779744291731,2,11.0000004b,Drive,Delivery,pitch.1,702541,0.0427,-0.3043,0.7797,0.0557,-0.6739,-0.5567,0.0,0.0
1779744291731,2,12.00000015,Lower Delivery,Delivery,pitch.1,702619,9.2033,3.0662,97.5122,6.4959,97.9702,9.0347,-0.0956,0.0063
1779744291731,2,12.00000018,Upper Delivery,Delivery,pitch.1,703306,-0.1341,-0.0857,0.3469,0.2594,0.4919,-2.7129,0.0,0.0
1779744291731,2,Pitching Mound.Delivery,,Delivery,pitch.1,701672,9.0693,2.9806,97.8591,39.7915,98.4621,3.147,-0.0952,0.3439
1779744291731,2,Pitching Mound.Drive,,Delivery,pitch.1,702541,0.0427,-0.3043,0.7797,0.0557,-0.6739,-0.5567,0.0,0.0
1779744291731,2,Pitching Mound.Parent,,Delivery,pitch.1,700996,9.1119,2.6762,98.6388,39.8471,97.7881,2.5903,-0.0945,0.3412
1779744291732,2,11.0000004b,Drive,Delivery,pitch.1,702542,0.0416,-0.3206,0.8304,0.0593,-0.6992,-0.5473,0.0,0.0
1779744291732,2,12.00000015,Lower Delivery,Delivery,pitch.1,702620,9.2226,3.1068,97.5881,6.5851,98.1767,9.0062,-0.0957,0.0064
1779744291732,2,12.00000018,Upper Delivery,Delivery,pitch.1,703307,-0.168,-0.0899,0.3766,0.2627,0.4969,-2.7388,0.0,0.0
1779744291732,2,Pitching Mound.Delivery,,Delivery,pitch.1,701673,9.0546,3.017,97.9648,39.8997,98.6736,3.0745,-0.0953,0.3438
1779744291732,2,Pitching Mound.Drive,,Delivery,pitch.1,702542,0.0416,-0.3206,0.8304,0.0593,-0.6992,-0.5473,0.0,0.0
1779744291732,2,Pitching Mound.Parent,,Delivery,pitch.1,700997,9.0962,2.6964,98.7951,39.959,97.9744,2.5272,-0.0945,0.3409
1779744291733,2,11.0000004b,Drive,Delivery,pitch.1,702543,0.0456,-0.3236,0.8026,0.0588,-0.6979,-0.5578,0.0,0.0
1779744291733,2,12.00000015,Lower Delivery,Delivery,pitch.1,702621,9.2489,3.1388,97.7094,6.7744,98.4088,8.9752,-0.0958,0.0066
1779744291733,2,12.00000018,Upper Delivery,Delivery,pitch.1,703308,-0.1613,-0.0801,0.3535,0.2649,0.5001,-2.7557,0.0,0.0
1779744291733,2,Pitching Mound.Delivery,,Delivery,pitch.1,701674,9.0876,3.0587,98.0629,40.1402,98.9089,3.02,-0.0955,0.3441
1779744291733,2,Pitching Mound.Drive,,Delivery,pitch.1,702543,0.0456,-0.3236,0.8026,0.0588,-0.6979,-0.5578,0.0,0.0
1779744291733,2,Pitching Mound.Parent,,Delivery,pitch.1,700998,9.1333,2.7351,98.8655,40.1991,98.2111,2.4622,-0.0947,0.3413
1779744291734,2,11.0000004b,Drive,Delivery,pitch.1,702544,0.015,-0.3371,0.8607,0.0503,-0.6301,-0.5609,0.0,0.0
1779744291734,2,12.00000015,Lower Delivery,Delivery,pitch.1,702622,9.2942,3.1675,97.8378,7.0097,99.0697,8.9136,-0.0963,0.0068
1779744291734,2,12.00000018,Upper Delivery,Delivery,pitch.1,703309,-0.0882,-0.0422,0.2222,0.2731,0.5125,-2.8198,0.0,0.0
1779744291734,2,Pitching Mound.Delivery,,Delivery,pitch.1,701675,9.206,3.1253,98.06,40.4721,99.5822,2.9038,-0.0961,0.3453
1779744291734,2,Pitching Mound.Drive,,Delivery,pitch.1,702544,0.015,-0.3371,0.8607,0.0503,-0.6301,-0.5609,0.0,0.0
1779744291734,2,Pitching Mound.Parent,,Delivery,pitch.1,700999,9.221,2.7882,98.9207,40.5223,98.9522,2.3429,-0.0953,0.3423
1779744291735,2,11.0000004b,Drive,Delivery,pitch.1,702545,0.0235,-0.3458,0.8667,0.0427,-0.5481,-0.5314,0.0,0.0
1779744291735,2,12.00000015,Lower Delivery,Delivery,pitch.1,702623,9.29,3.1992,97.8425,7.0355,99.1813,8.846,-0.0964,0.0068
1779744291735,2,12.00000018,Upper Delivery,Delivery,pitch.1,703310,-0.0483,-0.0102,0.1272,0.2809,0.5242,-2.8804,0.0,0.0
1779744291735,2,Pitching Mound.Delivery,,Delivery,pitch.1,701676,9.2418,3.189,97.9697,40.5395,99.7054,2.7905,-0.0963,0.3459
1779744291735,2,Pitching Mound.Drive,,Delivery,pitch.1,702545,0.0235,-0.3458,0.8667,0.0427,-0.5481,-0.5314,0.0,0.0
1779744291735,2,Pitching Mound.Parent,,Delivery,pitch.1,701000,9.2652,2.8431,98.8364,40.5823,99.1574,2.2592,-0.0955,0.3429
1779744291736,2,11.0000004b,Drive,Delivery,pitch.1,702546,0.0241,-0.3568,0.9126,0.0513,-0.616,-0.5273,0.0,0.0
1779744291736,2,12.00000015,Lower Delivery,Delivery,pitch.1,702624,9.3395,3.2273,97.8998,7.1029,99.1897,8.8071,-0.0964,0.0069
1779744291736,2,12.00000018,Upper Delivery,Delivery,pitch.1,703311,-0.0465,-0.0001,0.0956,0.2845,0.5296,-2.9085,0.0,0.0
1779744291736,2,Pitching Mound.Delivery,,Delivery,pitch.1,701677,9.293,3.2271,97.9954,40.6408,99.7193,2.7074,-0.0963,0.3462
1779744291736,2,Pitching Mound.Drive,,Delivery,pitch.1,702546,0.0241,-0.3568,0.9126,0.0513,-0.616,-0.5273,0.0,0.0
1779744291736,2,Pitching Mound.Parent,,Delivery,pitch.1,701001,9.3171,2.8704,98.908,40.6921,99.1033,2.1801,-0.0954,0.343
1779744291737,2,11.0000004b,Drive,Delivery,pitch.1,702547,0.0209,-0.36,0.8883,0.0581,-0.6596,-0.5097,0.0,0.0
1779744291737,2,12.00000015,Lower Delivery,Delivery,pitch.1,702625,9.3635,3.262,97.9191,7.079,99.2822,8.8405,-0.0965,0.0069
1779744291737,2,12.00000018,Upper Delivery,Delivery,pitch.1,703312,-0.0478,0.0001,0.1029,0.2809,0.5242,-2.8805,0.0,0.0
1779744291737,2,Pitching Mound.Delivery,,Delivery,pitch.1,701678,9.3156,3.262,98.0221,40.6174,99.8064,2.7602,-0.0964,0.3462
1779744291737,2,Pitching Mound.Drive,,Delivery,pitch.1,702547,0.0209,-0.36,0.8883,0.0581,-0.6596,-0.5097,0.0,0.0
1779744291737,2,Pitching Mound.Parent,,Delivery,pitch.1,701002,9.3365,2.902,98.9103,40.6755,99.1468,2.2505,-0.0955,0.343
1779744291738,2,11.0000004b,Drive,Delivery,pitch.1,702548,0.0327,-0.339,0.8815,0.0568,-0.6643,-0.5432,0.0,0.0
1779744291738,2,12.00000015,Lower Delivery,Delivery,pitch.1,702626,9.3974,3.2834,97.9748,7.1769,99.653,8.7914,-0.0968,0.007
1779744291738,2,12.00000018,Upper Delivery,Delivery,pitch.1,703313,-0.0465,0.0052,0.097,0.1924,0.4326,-2.9295,0.0,0.0
1779744291738,2,Pitching Mound.Delivery,,Delivery,pitch.1,701679,9.3509,3.2887,98.0718,40.6478,100.0855,2.651,-0.0967,0.3463
1779744291738,2,Pitching Mound.Drive,,Delivery,pitch.1,702548,0.0327,-0.339,0.8815,0.0568,-0.6643,-0.5432,0.0,0.0
1779744291738,2,Pitching Mound.Parent,,Delivery,pitch.1,701003,9.3836,2.9497,98.9533,40.7045,99.4212,2.1077,-0.0958,0.3432
1779744291739,2,11.0000004b,Drive,Delivery,pitch.1,702549,0.0266,-0.3444,0.8495,0.047,-0.5776,-0.5183,0.0,0.0
1779744291739,2,12.00000015,Lower Delivery,Delivery,pitch.1,702627,9.4174,3.3108,98.166,7.1146,99.3909,8.7438,-0.0963,0.0069
1779744291739,2,12.00000018,Upper Delivery,Delivery,pitch.1,703314,-0.0464,0.006,0.105,0.2808,0.524,-2.8797,0.0,0.0
1779744291739,2,Pitching Mound.Delivery,,Delivery,pitch.1,701680,9.371,3.3169,98.2711,40.7361,99.9149,2.6464,-0.0962,0.3462
1779744291739,2,Pitching Mound.Drive,,Delivery,pitch.1,702549,0.0266,-0.3444,0.8495,0.047,-0.5776,-0.5183,0.0,0.0
1779744291739,2,Pitching Mound.Parent,,Delivery,pitch.1,701004,9.3976,2.9725,99.1205,40.7831,99.3374,2.1281,-0.0954,0.3432
1779744291740,2,11.0000004b,Drive,Delivery,pitch.1,702550,0.0316,-0.3334,0.8352,0.0461,-0.5966,-0.5616,0.0,0.0
1779744291740,2,12.00000015,Lower Delivery,Delivery,pitch.1,702628,9.4385,3.3413,98.2017,7.151,99.5311,8.699,-0.0964,0.0069
1779744291740,2,12.00000018,Upper Delivery,Delivery,pitch.1,703315,-0.0468,0.0066,0.0968,0.2846,0.5298,-2.9095,0.0,0.0
1779744291740,2,Pitching Mound.Delivery,,Delivery,pitch.1,701681,9.3917,3.348,98.2985,40.7912,100.0609,2.5645,-0.0963,0.3463
1779744291740,2,Pitching Mound.Drive,,Delivery,pitch.1,702550,0.0316,-0.3334,0.8352,0.0461,-0.5966,-0.5616,0.0,0.0
1779744291740,2,Pitching Mound.Parent,,Delivery,pitch.1,701005,9.4233,3.0146,99.1336,40.8373,99.4643,2.0029,-0.0955,0.3433
1779744291741,2,11.0000004b,Drive,Delivery,pitch.1,702551,0.0389,-0.3088,0.7454,0.039,-0.5416,-0.5716,0.0,0.0
1779744291741,2,12.00000015,Lower Delivery,Delivery,pitch.1,702629,9.4481,3.3547,98.1683,7.1341,99.3679,8.7028,-0.0963,0.0069
1779744291741,2,12.00000018,Upper Delivery,Delivery,pitch.1,703316,-0.0476,0.0017,0.1282,0.2836,0.5282,-2.9016,0.0,0.0
1779744291741,2,Pitching Mound.Delivery,,Delivery,pitch.1,701682,9.4005,3.3564,98.2965,40.7513,99.8961,2.5727,-0.0962,0.346
1779744291741,2,Pitching Mound.Drive,,Delivery,pitch.1,702551,0.0389,-0.3088,0.7454,0.039,-0.5416,-0.5716,0.0,0.0
1779744291741,2,Pitching Mound.Parent,,Delivery,pitch.1,701006,9.4394,3.0476,99.0419,40.7903,99.3545,2.0011,-0.0954,0.3434
1779744291742,2,11.0000004b,Drive,Delivery,pitch.1,702552,0.0388,-0.3107,0.7594,0.0478,-0.6328,-0.5988,0.0,0.0
1779744291742,2,12.00000015,Lower Delivery,Delivery,pitch.1,702630,9.4925,3.395,98.1339,7.187,99.6856,8.7319,-0.0966,0.007
1779744291742,2,12.00000018,Upper Delivery,Delivery,pitch.1,703317,-0.0485,0.0003,0.1307,0.2878,0.5345,-2.9343,0.0,0.0
1779744291742,2,Pitching Mound.Delivery,,Delivery,pitch.1,701683,9.4441,3.3953,98.2646,40.7959,100.2202,2.5536,-0.0965,0.3461
1779744291742,2,Pitching Mound.Drive,,Delivery,pitch.1,702552,0.0388,-0.3107,0.7594,0.0478,-0.6328,-0.5988,0.0,0.0
1779744291742,2,Pitching Mound.Parent,,Delivery,pitch.1,701007,9.4829,3.0847,99.024,40.8437,99.5874,1.9548,-0.0958,0.3434
1779744291743,2,11.0000004b,Drive,Delivery,pitch.1,702553,0.0543,-0.2948,0.6973,0.0435,-0.5836,-0.576,0.0,0.0
1779744291743,2,12.00000015,Lower Delivery,Delivery,pitch.1,702631,9.4933,3.4257,98.0937,7.2158,99.6074,8.6971,-0.0966,0.007
1779744291743,2,12.00000018,Upper Delivery,Delivery,pitch.1,703318,-0.0499,-0.0013,0.147,0.289,0.5363,-2.9436,0.0,0.0
1779744291743,2,Pitching Mound.Delivery,,Delivery,pitch.1,701684,9.4433,3.4244,98.2407,40.8066,100.1437,2.5089,-0.0965,0.346
1779744291743,2,Pitching Mound.Drive,,Delivery,pitch.1,702553,0.0543,-0.2948,0.6973,0.0435,-0.5836,-0.576,0.0,0.0
1779744291743,2,Pitching Mound.Parent,,Delivery,pitch.1,701008,9.4976,3.1295,98.938,40.8501,99.5601,1.9329,-0.0958,0.3435
1779744291744,2,11.0000004b,Drive,Delivery,pitch.1,702554,0.0522,-0.3086,0.7302,0.0422,-0.5682,-0.5779,0.0,0.0
1779744291744,2,12.00000015,Lower Delivery,Delivery,pitch.1,702632,9.5247,3.441,98.1285,7.215,99.61,8.6719,-0.0966,0.007
1779744291744,2,12.00000018,Upper Delivery,Delivery,pitch.1,703319,-0.0974,-0.0332,0.2364,0.2828,0.527,-2.8953,0.0,0.0
1779744291744,2,Pitching Mound.Delivery,,Delivery,pitch.1,701685,9.4273,3.4077,98.3649,40.7811,100.137,2.5051,-0.0963,0.3453
1779744291744,2,Pitching Mound.Drive,,Delivery,pitch.1,702554,0.0522,-0.3086,0.7302,0.0422,-0.5682,-0.5779,0.0,0.0
1779744291744,2,Pitching Mound.Parent,,Delivery,pitch.1,701009,9.4795,3.0991,99.0951,40.8233,99.5688,1.9272,-0.0956,0.3428
1779744291745,2,11.0000004b,Drive,Delivery,pitch.1,702555,0.0452,-0.3195,0.7623,0.0513,-0.6602,-0.6069,0.0,0.0
1779744291745,2,12.00000015,Lower Delivery,Delivery,pitch.1,702633,9.5215,3.4542,98.1646,7.24,99.4761,8.6765,-0.0964,0.007
1779744291745,2,12.00000018,Upper Delivery,Delivery,pitch.1,703320,-0.0651,-0.0126,0.1638,0.2779,0.5197,-2.8573,0.0,0.0
1779744291745,2,Pitching Mound.Delivery,,Delivery,pitch.1,701686,9.4564,3.4416,98.3284,40.8382,99.9958,2.5598,-0.0962,0.3459
1779744291745,2,Pitching Mound.Drive,,Delivery,pitch.1,702555,0.0452,-0.3195,0.7623,0.0513,-0.6602,-0.6069,0.0,0.0
1779744291745,2,Pitching Mound.Parent,,Delivery,pitch.1,701010,9.5015,3.1221,99.0907,40.8895,99.3356,1.9528,-0.0955,0.3432
1779744291746,2,11.0000004b,Drive,Delivery,pitch.1,702556,0.0317,-0.3342,0.8198,0.0519,-0.6534,-0.5845,0.0,0.0
1779744291746,2,12.00000015,Lower Delivery,Delivery,pitch.1,702634,9.5671,3.4596,98.3699,7.2668,99.5265,8.6233,-0.0962,0.007
1779744291746,2,12.00000018,Upper Delivery,Delivery,pitch.1,703321,-0.1729,-0.0641,0.3539,0.2785,0.5206,-2.862,0.0,0.0
1779744291746,2,Pitching Mound.Delivery,,Delivery,pitch.1,701687,9.3942,3.3956,98.7238,40.8707,100.0471,2.4497,-0.0959,0.3446
1779744291746,2,Pitching Mound.Drive,,Delivery,pitch.1,702556,0.0317,-0.3342,0.8198,0.0519,-0.6534,-0.5845,0.0,0.0
1779744291746,2,Pitching Mound.Parent,,Delivery,pitch.1,701011,9.4259,3.0613,99.5436,40.9226,99.3937,1.8653,-0.0951,0.3417
1779744291747,2,11.0000004b,Drive,Delivery,pitch.1,702557,0.0313,-0.3331,0.7897,0.0411,-0.5855,-0.6114,0.0,0.0
1779744291747,2,12.00000015,Lower Delivery,Delivery,pitch.1,702635,9.5529,3.4675,98.322,7.3309,99.5117,8.6517,-0.0963,0.0071
1779744291747,2,12.00000018,Upper Delivery,Delivery,pitch.1,703322,-0.2393,-0.0975,0.4583,0.2842,0.5292,-2.9065,0.0,0.0
1779744291747,2,Pitching Mound.Delivery,,Delivery,pitch.1,701688,9.3136,3.37,98.7803,40.8888,100.0409,2.4158,-0.0958,0.3439
1779744291747,2,Pitching Mound.Drive,,Delivery,pitch.1,702557,0.0313,-0.3331,0.7897,0.0411,-0.5855,-0.6114,0.0,0.0
1779744291747,2,Pitching Mound.Parent,,Delivery,pitch.1,701012,9.3449,3.0369,99.57,40.9299,99.4554,1.8044,-0.0951,0.3412
1779744291748,2,11.0000004b,Drive,Delivery,pitch.1,702558,0.0232,-0.3361,0.8124,0.0358,-0.5389,-0.607,0.0,0.0
1779744291748,2,11.0000004b,Drive,Delivery,pitch.1,702559,0.0257,-0.3418,0.8667,0.0422,-0.5828,-0.5934,0.0,0.0
1779744291748,2,12.00000015,Lower Delivery,Delivery,pitch.1,702636,9.5744,3.4705,98.4154,7.3557,99.4111,8.6233,-0.0961,0.0071
1779744291748,2,12.00000018,Upper Delivery,Delivery,pitch.1,703323,-0.1648,-0.0666,0.3489,0.2852,0.5307,-2.9146,0.0,0.0
1779744291748,2,Pitching Mound.Delivery,,Delivery,pitch.1,701689,9.4096,3.4039,98.7644,40.9835,99.9418,2.3975,-0.0958,0.3447
1779744291748,2,Pitching Mound.Drive,,Delivery,pitch.1,702558,0.0232,-0.3361,0.8124,0.0358,-0.5389,-0.607,0.0,0.0
1779744291748,2,Pitching Mound.Drive,,Delivery,pitch.1,702559,0.0257,-0.3418,0.8667,0.0422,-0.5828,-0.5934,0.0,0.0
1779744291748,2,Pitching Mound.Parent,,Delivery,pitch.1,701013,9.4328,3.0678,99.5767,41.0193,99.4029,1.7905,-0.095,0.3419
1779744291749,2,12.00000015,Lower Delivery,Delivery,pitch.1,702637,9.5676,3.4821,98.4889,7.2946,99.2879,8.6412,-0.0959,0.007
1779744291749,2,12.00000018,Upper Delivery,Delivery,pitch.1,703324,-0.2823,-0.1235,0.4969,0.2878,0.5345,-2.9342,0.0,0.0
1779744291749,2,Pitching Mound.Delivery,,Delivery,pitch.1,701690,9.2852,3.3586,98.9859,40.8996,99.8225,2.358,-0.0954,0.3436
1779744291749,2,Pitching Mound.Parent,,Delivery,pitch.1,701014,9.311,3.0168,99.8525,40.9418,99.2397,1.7646,-0.0946,0.3406
1779744291750,2,11.0000004b,Drive,Delivery,pitch.1,702560,0.016,-0.3591,0.875,0.0401,-0.5509,-0.5663,0.0,0.0
1779744291750,2,12.00000015,Lower Delivery,Delivery,pitch.1,702638,9.5608,3.4807,98.5307,7.2523,99.2771,8.6099,-0.0958,0.007
1779744291750,2,12.00000018,Upper Delivery,Delivery,pitch.1,703325,-0.1453,-0.0687,0.3274,0.2862,0.5321,-2.9218,0.0,0.0
1779744291750,2,Pitching Mound.Delivery,,Delivery,pitch.1,701691,9.4154,3.4119,98.8581,40.9276,99.8093,2.388,-0.0955,0.3447
1779744291750,2,Pitching Mound.Drive,,Delivery,pitch.1,702560,0.016,-0.3591,0.875,0.0401,-0.5509,-0.5663,0.0,0.0
1779744291750,2,Pitching Mound.Parent,,Delivery,pitch.1,701015,9.4314,3.0528,99.733,40.9677,99.2583,1.8216,-0.0947,0.3417
1779744291751,2,11.0000004b,Drive,Delivery,pitch.1,702561,0.0303,-0.3586,0.889,0.0481,-0.637,-0.5944,0.0,0.0
1779744291751,2,12.00000015,Lower Delivery,Delivery,pitch.1,702639,9.566,3.4684,98.5588,7.2258,99.3238,8.6295,-0.0959,0.007
1779744291751,2,12.00000018,Upper Delivery,Delivery,pitch.1,703326,-0.0933,-0.0439,0.2426,0.2887,0.5359,-2.9414,0.0,0.0
1779744291751,2,Pitching Mound.Delivery,,Delivery,pitch.1,701692,9.4726,3.4245,98.8014,40.942,99.8597,2.4039,-0.0956,0.3453
1779744291751,2,Pitching Mound.Drive,,Delivery,pitch.1,702561,0.0303,-0.3586,0.889,0.0481,-0.637,-0.5944,0.0,0.0
1779744291751,2,Pitching Mound.Parent,,Delivery,pitch.1,701016,9.503,3.0659,99.6903,40.9901,99.2227,1.8095,-0.0948,0.3422
1779744291752,2,11.0000004b,Drive,Delivery,pitch.1,702562,0.0312,-0.3583,0.8775,0.0645,-0.7647,-0.5805,0.0,0.0
1779744291752,2,11.0000004b,Drive,Delivery,pitch.1,702563,0.0299,-0.3501,0.9312,0.0517,-0.6469,-0.5549,0.0,0.0
1779744291752,2,12.00000015,Lower Delivery,Delivery,pitch.1,702640,9.5652,3.4623,98.6332,7.2768,99.6455,8.6464,-0.0961,0.007
1779744291752,2,12.00000018,Upper Delivery,Delivery,pitch.1,703327,-0.1607,-0.0768,0.3657,0.2861,0.5321,-2.9216,0.0,0.0
1779744291752,2,Pitching Mound.Delivery,,Delivery,pitch.1,701693,9.4046,3.3855,98.999,40.9739,100.1776,2.418,-0.0958,0.3445
1779744291752,2,Pitching Mound.Drive,,Delivery,pitch.1,702562,0.0312,-0.3583,0.8775,0.0645,-0.7647,-0.5805,0.0,0.0
1779744291752,2,Pitching Mound.Drive,,Delivery,pitch.1,702563,0.0299,-0.3501,0.9312,0.0517,-0.6469,-0.5549,0.0,0.0
1779744291752,2,Pitching Mound.Parent,,Delivery,pitch.1,701017,9.4357,3.0272,99.8764,41.0385,99.4129,1.8375,-0.0949,0.3415
1779744291753,2,11.0000004b,Drive,Delivery,pitch.1,702564,0.0259,-0.3569,0.9579,0.0528,-0.6597,-0.5643,0.0,0.0
1779744291753,2,12.00000015,Lower Delivery,Delivery,pitch.1,702641,9.5502,3.4478,98.7259,7.1945,99.5381,8.7149,-0.0959,0.0069
1779744291753,2,12.00000018,Upper Delivery,Delivery,pitch.1,703328,-0.1801,-0.0887,0.3919,0.2853,0.5309,-2.9153,0.0,0.0
1779744291753,2,Pitching Mound.Delivery,,Delivery,pitch.1,701694,9.3701,3.3591,99.1178,40.9133,100.069,2.4913,-0.0955,0.3442
1779744291753,2,Pitching Mound.Drive,,Delivery,pitch.1,702564,0.0259,-0.3569,0.9579,0.0528,-0.6597,-0.5643,0.0,0.0
1779744291753,2,Pitching Mound.Parent,,Delivery,pitch.1,701018,9.3999,3.009,100.049,40.965,99.4221,1.9364,-0.0946,0.341
1779744291754,2,11.0000004b,Drive,Delivery,pitch.1,702565,0.0261,-0.3264,0.9262,0.0458,-0.598,-0.5404,0.0,0.0
1779744291754,2,12.00000015,Lower Delivery,Delivery,pitch.1,702642,9.5493,3.4445,98.7445,7.3096,100.0681,8.7372,-0.0964,0.007
1779744291754,2,12.00000018,Upper Delivery,Delivery,pitch.1,703329,-0.1704,-0.0909,0.3866,0.2822,0.5262,-2.8911,0.0,0.0
1779744291754,2,Pitching Mound.Delivery,,Delivery,pitch.1,701695,9.3789,3.3536,99.1311,41.0336,100.5943,2.5414,-0.096,0.3444
1779744291754,2,Pitching Mound.Drive,,Delivery,pitch.1,702565,0.0261,-0.3264,0.9262,0.0458,-0.598,-0.5404,0.0,0.0
1779744291754,2,Pitching Mound.Parent,,Delivery,pitch.1,701019,9.4048,2.9967,100.089,41.0863,99.9347,1.9771,-0.0951,0.3411
1779744291755,2,11.0000004b,Drive,Delivery,pitch.1,702566,0.0286,-0.3152,1.0396,0.0275,-0.4223,-0.513,0.0,0.0
1779744291755,2,12.00000015,Lower Delivery,Delivery,pitch.1,702643,9.5417,3.441,98.7789,7.3462,100.3058,8.784,-0.0966,0.0071
1779744291755,2,12.00000018,Upper Delivery,Delivery,pitch.1,703330,-0.0698,-0.0481,0.2289,0.2776,0.5193,-2.8554,0.0,0.0
1779744291755,2,Pitching Mound.Delivery,,Delivery,pitch.1,701696,9.4719,3.393,99.0078,41.1308,100.8252,2.6608,-0.0964,0.3455
1779744291755,2,Pitching Mound.Drive,,Delivery,pitch.1,702566,0.0286,-0.3152,1.0396,0.0275,-0.4223,-0.513,0.0,0.0
1779744291755,2,Pitching Mound.Parent,,Delivery,pitch.1,701020,9.498,3.0666,99.934,41.1766,100.2271,2.1203,-0.0955,0.3423
1779744291756,2,11.0000004b,Drive,Delivery,pitch.1,702567,0.0379,-0.3277,0.9619,0.0434,-0.5613,-0.5404,0.0,0.0
1779744291756,2,12.00000015,Lower Delivery,Delivery,pitch.1,702644,9.5541,3.4269,98.944,7.2582,100.1979,8.845,-0.0963,0.007
1779744291756,2,12.00000018,Upper Delivery,Delivery,pitch.1,703331,-0.2004,-0.1127,0.4625,0.2719,0.5107,-2.8102,0.0,0.0
1779744291756,2,Pitching Mound.Delivery,,Delivery,pitch.1,701697,9.3537,3.3142,99.4064,41.0138,100.7085,2.7182,-0.0959,0.3438
1779744291756,2,Pitching Mound.Drive,,Delivery,pitch.1,702567,0.0379,-0.3277,0.9619,0.0434,-0.5613,-0.5404,0.0,0.0
1779744291756,2,Pitching Mound.Parent,,Delivery,pitch.1,701021,9.3823,2.999,100.4461,41.0413,100.2863,2.2052,-0.0949,0.3402
1779744291757,2,11.0000004b,Drive,Delivery,pitch.1,702568,0.0349,-0.3302,0.9105,0.0446,-0.569,-0.5525,0.0,0.0
1779744291757,2,12.00000015,Lower Delivery,Delivery,pitch.1,702645,9.5391,3.4367,98.8864,7.2261,100.0343,8.8655,-0.0962,0.007
1779744291757,2,12.00000018,Upper Delivery,Delivery,pitch.1,703332,-0.2399,-0.1281,0.5044,0.2629,0.4972,-2.7404,0.0,0.0
1779744291757,2,Pitching Mound.Delivery,,Delivery,pitch.1,701698,9.2993,3.3086,99.3909,40.9389,100.5315,2.8002,-0.0957,0.3435
1779744291757,2,Pitching Mound.Drive,,Delivery,pitch.1,702568,0.0349,-0.3302,0.9105,0.0446,-0.569,-0.5525,0.0,0.0
1779744291757,2,Pitching Mound.Parent,,Delivery,pitch.1,701022,9.3371,2.9809,100.3527,40.9823,99.9702,2.2598,-0.0948,0.3402
1779744291758,2,11.0000004b,Drive,Delivery,pitch.1,702569,0.0372,-0.3141,0.8861,0.0363,-0.5156,-0.5681,0.0,0.0
1779744291758,2,12.00000015,Lower Delivery,Delivery,pitch.1,702646,9.5483,3.4076,99.0193,7.3019,100.1702,8.8781,-0.0962,0.007
1779744291758,2,12.00000018,Upper Delivery,Delivery,pitch.1,703333,-0.2838,-0.1295,0.6037,0.2597,0.4924,-2.7155,0.0,0.0
1779744291758,2,Pitching Mound.Delivery,,Delivery,pitch.1,701699,9.2645,3.2781,99.623,41.0229,100.6626,2.8197,-0.0957,0.3429
1779744291758,2,Pitching Mound.Drive,,Delivery,pitch.1,702569,0.0372,-0.3141,0.8861,0.0363,-0.5156,-0.5681,0.0,0.0
1779744291758,2,Pitching Mound.Parent,,Delivery,pitch.1,701023,9.2994,2.9479,100.5336,41.0675,100.0936,2.2672,-0.0948,0.3397
1779744291759,2,11.0000004b,Drive,Delivery,pitch.1,702570,0.0441,-0.3131,0.8911,0.0431,-0.5765,-0.5737,0.0,0.0
1779744291759,2,12.00000015,Lower Delivery,Delivery,pitch.1,702647,9.5456,3.3947,99.0313,7.3656,100.1645,8.9189,-0.0962,0.0071
1779744291759,2,12.00000018,Upper Delivery,Delivery,pitch.1,703334,-0.2377,-0.1294,0.5067,0.2579,0.4897,-2.7016,0.0,0.0
1779744291759,2,Pitching Mound.Delivery,,Delivery,pitch.1,701700,9.3079,3.2652,99.5381,41.1219,100.6542,2.891,-0.0957,0.3436
1779744291759,2,Pitching Mound.Drive,,Delivery,pitch.1,702570,0.0441,-0.3131,0.8911,0.0431,-0.5765,-0.5737,0.0,0.0
1779744291759,2,Pitching Mound.Parent,,Delivery,pitch.1,701024,9.3451,2.9512,100.4242,41.1582,100.1386,2.3229,-0.0949,0.3405
1779744291760,2,11.0000004b,Drive,Delivery,pitch.1,702571,0.0441,-0.3237,0.8549,0.0379,-0.5685,-0.6138,0.0,0.0
1779744291760,2,12.00000015,Lower Delivery,Delivery,pitch.1,702648,9.5861,3.3732,99.1719,7.4463,100.2459,8.9586,-0.0962,0.0071
1779744291760,2,12.00000018,Upper Delivery,Delivery,pitch.1,703335,-0.259,-0.1348,0.4976,0.2462,0.4721,-2.61,0.0,0.0
1779744291760,2,Pitching Mound.Delivery,,Delivery,pitch.1,701701,9.327,3.2384,99.6696,41.2418,100.718,3.0013,-0.0957,0.3437
1779744291760,2,Pitching Mound.Drive,,Delivery,pitch.1,702571,0.0441,-0.3237,0.8549,0.0379,-0.5685,-0.6138,0.0,0.0
1779744291760,2,Pitching Mound.Parent,,Delivery,pitch.1,701025,9.3712,2.9253,100.5607,41.2849,100.1415,2.4276,-0.0948,0.3407
1779744291761,2,11.0000004b,Drive,Delivery,pitch.1,702572,0.0528,-0.3078,0.7971,0.0463,-0.6272,-0.6046,0.0,0.0
1779744291761,2,12.00000015,Lower Delivery,Delivery,pitch.1,702649,9.5848,3.3757,99.189,7.4903,100.0587,8.9864,-0.096,0.0072
1779744291761,2,12.00000018,Upper Delivery,Delivery,pitch.1,703336,-0.3396,-0.167,0.4136,0.2426,0.4668,-2.5824,0.0,0.0
1779744291761,2,Pitching Mound.Delivery,,Delivery,pitch.1,701702,9.2452,3.2087,99.6026,41.3166,100.5255,3.0297,-0.0956,0.3443
1779744291761,2,Pitching Mound.Drive,,Delivery,pitch.1,702572,0.0528,-0.3078,0.7971,0.0463,-0.6272,-0.6046,0.0,0.0
1779744291761,2,Pitching Mound.Parent,,Delivery,pitch.1,701026,9.2893,2.885,100.4576,41.3545,99.957,2.4159,-0.0948,0.3414
1779744291762,2,12.00000015,Lower Delivery,Delivery,pitch.1,702650,9.5824,3.3764,99.2302,7.4478,99.8189,9.0079,-0.0957,0.0071
1779744291762,2,12.00000018,Upper Delivery,Delivery,pitch.1,703337,-0.328,-0.1577,0.4139,0.2396,0.4623,-2.559,0.0,0.0
1779744291762,2,Pitching Mound.Delivery,,Delivery,pitch.1,701703,9.2544,3.2187,99.6441,41.285,100.2812,3.0794,-0.0953,0.3443
1779744291762,2,Pitching Mound.Parent,,Delivery,pitch.1,701027,9.3073,2.9109,100.4412,41.3313,99.654,2.4748,-0.0945,0.3416
1779744291763,2,11.0000004b,Drive,Delivery,pitch.1,702573,0.0607,-0.2958,0.7816,0.0473,-0.648,-0.6289,0.0,0.0
1779744291763,2,11.0000004b,Drive,Delivery,pitch.1,702574,0.0644,-0.2918,0.8008,0.0451,-0.6345,-0.6178,0.0,0.0
1779744291763,2,12.00000015,Lower Delivery,Delivery,pitch.1,702651,9.5816,3.3755,99.2256,7.3931,99.754,9.0501,-0.0956,0.0071
1779744291763,2,12.00000018,Upper Delivery,Delivery,pitch.1,703338,-0.3299,-0.1623,0.5273,0.2486,0.4757,-2.629,0.0,0.0
1779744291763,2,Pitching Mound.Delivery,,Delivery,pitch.1,701704,9.2517,3.2131,99.7529,41.1991,100.2298,3.0512,-0.0951,0.3435
1779744291763,2,Pitching Mound.Drive,,Delivery,pitch.1,702573,0.0607,-0.2958,0.7816,0.0473,-0.648,-0.6289,0.0,0.0
1779744291763,2,Pitching Mound.Drive,,Delivery,pitch.1,702574,0.0644,-0.2918,0.8008,0.0451,-0.6345,-0.6178,0.0,0.0
1779744291763,2,Pitching Mound.Parent,,Delivery,pitch.1,701028,9.3125,2.9173,100.5345,41.2464,99.5817,2.4223,-0.0944,0.3408
1779744291764,2,11.0000004b,Drive,Delivery,pitch.1,702575,0.0609,-0.3004,0.8263,0.0439,-0.624,-0.6096,0.0,0.0
1779744291764,2,12.00000015,Lower Delivery,Delivery,pitch.1,702652,9.596,3.3772,99.1837,7.3933,99.7158,9.0475,-0.0956,0.0071
1779744291764,2,12.00000018,Upper Delivery,Delivery,pitch.1,703339,-0.3205,-0.1609,0.5798,0.2408,0.464,-2.568,0.0,0.0
1779744291764,2,Pitching Mound.Delivery,,Delivery,pitch.1,701705,9.2755,3.2163,99.7635,41.1593,100.1798,3.1079,-0.0951,0.3431
1779744291764,2,Pitching Mound.Drive,,Delivery,pitch.1,702575,0.0609,-0.3004,0.8263,0.0439,-0.624,-0.6096,0.0,0.0
1779744291764,2,Pitching Mound.Parent,,Delivery,pitch.1,701029,9.3399,2.9245,100.5643,41.2045,99.5453,2.4901,-0.0943,0.3404
1779744291765,2,12.00000015,Lower Delivery,Delivery,pitch.1,702653,9.6072,3.3797,99.1363,7.3379,99.5204,9.0481,-0.0955,0.007
1779744291765,2,12.00000018,Upper Delivery,Delivery,pitch.1,703340,-0.3401,-0.1571,0.6028,0.2432,0.4676,-2.5865,0.0,0.0
1779744291765,2,Pitching Mound.Delivery,,Delivery,pitch.1,701706,9.2671,3.2226,99.7391,41.0824,99.988,3.0795,-0.0949,0.3429
1779744291765,2,Pitching Mound.Parent,,Delivery,pitch.1,701030,9.328,2.9221,100.5654,41.1263,99.3639,2.4699,-0.0941,0.3401
1779744291766,2,11.0000004b,Drive,Delivery,pitch.1,702576,0.0704,-0.2956,0.8242,0.0529,-0.7025,-0.645,0.0,0.0
1779744291766,2,11.0000004b,Drive,Delivery,pitch.1,702577,0.0825,-0.2799,0.7697,0.054,-0.7127,-0.6347,0.0,0.0
1779744291766,2,12.00000015,Lower Delivery,Delivery,pitch.1,702654,9.6062,3.3903,99.1178,7.3442,99.3561,9.1016,-0.0954,0.007
1779744291766,2,12.00000018,Upper Delivery,Delivery,pitch.1,703341,-0.386,-0.1624,0.6958,0.2518,0.4806,-2.6542,0.0,0.0
1779744291766,2,Pitching Mound.Delivery,,Delivery,pitch.1,701707,9.2201,3.2279,99.8136,41.0595,99.8367,3.0501,-0.0947,0.3423
1779744291766,2,Pitching Mound.Drive,,Delivery,pitch.1,702576,0.0704,-0.2956,0.8242,0.0529,-0.7025,-0.645,0.0,0.0
1779744291766,2,Pitching Mound.Drive,,Delivery,pitch.1,702577,0.0825,-0.2799,0.7697,0.054,-0.7127,-0.6347,0.0,0.0
1779744291766,2,Pitching Mound.Parent,,Delivery,pitch.1,701031,9.2906,2.9323,100.6378,41.1124,99.1342,2.4051,-0.0939,0.3395
1779744291767,2,11.0000004b,Drive,Delivery,pitch.1,702578,0.0731,-0.2825,0.79,0.0422,-0.5805,-0.587,0.0,0.0
1779744291767,2,12.00000015,Lower Delivery,Delivery,pitch.1,702655,9.6553,3.3928,99.2194,7.3212,99.6774,9.068,-0.0956,0.007
1779744291767,2,12.00000018,Upper Delivery,Delivery,pitch.1,703342,-0.2902,-0.1354,0.5332,0.261,0.4943,-2.7252,0.0,0.0
1779744291767,2,Pitching Mound.Delivery,,Delivery,pitch.1,701708,9.3651,3.2573,99.7525,41.1355,100.1716,2.9613,-0.0951,0.3433
1779744291767,2,Pitching Mound.Drive,,Delivery,pitch.1,702578,0.0731,-0.2825,0.79,0.0422,-0.5805,-0.587,0.0,0.0
1779744291767,2,Pitching Mound.Parent,,Delivery,pitch.1,701032,9.4476,2.9774,100.5223,41.1894,99.4589,2.3266,-0.0943,0.3407
1779744291768,2,11.0000004b,Drive,Delivery,pitch.1,702579,0.0623,-0.2988,0.8047,0.0384,-0.5675,-0.5961,0.0,0.0
1779744291768,2,12.00000015,Lower Delivery,Delivery,pitch.1,702656,9.6845,3.39,99.2063,7.2781,99.6113,9.0882,-0.0955,0.007
1779744291768,2,12.00000018,Upper Delivery,Delivery,pitch.1,703343,-0.1917,-0.0891,0.3717,0.2654,0.501,-2.7602,0.0,0.0
1779744291768,2,Pitching Mound.Delivery,,Delivery,pitch.1,701709,9.4928,3.3009,99.578,41.1473,100.1123,2.9701,-0.0952,0.3444
1779744291768,2,Pitching Mound.Drive,,Delivery,pitch.1,702579,0.0623,-0.2988,0.8047,0.0384,-0.5675,-0.5961,0.0,0.0
1779744291768,2,Pitching Mound.Parent,,Delivery,pitch.1,701033,9.5659,3.0184,100.368,41.1895,99.5318,2.3831,-0.0944,0.3417
1779744291769,2,11.0000004b,Drive,Delivery,pitch.1,702580,0.0739,-0.2911,0.7835,0.0476,-0.6328,-0.5951,0.0,0.0
1779744291769,2,12.00000015,Lower Delivery,Delivery,pitch.1,702657,9.7228,3.4155,99.1775,7.2073,99.5026,9.0665,-0.0954,0.0069
1779744291769,2,12.00000018,Upper Delivery,Delivery,pitch.1,703344,-0.0551,-0.0336,0.1639,0.2754,0.516,-2.8382,0.0,0.0
1779744291769,2,Pitching Mound.Delivery,,Delivery,pitch.1,701710,9.6678,3.3818,99.3414,41.1473,100.0187,2.9038,-0.0953,0.3458
1779744291769,2,Pitching Mound.Drive,,Delivery,pitch.1,702580,0.0739,-0.2911,0.7835,0.0476,-0.6328,-0.5951,0.0,0.0
1779744291769,2,Pitching Mound.Parent,,Delivery,pitch.1,701034,9.73,3.0831,100.1461,41.1858,99.4511,2.3077,-0.0945,0.343
1779744291770,2,11.0000004b,Drive,Delivery,pitch.1,702581,0.0599,-0.3044,0.7998,0.038,-0.5396,-0.5848,0.0,0.0
1779744291770,2,12.00000015,Lower Delivery,Delivery,pitch.1,702658,9.7746,3.4436,99.188,7.3524,99.941,8.9991,-0.0959,0.0071
1779744291770,2,12.00000018,Upper Delivery,Delivery,pitch.1,703345,-0.2229,-0.1081,0.4411,0.2816,0.5253,-2.8861,0.0,0.0
1779744291770,2,Pitching Mound.Delivery,,Delivery,pitch.1,701711,9.5517,3.3355,99.6291,41.208,100.4662,2.7138,-0.0954,0.344
1779744291770,2,Pitching Mound.Drive,,Delivery,pitch.1,702581,0.0599,-0.3044,0.7998,0.038,-0.5396,-0.5848,0.0,0.0
1779744291770,2,Pitching Mound.Parent,,Delivery,pitch.1,701035,9.6257,3.0444,100.4126,41.2556,99.8334,2.1187,-0.0947,0.3413
1779744291771,2,11.0000004b,Drive,Delivery,pitch.1,702582,0.0469,-0.3217,0.798,0.0276,-0.4413,-0.5591,0.0,0.0
1779744291771,2,12.00000015,Lower Delivery,Delivery,pitch.1,702659,9.8014,3.4778,99.1719,7.2984,99.8629,8.9733,-0.0958,0.007
1779744291771,2,12.00000018,Upper Delivery,Delivery,pitch.1,703346,-0.2385,-0.1045,0.4444,0.2752,0.5157,-2.8362,0.0,0.0
1779744291771,2,Pitching Mound.Delivery,,Delivery,pitch.1,701712,9.563,3.3733,99.6163,41.141,100.3786,2.7235,-0.0954,0.3439
1779744291771,2,Pitching Mound.Drive,,Delivery,pitch.1,702582,0.0469,-0.3217,0.798,0.0276,-0.4413,-0.5591,0.0,0.0
1779744291771,2,Pitching Mound.Parent,,Delivery,pitch.1,701036,9.6229,3.0689,100.4161,41.179,99.8389,2.1387,-0.0946,0.3412
1779744291772,2,11.0000004b,Drive,Delivery,pitch.1,702583,0.0331,-0.3184,0.7886,0.0285,-0.4566,-0.5789,0.0,0.0
1779744291772,2,12.00000015,Lower Delivery,Delivery,pitch.1,702660,9.8606,3.5048,99.204,7.3023,99.9457,8.9458,-0.0958,0.007
1779744291772,2,12.00000018,Upper Delivery,Delivery,pitch.1,703347,-0.058,-0.0272,0.1715,0.2793,0.5218,-2.8683,0.0,0.0
1779744291772,2,Pitching Mound.Delivery,,Delivery,pitch.1,701713,9.8026,3.4776,99.3755,41.2527,100.4675,2.7052,-0.0957,0.3458
1779744291772,2,Pitching Mound.Drive,,Delivery,pitch.1,702583,0.0331,-0.3184,0.7886,0.0285,-0.4566,-0.5789,0.0,0.0
1779744291772,2,Pitching Mound.Parent,,Delivery,pitch.1,701037,9.8495,3.1559,100.1735,41.2803,100.0262,2.1461,-0.0949,0.3431
1779744291773,2,11.0000004b,Drive,Delivery,pitch.1,702584,0.0174,-0.3454,0.8468,0.0226,-0.4206,-0.5927,0.0,0.0
1779744291773,2,12.00000015,Lower Delivery,Delivery,pitch.1,702661,9.913,3.5447,99.2138,7.3573,100.2633,8.8889,-0.0961,0.0071
1779744291773,2,12.00000018,Upper Delivery,Delivery,pitch.1,703348,-0.0492,-0.0336,0.1898,0.2794,0.522,-2.8689,0.0,0.0
1779744291773,2,Pitching Mound.Delivery,,Delivery,pitch.1,701714,9.8638,3.5111,99.4036,41.3049,100.7853,2.6328,-0.096,0.3457
1779744291773,2,Pitching Mound.Drive,,Delivery,pitch.1,702584,0.0174,-0.3454,0.8468,0.0226,-0.4206,-0.5927,0.0,0.0
1779744291773,2,Pitching Mound.Parent,,Delivery,pitch.1,701038,9.8968,3.1927,100.1922,41.3333,100.3287,2.0539,-0.0952,0.343
1779744291774,2,11.0000004b,Drive,Delivery,pitch.1,702585,0.0227,-0.3414,0.8197,0.0265,-0.4379,-0.5836,0.0,0.0
1779744291774,2,12.00000015,Lower Delivery,Delivery,pitch.1,702662,9.9686,3.5946,99.2569,7.3517,100.0686,8.8116,-0.0959,0.007
1779744291774,2,12.00000018,Upper Delivery,Delivery,pitch.1,703349,-0.112,-0.0737,0.3232,0.269,0.5063,-2.7878,0.0,0.0
1779744291774,2,Pitching Mound.Delivery,,Delivery,pitch.1,701715,9.8566,3.5208,99.5802,41.2582,100.5749,2.5964,-0.0956,0.3448
1779744291774,2,Pitching Mound.Drive,,Delivery,pitch.1,702585,0.0227,-0.3414,0.8197,0.0265,-0.4379,-0.5836,0.0,0.0
1779744291774,2,Pitching Mound.Parent,,Delivery,pitch.1,701039,9.874,3.1754,100.427,41.2808,100.1543,2.0037,-0.0948,0.3419
1779744291775,2,11.0000004b,Drive,Delivery,pitch.1,702586,0.0058,-0.3318,0.7784,0.0131,-0.3545,-0.5853,0.0,0.0
1779744291775,2,12.00000015,Lower Delivery,Delivery,pitch.1,702663,10.0161,3.6399,99.2365,7.3518,100.2282,8.8022,-0.0961,0.007
1779744291775,2,12.00000018,Upper Delivery,Delivery,pitch.1,703350,-0.1111,-0.0695,0.3056,0.2744,0.5145,-2.8301,0.0,0.0
1779744291775,2,Pitching Mound.Delivery,,Delivery,pitch.1,701716,9.9051,3.5704,99.542,41.2627,100.7427,2.5289,-0.0958,0.3449
1779744291775,2,Pitching Mound.Drive,,Delivery,pitch.1,702586,0.0058,-0.3318,0.7784,0.0131,-0.3545,-0.5853,0.0,0.0
1779744291775,2,Pitching Mound.Parent,,Delivery,pitch.1,701040,9.9278,3.229,100.3617,41.2892,100.3048,1.9453,-0.095,0.3421
1779744291776,2,11.0000004b,Drive,Delivery,pitch.1,702587,0.0033,-0.3342,0.8481,0.0162,-0.3864,-0.6027,0.0,0.0
1779744291776,2,12.00000015,Lower Delivery,Delivery,pitch.1,702664,10.0518,3.6905,99.2151,7.4117,100.2385,8.7178,-0.0961,0.0071
1779744291776,2,12.00000018,Upper Delivery,Delivery,pitch.1,703351,-0.0539,-0.0523,0.2274,0.2701,0.508,-2.7967,0.0,0.0
1779744291776,2,Pitching Mound.Delivery,,Delivery,pitch.1,701717,9.9979,3.6382,99.4425,41.3377,100.7466,2.4852,-0.0959,0.3455
1779744291776,2,Pitching Mound.Drive,,Delivery,pitch.1,702587,0.0033,-0.3342,0.8481,0.0162,-0.3864,-0.6027,0.0,0.0
1779744291776,2,Pitching Mound.Parent,,Delivery,pitch.1,701041,10.0037,3.3064,100.2208,41.3508,100.3921,1.8999,-0.0951,0.3429
1779744291777,2,11.0000004b,Drive,Delivery,pitch.1,702588,0.0055,-0.3218,0.8836,0.014,-0.3667,-0.5944,0.0,0.0
1779744291777,2,12.00000015,Lower Delivery,Delivery,pitch.1,702665,10.0853,3.7284,99.1366,7.5205,100.4761,8.6837,-0.0964,0.0072
1779744291777,2,12.00000018,Upper Delivery,Delivery,pitch.1,703352,-0.0663,-0.0605,0.255,0.2727,0.5119,-2.8167,0.0,0.0
1779744291777,2,Pitching Mound.Delivery,,Delivery,pitch.1,701718,10.019,3.6679,99.3916,41.4129,100.988,2.4154,-0.0962,0.3455
1779744291777,2,Pitching Mound.Drive,,Delivery,pitch.1,702588,0.0055,-0.3218,0.8836,0.014,-0.3667,-0.5944,0.0,0.0
1779744291777,2,Pitching Mound.Parent,,Delivery,pitch.1,701042,10.0223,3.3337,100.2397,41.4291,100.6017,1.8127,-0.0954,0.3425
1779744291778,2,11.0000004b,Drive,Delivery,pitch.1,702589,0.0005,-0.321,0.8848,0.0173,-0.3926,-0.5887,0.0,0.0
1779744291778,2,12.00000015,Lower Delivery,Delivery,pitch.1,702666,10.1234,3.7835,99.1179,7.6006,100.5687,8.6263,-0.0965,0.0073
1779744291778,2,12.00000018,Upper Delivery,Delivery,pitch.1,703353,-0.0492,-0.054,0.2326,0.2633,0.4979,-2.7438,0.0,0.0
1779744291778,2,Pitching Mound.Delivery,,Delivery,pitch.1,701719,10.0742,3.7294,99.3506,41.485,101.0666,2.4238,-0.0963,0.3457
1779744291778,2,Pitching Mound.Drive,,Delivery,pitch.1,702589,0.0005,-0.321,0.8848,0.0173,-0.3926,-0.5887,0.0,0.0
1779744291778,2,Pitching Mound.Parent,,Delivery,pitch.1,701043,10.0797,3.4076,100.2341,41.4989,100.6999,1.8294,-0.0954,0.3426
1779744291779,2,11.0000004b,Drive,Delivery,pitch.1,702590,0.0032,-0.3083,0.8242,0.0268,-0.5045,-0.6373,0.0,0.0
1779744291779,2,12.00000015,Lower Delivery,Delivery,pitch.1,702667,10.1202,3.8389,99.0717,7.7809,100.6818,8.5562,-0.0967,0.0075
1779744291779,2,12.00000018,Upper Delivery,Delivery,pitch.1,703354,-0.0767,-0.0583,0.2579,0.2672,0.5036,-2.7738,0.0,0.0
1779744291779,2,Pitching Mound.Delivery,,Delivery,pitch.1,701720,10.0435,3.7806,99.3296,41.6447,101.1854,2.3154,-0.0964,0.3457
1779744291779,2,Pitching Mound.Drive,,Delivery,pitch.1,702590,0.0032,-0.3083,0.8242,0.0268,-0.5045,-0.6373,0.0,0.0
1779744291779,2,Pitching Mound.Parent,,Delivery,pitch.1,701044,10.044,3.4595,100.2144,41.662,100.7928,1.7267,-0.0956,0.3426
1779744291780,2,11.0000004b,Drive,Delivery,pitch.1,702591,-0.0013,-0.3003,0.9045,0.0315,-0.5283,-0.6177,0.0,0.0
1779744291780,2,12.00000015,Lower Delivery,Delivery,pitch.1,702668,10.1548,3.867,99.1134,7.8048,100.6683,8.5195,-0.0966,0.0075
1779744291780,2,12.00000018,Upper Delivery,Delivery,pitch.1,703355,-0.1223,-0.0752,0.3323,0.2686,0.5057,-2.7847,0.0,0.0
1779744291780,2,Pitching Mound.Delivery,,Delivery,pitch.1,701721,10.0325,3.7918,99.4457,41.659,101.174,2.2406,-0.0963,0.3452
1779744291780,2,Pitching Mound.Drive,,Delivery,pitch.1,702591,-0.0013,-0.3003,0.9045,0.0315,-0.5283,-0.6177,0.0,0.0
1779744291780,2,Pitching Mound.Parent,,Delivery,pitch.1,701045,10.0357,3.4835,100.2699,41.6858,100.6695,1.6033,-0.0955,0.3424
1779744291781,2,11.0000004b,Drive,Delivery,pitch.1,702592,0.0041,-0.317,0.9257,0.0402,-0.5886,-0.6063,0.0,0.0
1779744291781,2,12.00000015,Lower Delivery,Delivery,pitch.1,702669,10.1681,3.9201,99.1435,7.7549,100.6336,8.4476,-0.0966,0.0074
1779744291781,2,12.00000018,Upper Delivery,Delivery,pitch.1,703356,-0.0478,-0.0352,0.1868,0.2697,0.5074,-2.7936,0.0,0.0
1779744291781,2,Pitching Mound.Delivery,,Delivery,pitch.1,701722,10.1203,3.8849,99.3302,41.6699,101.1411,2.1806,-0.0964,0.3461
1779744291781,2,Pitching Mound.Drive,,Delivery,pitch.1,702592,0.0041,-0.317,0.9257,0.0402,-0.5886,-0.6063,0.0,0.0
1779744291781,2,Pitching Mound.Parent,,Delivery,pitch.1,701046,10.1191,3.5846,100.2347,41.7014,100.6127,1.5629,-0.0955,0.343
1779744291782,2,11.0000004b,Drive,Delivery,pitch.1,702593,0.0116,-0.3199,0.8227,0.057,-0.7438,-0.6301,0.0,0.0
1779744291782,2,12.00000015,Lower Delivery,Delivery,pitch.1,702670,10.1906,3.942,98.9482,7.8252,100.9591,8.433,-0.0971,0.0075
1779744291782,2,12.00000018,Upper Delivery,Delivery,pitch.1,703357,-0.0482,-0.0389,0.1933,0.2805,0.5237,-2.8778,0.0,0.0
1779744291782,2,Pitching Mound.Delivery,,Delivery,pitch.1,701723,10.1423,3.9031,99.1414,41.6824,101.4827,2.074,-0.0969,0.3462
1779744291782,2,Pitching Mound.Drive,,Delivery,pitch.1,702593,0.0116,-0.3199,0.8227,0.057,-0.7438,-0.6301,0.0,0.0
1779744291782,2,Pitching Mound.Parent,,Delivery,pitch.1,701047,10.1464,3.5861,100.0671,41.7226,100.8941,1.4677,-0.096,0.343
1779744291783,2,11.0000004b,Drive,Delivery,pitch.1,702594,0.02,-0.3309,0.7954,0.0713,-0.8555,-0.6262,0.0,0.0
1779744291783,2,12.00000015,Lower Delivery,Delivery,pitch.1,702671,10.226,3.9824,98.9925,7.8181,100.9285,8.3638,-0.097,0.0075
1779744291783,2,12.00000018,Upper Delivery,Delivery,pitch.1,703358,-0.0985,-0.0626,0.2702,0.2804,0.5234,-2.8766,0.0,0.0
1779744291783,2,Pitching Mound.Delivery,,Delivery,pitch.1,701724,10.1275,3.9197,99.2627,41.664,101.452,1.9769,-0.0967,0.3456
1779744291783,2,Pitching Mound.Drive,,Delivery,pitch.1,702594,0.02,-0.3309,0.7954,0.0713,-0.8555,-0.6262,0.0,0.0
1779744291783,2,Pitching Mound.Parent,,Delivery,pitch.1,701048,10.1391,3.5998,100.0854,41.721,100.7082,1.3468,-0.0959,0.3428
1779744291784,2,11.0000004b,Drive,Delivery,pitch.1,702595,0.0214,-0.333,0.8309,0.0757,-0.887,-0.6317,0.0,0.0
1779744291784,2,12.00000015,Lower Delivery,Delivery,pitch.1,702672,10.2243,4.0204,98.9562,7.8062,100.7743,8.2666,-0.0969,0.0075
1779744291784,2,12.00000018,Upper Delivery,Delivery,pitch.1,703359,-0.05,-0.0237,0.1568,0.2784,0.5205,-2.8612,0.0,0.0
1779744291784,2,Pitching Mound.Delivery,,Delivery,pitch.1,701725,10.1743,3.9967,99.113,41.6764,101.2948,1.9121,-0.0967,0.3464
1779744291784,2,Pitching Mound.Drive,,Delivery,pitch.1,702595,0.0214,-0.333,0.8309,0.0757,-0.887,-0.6317,0.0,0.0
1779744291784,2,Pitching Mound.Parent,,Delivery,pitch.1,701049,10.1944,3.6658,99.9084,41.7477,100.4392,1.2858,-0.096,0.3437
1779744291785,2,11.0000004b,Drive,Delivery,pitch.1,702596,0.0205,-0.3463,0.8585,0.0767,-0.8811,-0.6096,0.0,0.0
1779744291785,2,12.00000015,Lower Delivery,Delivery,pitch.1,702673,10.2306,4.0527,98.8743,7.8347,101.0943,8.2478,-0.0973,0.0075
1779744291785,2,12.00000018,Upper Delivery,Delivery,pitch.1,703360,-0.0492,-0.0149,0.1325,0.2814,0.5249,-2.8843,0.0,0.0
1779744291785,2,Pitching Mound.Delivery,,Delivery,pitch.1,701726,10.1814,4.0378,99.0067,41.6883,101.6192,1.8683,-0.0971,0.3466
1779744291785,2,Pitching Mound.Drive,,Delivery,pitch.1,702596,0.0205,-0.3463,0.8585,0.0767,-0.8811,-0.6096,0.0,0.0
1779744291785,2,Pitching Mound.Parent,,Delivery,pitch.1,701050,10.2019,3.6914,99.8652,41.765,100.7381,1.2587,-0.0963,0.3436
1779744291786,2,11.0000004b,Drive,Delivery,pitch.1,702597,0.0261,-0.3378,0.8166,0.0711,-0.8176,-0.5836,0.0,0.0
1779744291786,2,12.00000015,Lower Delivery,Delivery,pitch.1,702674,10.2467,4.1062,98.9832,7.9112,101.3084,8.1771,-0.0974,0.0076
1779744291786,2,12.00000018,Upper Delivery,Delivery,pitch.1,703361,-0.0513,-0.0195,0.1397,0.2816,0.5253,-2.8861,0.0,0.0
1779744291786,2,Pitching Mound.Delivery,,Delivery,pitch.1,701727,10.1954,4.0867,99.1229,41.7996,101.8337,1.7898,-0.0972,0.3466
1779744291786,2,Pitching Mound.Drive,,Delivery,pitch.1,702597,0.0261,-0.3378,0.8166,0.0711,-0.8176,-0.5836,0.0,0.0
1779744291786,2,Pitching Mound.Parent,,Delivery,pitch.1,701051,10.2215,3.7489,99.9395,41.8707,101.0161,1.2062,-0.0964,0.3438
1779744291787,2,11.0000004b,Drive,Delivery,pitch.1,702598,0.0256,-0.3509,0.8886,0.0749,-0.8468,-0.5703,0.0,0.0
1779744291787,2,12.00000015,Lower Delivery,Delivery,pitch.1,702675,10.2491,4.139,98.9258,7.9253,101.3769,8.107,-0.0975,0.0076
1779744291787,2,12.00000018,Upper Delivery,Delivery,pitch.1,703362,-0.1128,-0.0504,0.2479,0.2918,0.5406,-2.9658,0.0,0.0
1779744291787,2,Pitching Mound.Delivery,,Delivery,pitch.1,701728,10.1363,4.0886,99.1737,41.7676,101.9176,1.6181,-0.0972,0.3459
1779744291787,2,Pitching Mound.Drive,,Delivery,pitch.1,702598,0.0256,-0.3509,0.8886,0.0749,-0.8468,-0.5703,0.0,0.0
1779744291787,2,Pitching Mound.Parent,,Delivery,pitch.1,701052,10.1619,3.7378,100.0622,41.8425,101.0707,1.0478,-0.0964,0.3428
1779744291788,2,11.0000004b,Drive,Delivery,pitch.1,702599,0.0216,-0.3403,0.8783,0.0586,-0.6913,-0.5356,0.0,0.0
1779744291788,2,12.00000015,Lower Delivery,Delivery,pitch.1,702676,10.2446,4.1792,98.827,7.9468,101.5041,8.0628,-0.0977,0.0076
1779744291788,2,12.00000018,Upper Delivery,Delivery,pitch.1,703363,-0.1249,-0.0593,0.2772,0.2752,0.5157,-2.8363,0.0,0.0
1779744291788,2,Pitching Mound.Delivery,,Delivery,pitch.1,701729,10.1197,4.1199,99.1041,41.729,102.0197,1.7009,-0.0974,0.3457
1779744291788,2,Pitching Mound.Drive,,Delivery,pitch.1,702599,0.0216,-0.3403,0.8783,0.0586,-0.6913,-0.5356,0.0,0.0
1779744291788,2,Pitching Mound.Parent,,Delivery,pitch.1,701053,10.1413,3.7796,99.9824,41.7876,101.3284,1.1654,-0.0966,0.3427
1779744291789,2,11.0000004b,Drive,Delivery,pitch.1,702600,0.0355,-0.3364,0.8527,0.0682,-0.7637,-0.5298,0.0,0.0
1779744291789,2,12.00000015,Lower Delivery,Delivery,pitch.1,702677,10.2252,4.2366,98.7407,8.0055,101.4607,8.0056,-0.0977,0.0077
1779744291789,2,12.00000018,Upper Delivery,Delivery,pitch.1,703364,-0.2094,-0.092,0.3934,0.2768,0.5181,-2.849,0.0,0.0
1779744291789,2,Pitching Mound.Delivery,,Delivery,pitch.1,701730,10.0157,4.1446,99.1341,41.7204,101.9789,1.6089,-0.0974,0.345
1779744291789,2,Pitching Mound.Drive,,Delivery,pitch.1,702600,0.0355,-0.3364,0.8527,0.0682,-0.7637,-0.5298,0.0,0.0
1779744291789,2,Pitching Mound.Parent,,Delivery,pitch.1,701054,10.0512,3.8082,99.9869,41.7886,101.2151,1.0791,-0.0965,0.342
1779744291790,2,11.0000004b,Drive,Delivery,pitch.1,702601,0.0339,-0.3474,0.8893,0.0697,-0.7646,-0.5194,0.0,0.0
1779744291790,2,12.00000015,Lower Delivery,Delivery,pitch.1,702678,10.2405,4.268,98.6699,8.0979,101.5578,7.975,-0.0979,0.0078
1779744291790,2,12.00000018,Upper Delivery,Delivery,pitch.1,703365,-0.2907,-0.1369,0.5455,0.2803,0.5233,-2.8758,0.0,0.0
1779744291790,2,Pitching Mound.Delivery,,Delivery,pitch.1,701731,9.9498,4.1311,99.2154,41.7404,102.081,1.5186,-0.0974,0.344
1779744291790,2,Pitching Mound.Drive,,Delivery,pitch.1,702601,0.0339,-0.3474,0.8893,0.0697,-0.7646,-0.5194,0.0,0.0
1779744291790,2,Pitching Mound.Parent,,Delivery,pitch.1,701055,9.9837,3.7837,100.1047,41.8101,101.3164,0.9992,-0.0965,0.341
1779744291791,2,11.0000004b,Drive,Delivery,pitch.1,702602,0.0402,-0.3313,0.86,0.0647,-0.6936,-0.4828,0.0,0.0
1779744291791,2,12.00000015,Lower Delivery,Delivery,pitch.1,702679,10.2247,4.3103,98.498,8.0753,101.5339,7.9469,-0.0981,0.0078
1779744291791,2,12.00000018,Upper Delivery,Delivery,pitch.1,703366,-0.4014,-0.188,0.5549,0.2779,0.5197,-2.857,0.0,0.0
1779744291791,2,Pitching Mound.Delivery,,Delivery,pitch.1,701732,9.8233,4.1223,99.0529,41.6539,102.0535,1.477,-0.0975,0.3439
1779744291791,2,Pitching Mound.Drive,,Delivery,pitch.1,702602,0.0402,-0.3313,0.86,0.0647,-0.6936,-0.4828,0.0,0.0
1779744291791,2,Pitching Mound.Parent,,Delivery,pitch.1,701056,9.8634,3.791,99.9129,41.7186,101.36,0.9942,-0.0967,0.341
1779744291792,2,11.0000004b,Drive,Delivery,pitch.1,702603,0.0432,-0.3329,0.8673,0.0552,-0.6281,-0.4913,0.0,0.0
1779744291792,2,12.00000015,Lower Delivery,Delivery,pitch.1,702680,10.2181,4.3457,98.4226,8.0629,101.5339,7.9442,-0.0981,0.0078
1779744291792,2,12.00000018,Upper Delivery,Delivery,pitch.1,703367,-0.4388,-0.1889,0.4637,0.2862,0.5322,-2.9224,0.0,0.0
1779744291792,2,Pitching Mound.Delivery,,Delivery,pitch.1,701733,9.7793,4.1568,98.8863,41.6552,102.0661,1.3985,-0.0977,0.3446
1779744291792,2,Pitching Mound.Drive,,Delivery,pitch.1,702603,0.0432,-0.3329,0.8673,0.0552,-0.6281,-0.4913,0.0,0.0
1779744291792,2,Pitching Mound.Parent,,Delivery,pitch.1,701057,9.8225,3.824,99.7535,41.7104,101.438,0.9072,-0.0968,0.3416
1779744291793,2,11.0000004b,Drive,Delivery,pitch.1,702604,0.0378,-0.3384,0.8919,0.0493,-0.5729,-0.4749,0.0,0.0
1779744291793,2,12.00000015,Lower Delivery,Delivery,pitch.1,702682,10.2198,4.4367,98.3741,8.0294,101.5685,7.7909,-0.0982,0.0078
1779744291793,2,12.00000015,Lower Delivery,Delivery,pitch.1,702681,10.2214,4.39,98.4238,7.9993,101.3801,7.8674,-0.098,0.0077
1779744291793,2,12.00000018,Upper Delivery,Delivery,pitch.1,703368,-0.457,-0.1567,0.5049,0.2832,0.5277,-2.8989,0.0,0.0
1779744291793,2,Pitching Mound.Delivery,,Delivery,pitch.1,701734,9.7644,4.2333,98.9287,41.575,101.9078,1.3378,-0.0975,0.3442
1779744291793,2,Pitching Mound.Drive,,Delivery,pitch.1,702604,0.0378,-0.3384,0.8919,0.0493,-0.5729,-0.4749,0.0,0.0
1779744291793,2,Pitching Mound.Parent,,Delivery,pitch.1,701058,9.8022,3.8949,99.8206,41.6242,101.3349,0.8629,-0.0966,0.3411
1779744291794,2,11.0000004b,Drive,Delivery,pitch.1,702605,0.0404,-0.3232,0.847,0.0388,-0.4996,-0.4861,0.0,0.0
1779744291794,2,12.00000015,Lower Delivery,Delivery,pitch.1,702683,10.2362,4.4645,98.3166,8.0343,101.4519,7.7566,-0.0982,0.0078
1779744291794,2,12.00000018,Upper Delivery,Delivery,pitch.1,703369,-0.4033,-0.1587,0.6575,0.2797,0.5224,-2.8714,0.0,0.0
1779744291794,2,Pitching Mound.Delivery,,Delivery,pitch.1,701735,9.8165,4.2779,99.0316,41.5327,102.0909,1.3076,-0.0976,0.3432
1779744291794,2,Pitching Mound.Drive,,Delivery,pitch.1,702605,0.0404,-0.3232,0.847,0.0388,-0.4996,-0.4861,0.0,0.0
1779744291794,2,Pitching Mound.Parent,,Delivery,pitch.1,701059,9.8569,3.9548,99.8785,41.5716,101.5914,0.8215,-0.0967,0.3403
1779744291795,2,11.0000004b,Drive,Delivery,pitch.1,702606,0.0454,-0.3024,0.8129,0.0475,-0.5851,-0.4932,0.0,0.0
1779744291795,2,12.00000018,Upper Delivery,Delivery,pitch.1,703370,-0.3679,-0.1703,0.6466,0.2792,0.5217,-2.8676,0.0,0.0
1779744291795,2,Pitching Mound.Delivery,,Delivery,pitch.1,701736,9.8683,4.2942,98.9632,41.5214,101.9736,1.2837,-0.0975,0.3433
1779744291795,2,Pitching Mound.Drive,,Delivery,pitch.1,702606,0.0454,-0.3024,0.8129,0.0475,-0.5851,-0.4932,0.0,0.0
1779744291795,2,Pitching Mound.Parent,,Delivery,pitch.1,701060,9.9138,3.9917,99.776,41.5689,101.3885,0.7905,-0.0967,0.3405
1779744291796,2,11.0000004b,Drive,Delivery,pitch.1,702607,0.0469,-0.314,0.8183,0.0327,-0.4534,-0.4918,0.0,0.0
1779744291796,2,12.00000015,Lower Delivery,Delivery,pitch.1,702684,10.2527,4.4927,98.2945,8.1127,101.7316,7.6651,-0.0985,0.0079
1779744291796,2,12.00000015,Lower Delivery,Delivery,pitch.1,702685,10.2452,4.5174,98.1019,8.1133,101.7222,7.6475,-0.0986,0.0079
1779744291796,2,12.00000018,Upper Delivery,Delivery,pitch.1,703371,-0.4144,-0.1523,0.6278,0.2808,0.5241,-2.88,0.0,0.0
1779744291796,2,Pitching Mound.Delivery,,Delivery,pitch.1,701737,9.8382,4.3404,98.9223,41.6001,102.2557,1.1583,-0.0978,0.3435
1779744291796,2,Pitching Mound.Drive,,Delivery,pitch.1,702607,0.0469,-0.314,0.8183,0.0327,-0.4534,-0.4918,0.0,0.0
1779744291796,2,Pitching Mound.Parent,,Delivery,pitch.1,701061,9.8852,4.0263,99.7406,41.6328,101.8024,0.6665,-0.097,0.3407
1779744291797,2,11.0000004b,Drive,Delivery,pitch.1,702608,0.0414,-0.3067,0.8048,0.0224,-0.3617,-0.4866,0.0,0.0
1779744291797,2,12.00000015,Lower Delivery,Delivery,pitch.1,702686,10.2458,4.5514,98.1008,8.1338,101.7992,7.5096,-0.0987,0.0079
1779744291797,2,12.00000018,Upper Delivery,Delivery,pitch.1,703372,-0.2854,-0.1468,0.5876,0.2817,0.5254,-2.887,0.0,0.0
1779744291797,2,Pitching Mound.Delivery,,Delivery,pitch.1,701738,9.9599,4.3706,98.6895,41.5499,102.2476,1.18,-0.0981,0.3438
1779744291797,2,Pitching Mound.Drive,,Delivery,pitch.1,702608,0.0414,-0.3067,0.8048,0.0224,-0.3617,-0.4866,0.0,0.0
1779744291797,2,Pitching Mound.Parent,,Delivery,pitch.1,701062,10.0013,4.0639,99.4943,41.5723,101.8859,0.6935,-0.0973,0.341
1779744291798,2,11.0000004b,Drive,Delivery,pitch.1,702609,0.0479,-0.3155,0.8043,0.0321,-0.4553,-0.5127,0.0,0.0
1779744291798,2,12.00000015,Lower Delivery,Delivery,pitch.1,702687,10.2478,4.5659,98.0673,8.0862,101.3816,7.4991,-0.0983,0.0078
1779744291798,2,12.00000018,Upper Delivery,Delivery,pitch.1,703373,-0.0807,-0.0569,0.2663,0.2857,0.5315,-2.9184,0.0,0.0
1779744291798,2,Pitching Mound.Delivery,,Delivery,pitch.1,701739,10.1651,4.4944,98.3672,41.6833,102.3307,1.0802,-0.0984,0.346
1779744291798,2,Pitching Mound.Drive,,Delivery,pitch.1,702609,0.0479,-0.3155,0.8043,0.0321,-0.4553,-0.5127,0.0,0.0
1779744291798,2,Pitching Mound.Parent,,Delivery,pitch.1,701063,10.213,4.1789,99.1714,41.7154,101.8754,0.5674,-0.0976,0.3432
1779744291799,2,11.0000004b,Drive,Delivery,pitch.1,702610,0.0363,-0.3165,0.8089,0.0228,-0.3953,-0.5488,0.0,0.0
1779744291799,2,12.00000015,Lower Delivery,Delivery,pitch.1,702688,10.2554,4.5732,97.9287,8.0271,101.2766,7.4432,-0.0984,0.0078
1779744291799,2,12.00000018,Upper Delivery,Delivery,pitch.1,703374,-0.1239,-0.0721,0.3338,0.2914,0.54,-2.9628,0.0,0.0
1779744291799,2,Pitching Mound.Delivery,,Delivery,pitch.1,701740,10.1239,4.4938,98.4011,41.607,101.9216,1.01,-0.098,0.3455
1779744291799,2,Pitching Mound.Drive,,Delivery,pitch.1,702610,0.0363,-0.3165,0.8089,0.0228,-0.3953,-0.5488,0.0,0.0
1779744291799,2,Pitching Mound.Parent,,Delivery,pitch.1,701064,10.1602,4.1773,99.21,41.6298,101.5263,0.4612,-0.0972,0.3427
1779744291800,2,11.0000004b,Drive,Delivery,pitch.1,702611,0.0292,-0.3287,0.829,0.0235,-0.391,-0.5426,0.0,0.0
1779744291800,2,12.00000015,Lower Delivery,Delivery,pitch.1,702689,10.2788,4.5914,97.9843,7.9963,101.1573,7.3713,-0.0982,0.0078
1779744291800,2,12.00000018,Upper Delivery,Delivery,pitch.1,703375,-0.0458,-0.0203,0.178,0.2876,0.5344,-2.9334,0.0,0.0
1779744291800,2,Pitching Mound.Delivery,,Delivery,pitch.1,701741,10.2096,4.5528,98.1067,41.55,101.811,1.0074,-0.0982,0.3465
1779744291800,2,Pitching Mound.Drive,,Delivery,pitch.1,702611,0.0292,-0.3287,0.829,0.0235,-0.391,-0.5426,0.0,0.0
1779744291800,2,Pitching Mound.Parent,,Delivery,pitch.1,701065,10.2388,4.2242,98.9357,41.5735,101.42,0.4649,-0.0974,0.3436
1779744291801,2,11.0000004b,Drive,Delivery,pitch.1,702612,0.0245,-0.3432,0.8769,0.0125,-0.3301,-0.5645,0.0,0.0
1779744291801,2,12.00000018,Upper Delivery,Delivery,pitch.1,703376,-0.0437,-0.0022,0.1345,0.2991,0.5516,-3.023,0.0,0.0
1779744291801,2,Pitching Mound.Delivery,,Delivery,pitch.1,701742,10.2352,4.5892,98.1188,41.5643,101.709,0.8387,-0.0981,0.3468
1779744291801,2,Pitching Mound.Drive,,Delivery,pitch.1,702612,0.0245,-0.3432,0.8769,0.0125,-0.3301,-0.5645,0.0,0.0
1779744291801,2,Pitching Mound.Parent,,Delivery,pitch.1,701066,10.2596,4.246,98.9957,41.5768,101.3789,0.2743,-0.0972,0.3437
1779744291802,2,11.0000004b,Drive,Delivery,pitch.1,702613,0.0225,-0.3496,0.8713,0.0293,-0.5004,-0.6083,0.0,0.0
1779744291802,2,12.00000015,Lower Delivery,Delivery,pitch.1,702691,10.3226,4.6052,97.9921,7.9931,101.0563,7.308,-0.0981,0.0078
1779744291802,2,12.00000015,Lower Delivery,Delivery,pitch.1,702690,10.3044,4.6115,97.9848,8.0037,101.1305,7.3695,-0.0982,0.0078
1779744291802,2,12.00000018,Upper Delivery,Delivery,pitch.1,703377,-0.0447,-0.0004,0.1143,0.2905,0.5386,-2.9553,0.0,0.0
1779744291802,2,Pitching Mound.Delivery,,Delivery,pitch.1,701743,10.2598,4.6111,98.0991,41.5702,101.6691,0.8955,-0.0981,0.347
1779744291802,2,Pitching Mound.Drive,,Delivery,pitch.1,702613,0.0225,-0.3496,0.8713,0.0293,-0.5004,-0.6083,0.0,0.0
1779744291802,2,Pitching Mound.Parent,,Delivery,pitch.1,701067,10.2823,4.2616,98.9704,41.5995,101.1686,0.2872,-0.0972,0.3439
1779744291803,2,11.0000004b,Drive,Delivery,pitch.1,702614,0.02,-0.3457,0.8453,0.0362,-0.5472,-0.6121,0.0,0.0
1779744291803,2,12.00000018,Upper Delivery,Delivery,pitch.1,703378,-0.0473,-0.0029,0.1033,0.2956,0.5463,-2.9953,0.0,0.0
1779744291803,2,Pitching Mound.Delivery,,Delivery,pitch.1,701744,10.2753,4.6023,98.0954,41.5709,101.6026,0.7869,-0.098,0.347
1779744291803,2,Pitching Mound.Drive,,Delivery,pitch.1,702614,0.02,-0.3457,0.8453,0.0362,-0.5472,-0.6121,0.0,0.0
1779744291803,2,Pitching Mound.Parent,,Delivery,pitch.1,701068,10.2953,4.2566,98.9408,41.6071,101.0554,0.1749,-0.0972,0.3441
1779744291804,2,11.0000004b,Drive,Delivery,pitch.1,702615,0.0324,-0.3402,0.8107,0.0419,-0.5822,-0.6021,0.0,0.0
1779744291804,2,12.00000015,Lower Delivery,Delivery,pitch.1,702692,10.3585,4.6106,98.0361,7.9642,100.9196,7.3227,-0.0979,0.0077
1779744291804,2,12.00000015,Lower Delivery,Delivery,pitch.1,702693,10.3678,4.6256,97.9846,7.9504,100.6031,7.3312,-0.0977,0.0077
1779744291804,2,12.00000018,Upper Delivery,Delivery,pitch.1,703379,-0.0468,-0.0067,0.1259,0.297,0.5484,-3.0061,0.0,0.0
1779744291804,2,Pitching Mound.Delivery,,Delivery,pitch.1,701745,10.3118,4.6039,98.162,41.5507,101.468,0.7788,-0.0978,0.3468
1779744291804,2,Pitching Mound.Drive,,Delivery,pitch.1,702615,0.0324,-0.3402,0.8107,0.0419,-0.5822,-0.6021,0.0,0.0
1779744291804,2,Pitching Mound.Parent,,Delivery,pitch.1,701069,10.3442,4.2636,98.9727,41.5926,100.8858,0.1767,-0.097,0.344
1779744291805,2,11.0000004b,Drive,Delivery,pitch.1,702616,0.0336,-0.3353,0.8457,0.0493,-0.6544,-0.6264,0.0,0.0
1779744291805,2,12.00000015,Lower Delivery,Delivery,pitch.1,702694,10.3779,4.6183,98.0258,7.8876,100.5495,7.2929,-0.0976,0.0077
1779744291805,2,12.00000018,Upper Delivery,Delivery,pitch.1,703380,-0.0486,-0.0081,0.1318,0.3009,0.5543,-3.0369,0.0,0.0
1779744291805,2,Pitching Mound.Delivery,,Delivery,pitch.1,701746,10.3192,4.6175,98.1163,41.5213,101.1574,0.7528,-0.0975,0.3468
1779744291805,2,Pitching Mound.Drive,,Delivery,pitch.1,702616,0.0336,-0.3353,0.8457,0.0493,-0.6544,-0.6264,0.0,0.0
1779744291805,2,Pitching Mound.Parent,,Delivery,pitch.1,701070,10.3528,4.2822,98.9621,41.5706,100.503,0.1264,-0.0967,0.3438
1779744291806,2,11.0000004b,Drive,Delivery,pitch.1,702617,0.0342,-0.343,0.8741,0.049,-0.6685,-0.64,0.0,0.0
1779744291806,2,12.00000015,Lower Delivery,Delivery,pitch.1,702695,10.4014,4.6296,98.0227,7.8768,100.2527,7.3237,-0.0973,0.0076
1779744291806,2,12.00000018,Upper Delivery,Delivery,pitch.1,703381,-0.0478,-0.0081,0.1354,0.305,0.5604,-3.0685,0.0,0.0
1779744291806,2,Pitching Mound.Delivery,,Delivery,pitch.1,701747,10.3301,4.6102,98.1613,41.4753,101.1099,0.6797,-0.0974,0.3467
1779744291806,2,Pitching Mound.Drive,,Delivery,pitch.1,702617,0.0342,-0.343,0.8741,0.049,-0.6685,-0.64,0.0,0.0
1779744291806,2,Pitching Mound.Parent,,Delivery,pitch.1,701071,10.3643,4.2673,99.0354,41.5243,100.4414,0.0397,-0.0966,0.3436
1779744291807,2,11.0000004b,Drive,Delivery,pitch.1,702618,0.0259,-0.3333,0.8537,0.0493,-0.6731,-0.6442,0.0,0.0
1779744291807,2,12.00000018,Upper Delivery,Delivery,pitch.1,703382,-0.0475,-0.011,0.148,0.3002,0.5532,-3.0311,0.0,0.0
1779744291807,2,Pitching Mound.Delivery,,Delivery,pitch.1,701748,10.3538,4.6187,98.1707,41.4544,100.8059,0.74,-0.0971,0.3466
1779744291807,2,Pitching Mound.Drive,,Delivery,pitch.1,702618,0.0259,-0.3333,0.8537,0.0493,-0.6731,-0.6442,0.0,0.0
1779744291807,2,Pitching Mound.Parent,,Delivery,pitch.1,701072,10.3797,4.2854,99.0245,41.5037,100.1328,0.0958,-0.0963,0.3436
1779744291808,2,11.0000004b,Drive,Delivery,pitch.1,702619,0.0379,-0.315,0.7858,0.0611,-0.7748,-0.6434,0.0,0.0
1779744291808,2,12.00000015,Lower Delivery,Delivery,pitch.1,702696,10.426,4.6211,98.0112,7.9021,100.3775,7.3425,-0.0974,0.0077
1779744291808,2,12.00000015,Lower Delivery,Delivery,pitch.1,702697,10.4499,4.6328,98.0776,7.8983,100.2108,7.3675,-0.0972,0.0077
1779744291808,2,12.00000018,Upper Delivery,Delivery,pitch.1,703383,-0.0497,-0.0068,0.1361,0.2977,0.5495,-3.0119,0.0,0.0
1779744291808,2,Pitching Mound.Delivery,,Delivery,pitch.1,701749,10.3762,4.6143,98.1473,41.4774,100.927,0.7689,-0.0973,0.3467
1779744291808,2,Pitching Mound.Drive,,Delivery,pitch.1,702619,0.0379,-0.315,0.7858,0.0611,-0.7748,-0.6434,0.0,0.0
1779744291808,2,Pitching Mound.Parent,,Delivery,pitch.1,701073,10.4141,4.2993,98.9331,41.5385,100.1522,0.1255,-0.0965,0.344
1779744291809,2,11.0000004b,Drive,Delivery,pitch.1,702620,0.0332,-0.3109,0.7595,0.0508,-0.6606,-0.605,0.0,0.0
1779744291809,2,12.00000015,Lower Delivery,Delivery,pitch.1,702698,10.4671,4.6373,98.0873,7.916,100.4165,7.3597,-0.0974,0.0077
1779744291809,2,12.00000018,Upper Delivery,Delivery,pitch.1,703384,-0.0505,-0.0079,0.1364,0.296,0.547,-2.9988,0.0,0.0
1779744291809,2,Pitching Mound.Delivery,,Delivery,pitch.1,701750,10.3994,4.6249,98.214,41.4944,100.7578,0.7985,-0.0971,0.3467
1779744291809,2,Pitching Mound.Drive,,Delivery,pitch.1,702620,0.0332,-0.3109,0.7595,0.0508,-0.6606,-0.605,0.0,0.0
1779744291809,2,Pitching Mound.Parent,,Delivery,pitch.1,701074,10.4326,4.314,98.9735,41.5452,100.0971,0.1936,-0.0963,0.344
1779744291810,2,11.0000004b,Drive,Delivery,pitch.1,702621,0.03,-0.3219,0.7843,0.0656,-0.8182,-0.6529,0.0,0.0
1779744291810,2,12.00000015,Lower Delivery,Delivery,pitch.1,702699,10.4818,4.6379,98.0653,7.9712,100.5266,7.3875,-0.0975,0.0077
1779744291810,2,12.00000018,Upper Delivery,Delivery,pitch.1,703385,-0.0486,-0.0072,0.131,0.2735,0.5242,-3.0216,0.0,0.0
1779744291810,2,Pitching Mound.Delivery,,Delivery,pitch.1,701751,10.4185,4.6301,98.2182,41.4946,100.9407,0.7627,-0.0973,0.3468
1779744291810,2,Pitching Mound.Drive,,Delivery,pitch.1,702621,0.03,-0.3219,0.7843,0.0656,-0.8182,-0.6529,0.0,0.0
1779744291810,2,Pitching Mound.Parent,,Delivery,pitch.1,701075,10.4485,4.3082,99.0025,41.5602,100.1225,0.1098,-0.0965,0.344
1779744291811,2,11.0000004b,Drive,Delivery,pitch.1,702622,0.0385,-0.3088,0.7521,0.0638,-0.7734,-0.6143,0.0,0.0
1779744291811,2,12.00000015,Lower Delivery,Delivery,pitch.1,702700,10.5249,4.6205,98.1768,7.9801,100.534,7.3883,-0.0974,0.0077
1779744291811,2,12.00000018,Upper Delivery,Delivery,pitch.1,703386,-0.0508,-0.0079,0.1398,0.2887,0.54,-3.0131,0.0,0.0
1779744291811,2,Pitching Mound.Delivery,,Delivery,pitch.1,701752,10.4309,4.63,98.2051,41.5546,101.0665,0.7933,-0.0974,0.3468
1779744291811,2,Pitching Mound.Drive,,Delivery,pitch.1,702622,0.0385,-0.3088,0.7521,0.0638,-0.7734,-0.6143,0.0,0.0
1779744291811,2,Pitching Mound.Parent,,Delivery,pitch.1,701076,10.4694,4.3212,98.9571,41.6183,100.2931,0.179,-0.0966,0.3441
1779744291812,2,11.0000004b,Drive,Delivery,pitch.1,702623,0.0348,-0.3116,0.7536,0.0614,-0.7515,-0.604,0.0,0.0
1779744291812,2,12.00000015,Lower Delivery,Delivery,pitch.1,702701,10.5359,4.6451,98.1709,7.9616,100.5313,7.3426,-0.0974,0.0077
1779744291812,2,12.00000018,Upper Delivery,Delivery,pitch.1,703387,-0.0687,-0.0157,0.1676,0.2935,0.5432,-2.9793,0.0,0.0
1779744291812,2,Pitching Mound.Delivery,,Delivery,pitch.1,701753,10.4562,4.6047,98.3445,41.5967,101.0773,0.8071,-0.0972,0.3466
1779744291812,2,Pitching Mound.Drive,,Delivery,pitch.1,702623,0.0348,-0.3116,0.7536,0.0614,-0.7515,-0.604,0.0,0.0
1779744291812,2,Pitching Mound.Parent,,Delivery,pitch.1,701077,10.491,4.2932,99.0981,41.6581,100.3258,0.2031,-0.0965,0.3439
1779744291813,2,11.0000004b,Drive,Delivery,pitch.1,702624,0.0305,-0.2968,0.7056,0.0491,-0.6656,-0.6163,0.0,0.0
1779744291813,2,12.00000015,Lower Delivery,Delivery,pitch.1,702702,10.5718,4.656,98.261,7.9795,100.8687,7.3431,-0.0977,0.0077
1779744291813,2,12.00000018,Upper Delivery,Delivery,pitch.1,703388,-0.0456,0.0021,0.1309,0.2893,0.5369,-2.9463,0.0,0.0
1779744291813,2,Pitching Mound.Delivery,,Delivery,pitch.1,701754,10.4904,4.6471,98.3017,41.5845,101.0682,0.7985,-0.0973,0.3468
1779744291813,2,Pitching Mound.Drive,,Delivery,pitch.1,702624,0.0305,-0.2968,0.7056,0.0491,-0.6656,-0.6163,0.0,0.0
1779744291813,2,Pitching Mound.Parent,,Delivery,pitch.1,701078,10.5209,4.3504,99.0073,41.6336,100.4026,0.1822,-0.0966,0.3443
1779744291814,2,11.0000004b,Drive,Delivery,pitch.1,702625,0.0301,-0.3118,0.7424,0.0525,-0.6725,-0.5801,0.0,0.0
1779744291814,2,12.00000015,Lower Delivery,Delivery,pitch.1,702703,10.6039,4.6738,98.1452,8.0264,101.3165,7.3227,-0.0982,0.0078
1779744291814,2,12.00000018,Upper Delivery,Delivery,pitch.1,703389,-0.0431,0.0091,0.1307,0.2885,0.5357,-2.9403,0.0,0.0
1779744291814,2,Pitching Mound.Delivery,,Delivery,pitch.1,701755,10.5287,4.6651,98.3917,41.6323,101.4044,0.7937,-0.0975,0.3468
1779744291814,2,Pitching Mound.Drive,,Delivery,pitch.1,702625,0.0301,-0.3118,0.7424,0.0525,-0.6725,-0.5801,0.0,0.0
1779744291814,2,Pitching Mound.Parent,,Delivery,pitch.1,701079,10.5588,4.3533,99.1342,41.6848,100.7319,0.2135,-0.0968,0.3442
1779744291815,2,11.0000004b,Drive,Delivery,pitch.1,702626,0.0314,-0.3209,0.7943,0.0539,-0.7057,-0.6052,0.0,0.0
1779744291815,2,12.00000015,Lower Delivery,Delivery,pitch.1,702704,10.6506,4.6827,98.1994,8.0376,101.4946,7.3358,-0.0983,0.0078
1779744291815,2,12.00000018,Upper Delivery,Delivery,pitch.1,703390,-0.0424,0.009,0.1279,0.2868,0.5331,-2.9267,0.0,0.0
1779744291815,2,Pitching Mound.Delivery,,Delivery,pitch.1,701756,10.5615,4.6828,98.2731,41.6391,101.8496,0.7762,-0.0981,0.3469
1779744291815,2,Pitching Mound.Drive,,Delivery,pitch.1,702626,0.0314,-0.3209,0.7943,0.0539,-0.7057,-0.6052,0.0,0.0
1779744291815,2,Pitching Mound.Parent,,Delivery,pitch.1,701080,10.5929,4.3619,99.0674,41.693,101.1439,0.1709,-0.0973,0.3441
1779744291816,2,11.0000004b,Drive,Delivery,pitch.1,702627,0.0351,-0.3102,0.7272,0.0605,-0.763,-0.6141,0.0,0.0
1779744291816,2,12.00000015,Lower Delivery,Delivery,pitch.1,702705,10.6952,4.7113,98.2465,8.036,101.6342,7.3812,-0.0984,0.0078
1779744291816,2,12.00000018,Upper Delivery,Delivery,pitch.1,703391,-0.0611,-0.0032,0.1704,0.2829,0.5272,-2.8962,0.0,0.0
1779744291816,2,Pitching Mound.Delivery,,Delivery,pitch.1,701757,10.5895,4.6794,98.3698,41.6504,102.0218,0.7976,-0.0982,0.3466
1779744291816,2,Pitching Mound.Drive,,Delivery,pitch.1,702627,0.0351,-0.3102,0.7272,0.0605,-0.763,-0.6141,0.0,0.0
1779744291816,2,Pitching Mound.Parent,,Delivery,pitch.1,701081,10.6245,4.3692,99.097,41.7109,101.2588,0.1835,-0.0974,0.3441
1779744291817,2,11.0000004b,Drive,Delivery,pitch.1,702628,0.0303,-0.3026,0.7145,0.0533,-0.7123,-0.6184,0.0,0.0
1779744291817,2,12.00000015,Lower Delivery,Delivery,pitch.1,702706,10.7643,4.7329,98.2828,8.078,101.9072,7.3325,-0.0986,0.0078
1779744291817,2,12.00000018,Upper Delivery,Delivery,pitch.1,703392,-0.0412,0.0118,0.1256,0.2804,0.5235,-2.8768,0.0,0.0
1779744291817,2,Pitching Mound.Delivery,,Delivery,pitch.1,701758,10.654,4.7231,98.3721,41.6774,102.1577,0.854,-0.0983,0.3469
1779744291817,2,Pitching Mound.Drive,,Delivery,pitch.1,702628,0.0303,-0.3026,0.7145,0.0533,-0.7123,-0.6184,0.0,0.0
1779744291817,2,Pitching Mound.Parent,,Delivery,pitch.1,701082,10.6843,4.4204,99.0866,41.7308,101.4453,0.2356,-0.0976,0.3444
1779744291818,2,11.0000004b,Drive,Delivery,pitch.1,702629,0.0389,-0.2906,0.6963,0.044,-0.6166,-0.5856,0.0,0.0
1779744291818,2,12.00000015,Lower Delivery,Delivery,pitch.1,702707,10.8517,4.7669,98.3856,8.0934,102.1346,7.3264,-0.0988,0.0078
1779744291818,2,12.00000018,Upper Delivery,Delivery,pitch.1,703393,-0.0418,0.0067,0.1216,0.2794,0.5219,-2.8688,0.0,0.0
1779744291818,2,Pitching Mound.Delivery,,Delivery,pitch.1,701759,10.7225,4.7396,98.4043,41.7322,102.4291,0.7897,-0.0985,0.347
1779744291818,2,Pitching Mound.Drive,,Delivery,pitch.1,702629,0.0389,-0.2906,0.6963,0.044,-0.6166,-0.5856,0.0,0.0
1779744291818,2,Pitching Mound.Parent,,Delivery,pitch.1,701083,10.7615,4.449,99.1006,41.7762,101.8126,0.204,-0.0978,0.3445
1779744291819,2,11.0000004b,Drive,Delivery,pitch.1,702630,0.028,-0.2963,0.6958,0.0394,-0.5853,-0.6023,0.0,0.0
1779744291819,2,12.00000015,Lower Delivery,Delivery,pitch.1,702708,10.8998,4.7885,98.3604,8.1081,102.3741,7.3374,-0.099,0.0078
1779744291819,2,12.00000018,Upper Delivery,Delivery,pitch.1,703394,-0.04,0.0101,0.1196,0.2849,0.5302,-2.912,0.0,0.0
1779744291819,2,Pitching Mound.Delivery,,Delivery,pitch.1,701760,10.8118,4.777,98.5052,41.7887,102.6649,0.7113,-0.0986,0.347
1779744291819,2,Pitching Mound.Drive,,Delivery,pitch.1,702630,0.028,-0.2963,0.6958,0.0394,-0.5853,-0.6023,0.0,0.0
1779744291819,2,Pitching Mound.Parent,,Delivery,pitch.1,701084,10.8398,4.4808,99.201,41.8282,102.0795,0.109,-0.0979,0.3446
1779744291820,2,11.0000004b,Drive,Delivery,pitch.1,702631,0.0285,-0.2847,0.7025,0.0319,-0.5197,-0.6009,0.0,0.0
1779744291820,2,12.00000015,Lower Delivery,Delivery,pitch.1,702709,10.9699,4.8131,98.3625,8.1253,102.6659,7.3251,-0.0993,0.0079
1779744291820,2,12.00000018,Upper Delivery,Delivery,pitch.1,703395,-0.0406,0.0106,0.1122,0.2863,0.5323,-2.9227,0.0,0.0
1779744291820,2,Pitching Mound.Delivery,,Delivery,pitch.1,701761,10.8592,4.7991,98.4726,41.7988,102.9065,0.6949,-0.0989,0.3471
1779744291820,2,Pitching Mound.Drive,,Delivery,pitch.1,702631,0.0285,-0.2847,0.7025,0.0319,-0.5197,-0.6009,0.0,0.0
1779744291820,2,Pitching Mound.Parent,,Delivery,pitch.1,701085,10.8877,4.5144,99.1751,41.8307,102.3868,0.094,-0.0982,0.3446
1779744291821,2,11.0000004b,Drive,Delivery,pitch.1,702632,0.0251,-0.3054,0.7378,0.0358,-0.5651,-0.6246,0.0,0.0
1779744291821,2,12.00000015,Lower Delivery,Delivery,pitch.1,702710,11.034,4.8637,98.3931,8.1439,102.8826,7.3009,-0.0995,0.0079
1779744291821,2,12.00000018,Upper Delivery,Delivery,pitch.1,703396,-0.042,0.0074,0.1167,0.29,0.5379,-2.9516,0.0,0.0
1779744291821,2,Pitching Mound.Delivery,,Delivery,pitch.1,701762,10.9279,4.8205,98.4792,41.8188,103.2037,0.6294,-0.0992,0.347
1779744291821,2,Pitching Mound.Drive,,Delivery,pitch.1,702632,0.0251,-0.3054,0.7378,0.0358,-0.5651,-0.6246,0.0,0.0
1779744291821,2,Pitching Mound.Parent,,Delivery,pitch.1,701086,10.953,4.5151,99.217,41.8546,102.6386,0.0049,-0.0984,0.3445
1779744291822,2,11.0000004b,Drive,Delivery,pitch.1,702633,0.0277,-0.3054,0.7558,0.0344,-0.5332,-0.5927,0.0,0.0
1779744291822,2,12.00000015,Lower Delivery,Delivery,pitch.1,702711,11.0856,4.9215,98.3401,8.1656,103.0615,7.2464,-0.0997,0.0079
1779744291822,2,12.00000018,Upper Delivery,Delivery,pitch.1,703397,-0.0413,0.0039,0.1236,0.2884,0.5355,-2.9393,0.0,0.0
1779744291822,2,Pitching Mound.Delivery,,Delivery,pitch.1,701763,10.9927,4.8677,98.5167,41.8439,103.4181,0.5959,-0.0993,0.347
1779744291822,2,Pitching Mound.Drive,,Delivery,pitch.1,702633,0.0277,-0.3054,0.7558,0.0344,-0.5332,-0.5927,0.0,0.0
1779744291822,2,Pitching Mound.Parent,,Delivery,pitch.1,701087,11.0204,4.5622,99.2725,41.8784,102.8849,0.0033,-0.0986,0.3444
1779744291823,2,11.0000004b,Drive,Delivery,pitch.1,702634,0.0322,-0.3168,0.7951,0.0419,-0.6032,-0.6071,0.0,0.0
1779744291823,2,12.00000015,Lower Delivery,Delivery,pitch.1,702712,11.1492,4.9516,98.3193,8.1975,103.4974,7.2352,-0.1001,0.0079
1779744291823,2,12.00000018,Upper Delivery,Delivery,pitch.1,703398,-0.0413,0.0055,0.1229,0.3051,0.5605,-3.0692,0.0,0.0
1779744291823,2,Pitching Mound.Delivery,,Delivery,pitch.1,701764,11.0443,4.927,98.463,41.8645,103.622,0.394,-0.0996,0.347
1779744291823,2,Pitching Mound.Drive,,Delivery,pitch.1,702634,0.0322,-0.3168,0.7951,0.0419,-0.6032,-0.6071,0.0,0.0
1779744291823,2,Pitching Mound.Parent,,Delivery,pitch.1,701088,11.0765,4.6102,99.2581,41.9064,103.0189,-0.213,-0.0988,0.3443
1779744291824,2,11.0000004b,Drive,Delivery,pitch.1,702635,0.0493,-0.3033,0.763,0.0423,-0.5778,-0.5796,0.0,0.0
1779744291824,2,12.00000015,Lower Delivery,Delivery,pitch.1,702713,11.2268,4.9829,98.3023,8.2032,103.615,7.1958,-0.1003,0.0079
1779744291824,2,12.00000018,Upper Delivery,Delivery,pitch.1,703399,-0.0443,-0.0002,0.1422,0.3099,0.5677,-3.1065,0.0,0.0
1779744291824,2,Pitching Mound.Delivery,,Delivery,pitch.1,701765,11.1049,4.9514,98.4615,41.8876,104.0651,0.3229,-0.1,0.3469
1779744291824,2,Pitching Mound.Drive,,Delivery,pitch.1,702635,0.0493,-0.3033,0.763,0.0423,-0.5778,-0.5796,0.0,0.0
1779744291824,2,Pitching Mound.Parent,,Delivery,pitch.1,701089,11.1542,4.6482,99.2244,41.9299,103.4873,-0.2567,-0.0992,0.3443
1779744291825,2,11.0000004b,Drive,Delivery,pitch.1,702636,0.0318,-0.3094,0.7762,0.0282,-0.4504,-0.5791,0.0,0.0
1779744291825,2,12.00000015,Lower Delivery,Delivery,pitch.1,702714,11.2626,5.0172,98.2996,8.2011,103.5176,7.1776,-0.1002,0.0079
1779744291825,2,12.00000018,Upper Delivery,Delivery,pitch.1,703400,-0.0455,-0.0092,0.1525,0.3129,0.5723,-3.1305,0.0,0.0
1779744291825,2,Pitching Mound.Delivery,,Delivery,pitch.1,701766,11.1813,4.9737,98.4548,41.8871,104.1873,0.2328,-0.1001,0.3469
1779744291825,2,Pitching Mound.Drive,,Delivery,pitch.1,702636,0.0318,-0.3094,0.7762,0.0282,-0.4504,-0.5791,0.0,0.0
1779744291825,2,Pitching Mound.Parent,,Delivery,pitch.1,701090,11.2131,4.6644,99.231,41.9153,103.7369,-0.3463,-0.0993,0.3442
1779744291826,2,11.0000004b,Drive,Delivery,pitch.1,702637,0.0279,-0.3079,0.7995,0.0183,-0.4156,-0.6032,0.0,0.0
1779744291826,2,12.00000015,Lower Delivery,Delivery,pitch.1,702715,11.3212,5.0721,98.2557,8.2008,103.5875,7.1075,-0.1003,0.0079
1779744291826,2,12.00000018,Upper Delivery,Delivery,pitch.1,703401,-0.0453,-0.0095,0.1533,0.311,0.5694,-3.1155,0.0,0.0
1779744291826,2,Pitching Mound.Delivery,,Delivery,pitch.1,701767,11.2173,5.0077,98.453,41.8819,104.0871,0.2175,-0.1,0.3469
1779744291826,2,Pitching Mound.Drive,,Delivery,pitch.1,702637,0.0279,-0.3079,0.7995,0.0183,-0.4156,-0.6032,0.0,0.0
1779744291826,2,Pitching Mound.Parent,,Delivery,pitch.1,701091,11.2452,4.6998,99.2524,41.9001,103.6715,-0.3857,-0.0992,0.3441
1779744291827,2,11.0000004b,Drive,Delivery,pitch.1,702638,0.0333,-0.3249,0.8394,0.0117,-0.3644,-0.5956,0.0,0.0
1779744291827,2,12.00000015,Lower Delivery,Delivery,pitch.1,702716,11.3731,5.0941,98.1955,8.2261,103.7471,7.0422,-0.1005,0.008
1779744291827,2,12.00000018,Upper Delivery,Delivery,pitch.1,703402,-0.0465,-0.0098,0.1494,0.3204,0.5835,-3.1887,0.0,0.0
1779744291827,2,Pitching Mound.Delivery,,Delivery,pitch.1,701768,11.2747,5.0624,98.4051,41.8773,104.1711,0.0538,-0.1001,0.3469
1779744291827,2,Pitching Mound.Drive,,Delivery,pitch.1,702638,0.0333,-0.3249,0.8394,0.0117,-0.3644,-0.5956,0.0,0.0
1779744291827,2,Pitching Mound.Parent,,Delivery,pitch.1,701092,11.308,4.7375,99.2445,41.889,103.8067,-0.5418,-0.0993,0.344
1779744291828,2,11.0000004b,Drive,Delivery,pitch.1,702639,0.0394,-0.3396,0.8652,0.0149,-0.3846,-0.5938,0.0,0.0
1779744291828,2,12.00000015,Lower Delivery,Delivery,pitch.1,702717,11.4338,5.1252,98.2055,8.2362,103.6821,7.0246,-0.1004,0.008
1779744291828,2,12.00000018,Upper Delivery,Delivery,pitch.1,703403,-0.0475,-0.0202,0.1796,0.3236,0.5884,-3.2141,0.0,0.0
1779744291828,2,Pitching Mound.Delivery,,Delivery,pitch.1,701769,11.3256,5.074,98.3751,41.8752,104.3356,-0.0549,-0.1003,0.3467
1779744291828,2,Pitching Mound.Drive,,Delivery,pitch.1,702639,0.0394,-0.3396,0.8652,0.0149,-0.3846,-0.5938,0.0,0.0
1779744291828,2,Pitching Mound.Parent,,Delivery,pitch.1,701093,11.365,4.7344,99.2403,41.8901,103.951,-0.6486,-0.0994,0.3437
1779744291829,2,11.0000004b,Drive,Delivery,pitch.1,702640,0.043,-0.3438,0.8689,0.0336,-0.5464,-0.6036,0.0,0.0
1779744291829,2,12.00000015,Lower Delivery,Delivery,pitch.1,702718,11.4585,5.1618,98.1263,8.2382,103.8019,6.9743,-0.1006,0.008
1779744291829,2,12.00000018,Upper Delivery,Delivery,pitch.1,703404,-0.2004,-0.0981,0.4428,0.3226,0.5868,-3.2056,0.0,0.0
1779744291829,2,Pitching Mound.Delivery,,Delivery,pitch.1,701770,11.2335,5.0271,98.6483,41.7981,104.2689,-0.1366,-0.1,0.3449
1779744291829,2,Pitching Mound.Drive,,Delivery,pitch.1,702640,0.043,-0.3438,0.8689,0.0336,-0.5464,-0.6036,0.0,0.0
1779744291829,2,Pitching Mound.Parent,,Delivery,pitch.1,701094,11.2764,4.6833,99.5172,41.8317,103.7226,-0.7402,-0.0991,0.3419
1779744291830,2,11.0000004b,Drive,Delivery,pitch.1,702641,0.042,-0.3379,0.8432,0.0332,-0.5309,-0.5843,0.0,0.0
1779744291830,2,12.00000015,Lower Delivery,Delivery,pitch.1,702719,11.5138,5.2156,98.1849,8.2574,103.9484,6.8928,-0.1007,0.008
1779744291830,2,12.00000018,Upper Delivery,Delivery,pitch.1,703405,-0.3734,-0.1596,0.64,0.312,0.5709,-3.1229,0.0,0.0
1779744291830,2,Pitching Mound.Delivery,,Delivery,pitch.1,701771,11.0851,5.0022,98.7663,41.6955,104.3728,-0.1715,-0.1,0.3435
1779744291830,2,Pitching Mound.Drive,,Delivery,pitch.1,702641,0.042,-0.3379,0.8432,0.0332,-0.5309,-0.5843,0.0,0.0
1779744291830,2,Pitching Mound.Parent,,Delivery,pitch.1,701095,11.127,4.6643,99.6095,41.7287,103.8419,-0.7558,-0.0991,0.3406
1779744291831,2,11.0000004b,Drive,Delivery,pitch.1,702642,0.0398,-0.3308,0.8089,0.0262,-0.4783,-0.5923,0.0,0.0
1779744291831,2,12.00000015,Lower Delivery,Delivery,pitch.1,702720,11.5685,5.2674,98.1805,8.2679,104.2022,6.7978,-0.101,0.008
1779744291831,2,12.00000018,Upper Delivery,Delivery,pitch.1,703406,-0.4596,-0.1411,0.4657,0.3127,0.572,-3.1288,0.0,0.0
1779744291831,2,Pitching Mound.Delivery,,Delivery,pitch.1,701772,11.0542,5.0745,98.6506,41.7946,104.5204,-0.307,-0.1002,0.3448
1779744291831,2,Pitching Mound.Drive,,Delivery,pitch.1,702642,0.0398,-0.3308,0.8089,0.0262,-0.4783,-0.5923,0.0,0.0
1779744291831,2,Pitching Mound.Parent,,Delivery,pitch.1,701096,11.094,4.7437,99.4595,41.8209,104.0421,-0.8992,-0.0994,0.3419
1779744291832,2,11.0000004b,Drive,Delivery,pitch.1,702644,0.0264,-0.3428,0.8546,0.0281,-0.4765,-0.582,0.0,0.0
1779744291832,2,11.0000004b,Drive,Delivery,pitch.1,702643,0.0389,-0.3305,0.81,0.0318,-0.4891,-0.5528,0.0,0.0
1779744291832,2,12.00000015,Lower Delivery,Delivery,pitch.1,702721,11.6384,5.2977,98.2654,8.2978,104.5429,6.7662,-0.1012,0.008
1779744291832,2,12.00000018,Upper Delivery,Delivery,pitch.1,703407,-0.3796,-0.1562,0.6913,0.3102,0.5682,-3.1089,0.0,0.0
1779744291832,2,Pitching Mound.Delivery,,Delivery,pitch.1,701773,11.1889,5.1112,98.8718,41.7244,104.7704,-0.3734,-0.1003,0.3432
1779744291832,2,Pitching Mound.Drive,,Delivery,pitch.1,702644,0.0264,-0.3428,0.8546,0.0281,-0.4765,-0.582,0.0,0.0
1779744291832,2,Pitching Mound.Drive,,Delivery,pitch.1,702643,0.0389,-0.3305,0.81,0.0318,-0.4891,-0.5528,0.0,0.0
1779744291832,2,Pitching Mound.Parent,,Delivery,pitch.1,701097,11.2278,4.7807,99.6819,41.7562,104.2813,-0.9263,-0.0994,0.3404
1779744291833,2,12.00000015,Lower Delivery,Delivery,pitch.1,702722,11.66,5.3173,98.3669,8.2254,104.2956,6.6767,-0.1009,0.008
1779744291833,2,12.00000018,Upper Delivery,Delivery,pitch.1,703408,-0.4103,-0.1507,0.653,0.3112,0.5698,-3.1173,0.0,0.0
1779744291833,2,Pitching Mound.Delivery,,Delivery,pitch.1,701774,11.2282,5.147,98.9184,41.7973,105.1126,-0.4476,-0.1005,0.3435
1779744291833,2,Pitching Mound.Parent,,Delivery,pitch.1,701098,11.2545,4.8042,99.7731,41.8253,104.6361,-1.0296,-0.0997,0.3405
1779744291834,2,11.0000004b,Drive,Delivery,pitch.1,702645,0.0154,-0.3269,0.833,0.0147,-0.3609,-0.5785,0.0,0.0
1779744291834,2,12.00000015,Lower Delivery,Delivery,pitch.1,702723,11.6778,5.366,98.3786,8.2461,104.0802,6.6335,-0.1006,0.008
1779744291834,2,12.00000018,Upper Delivery,Delivery,pitch.1,703409,-0.4495,-0.1397,0.5866,0.302,0.5559,-3.0453,0.0,0.0
1779744291834,2,Pitching Mound.Delivery,,Delivery,pitch.1,701775,11.2105,5.1776,98.9535,41.7728,104.8516,-0.4858,-0.1003,0.3439
1779744291834,2,Pitching Mound.Drive,,Delivery,pitch.1,702645,0.0154,-0.3269,0.833,0.0147,-0.3609,-0.5785,0.0,0.0
1779744291834,2,Pitching Mound.Parent,,Delivery,pitch.1,701099,11.2259,4.8508,99.7865,41.7875,104.4906,-1.0643,-0.0994,0.341
1779744291835,2,11.0000004b,Drive,Delivery,pitch.1,702646,0.0252,-0.3262,0.7868,0.0232,-0.4213,-0.5736,0.0,0.0
1779744291835,2,12.00000015,Lower Delivery,Delivery,pitch.1,702724,11.7208,5.4147,98.438,8.2418,104.3743,6.5644,-0.1009,0.008
1779744291835,2,12.00000018,Upper Delivery,Delivery,pitch.1,703410,-0.4533,-0.1243,0.6292,0.2993,0.5523,-3.0317,0.0,0.0
1779744291835,2,Pitching Mound.Delivery,,Delivery,pitch.1,701776,11.2246,5.2417,99.0077,41.7803,104.6325,-0.5228,-0.1,0.3436
1779744291835,2,Pitching Mound.Drive,,Delivery,pitch.1,702646,0.0252,-0.3262,0.7868,0.0232,-0.4213,-0.5736,0.0,0.0
1779744291835,2,Pitching Mound.Parent,,Delivery,pitch.1,701100,11.2498,4.9155,99.7945,41.8035,104.2112,-1.0965,-0.0992,0.3409
1779744291836,2,11.0000004b,Drive,Delivery,pitch.1,702647,0.0344,-0.3177,0.7439,0.0185,-0.3653,-0.5348,0.0,0.0
1779744291836,2,12.00000015,Lower Delivery,Delivery,pitch.1,702725,11.7679,5.4596,98.4519,8.2375,104.665,6.4961,-0.1011,0.008
1779744291836,2,12.00000018,Upper Delivery,Delivery,pitch.1,703411,-0.3362,-0.1624,0.6595,0.2949,0.5453,-2.99,0.0,0.0
1779744291836,2,Pitching Mound.Delivery,,Delivery,pitch.1,701777,11.3846,5.2523,99.0976,41.7814,104.9196,-0.5249,-0.1002,0.3434
1779744291836,2,Pitching Mound.Drive,,Delivery,pitch.1,702647,0.0344,-0.3177,0.7439,0.0185,-0.3653,-0.5348,0.0,0.0
1779744291836,2,Pitching Mound.Parent,,Delivery,pitch.1,701101,11.419,4.9345,99.8414,41.7999,104.5543,-1.0597,-0.0994,0.3408
1779744291837,2,11.0000004b,Drive,Delivery,pitch.1,702648,0.0336,-0.3138,0.7159,0.0149,-0.3071,-0.5066,0.0,0.0
1779744291837,2,12.00000015,Lower Delivery,Delivery,pitch.1,702726,11.8116,5.4917,98.5255,8.2906,105.0523,6.4278,-0.1014,0.008
1779744291837,2,12.00000018,Upper Delivery,Delivery,pitch.1,703412,-0.2086,-0.1003,0.4423,0.3002,0.5532,-3.031,0.0,0.0
1779744291837,2,Pitching Mound.Delivery,,Delivery,pitch.1,701778,11.5593,5.3593,98.8943,41.8609,105.2182,-0.6069,-0.1007,0.3449
1779744291837,2,Pitching Mound.Drive,,Delivery,pitch.1,702648,0.0336,-0.3138,0.7159,0.0149,-0.3071,-0.5066,0.0,0.0
1779744291837,2,Pitching Mound.Parent,,Delivery,pitch.1,701102,11.5929,5.0455,99.6101,41.8758,104.9111,-1.1135,-0.1,0.3424
1779744291838,2,11.0000004b,Drive,Delivery,pitch.1,702649,0.0399,-0.303,0.695,0.0208,-0.3601,-0.5122,0.0,0.0
1779744291838,2,12.00000015,Lower Delivery,Delivery,pitch.1,702727,11.8576,5.5256,98.5967,8.2805,105.2199,6.3583,-0.1015,0.008
1779744291838,2,12.00000018,Upper Delivery,Delivery,pitch.1,703413,-0.3475,-0.1615,0.6531,0.2938,0.5436,-2.9815,0.0,0.0
1779744291838,2,Pitching Mound.Delivery,,Delivery,pitch.1,701779,11.4641,5.3302,99.1786,41.8611,105.5959,-0.6878,-0.1008,0.3435
1779744291838,2,Pitching Mound.Drive,,Delivery,pitch.1,702649,0.0399,-0.303,0.695,0.0208,-0.3601,-0.5122,0.0,0.0
1779744291838,2,Pitching Mound.Parent,,Delivery,pitch.1,701103,11.504,5.0271,99.8736,41.8819,105.2358,-1.2,-0.1001,0.3411
1779744291839,2,11.0000004b,Drive,Delivery,pitch.1,702650,0.0539,-0.2968,0.7159,0.0283,-0.4163,-0.5122,0.0,0.0
1779744291839,2,12.00000015,Lower Delivery,Delivery,pitch.1,702728,11.8885,5.5574,98.7768,8.212,105.2563,6.3086,-0.1014,0.0079
1779744291839,2,12.00000018,Upper Delivery,Delivery,pitch.1,703414,-0.2756,-0.121,0.5186,0.1166,0.3563,-3.0119,0.0,0.0
1779744291839,2,12.00000018,Upper Delivery,Delivery,pitch.1,703415,-0.1213,-0.0533,0.295,0.1615,0.4039,-3.0052,0.0,0.0
1779744291839,2,Pitching Mound.Delivery,,Delivery,pitch.1,701780,11.582,5.4046,99.1153,41.7437,105.5762,-0.779,-0.101,0.3444
1779744291839,2,Pitching Mound.Delivery,,Delivery,pitch.1,701781,11.7672,5.5041,99.0718,41.8573,105.6602,-0.7799,-0.1011,0.3459
1779744291839,2,Pitching Mound.Drive,,Delivery,pitch.1,702650,0.0539,-0.2968,0.7159,0.0283,-0.4163,-0.5122,0.0,0.0
1779744291839,2,Pitching Mound.Parent,,Delivery,pitch.1,701104,11.6358,5.1078,99.8312,41.772,105.1599,-1.2912,-0.1003,0.3419
1779744291840,2,11.0000004b,Drive,Delivery,pitch.1,702651,0.0504,-0.312,0.7449,0.0294,-0.4068,-0.4811,0.0,0.0
1779744291840,2,12.00000015,Lower Delivery,Delivery,pitch.1,702729,11.9394,5.5823,98.9133,8.2272,105.4148,6.2721,-0.1014,0.0079
1779744291840,2,Pitching Mound.Drive,,Delivery,pitch.1,702651,0.0504,-0.312,0.7449,0.0294,-0.4068,-0.4811,0.0,0.0
1779744291840,2,Pitching Mound.Parent,,Delivery,pitch.1,701105,11.8176,5.1921,99.8167,41.8867,105.2534,-1.2611,-0.1003,0.3433
1779744291841,2,11.0000004b,Drive,Delivery,pitch.1,702652,0.0548,-0.3062,0.7594,0.0264,-0.3745,-0.4778,0.0,0.0
1779744291841,2,12.00000015,Lower Delivery,Delivery,pitch.1,702730,11.984,5.6023,98.9556,8.2108,105.3757,6.2107,-0.1013,0.0079
1779744291841,2,12.00000018,Upper Delivery,Delivery,pitch.1,703416,-0.1769,-0.0744,0.3736,0.1556,0.3979,-3.0118,0.0,0.0
1779744291841,2,Pitching Mound.Delivery,,Delivery,pitch.1,701782,11.7625,5.5079,99.2869,41.8864,105.8127,-0.8593,-0.101,0.3453
1779744291841,2,Pitching Mound.Drive,,Delivery,pitch.1,702652,0.0548,-0.3062,0.7594,0.0264,-0.3745,-0.4778,0.0,0.0
1779744291841,2,Pitching Mound.Parent,,Delivery,pitch.1,701106,11.8172,5.2017,100.0463,41.9127,105.4382,-1.3371,-0.1002,0.3427
1779744291842,2,11.0000004b,Drive,Delivery,pitch.1,702654,0.0733,-0.3092,0.8132,0.0518,-0.5819,-0.5112,0.0,0.0
1779744291842,2,11.0000004b,Drive,Delivery,pitch.1,702653,0.0638,-0.3196,0.7923,0.0337,-0.4137,-0.4669,0.0,0.0
1779744291842,2,12.00000015,Lower Delivery,Delivery,pitch.1,702731,12.0187,5.6308,99.0261,8.1986,105.3992,6.199,-0.1013,0.0079
1779744291842,2,12.00000018,Upper Delivery,Delivery,pitch.1,703417,-0.183,-0.0815,0.3887,0.0698,0.3078,-3.0372,0.0,0.0
1779744291842,2,Pitching Mound.Delivery,,Delivery,pitch.1,701783,11.801,5.5208,99.3443,41.7933,105.6835,-0.9633,-0.1009,0.3452
1779744291842,2,Pitching Mound.Drive,,Delivery,pitch.1,702654,0.0733,-0.3092,0.8132,0.0518,-0.5819,-0.5112,0.0,0.0
1779744291842,2,Pitching Mound.Drive,,Delivery,pitch.1,702653,0.0638,-0.3196,0.7923,0.0337,-0.4137,-0.4669,0.0,0.0
1779744291842,2,Pitching Mound.Parent,,Delivery,pitch.1,701107,11.8648,5.2012,100.1366,41.827,105.2699,-1.4302,-0.1001,0.3425
1779744291843,2,12.00000015,Lower Delivery,Delivery,pitch.1,702732,12.0312,5.663,99.0669,8.2227,105.5262,6.1411,-0.1013,0.0079
1779744291843,2,12.00000018,Upper Delivery,Delivery,pitch.1,703418,-0.1659,-0.0637,0.3534,-0.0102,0.2226,-3.0388,0.0,0.0
1779744291843,2,Pitching Mound.Delivery,,Delivery,pitch.1,701784,11.8528,5.5672,99.3795,41.7371,105.6218,-0.9825,-0.1009,0.3454
1779744291843,2,Pitching Mound.Parent,,Delivery,pitch.1,701108,11.9261,5.258,100.1927,41.7889,105.0399,-1.4938,-0.1001,0.3426
1779744291844,2,11.0000004b,Drive,Delivery,pitch.1,702656,0.0716,-0.311,0.7932,0.056,-0.6072,-0.4645,0.0,0.0
1779744291844,2,11.0000004b,Drive,Delivery,pitch.1,702655,0.0621,-0.3238,0.7938,0.0444,-0.5334,-0.4996,0.0,0.0
1779744291844,2,12.00000015,Lower Delivery,Delivery,pitch.1,702733,12.0798,5.697,99.174,8.2297,105.4669,6.0864,-0.1012,0.0079
1779744291844,2,12.00000018,Upper Delivery,Delivery,pitch.1,703419,-0.1663,-0.0585,0.344,-0.1418,0.0823,-3.0411,0.0,0.0
1779744291844,2,Pitching Mound.Delivery,,Delivery,pitch.1,701785,11.8649,5.6045,99.4109,41.6467,105.6086,-1.0472,-0.101,0.3455
1779744291844,2,Pitching Mound.Drive,,Delivery,pitch.1,702656,0.0716,-0.311,0.7932,0.056,-0.6072,-0.4645,0.0,0.0
1779744291844,2,Pitching Mound.Drive,,Delivery,pitch.1,702655,0.0621,-0.3238,0.7938,0.0444,-0.5334,-0.4996,0.0,0.0
1779744291844,2,Pitching Mound.Parent,,Delivery,pitch.1,701109,11.9271,5.2807,100.2047,41.6911,105.0752,-1.5468,-0.1002,0.3428
1779744291845,2,11.0000004b,Drive,Delivery,pitch.1,702657,0.0759,-0.3145,0.7765,0.0695,-0.7358,-0.4935,0.0,0.0
1779744291845,2,12.00000015,Lower Delivery,Delivery,pitch.1,702734,12.1302,5.7104,99.2581,8.2399,105.7088,6.0579,-0.1013,0.0079
1779744291845,2,12.00000018,Upper Delivery,Delivery,pitch.1,703420,-0.0607,-0.0217,0.1989,0.0946,0.3381,-3.1051,0.0,0.0
1779744291845,2,Pitching Mound.Delivery,,Delivery,pitch.1,701786,12.0191,5.6753,99.3729,41.9759,105.805,-1.1465,-0.101,0.3465
1779744291845,2,Pitching Mound.Drive,,Delivery,pitch.1,702657,0.0759,-0.3145,0.7765,0.0695,-0.7358,-0.4935,0.0,0.0
1779744291845,2,Pitching Mound.Parent,,Delivery,pitch.1,701110,12.0907,5.3642,100.1661,42.0319,105.1977,-1.611,-0.1002,0.3438
1779744291846,2,11.0000004b,Drive,Delivery,pitch.1,702658,0.0607,-0.3261,0.787,0.0708,-0.7335,-0.4737,0.0,0.0
1779744291846,2,12.00000015,Lower Delivery,Delivery,pitch.1,702735,12.144,5.7413,99.2966,8.25,105.7771,6.0498,-0.1013,0.0079
1779744291846,2,12.00000018,Upper Delivery,Delivery,pitch.1,703421,-0.0534,-0.0204,0.1885,0.0985,0.3399,-3.0647,0.0,0.0
1779744291846,2,12.00000018,Upper Delivery,Delivery,pitch.1,703422,-0.2705,-0.1086,0.5022,-0.0982,0.1307,-3.0747,0.0,0.0
1779744291846,2,Pitching Mound.Delivery,,Delivery,pitch.1,701787,12.0769,5.69,99.4466,42.022,106.0487,-1.1492,-0.1011,0.3466
1779744291846,2,Pitching Mound.Delivery,,Delivery,pitch.1,701788,11.8735,5.6327,99.7987,41.7418,105.9078,-1.2458,-0.1008,0.3444
1779744291846,2,Pitching Mound.Drive,,Delivery,pitch.1,702658,0.0607,-0.3261,0.787,0.0708,-0.7335,-0.4737,0.0,0.0
1779744291846,2,Pitching Mound.Parent,,Delivery,pitch.1,701111,12.1528,5.3755,100.2231,42.0914,105.3129,-1.6427,-0.1003,0.3439
1779744291846,2,Pitching Mound.Parent,,Delivery,pitch.1,701112,11.9341,5.3066,100.5858,41.8127,105.1743,-1.7194,-0.1,0.3417
1779744291847,2,11.0000004b,Drive,Delivery,pitch.1,702659,0.0622,-0.3227,0.7719,0.075,-0.7848,-0.5029,0.0,0.0
1779744291847,2,12.00000015,Lower Delivery,Delivery,pitch.1,702736,12.1626,5.7694,99.3917,8.2169,105.8984,6.0364,-0.1014,0.0079
1779744291847,2,12.00000018,Upper Delivery,Delivery,pitch.1,703423,-0.1856,-0.0709,0.3704,-0.1101,0.1177,-3.069,0.0,0.0
1779744291847,2,Pitching Mound.Delivery,,Delivery,pitch.1,701789,11.977,5.6985,99.7622,41.774,106.0161,-1.2311,-0.101,0.3453
1779744291847,2,Pitching Mound.Drive,,Delivery,pitch.1,702659,0.0622,-0.3227,0.7719,0.075,-0.7848,-0.5029,0.0,0.0
1779744291847,2,Pitching Mound.Parent,,Delivery,pitch.1,701113,12.0392,5.3758,100.5341,41.8489,105.2314,-1.7339,-0.1002,0.3427
1779744291848,2,11.0000004b,Drive,Delivery,pitch.1,702660,0.0665,-0.3328,0.7878,0.0834,-0.8761,-0.5367,0.0,0.0
1779744291848,2,12.00000015,Lower Delivery,Delivery,pitch.1,702737,12.1832,5.79,99.4393,8.1711,105.7028,6.0023,-0.1011,0.0078
1779744291848,2,Pitching Mound.Drive,,Delivery,pitch.1,702660,0.0665,-0.3328,0.7878,0.0834,-0.8761,-0.5367,0.0,0.0
1779744291849,2,11.0000004b,Drive,Delivery,pitch.1,702661,0.0587,-0.3215,0.7398,0.0797,-0.8379,-0.5271,0.0,0.0
1779744291849,2,12.00000015,Lower Delivery,Delivery,pitch.1,702738,12.1936,5.8174,99.5227,8.1739,105.8213,6.0041,-0.1011,0.0078
1779744291849,2,12.00000018,Upper Delivery,Delivery,pitch.1,703424,-0.092,-0.0244,0.2212,-0.1208,0.1076,-3.0921,0.0,0.0
1779744291849,2,Pitching Mound.Delivery,,Delivery,pitch.1,701790,12.0912,5.7656,99.6605,41.7844,105.8104,-1.2634,-0.1009,0.3463
1779744291849,2,Pitching Mound.Drive,,Delivery,pitch.1,702661,0.0587,-0.3215,0.7398,0.0797,-0.8379,-0.5271,0.0,0.0
1779744291849,2,Pitching Mound.Parent,,Delivery,pitch.1,701114,12.1577,5.4328,100.4483,41.8678,104.9343,-1.8001,-0.1001,0.3436
1779744291850,2,11.0000004b,Drive,Delivery,pitch.1,702662,0.0452,-0.3258,0.8184,0.0795,-0.8613,-0.5532,0.0,0.0
1779744291850,2,12.00000015,Lower Delivery,Delivery,pitch.1,702739,12.2024,5.8244,99.5547,8.1704,105.9142,6.0028,-0.1012,0.0078
1779744291850,2,12.00000018,Upper Delivery,Delivery,pitch.1,703425,-0.0465,-0.0101,0.1652,0.0351,0.2695,-3.0145,0.0,0.0
1779744291850,2,12.00000018,Upper Delivery,Delivery,pitch.1,703426,-0.1306,-0.0467,0.2924,-0.0816,0.1468,-3.0458,0.0,0.0
1779744291850,2,Pitching Mound.Delivery,,Delivery,pitch.1,701791,12.1471,5.8073,99.6879,41.9905,106.0908,-1.1719,-0.101,0.3467
1779744291850,2,Pitching Mound.Delivery,,Delivery,pitch.1,701792,12.0718,5.7777,99.8471,41.838,106.061,-1.2361,-0.1009,0.3458
1779744291850,2,Pitching Mound.Drive,,Delivery,pitch.1,702662,0.0452,-0.3258,0.8184,0.0795,-0.8613,-0.5532,0.0,0.0
1779744291850,2,Pitching Mound.Parent,,Delivery,pitch.1,701115,12.2058,5.4858,100.4277,42.0702,105.253,-1.6991,-0.1002,0.3441
1779744291850,2,Pitching Mound.Parent,,Delivery,pitch.1,701116,12.117,5.4519,100.6655,41.9175,105.1997,-1.7893,-0.1001,0.343
1779744291851,2,11.0000004b,Drive,Delivery,pitch.1,702663,0.0401,-0.3177,0.7846,0.0654,-0.747,-0.5483,0.0,0.0
1779744291851,2,12.00000015,Lower Delivery,Delivery,pitch.1,702740,12.237,5.8476,99.6974,8.191,106.0571,5.9866,-0.1012,0.0078
1779744291851,2,12.00000018,Upper Delivery,Delivery,pitch.1,703427,-0.0726,-0.0221,0.2038,0.1445,0.3897,-3.0773,0.0,0.0
1779744291851,2,Pitching Mound.Delivery,,Delivery,pitch.1,701793,12.1643,5.8255,99.9013,42.1633,106.4468,-1.276,-0.101,0.3464
1779744291851,2,Pitching Mound.Drive,,Delivery,pitch.1,702663,0.0401,-0.3177,0.7846,0.0654,-0.747,-0.5483,0.0,0.0
1779744291851,2,Pitching Mound.Parent,,Delivery,pitch.1,701117,12.2044,5.5077,100.6858,42.2287,105.6998,-1.8243,-0.1002,0.3437
1779744291852,2,11.0000004b,Drive,Delivery,pitch.1,702664,0.0376,-0.3032,0.7692,0.0678,-0.7723,-0.5557,0.0,0.0
1779744291852,2,12.00000015,Lower Delivery,Delivery,pitch.1,702741,12.2243,5.8601,99.721,8.1716,106.0205,5.9706,-0.1011,0.0078
1779744291852,2,12.00000018,Upper Delivery,Delivery,pitch.1,703428,-0.14,-0.0481,0.2851,-0.1162,0.1111,-3.067,0.0,0.0
1779744291852,2,Pitching Mound.Delivery,,Delivery,pitch.1,701794,12.0843,5.812,100.0061,41.8636,106.1316,-1.3002,-0.1009,0.3458
1779744291852,2,Pitching Mound.Drive,,Delivery,pitch.1,702664,0.0376,-0.3032,0.7692,0.0678,-0.7723,-0.5557,0.0,0.0
1779744291852,2,Pitching Mound.Parent,,Delivery,pitch.1,701118,12.1218,5.5088,100.7753,41.9314,105.3593,-1.856,-0.1001,0.3432
1779744291853,2,11.0000004b,Drive,Delivery,pitch.1,702665,0.0278,-0.3294,0.8778,0.0712,-0.8175,-0.5801,0.0,0.0
1779744291853,2,12.00000015,Lower Delivery,Delivery,pitch.1,702742,12.2532,5.8735,99.7958,8.2092,106.2153,5.9823,-0.1012,0.0078
1779744291853,2,12.00000018,Upper Delivery,Delivery,pitch.1,703429,-0.179,-0.0718,0.3578,-0.0271,0.2061,-3.0668,0.0,0.0
1779744291853,2,Pitching Mound.Delivery,,Delivery,pitch.1,701795,12.0743,5.8017,100.1535,41.991,106.4214,-1.3114,-0.1009,0.3454
1779744291853,2,Pitching Mound.Drive,,Delivery,pitch.1,702665,0.0278,-0.3294,0.8778,0.0712,-0.8175,-0.5801,0.0,0.0
1779744291853,2,Pitching Mound.Parent,,Delivery,pitch.1,701119,12.1021,5.4723,101.0314,42.0622,105.6039,-1.8915,-0.1,0.3424
1779744291854,2,11.0000004b,Drive,Delivery,pitch.1,702666,0.0409,-0.3162,0.8147,0.0748,-0.8292,-0.5551,0.0,0.0
1779744291854,2,12.00000015,Lower Delivery,Delivery,pitch.1,702743,12.2641,5.8897,99.7985,8.1894,106.3551,5.9607,-0.1014,0.0078
1779744291854,2,Pitching Mound.Drive,,Delivery,pitch.1,702666,0.0409,-0.3162,0.8147,0.0748,-0.8292,-0.5551,0.0,0.0
1779744291855,2,11.0000004b,Drive,Delivery,pitch.1,702667,0.0285,-0.3204,0.8479,0.0673,-0.7828,-0.584,0.0,0.0
1779744291855,2,12.00000015,Lower Delivery,Delivery,pitch.1,702744,12.2521,5.8933,99.7169,8.1854,106.543,5.9441,-0.1016,0.0078
1779744291855,2,12.00000018,Upper Delivery,Delivery,pitch.1,703430,-0.1067,-0.0335,0.2355,-0.0101,0.227,-3.1161,0.0,0.0
1779744291855,2,Pitching Mound.Delivery,,Delivery,pitch.1,701796,12.1574,5.8561,100.034,42.0308,106.5822,-1.3616,-0.1011,0.3462
1779744291855,2,Pitching Mound.Drive,,Delivery,pitch.1,702667,0.0285,-0.3204,0.8479,0.0673,-0.7828,-0.584,0.0,0.0
1779744291855,2,Pitching Mound.Parent,,Delivery,pitch.1,701120,12.1984,5.54,100.8487,42.1056,105.753,-1.9167,-0.1003,0.3434
1779744291856,2,12.00000015,Lower Delivery,Delivery,pitch.1,702745,12.2685,5.9211,99.7332,8.2427,106.7216,5.9699,-0.1018,0.0079
1779744291856,2,12.00000018,Upper Delivery,Delivery,pitch.1,703431,-0.1954,-0.0637,0.3586,0.0574,0.2968,-3.0773,0.0,0.0
1779744291856,2,Pitching Mound.Delivery,,Delivery,pitch.1,701797,12.0567,5.8296,100.0755,42.0246,106.8398,-1.3654,-0.1013,0.3453
1779744291856,2,Pitching Mound.Parent,,Delivery,pitch.1,701121,12.0852,5.5092,100.9233,42.0919,106.0571,-1.9493,-0.1004,0.3424
1779744291857,2,11.0000004b,Drive,Delivery,pitch.1,702668,0.0253,-0.3247,0.8734,0.0727,-0.8391,-0.5995,0.0,0.0
1779744291857,2,11.0000004b,Drive,Delivery,pitch.1,702669,0.0322,-0.3244,0.8729,0.0703,-0.8149,-0.6078,0.0,0.0
1779744291857,2,12.00000015,Lower Delivery,Delivery,pitch.1,702746,12.2966,5.9168,99.781,8.2215,106.7106,5.9549,-0.1017,0.0078
1779744291857,2,12.00000018,Upper Delivery,Delivery,pitch.1,703432,-0.2022,-0.0607,0.3555,-0.0878,0.1423,-3.0835,0.0,0.0
1779744291857,2,Pitching Mound.Delivery,,Delivery,pitch.1,701798,12.0662,5.8604,100.0886,41.9433,106.8639,-1.3537,-0.1014,0.3454
1779744291857,2,Pitching Mound.Drive,,Delivery,pitch.1,702668,0.0253,-0.3247,0.8734,0.0727,-0.8391,-0.5995,0.0,0.0
1779744291857,2,Pitching Mound.Drive,,Delivery,pitch.1,702669,0.0322,-0.3244,0.8729,0.0703,-0.8149,-0.6078,0.0,0.0
1779744291857,2,Pitching Mound.Parent,,Delivery,pitch.1,701122,12.0915,5.5357,100.9621,42.0161,106.0248,-1.9532,-0.1006,0.3424
1779744291858,2,11.0000004b,Drive,Delivery,pitch.1,702670,0.0217,-0.3311,0.8856,0.0801,-0.8785,-0.5699,0.0,0.0
1779744291858,2,12.00000015,Lower Delivery,Delivery,pitch.1,702747,12.2898,5.9205,99.7753,8.2187,106.5248,5.9259,-0.1016,0.0078
1779744291858,2,12.00000018,Upper Delivery,Delivery,pitch.1,703433,-0.1633,-0.0437,0.2921,-0.069,0.1645,-3.1231,0.0,0.0
1779744291858,2,12.00000018,Upper Delivery,Delivery,pitch.1,703434,-0.209,-0.0696,0.375,0.09,0.3355,-3.1459,0.0,0.0
1779744291858,2,Pitching Mound.Delivery,,Delivery,pitch.1,701799,12.1333,5.873,100.073,41.9787,106.8751,-1.4045,-0.1014,0.3458
1779744291858,2,Pitching Mound.Delivery,,Delivery,pitch.1,701800,12.0809,5.8509,100.1504,42.1048,106.8602,-1.4696,-0.1012,0.3453
1779744291858,2,Pitching Mound.Drive,,Delivery,pitch.1,702670,0.0217,-0.3311,0.8856,0.0801,-0.8785,-0.5699,0.0,0.0
1779744291858,2,Pitching Mound.Parent,,Delivery,pitch.1,701123,12.1656,5.5486,100.9459,42.049,106.0602,-2.0123,-0.1006,0.3428
1779744291858,2,Pitching Mound.Parent,,Delivery,pitch.1,701124,12.1026,5.5198,101.036,42.185,105.9817,-2.0395,-0.1003,0.3422
1779744291859,2,11.0000004b,Drive,Delivery,pitch.1,702671,0.0166,-0.3478,0.9026,0.074,-0.8245,-0.5685,0.0,0.0
1779744291859,2,12.00000015,Lower Delivery,Delivery,pitch.1,702748,12.3288,5.9502,99.8342,8.2366,106.6758,5.9466,-0.1016,0.0078
1779744291859,2,Pitching Mound.Drive,,Delivery,pitch.1,702671,0.0166,-0.3478,0.9026,0.074,-0.8245,-0.5685,0.0,0.0
1779744291860,2,11.0000004b,Drive,Delivery,pitch.1,702672,0.016,-0.3534,0.9272,0.0767,-0.8456,-0.5679,0.0,0.0
1779744291860,2,12.00000015,Lower Delivery,Delivery,pitch.1,702749,12.3296,5.9569,99.8386,8.1941,106.5484,5.868,-0.1015,0.0078
1779744291860,2,12.00000018,Upper Delivery,Delivery,pitch.1,703436,-0.2135,-0.0648,0.375,-0.0497,0.1828,-3.0821,0.0,0.0
1779744291860,2,12.00000018,Upper Delivery,Delivery,pitch.1,703435,-0.1898,-0.0613,0.345,0.0095,0.2464,-3.0893,0.0,0.0
1779744291860,2,Pitching Mound.Delivery,,Delivery,pitch.1,701802,12.1161,5.8921,100.2136,41.962,106.7312,-1.4788,-0.1011,0.3452
1779744291860,2,Pitching Mound.Delivery,,Delivery,pitch.1,701801,12.139,5.8889,100.1792,42.0724,106.9222,-1.399,-0.1013,0.3455
1779744291860,2,Pitching Mound.Drive,,Delivery,pitch.1,702672,0.016,-0.3534,0.9272,0.0767,-0.8456,-0.5679,0.0,0.0
1779744291860,2,Pitching Mound.Parent,,Delivery,pitch.1,701126,12.1322,5.5387,101.1409,42.0387,105.8856,-2.0467,-0.1002,0.3421
1779744291860,2,Pitching Mound.Parent,,Delivery,pitch.1,701125,12.1556,5.5412,101.0818,42.1465,106.0977,-1.9674,-0.1004,0.3424
1779744291861,2,11.0000004b,Drive,Delivery,pitch.1,702673,0.0303,-0.3532,0.9252,0.0773,-0.8467,-0.5713,0.0,0.0
1779744291861,2,12.00000015,Lower Delivery,Delivery,pitch.1,702750,12.3647,5.989,99.9405,8.2002,106.5562,5.8903,-0.1014,0.0078
1779744291861,2,12.00000018,Upper Delivery,Delivery,pitch.1,703437,-0.1255,-0.0249,0.2373,0.0873,0.3266,-3.0392,0.0,0.0
1779744291861,2,Pitching Mound.Delivery,,Delivery,pitch.1,701803,12.2392,5.9641,100.1777,42.1866,106.8828,-1.3956,-0.1012,0.3462
1779744291861,2,Pitching Mound.Drive,,Delivery,pitch.1,702673,0.0303,-0.3532,0.9252,0.0773,-0.8467,-0.5713,0.0,0.0
1779744291861,2,Pitching Mound.Parent,,Delivery,pitch.1,701127,12.2695,5.6109,101.1029,42.264,106.0361,-1.9669,-0.1003,0.343
1779744291862,2,11.0000004b,Drive,Delivery,pitch.1,702674,0.0412,-0.347,0.9048,0.0923,-0.869,-0.5814,0.0,0.0
1779744291862,2,12.00000015,Lower Delivery,Delivery,pitch.1,702751,12.3778,6.0236,99.8472,8.1451,106.4338,5.8341,-0.1014,0.0078
1779744291862,2,12.00000018,Upper Delivery,Delivery,pitch.1,703438,-0.1438,-0.0358,0.2817,0.1314,0.3746,-3.0582,0.0,0.0
1779744291862,2,Pitching Mound.Delivery,,Delivery,pitch.1,701804,12.234,5.9878,100.1289,42.1287,106.8084,-1.4815,-0.1011,0.3458
1779744291862,2,Pitching Mound.Drive,,Delivery,pitch.1,702674,0.0412,-0.347,0.9048,0.0923,-0.869,-0.5814,0.0,0.0
1779744291862,2,Pitching Mound.Parent,,Delivery,pitch.1,701128,12.2752,5.6408,101.0337,42.2211,105.9394,-2.0629,-0.1002,0.3427
1779744291863,2,11.0000004b,Drive,Delivery,pitch.1,702675,0.0313,-0.3406,0.8946,0.0816,-0.8807,-0.5638,0.0,0.0
1779744291863,2,12.00000015,Lower Delivery,Delivery,pitch.1,702752,12.4015,6.0592,99.8707,8.0963,106.2066,5.8228,-0.1012,0.0077
1779744291863,2,12.00000018,Upper Delivery,Delivery,pitch.1,703439,-0.0784,-0.0071,0.1993,0.1653,0.4099,-3.0415,0.0,0.0
1779744291863,2,Pitching Mound.Delivery,,Delivery,pitch.1,701805,12.3231,6.052,100.0699,42.1499,106.6165,-1.4618,-0.101,0.3463
1779744291863,2,Pitching Mound.Drive,,Delivery,pitch.1,702675,0.0313,-0.3406,0.8946,0.0816,-0.8807,-0.5638,0.0,0.0
1779744291863,2,Pitching Mound.Parent,,Delivery,pitch.1,701129,12.3544,5.7114,100.9645,42.2315,105.7358,-2.0257,-0.1001,0.3433
1779744291864,2,11.0000004b,Drive,Delivery,pitch.1,702676,0.0198,-0.3397,0.8543,0.0572,-0.6703,-0.541,0.0,0.0
1779744291864,2,12.00000015,Lower Delivery,Delivery,pitch.1,702753,12.4188,6.1094,99.9004,8.035,106.1382,5.7724,-0.1011,0.0077
1779744291864,2,12.00000018,Upper Delivery,Delivery,pitch.1,703440,-0.0727,-0.0069,0.191,-0.0773,0.1549,-3.1081,0.0,0.0
1779744291864,2,Pitching Mound.Delivery,,Delivery,pitch.1,701806,12.3462,6.1025,100.0914,41.859,106.2931,-1.5828,-0.1009,0.3463
1779744291864,2,Pitching Mound.Drive,,Delivery,pitch.1,702676,0.0198,-0.3397,0.8543,0.0572,-0.6703,-0.541,0.0,0.0
1779744291864,2,Pitching Mound.Parent,,Delivery,pitch.1,701130,12.3659,5.7628,100.9457,41.9162,105.6228,-2.1238,-0.1,0.3434
1779744291865,2,11.0000004b,Drive,Delivery,pitch.1,702677,0.0174,-0.3513,0.8604,0.0643,-0.7474,-0.5699,0.0,0.0
1779744291865,2,12.00000015,Lower Delivery,Delivery,pitch.1,702754,12.4533,6.1415,99.937,7.977,105.9563,5.7817,-0.1009,0.0076
1779744291865,2,Pitching Mound.Drive,,Delivery,pitch.1,702677,0.0174,-0.3513,0.8604,0.0643,-0.7474,-0.5699,0.0,0.0
1779744291866,2,11.0000004b,Drive,Delivery,pitch.1,702678,0.018,-0.3496,0.8598,0.0621,-0.7362,-0.5739,0.0,0.0
1779744291866,2,12.00000015,Lower Delivery,Delivery,pitch.1,702755,12.4806,6.1808,99.8941,7.9977,105.9197,5.7087,-0.1009,0.0076
1779744291866,2,12.00000018,Upper Delivery,Delivery,pitch.1,703441,-0.1526,-0.0468,0.3295,0.0543,0.2926,-3.0608,0.0,0.0
1779744291866,2,12.00000018,Upper Delivery,Delivery,pitch.1,703442,-0.1954,-0.0609,0.3901,0.0712,0.3091,-3.0339,0.0,0.0
1779744291866,2,Pitching Mound.Delivery,,Delivery,pitch.1,701807,12.3007,6.0947,100.2664,41.8979,106.2489,-1.5651,-0.1005,0.3453
1779744291866,2,Pitching Mound.Delivery,,Delivery,pitch.1,701808,12.2852,6.1199,100.2842,41.9002,106.2288,-1.635,-0.1005,0.3449
1779744291866,2,Pitching Mound.Drive,,Delivery,pitch.1,702678,0.018,-0.3496,0.8598,0.0621,-0.7362,-0.5739,0.0,0.0
1779744291866,2,Pitching Mound.Parent,,Delivery,pitch.1,701131,12.318,5.7434,101.1269,41.9621,105.5015,-2.135,-0.0997,0.3424
1779744291866,2,Pitching Mound.Parent,,Delivery,pitch.1,701132,12.3032,5.7703,101.144,41.9623,105.4926,-2.2089,-0.0996,0.342
1779744291867,2,11.0000004b,Drive,Delivery,pitch.1,702679,0.0157,-0.3513,0.8711,0.0466,-0.5904,-0.5451,0.0,0.0
1779744291867,2,12.00000015,Lower Delivery,Delivery,pitch.1,702756,12.4959,6.2404,99.8607,7.8629,105.8326,5.698,-0.1008,0.0075
1779744291867,2,12.00000018,Upper Delivery,Delivery,pitch.1,703443,-0.0561,-0.0046,0.1828,0.0859,0.3252,-3.0425,0.0,0.0
1779744291867,2,Pitching Mound.Delivery,,Delivery,pitch.1,701809,12.4399,6.2358,100.0436,41.8392,106.1579,-1.6121,-0.1006,0.3462
1779744291867,2,Pitching Mound.Drive,,Delivery,pitch.1,702679,0.0157,-0.3513,0.8711,0.0466,-0.5904,-0.5451,0.0,0.0
1779744291867,2,Pitching Mound.Parent,,Delivery,pitch.1,701133,12.4555,5.8846,100.9147,41.8858,105.5674,-2.1572,-0.0998,0.3432
1779744291868,2,11.0000004b,Drive,Delivery,pitch.1,702680,0.0191,-0.3469,0.8693,0.0442,-0.5652,-0.5357,0.0,0.0
1779744291868,2,12.00000015,Lower Delivery,Delivery,pitch.1,702757,12.5283,6.2931,99.8847,7.9472,105.9614,5.6533,-0.1009,0.0076
1779744291868,2,12.00000018,Upper Delivery,Delivery,pitch.1,703444,-0.1205,-0.0299,0.2738,-0.0363,0.1974,-3.0875,0.0,0.0
1779744291868,2,Pitching Mound.Delivery,,Delivery,pitch.1,701810,12.4078,6.2632,100.1585,41.7786,106.1588,-1.7347,-0.1006,0.3457
1779744291868,2,Pitching Mound.Drive,,Delivery,pitch.1,702680,0.0191,-0.3469,0.8693,0.0442,-0.5652,-0.5357,0.0,0.0
1779744291868,2,Pitching Mound.Parent,,Delivery,pitch.1,701134,12.4269,5.9163,101.0278,41.8227,105.5937,-2.2704,-0.0998,0.3427
1779744291869,2,11.0000004b,Drive,Delivery,pitch.1,702681,0.0326,-0.3262,0.833,0.0303,-0.447,-0.5374,0.0,0.0
1779744291869,2,12.00000015,Lower Delivery,Delivery,pitch.1,702758,12.5618,6.3426,99.8208,7.7527,106.2209,5.5762,-0.1012,0.0074
1779744291869,2,12.00000018,Upper Delivery,Delivery,pitch.1,703445,-0.0692,-0.0079,0.1989,-0.0055,0.2286,-3.0556,0.0,0.0
1779744291869,2,Pitching Mound.Delivery,,Delivery,pitch.1,701811,12.4927,6.3347,100.0197,41.6186,106.4495,-1.7739,-0.101,0.346
1779744291869,2,Pitching Mound.Drive,,Delivery,pitch.1,702681,0.0326,-0.3262,0.833,0.0303,-0.447,-0.5374,0.0,0.0
1779744291869,2,Pitching Mound.Parent,,Delivery,pitch.1,701135,12.5253,6.0086,100.8526,41.649,106.0024,-2.3113,-0.1002,0.3432
1779744291870,2,11.0000004b,Drive,Delivery,pitch.1,702682,0.0411,-0.3223,0.8212,0.0334,-0.4954,-0.5647,0.0,0.0
1779744291870,2,12.00000015,Lower Delivery,Delivery,pitch.1,702759,12.5896,6.4001,99.8678,7.6808,106.2787,5.5296,-0.1012,0.0073
1779744291870,2,12.00000018,Upper Delivery,Delivery,pitch.1,703446,-0.1275,-0.0264,0.2661,-0.075,0.157,-3.1012,0.0,0.0
1779744291870,2,Pitching Mound.Delivery,,Delivery,pitch.1,701812,12.4621,6.3738,100.1339,41.4704,106.4357,-1.8954,-0.101,0.3455
1779744291870,2,Pitching Mound.Drive,,Delivery,pitch.1,702682,0.0411,-0.3223,0.8212,0.0334,-0.4954,-0.5647,0.0,0.0
1779744291870,2,Pitching Mound.Parent,,Delivery,pitch.1,701136,12.5032,6.0515,100.9551,41.5038,105.9403,-2.4601,-0.1001,0.3427
1779744291871,2,11.0000004b,Drive,Delivery,pitch.1,702683,0.0394,-0.3279,0.817,0.0316,-0.4682,-0.5408,0.0,0.0
1779744291871,2,12.00000015,Lower Delivery,Delivery,pitch.1,702760,12.6071,6.4693,99.8318,7.7296,106.1258,5.4872,-0.1011,0.0074
1779744291871,2,12.00000018,Upper Delivery,Delivery,pitch.1,703447,-0.0775,-0.006,0.1805,-0.2418,-0.0195,-3.1269,0.0,0.0
1779744291871,2,Pitching Mound.Delivery,,Delivery,pitch.1,701813,12.5295,6.4632,100.0123,41.3692,106.1063,-1.9525,-0.1009,0.3461
1779744291871,2,Pitching Mound.Drive,,Delivery,pitch.1,702683,0.0394,-0.3279,0.817,0.0316,-0.4682,-0.5408,0.0,0.0
1779744291871,2,Pitching Mound.Parent,,Delivery,pitch.1,701137,12.5689,6.1353,100.8293,41.4008,105.6381,-2.4932,-0.1001,0.3433
1779744291872,2,11.0000004b,Drive,Delivery,pitch.1,702684,0.0421,-0.334,0.8231,0.0411,-0.581,-0.6038,0.0,0.0
1779744291872,2,12.00000015,Lower Delivery,Delivery,pitch.1,702761,12.6176,6.5255,99.6847,7.6324,106.3046,5.4118,-0.1014,0.0073
1779744291872,2,12.00000018,Upper Delivery,Delivery,pitch.1,703448,-0.0519,0.004,0.139,-0.1844,0.0426,-3.1426,0.0,0.0
1779744291872,2,Pitching Mound.Delivery,,Delivery,pitch.1,701814,12.5657,6.5295,99.8237,41.2935,106.3472,-2.0384,-0.1013,0.3463
1779744291872,2,Pitching Mound.Drive,,Delivery,pitch.1,702684,0.0421,-0.334,0.8231,0.0411,-0.581,-0.6038,0.0,0.0
1779744291872,2,Pitching Mound.Parent,,Delivery,pitch.1,701138,12.6078,6.1955,100.6468,41.3346,105.7662,-2.6422,-0.1005,0.3435
1779744291873,2,11.0000004b,Drive,Delivery,pitch.1,702685,0.044,-0.3323,0.7976,0.0459,-0.598,-0.5701,0.0,0.0
1779744291873,2,12.00000015,Lower Delivery,Delivery,pitch.1,702762,12.6703,6.5811,99.8031,7.445,106.3063,5.3309,-0.1013,0.0071
1779744291873,2,Pitching Mound.Drive,,Delivery,pitch.1,702685,0.044,-0.3323,0.7976,0.0459,-0.598,-0.5701,0.0,0.0
1779744291874,2,11.0000004b,Drive,Delivery,pitch.1,702686,0.0556,-0.3365,0.8251,0.0512,-0.6371,-0.5712,0.0,0.0
1779744291874,2,12.00000015,Lower Delivery,Delivery,pitch.1,702763,12.6662,6.6364,99.7053,7.5307,106.3012,5.2184,-0.1014,0.0072
1779744291874,2,12.00000018,Upper Delivery,Delivery,pitch.1,703450,-0.0887,-0.0115,0.1888,-0.1188,0.1105,-3.107,0.0,0.0
1779744291874,2,12.00000018,Upper Delivery,Delivery,pitch.1,703449,-0.0632,0.0029,0.157,-0.1639,0.0622,-3.1028,0.0,0.0
1779744291874,2,Pitching Mound.Delivery,,Delivery,pitch.1,701816,12.5775,6.6249,99.8941,41.2475,106.4117,-2.2252,-0.1012,0.3459
1779744291874,2,Pitching Mound.Delivery,,Delivery,pitch.1,701815,12.607,6.584,99.9601,41.1607,106.3685,-2.1013,-0.1012,0.346
1779744291874,2,Pitching Mound.Drive,,Delivery,pitch.1,702686,0.0556,-0.3365,0.8251,0.0512,-0.6371,-0.5712,0.0,0.0
1779744291874,2,Pitching Mound.Parent,,Delivery,pitch.1,701140,12.6332,6.2884,100.7192,41.2986,105.7746,-2.7964,-0.1004,0.3431
1779744291874,2,Pitching Mound.Parent,,Delivery,pitch.1,701139,12.6511,6.2517,100.7577,41.2066,105.7704,-2.6714,-0.1004,0.3433
1779744291875,2,11.0000004b,Drive,Delivery,pitch.1,702687,0.0567,-0.3394,0.8338,0.0526,-0.6588,-0.5878,0.0,0.0
1779744291875,2,12.00000015,Lower Delivery,Delivery,pitch.1,702764,12.6833,6.7005,99.742,7.4487,106.3354,5.158,-0.1014,0.0071
1779744291875,2,12.00000018,Upper Delivery,Delivery,pitch.1,703451,-0.0602,0.0039,0.1394,-0.0273,0.2076,-3.0985,0.0,0.0
1779744291875,2,Pitching Mound.Delivery,,Delivery,pitch.1,701817,12.6231,6.7044,99.8813,41.2862,106.543,-2.2733,-0.1013,0.3461
1779744291875,2,Pitching Mound.Drive,,Delivery,pitch.1,702687,0.0567,-0.3394,0.8338,0.0526,-0.6588,-0.5878,0.0,0.0
1779744291875,2,Pitching Mound.Parent,,Delivery,pitch.1,701141,12.6798,6.3651,100.7152,41.3388,105.8842,-2.8611,-0.1004,0.3433
1779744291876,2,11.0000004b,Drive,Delivery,pitch.1,702688,0.0555,-0.3322,0.8139,0.0429,-0.5666,-0.5708,0.0,0.0
1779744291876,2,12.00000015,Lower Delivery,Delivery,pitch.1,702765,12.6971,6.7432,99.6667,7.3613,106.2974,5.0609,-0.1015,0.007
1779744291876,2,12.00000018,Upper Delivery,Delivery,pitch.1,703452,-0.0591,0.0025,0.1364,-0.1893,0.038,-3.1545,0.0,0.0
1779744291876,2,Pitching Mound.Delivery,,Delivery,pitch.1,701818,12.6379,6.7457,99.8032,41.0123,106.3354,-2.4307,-0.1013,0.3461
1779744291876,2,Pitching Mound.Drive,,Delivery,pitch.1,702688,0.0555,-0.3322,0.8139,0.0429,-0.5666,-0.5708,0.0,0.0
1779744291876,2,Pitching Mound.Parent,,Delivery,pitch.1,701142,12.6934,6.4135,100.6171,41.0552,105.7688,-3.0015,-0.1005,0.3433
1779744291877,2,11.0000004b,Drive,Delivery,pitch.1,702689,0.0611,-0.3216,0.7793,0.0496,-0.5941,-0.5245,0.0,0.0
1779744291877,2,12.00000015,Lower Delivery,Delivery,pitch.1,702766,12.7315,6.7997,99.7512,7.426,106.281,5.0491,-0.1014,0.0071
1779744291877,2,12.00000018,Upper Delivery,Delivery,pitch.1,703453,-0.0558,0.005,0.1302,-0.231,-0.0056,-3.1695,0.0,0.0
1779744291877,2,Pitching Mound.Delivery,,Delivery,pitch.1,701819,12.6757,6.8047,99.8814,41.0661,106.2754,-2.468,-0.1012,0.3462
1779744291877,2,Pitching Mound.Drive,,Delivery,pitch.1,702689,0.0611,-0.3216,0.7793,0.0496,-0.5941,-0.5245,0.0,0.0
1779744291877,2,Pitching Mound.Parent,,Delivery,pitch.1,701143,12.7367,6.4831,100.6607,41.1157,105.6813,-2.9926,-0.1004,0.3435
1779744291878,2,11.0000004b,Drive,Delivery,pitch.1,702690,0.0698,-0.3258,0.7617,0.0552,-0.6548,-0.5537,0.0,0.0
1779744291878,2,12.00000015,Lower Delivery,Delivery,pitch.1,702767,12.7319,6.873,99.7586,7.0726,106.3484,4.9813,-0.1014,0.0067
1779744291878,2,12.00000018,Upper Delivery,Delivery,pitch.1,703454,-0.1857,-0.0552,0.3368,-0.3553,-0.1351,-3.2247,0.0,0.0
1779744291878,2,Pitching Mound.Delivery,,Delivery,pitch.1,701820,12.5462,6.8178,100.0954,40.5207,106.2134,-2.6353,-0.1011,0.3444
1779744291878,2,Pitching Mound.Drive,,Delivery,pitch.1,702690,0.0698,-0.3258,0.7617,0.0552,-0.6548,-0.5537,0.0,0.0
1779744291878,2,Pitching Mound.Parent,,Delivery,pitch.1,701144,12.616,6.492,100.8571,40.576,105.5585,-3.189,-0.1003,0.3418
1779744291879,2,11.0000004b,Drive,Delivery,pitch.1,702691,0.0503,-0.3178,0.7424,0.038,-0.5165,-0.532,0.0,0.0
1779744291879,2,12.00000015,Lower Delivery,Delivery,pitch.1,702768,12.7521,6.9121,99.7287,6.7202,106.4649,4.9078,-0.1016,0.0064
1779744291879,2,12.00000018,Upper Delivery,Delivery,pitch.1,703455,-0.2157,-0.0709,0.3837,-0.4641,-0.2537,-3.1788,0.0,0.0
1779744291879,2,Pitching Mound.Delivery,,Delivery,pitch.1,701821,12.5365,6.8412,100.1123,40.0334,106.2112,-2.6801,-0.1012,0.3438
1779744291879,2,Pitching Mound.Drive,,Delivery,pitch.1,702691,0.0503,-0.3178,0.7424,0.038,-0.5165,-0.532,0.0,0.0
1779744291879,2,Pitching Mound.Parent,,Delivery,pitch.1,701145,12.5867,6.5234,100.8547,40.0714,105.6947,-3.212,-0.1004,0.3412
1779744291880,2,11.0000004b,Drive,Delivery,pitch.1,702692,0.0271,-0.3336,0.7924,0.0402,-0.5247,-0.5166,0.0,0.0
1779744291880,2,12.00000015,Lower Delivery,Delivery,pitch.1,702769,12.7684,6.9802,99.6547,6.6088,106.5231,4.8718,-0.1017,0.0063
1779744291880,2,12.00000018,Upper Delivery,Delivery,pitch.1,703456,-0.1898,-0.0554,0.3514,-0.4637,-0.2522,-3.1993,0.0,0.0
1779744291880,2,Pitching Mound.Delivery,,Delivery,pitch.1,701822,12.5786,6.9248,100.0062,39.9082,106.2709,-2.7333,-0.1013,0.3439
1779744291880,2,Pitching Mound.Drive,,Delivery,pitch.1,702692,0.0271,-0.3336,0.7924,0.0402,-0.5247,-0.5166,0.0,0.0
1779744291880,2,Pitching Mound.Parent,,Delivery,pitch.1,701146,12.6058,6.5912,100.7985,39.9484,105.7462,-3.25,-0.1005,0.3412
1779744291881,2,11.0000004b,Drive,Delivery,pitch.1,702693,0.0193,-0.3506,0.8222,0.0339,-0.4643,-0.5011,0.0,0.0
1779744291881,2,12.00000015,Lower Delivery,Delivery,pitch.1,702770,12.771,7.0324,99.4913,6.0311,106.6596,4.8129,-0.102,0.0058
1779744291881,2,12.00000018,Upper Delivery,Delivery,pitch.1,703457,-0.174,-0.0537,0.347,-0.3641,-0.1483,-3.1551,0.0,0.0
1779744291881,2,Pitching Mound.Delivery,,Delivery,pitch.1,701823,12.5971,6.9786,99.8383,39.3761,106.5113,-2.7435,-0.1016,0.3434
1779744291881,2,Pitching Mound.Drive,,Delivery,pitch.1,702693,0.0193,-0.3506,0.8222,0.0339,-0.4643,-0.5011,0.0,0.0
1779744291881,2,Pitching Mound.Parent,,Delivery,pitch.1,701147,12.6164,6.628,100.6605,39.41,106.047,-3.2446,-0.1008,0.3406
1779744291882,2,11.0000004b,Drive,Delivery,pitch.1,702694,0.0347,-0.3363,0.8213,0.0377,-0.5051,-0.5022,0.0,0.0
1779744291882,2,12.00000015,Lower Delivery,Delivery,pitch.1,702771,12.781,7.0954,99.3965,5.6625,106.8258,4.7494,-0.1022,0.0054
1779744291882,2,12.00000018,Upper Delivery,Delivery,pitch.1,703458,-0.1962,-0.0629,0.3836,-0.3155,-0.098,-3.1294,0.0,0.0
1779744291882,2,Pitching Mound.Delivery,,Delivery,pitch.1,701824,12.5849,7.0325,99.7801,39.0114,106.7279,-2.7922,-0.1018,0.3428
1779744291882,2,Pitching Mound.Drive,,Delivery,pitch.1,702694,0.0347,-0.3363,0.8213,0.0377,-0.5051,-0.5022,0.0,0.0
1779744291882,2,Pitching Mound.Parent,,Delivery,pitch.1,701148,12.6196,6.6962,100.6014,39.049,106.2227,-3.2945,-0.101,0.34
1779744291883,2,11.0000004b,Drive,Delivery,pitch.1,702695,0.0304,-0.3473,0.8199,0.038,-0.496,-0.4806,0.0,0.0
1779744291883,2,12.00000015,Lower Delivery,Delivery,pitch.1,702772,12.8097,7.147,99.4072,5.6915,106.8995,4.7186,-0.1023,0.0054
1779744291883,2,12.00000018,Upper Delivery,Delivery,pitch.1,703459,-0.1376,-0.0317,0.2763,-0.4707,-0.2602,-3.1874,0.0,0.0
1779744291883,2,Pitching Mound.Delivery,,Delivery,pitch.1,701825,12.6721,7.1153,99.6834,38.9254,106.6393,-2.8708,-0.102,0.3435
1779744291883,2,Pitching Mound.Drive,,Delivery,pitch.1,702695,0.0304,-0.3473,0.8199,0.038,-0.496,-0.4806,0.0,0.0
1779744291883,2,Pitching Mound.Parent,,Delivery,pitch.1,701149,12.7025,6.7679,100.5033,38.9634,106.1433,-3.3514,-0.1012,0.3407
1779744291884,2,11.0000004b,Drive,Delivery,pitch.1,702696,0.0316,-0.3413,0.806,0.0319,-0.4396,-0.4726,0.0,0.0
1779744291884,2,12.00000015,Lower Delivery,Delivery,pitch.1,702773,12.8495,7.198,99.4717,5.7879,106.9802,4.6667,-0.1023,0.0055
1779744291884,2,12.00000018,Upper Delivery,Delivery,pitch.1,703460,-0.0823,-0.0056,0.1877,-0.4782,-0.2689,-3.1757,0.0,0.0
1779744291884,2,Pitching Mound.Delivery,,Delivery,pitch.1,701826,12.7673,7.1924,99.6594,39.0663,106.7113,-2.9058,-0.1021,0.3442
1779744291884,2,Pitching Mound.Drive,,Delivery,pitch.1,702696,0.0316,-0.3413,0.806,0.0319,-0.4396,-0.4726,0.0,0.0
1779744291884,2,Pitching Mound.Parent,,Delivery,pitch.1,701150,12.7989,6.8511,100.4653,39.0981,106.2717,-3.3785,-0.1013,0.3415
1779744291885,2,11.0000004b,Drive,Delivery,pitch.1,702697,0.0302,-0.3436,0.8255,0.0405,-0.5065,-0.4634,0.0,0.0
1779744291885,2,12.00000015,Lower Delivery,Delivery,pitch.1,702774,12.8914,7.2573,99.4918,5.3636,107.1701,4.6363,-0.1025,0.0051
1779744291885,2,12.00000018,Upper Delivery,Delivery,pitch.1,703461,-0.0562,0.0012,0.1579,-0.4341,-0.2198,-3.2123,0.0,0.0
1779744291885,2,Pitching Mound.Delivery,,Delivery,pitch.1,701827,12.8352,7.2585,99.6497,38.7031,106.9503,-2.9782,-0.1023,0.344
1779744291885,2,Pitching Mound.Drive,,Delivery,pitch.1,702697,0.0302,-0.3436,0.8255,0.0405,-0.5065,-0.4634,0.0,0.0
1779744291885,2,Pitching Mound.Parent,,Delivery,pitch.1,701151,12.8655,6.9149,100.4753,38.7436,106.4438,-3.4417,-0.1015,0.3412
1779744291886,2,11.0000004b,Drive,Delivery,pitch.1,702698,0.0325,-0.335,0.8442,0.0502,-0.611,-0.4994,0.0,0.0
1779744291886,2,12.00000015,Lower Delivery,Delivery,pitch.1,702775,12.9336,7.3093,99.6274,5.294,107.1937,4.5679,-0.1024,0.0051
1779744291886,2,12.00000018,Upper Delivery,Delivery,pitch.1,703462,-0.0507,0.0074,0.1518,-0.3703,-0.1537,-3.1771,0.0,0.0
1779744291886,2,Pitching Mound.Delivery,,Delivery,pitch.1,701828,12.8829,7.3167,99.7792,38.7455,107.04,-3.0238,-0.1022,0.344
1779744291886,2,Pitching Mound.Drive,,Delivery,pitch.1,702698,0.0325,-0.335,0.8442,0.0502,-0.611,-0.4994,0.0,0.0
1779744291886,2,Pitching Mound.Parent,,Delivery,pitch.1,701152,12.9153,6.9818,100.6233,38.7957,106.4289,-3.5232,-0.1013,0.3411
1779744291887,2,11.0000004b,Drive,Delivery,pitch.1,702699,0.0332,-0.3312,0.832,0.0586,-0.6819,-0.5115,0.0,0.0
1779744291887,2,12.00000015,Lower Delivery,Delivery,pitch.1,702776,12.9834,7.3724,99.514,4.7387,107.3452,4.4957,-0.1026,0.0045
1779744291887,2,12.00000018,Upper Delivery,Delivery,pitch.1,703463,-0.068,0.0023,0.1788,-0.3943,-0.1798,-3.1681,0.0,0.0
1779744291887,2,Pitching Mound.Delivery,,Delivery,pitch.1,701829,12.9154,7.3747,99.6928,38.1184,107.1654,-3.1099,-0.1024,0.3433
1779744291887,2,Pitching Mound.Drive,,Delivery,pitch.1,702699,0.0332,-0.3312,0.832,0.0586,-0.6819,-0.5115,0.0,0.0
1779744291887,2,Pitching Mound.Parent,,Delivery,pitch.1,701153,12.9487,7.0435,100.5249,38.1769,106.4835,-3.6213,-0.1016,0.3405
1779744291888,2,11.0000004b,Drive,Delivery,pitch.1,702700,0.0329,-0.3302,0.8218,0.0576,-0.6745,-0.5182,0.0,0.0
1779744291888,2,12.00000015,Lower Delivery,Delivery,pitch.1,702777,13.0189,7.4239,99.6031,4.8999,107.256,4.4427,-0.1024,0.0047
1779744291888,2,12.00000018,Upper Delivery,Delivery,pitch.1,703464,-0.1461,-0.0251,0.2782,-0.587,-0.3819,-3.2306,0.0,0.0
1779744291888,2,Pitching Mound.Delivery,,Delivery,pitch.1,701830,12.8728,7.3988,99.8813,38.0834,106.8741,-3.264,-0.1022,0.3428
1779744291888,2,Pitching Mound.Drive,,Delivery,pitch.1,702700,0.0329,-0.3302,0.8218,0.0576,-0.6745,-0.5182,0.0,0.0
1779744291888,2,Pitching Mound.Parent,,Delivery,pitch.1,701154,12.9057,7.0686,100.7031,38.141,106.1997,-3.7822,-0.1013,0.34
1779744291889,2,11.0000004b,Drive,Delivery,pitch.1,702701,0.0294,-0.3291,0.7996,0.0554,-0.6549,-0.5215,0.0,0.0
1779744291889,2,12.00000015,Lower Delivery,Delivery,pitch.1,702778,13.0786,7.4613,99.573,4.9735,107.4241,4.3793,-0.1026,0.0048
1779744291889,2,12.00000018,Upper Delivery,Delivery,pitch.1,703465,-0.1289,-0.0126,0.2394,-0.6766,-0.4767,-3.245,0.0,0.0
1779744291889,2,Pitching Mound.Delivery,,Delivery,pitch.1,701831,12.9497,7.4487,99.8124,38.0703,106.9474,-3.3563,-0.1024,0.3431
1779744291889,2,Pitching Mound.Drive,,Delivery,pitch.1,702701,0.0294,-0.3291,0.7996,0.0554,-0.6549,-0.5215,0.0,0.0
1779744291889,2,Pitching Mound.Parent,,Delivery,pitch.1,701155,12.9792,7.1197,100.612,38.1256,106.2925,-3.8779,-0.1016,0.3404
1779744291890,2,11.0000004b,Drive,Delivery,pitch.1,702702,0.0308,-0.3358,0.7964,0.0657,-0.7619,-0.5757,0.0,0.0
1779744291890,2,12.00000015,Lower Delivery,Delivery,pitch.1,702779,13.1185,7.5014,99.5329,4.4454,107.3649,4.3629,-0.1026,0.0042
1779744291890,2,12.00000018,Upper Delivery,Delivery,pitch.1,703466,-0.1328,-0.013,0.2443,-0.6568,-0.454,-3.2731,0.0,0.0
1779744291890,2,Pitching Mound.Delivery,,Delivery,pitch.1,701832,12.9858,7.4884,99.7772,37.5467,106.911,-3.4157,-0.1024,0.3426
1779744291890,2,Pitching Mound.Drive,,Delivery,pitch.1,702702,0.0308,-0.3358,0.7964,0.0657,-0.7619,-0.5757,0.0,0.0
1779744291890,2,Pitching Mound.Parent,,Delivery,pitch.1,701156,13.0165,7.1527,100.5736,37.6124,106.1491,-3.9914,-0.1016,0.3399
1779744291891,2,11.0000004b,Drive,Delivery,pitch.1,702703,0.025,-0.3287,0.7777,0.0555,-0.6823,-0.5827,0.0,0.0
1779744291891,2,12.00000015,Lower Delivery,Delivery,pitch.1,702780,13.156,7.5717,99.6935,4.3149,107.5528,4.2926,-0.1026,0.0041
1779744291891,2,12.00000018,Upper Delivery,Delivery,pitch.1,703467,-0.1952,-0.0315,0.2385,-0.6636,-0.4665,-3.2817,0.0,0.0
1779744291891,2,Pitching Mound.Delivery,,Delivery,pitch.1,701833,12.9609,7.5402,99.932,37.466,107.0863,-3.5285,-0.1024,0.3425
1779744291891,2,Pitching Mound.Drive,,Delivery,pitch.1,702703,0.025,-0.3287,0.7777,0.0555,-0.6823,-0.5827,0.0,0.0
1779744291891,2,Pitching Mound.Parent,,Delivery,pitch.1,701157,12.9859,7.2115,100.7097,37.5216,106.404,-4.1112,-0.1016,0.3398
1779744291892,2,11.0000004b,Drive,Delivery,pitch.1,702704,0.0214,-0.3278,0.7716,0.0563,-0.6999,-0.5983,0.0,0.0
1779744291892,2,12.00000015,Lower Delivery,Delivery,pitch.1,702781,13.2277,7.6231,99.7416,4.3911,107.9189,4.2854,-0.1029,0.0042
1779744291892,2,12.00000018,Upper Delivery,Delivery,pitch.1,703468,-0.2272,-0.0417,0.2157,-0.5914,-0.9276,-3.3686,0.0,0.0
1779744291892,2,Pitching Mound.Delivery,,Delivery,pitch.1,701834,13.0005,7.5814,99.9573,37.6385,106.9913,-3.6579,-0.1027,0.3427
1779744291892,2,Pitching Mound.Drive,,Delivery,pitch.1,702704,0.0214,-0.3278,0.7716,0.0563,-0.6999,-0.5983,0.0,0.0
1779744291892,2,Pitching Mound.Parent,,Delivery,pitch.1,701158,13.0219,7.2536,100.7289,37.6948,106.2913,-4.2562,-0.1019,0.3401
1779744291893,2,11.0000004b,Drive,Delivery,pitch.1,702705,0.017,-0.3322,0.7785,0.0494,-0.6359,-0.5878,0.0,0.0
1779744291893,2,12.00000015,Lower Delivery,Delivery,pitch.1,702782,13.2574,7.6803,99.875,4.2702,107.9033,4.2451,-0.1028,0.0041
1779744291893,2,12.00000018,Upper Delivery,Delivery,pitch.1,703469,-0.2289,-0.0431,0.223,-0.5276,-0.8619,-3.3339,0.0,0.0
1779744291893,2,Pitching Mound.Delivery,,Delivery,pitch.1,701835,13.0285,7.6372,100.0981,37.6243,107.0414,-3.6741,-0.1025,0.3425
1779744291893,2,Pitching Mound.Drive,,Delivery,pitch.1,702705,0.017,-0.3322,0.7785,0.0494,-0.6359,-0.5878,0.0,0.0
1779744291893,2,Pitching Mound.Parent,,Delivery,pitch.1,701159,13.0455,7.305,100.8766,37.6737,106.4055,-4.2619,-0.1018,0.3399
1779744291894,2,11.0000004b,Drive,Delivery,pitch.1,702706,0.0195,-0.3234,0.8403,0.0542,-0.6814,-0.5777,0.0,0.0
1779744291894,2,12.00000015,Lower Delivery,Delivery,pitch.1,702783,13.3234,7.7253,99.7611,4.1232,108.0269,4.2007,-0.103,0.0039
1779744291894,2,12.00000018,Upper Delivery,Delivery,pitch.1,703470,-0.268,-0.0578,0.2484,-0.6314,-0.8461,-3.3212,0.0,0.0
1779744291894,2,Pitching Mound.Delivery,,Delivery,pitch.1,701836,13.0554,7.6675,100.0095,37.3261,107.1808,-3.7416,-0.1028,0.3422
1779744291894,2,Pitching Mound.Drive,,Delivery,pitch.1,702706,0.0195,-0.3234,0.8403,0.0542,-0.6814,-0.5777,0.0,0.0
1779744291894,2,Pitching Mound.Parent,,Delivery,pitch.1,701160,13.0749,7.3442,100.8497,37.3804,106.4995,-4.3193,-0.1019,0.3394
1779744291895,2,11.0000004b,Drive,Delivery,pitch.1,702707,0.0243,-0.3283,0.8179,0.0595,-0.7434,-0.6025,0.0,0.0
1779744291895,2,12.00000015,Lower Delivery,Delivery,pitch.1,702784,13.3772,7.7567,99.605,4.0303,108.1358,4.176,-0.1033,0.0038
1779744291895,2,12.00000018,Upper Delivery,Delivery,pitch.1,703471,-0.1887,-0.032,0.232,-0.5952,-0.7819,-3.3524,0.0,0.0
1779744291895,2,Pitching Mound.Delivery,,Delivery,pitch.1,701837,13.1885,7.7248,99.837,37.2219,107.354,-3.7888,-0.103,0.3423
1779744291895,2,Pitching Mound.Drive,,Delivery,pitch.1,702707,0.0243,-0.3283,0.8179,0.0595,-0.7434,-0.6025,0.0,0.0
1779744291895,2,Pitching Mound.Parent,,Delivery,pitch.1,701161,13.2128,7.3965,100.6549,37.2814,106.6106,-4.3914,-0.1022,0.3395
1779744291896,2,11.0000004b,Drive,Delivery,pitch.1,702708,0.0429,-0.3166,0.7912,0.0554,-0.6959,-0.5766,0.0,0.0
1779744291896,2,12.00000015,Lower Delivery,Delivery,pitch.1,702785,13.441,7.7921,99.5244,3.8973,108.3497,4.1293,-0.1036,0.0037
1779744291896,2,12.00000018,Upper Delivery,Delivery,pitch.1,703472,-0.1579,-0.015,0.2316,-0.6166,-0.8191,-3.3199,0.0,0.0
1779744291896,2,Pitching Mound.Delivery,,Delivery,pitch.1,701838,13.283,7.7771,99.7561,37.0402,107.5305,-3.8142,-0.1033,0.3421
1779744291896,2,Pitching Mound.Drive,,Delivery,pitch.1,702708,0.0429,-0.3166,0.7912,0.0554,-0.6959,-0.5766,0.0,0.0
1779744291896,2,Pitching Mound.Parent,,Delivery,pitch.1,701162,13.3259,7.4604,100.5473,37.0957,106.8346,-4.3908,-0.1025,0.3394
1779744291897,2,11.0000004b,Drive,Delivery,pitch.1,702709,0.0412,-0.3264,0.8066,0.072,-0.8251,-0.5619,0.0,0.0
1779744291897,2,12.00000015,Lower Delivery,Delivery,pitch.1,702786,13.495,7.8431,99.7375,3.9004,108.2449,4.1418,-0.1032,0.0037
1779744291897,2,12.00000018,Upper Delivery,Delivery,pitch.1,703473,-0.1779,-0.0243,0.2568,-0.5001,-0.8502,-3.3103,0.0,0.0
1779744291897,2,Pitching Mound.Delivery,,Delivery,pitch.1,701839,13.3171,7.8188,99.9943,37.2238,107.3947,-3.8173,-0.103,0.342
1779744291897,2,Pitching Mound.Drive,,Delivery,pitch.1,702709,0.0412,-0.3264,0.8066,0.072,-0.8251,-0.5619,0.0,0.0
1779744291897,2,Pitching Mound.Parent,,Delivery,pitch.1,701163,13.3582,7.4924,100.8009,37.2958,106.5696,-4.3792,-0.1022,0.3392
1779744291898,2,11.0000004b,Drive,Delivery,pitch.1,702710,0.0307,-0.3167,0.797,0.0485,-0.5967,-0.4984,0.0,0.0
1779744291898,2,12.00000015,Lower Delivery,Delivery,pitch.1,702787,13.5305,7.9007,99.8251,3.9349,108.2387,4.122,-0.1031,0.0037
1779744291898,2,12.00000018,Upper Delivery,Delivery,pitch.1,703474,-0.0703,0.0135,0.1623,-0.618,-0.7951,-3.3501,0.0,0.0
1779744291898,2,Pitching Mound.Delivery,,Delivery,pitch.1,701840,13.4602,7.9143,99.9873,37.2022,107.4436,-3.8523,-0.103,0.3426
1779744291898,2,Pitching Mound.Drive,,Delivery,pitch.1,702710,0.0307,-0.3167,0.797,0.0485,-0.5967,-0.4984,0.0,0.0
1779744291898,2,Pitching Mound.Parent,,Delivery,pitch.1,701164,13.4909,7.5976,100.7843,37.2508,106.8469,-4.3507,-0.1022,0.3399
1779744291899,2,11.0000004b,Drive,Delivery,pitch.1,702711,0.0243,-0.3197,0.7855,0.0366,-0.5221,-0.533,0.0,0.0
1779744291899,2,12.00000015,Lower Delivery,Delivery,pitch.1,702788,13.565,7.9714,100.0423,3.7139,108.2813,4.0498,-0.103,0.0035
1779744291899,2,12.00000018,Upper Delivery,Delivery,pitch.1,703475,-0.0516,0.0188,0.1333,-0.5549,-0.7575,-3.338,0.0,0.0
1779744291899,2,Pitching Mound.Delivery,,Delivery,pitch.1,701841,13.5133,7.9902,100.1756,37.1281,107.5238,-3.9179,-0.1028,0.3426
1779744291899,2,Pitching Mound.Drive,,Delivery,pitch.1,702711,0.0243,-0.3197,0.7855,0.0366,-0.5221,-0.533,0.0,0.0
1779744291899,2,Pitching Mound.Parent,,Delivery,pitch.1,701165,13.5376,7.6705,100.9611,37.1647,107.0018,-4.4509,-0.102,0.34
1779744291900,2,11.0000004b,Drive,Delivery,pitch.1,702712,0.0501,-0.3101,0.762,0.0558,-0.6647,-0.5106,0.0,0.0
1779744291900,2,12.00000015,Lower Delivery,Delivery,pitch.1,702789,13.5698,8.0597,100.0289,3.5858,108.3438,4.0109,-0.103,0.0034
1779744291900,2,12.00000018,Upper Delivery,Delivery,pitch.1,703476,-0.0445,0.0201,0.1287,-0.566,-0.6185,-3.2565,0.0,0.0
1779744291900,2,Pitching Mound.Delivery,,Delivery,pitch.1,701842,13.5252,8.0798,100.1576,36.9859,107.7253,-3.8745,-0.1029,0.3425
1779744291900,2,Pitching Mound.Drive,,Delivery,pitch.1,702712,0.0501,-0.3101,0.762,0.0558,-0.6647,-0.5106,0.0,0.0
1779744291900,2,Pitching Mound.Parent,,Delivery,pitch.1,701166,13.5754,7.7697,100.9195,37.0417,107.0606,-4.3851,-0.1021,0.3399
1779744291901,2,11.0000004b,Drive,Delivery,pitch.1,702713,0.0364,-0.3002,0.7595,0.0305,-0.4257,-0.4596,0.0,0.0
1779744291901,2,12.00000015,Lower Delivery,Delivery,pitch.1,702790,13.6064,8.1072,99.9583,3.9826,108.1358,3.9982,-0.1029,0.0038
1779744291901,2,12.00000018,Upper Delivery,Delivery,pitch.1,703477,-0.0438,0.0182,0.1255,-0.6103,-0.5189,-3.1884,0.0,0.0
1779744291901,2,Pitching Mound.Delivery,,Delivery,pitch.1,701843,13.5625,8.1254,100.0838,37.3154,107.617,-3.8313,-0.1028,0.3429
1779744291901,2,Pitching Mound.Drive,,Delivery,pitch.1,702713,0.0364,-0.3002,0.7595,0.0305,-0.4257,-0.4596,0.0,0.0
1779744291901,2,Pitching Mound.Parent,,Delivery,pitch.1,701167,13.5989,7.8252,100.8433,37.346,107.1913,-4.2909,-0.102,0.3403
1779744291902,2,11.0000004b,Drive,Delivery,pitch.1,702714,0.0558,-0.2954,0.7426,0.0424,-0.5352,-0.4688,0.0,0.0
1779744291902,2,12.00000015,Lower Delivery,Delivery,pitch.1,702791,13.6645,8.1562,99.9825,3.6523,108.3142,3.9333,-0.1031,0.0035
1779744291902,2,12.00000018,Upper Delivery,Delivery,pitch.1,703478,-0.0435,0.003,0.161,-0.5918,-0.3932,-3.1204,0.0,0.0
1779744291902,2,Pitching Mound.Delivery,,Delivery,pitch.1,701844,13.621,8.1592,100.1436,36.9998,107.921,-3.8478,-0.1029,0.3424
1779744291902,2,Pitching Mound.Drive,,Delivery,pitch.1,702714,0.0558,-0.2954,0.7426,0.0424,-0.5352,-0.4688,0.0,0.0
1779744291902,2,Pitching Mound.Parent,,Delivery,pitch.1,701168,13.6768,7.8638,100.8861,37.0423,107.3858,-4.3166,-0.1021,0.3399
1779744291903,2,11.0000004b,Drive,Delivery,pitch.1,702715,0.043,-0.3058,0.7383,0.0377,-0.5011,-0.4757,0.0,0.0
1779744291903,2,12.00000015,Lower Delivery,Delivery,pitch.1,702792,13.7076,8.2262,100.0054,3.6714,108.5972,3.921,-0.1033,0.0035
1779744291903,2,12.00000018,Upper Delivery,Delivery,pitch.1,703479,-0.0534,-0.0031,0.196,-0.5243,-0.3209,-3.1241,0.0,0.0
1779744291903,2,Pitching Mound.Delivery,,Delivery,pitch.1,701845,13.6542,8.2231,100.2014,37.0823,108.2762,-3.8818,-0.1031,0.3422
1779744291903,2,Pitching Mound.Drive,,Delivery,pitch.1,702715,0.043,-0.3058,0.7383,0.0377,-0.5011,-0.4757,0.0,0.0
1779744291903,2,Pitching Mound.Parent,,Delivery,pitch.1,701169,13.6972,7.9173,100.9397,37.12,107.7751,-4.3575,-0.1023,0.3397
1779744291904,2,11.0000004b,Drive,Delivery,pitch.1,702716,0.0293,-0.3146,0.7325,0.0329,-0.4666,-0.485,0.0,0.0
1779744291904,2,12.00000015,Lower Delivery,Delivery,pitch.1,702793,13.7312,8.2932,100.0371,3.462,108.6902,3.8747,-0.1034,0.0033
1779744291904,2,12.00000018,Upper Delivery,Delivery,pitch.1,703480,-0.0614,-0.0019,0.2004,-0.4544,-0.2484,-3.0899,0.0,0.0
1779744291904,2,Pitching Mound.Delivery,,Delivery,pitch.1,701846,13.6698,8.2913,100.2375,36.952,108.4418,-3.9047,-0.1032,0.3419
1779744291904,2,Pitching Mound.Drive,,Delivery,pitch.1,702716,0.0293,-0.3146,0.7325,0.0329,-0.4666,-0.485,0.0,0.0
1779744291904,2,Pitching Mound.Parent,,Delivery,pitch.1,701170,13.6991,7.9766,100.97,36.9849,107.9753,-4.3897,-0.1024,0.3394
1779744291905,2,11.0000004b,Drive,Delivery,pitch.1,702717,0.0327,-0.3147,0.7108,0.0375,-0.5164,-0.5167,0.0,0.0
1779744291905,2,12.00000015,Lower Delivery,Delivery,pitch.1,702794,13.7973,8.3212,100.1299,3.0643,108.9201,3.8368,-0.1035,0.0029
1779744291905,2,12.00000018,Upper Delivery,Delivery,pitch.1,703481,-0.1498,-0.0418,0.3462,-0.4099,-0.1999,-3.1074,0.0,0.0
1779744291905,2,Pitching Mound.Delivery,,Delivery,pitch.1,701847,13.6474,8.2794,100.4761,36.5808,108.7202,-4.0126,-0.1031,0.3406
1779744291905,2,Pitching Mound.Drive,,Delivery,pitch.1,702717,0.0327,-0.3147,0.7108,0.0375,-0.5164,-0.5167,0.0,0.0
1779744291905,2,Pitching Mound.Parent,,Delivery,pitch.1,701171,13.6801,7.9647,101.1869,36.6183,108.2038,-4.5293,-0.1024,0.3382
1779744291906,2,11.0000004b,Drive,Delivery,pitch.1,702718,0.0209,-0.3198,0.7178,0.0236,-0.3946,-0.5161,0.0,0.0
1779744291906,2,12.00000015,Lower Delivery,Delivery,pitch.1,702795,13.8259,8.3923,100.1316,2.7341,109.2128,3.7664,-0.1038,0.0026
1779744291906,2,12.00000015,Lower Delivery,Delivery,pitch.1,702796,13.8997,8.4458,100.1694,2.6624,109.4403,3.7461,-0.1039,0.0025
1779744291906,2,12.00000018,Upper Delivery,Delivery,pitch.1,703482,-0.2668,-0.0835,0.4292,-0.5529,-0.3529,-3.0974,0.0,0.0
1779744291906,2,Pitching Mound.Delivery,,Delivery,pitch.1,701848,13.5591,8.3088,100.5608,36.08,108.8599,-4.1225,-0.1033,0.3397
1779744291906,2,Pitching Mound.Drive,,Delivery,pitch.1,702718,0.0209,-0.3198,0.7178,0.0236,-0.3946,-0.5161,0.0,0.0
1779744291906,2,Pitching Mound.Parent,,Delivery,pitch.1,701172,13.58,7.989,101.2785,36.1036,108.4652,-4.6386,-0.1026,0.3373
1779744291907,2,11.0000004b,Drive,Delivery,pitch.1,702719,0.0165,-0.3205,0.7296,0.0349,-0.5221,-0.5597,0.0,0.0
1779744291907,2,12.00000018,Upper Delivery,Delivery,pitch.1,703483,-0.2895,-0.0894,0.4013,-0.7539,-0.5618,-3.1953,0.0,0.0
1779744291907,2,Pitching Mound.Delivery,,Delivery,pitch.1,701849,13.6102,8.3565,100.5707,35.8296,108.8784,-4.2735,-0.1035,0.3398
1779744291907,2,Pitching Mound.Drive,,Delivery,pitch.1,702719,0.0165,-0.3205,0.7296,0.0349,-0.5221,-0.5597,0.0,0.0
1779744291907,2,Pitching Mound.Parent,,Delivery,pitch.1,701173,13.6267,8.036,101.3003,35.8646,108.3563,-4.8333,-0.1028,0.3374
1779744291908,2,11.0000004b,Drive,Delivery,pitch.1,702720,0.0262,-0.3137,0.713,0.0359,-0.537,-0.5851,0.0,0.0
1779744291908,2,12.00000015,Lower Delivery,Delivery,pitch.1,702797,13.9687,8.4727,100.2879,2.1095,109.8084,3.7012,-0.1042,0.002
1779744291908,2,12.00000018,Upper Delivery,Delivery,pitch.1,703484,-0.261,-0.071,0.3649,-0.8602,-0.6756,-3.1883,0.0,0.0
1779744291908,2,Pitching Mound.Delivery,,Delivery,pitch.1,701850,13.7077,8.4016,100.6528,35.2231,109.1328,-4.3251,-0.1038,0.3395
1779744291908,2,Pitching Mound.Drive,,Delivery,pitch.1,702720,0.0262,-0.3137,0.713,0.0359,-0.537,-0.5851,0.0,0.0
1779744291908,2,Pitching Mound.Parent,,Delivery,pitch.1,701174,13.7339,8.088,101.3658,35.259,108.5958,-4.9102,-0.1031,0.3371
1779744291909,2,11.0000004b,Drive,Delivery,pitch.1,702721,0.0197,-0.3307,0.7634,0.0283,-0.4748,-0.5711,0.0,0.0
1779744291909,2,12.00000015,Lower Delivery,Delivery,pitch.1,702798,14.0288,8.5232,100.3759,2.1266,109.9965,3.6757,-0.1042,0.002
1779744291909,2,12.00000018,Upper Delivery,Delivery,pitch.1,703485,-0.258,-0.0639,0.3307,-0.8446,-0.6571,-3.2227,0.0,0.0
1779744291909,2,Pitching Mound.Delivery,,Delivery,pitch.1,701851,13.7707,8.4593,100.7066,35.2974,109.3394,-4.4045,-0.1039,0.3398
1779744291909,2,Pitching Mound.Drive,,Delivery,pitch.1,702721,0.0197,-0.3307,0.7634,0.0283,-0.4748,-0.5711,0.0,0.0
1779744291909,2,Pitching Mound.Parent,,Delivery,pitch.1,701175,13.7904,8.1285,101.47,35.3256,108.8646,-4.9756,-0.1031,0.3372
1779744291910,2,11.0000004b,Drive,Delivery,pitch.1,702722,0.0146,-0.3309,0.7886,0.0335,-0.524,-0.574,0.0,0.0
1779744291910,2,12.00000015,Lower Delivery,Delivery,pitch.1,702800,14.2098,8.5558,100.558,1.7274,110.4441,3.6257,-0.1045,0.0016
1779744291910,2,12.00000015,Lower Delivery,Delivery,pitch.1,702799,14.1021,8.5604,100.4072,2.0437,110.2126,3.633,-0.1044,0.0019
1779744291910,2,12.00000018,Upper Delivery,Delivery,pitch.1,703486,-0.2782,-0.0669,0.336,-0.7978,-0.6041,-3.2762,0.0,0.0
1779744291910,2,Pitching Mound.Delivery,,Delivery,pitch.1,701852,13.8239,8.4935,100.7431,35.2701,109.6085,-4.5325,-0.1041,0.3397
1779744291910,2,Pitching Mound.Drive,,Delivery,pitch.1,702722,0.0146,-0.3309,0.7886,0.0335,-0.524,-0.574,0.0,0.0
1779744291910,2,Pitching Mound.Parent,,Delivery,pitch.1,701176,13.8384,8.1626,101.5317,35.3036,109.0845,-5.1065,-0.1033,0.337
1779744291911,2,11.0000004b,Drive,Delivery,pitch.1,702723,0.0112,-0.3218,0.7996,0.0313,-0.5117,-0.5877,0.0,0.0
1779744291911,2,12.00000018,Upper Delivery,Delivery,pitch.1,703487,-0.2714,-0.0577,0.3047,-1.1348,-0.9606,-3.3311,0.0,0.0
1779744291911,2,Pitching Mound.Delivery,,Delivery,pitch.1,701853,13.9384,8.4981,100.8626,34.6787,109.4836,-4.629,-0.1042,0.3396
1779744291911,2,Pitching Mound.Drive,,Delivery,pitch.1,702723,0.0112,-0.3218,0.7996,0.0313,-0.5117,-0.5877,0.0,0.0
1779744291911,2,Pitching Mound.Parent,,Delivery,pitch.1,701177,13.9497,8.1764,101.6623,34.71,108.9719,-5.2168,-0.1033,0.3369
1779744291912,2,11.0000004b,Drive,Delivery,pitch.1,702724,0.0184,-0.3261,0.823,0.0425,-0.5984,-0.5702,0.0,0.0
1779744291912,2,12.00000015,Lower Delivery,Delivery,pitch.1,702801,14.2751,8.5908,100.5829,1.3994,110.799,3.5629,-0.1048,0.0013
1779744291912,2,12.00000018,Upper Delivery,Delivery,pitch.1,703488,-0.3367,-0.0785,0.3069,-0.9934,-0.8083,-3.316,0.0,0.0
1779744291912,2,Pitching Mound.Delivery,,Delivery,pitch.1,701854,13.9384,8.5123,100.8898,34.4999,109.9907,-4.7211,-0.1045,0.3393
1779744291912,2,Pitching Mound.Drive,,Delivery,pitch.1,702724,0.0184,-0.3261,0.823,0.0425,-0.5984,-0.5702,0.0,0.0
1779744291912,2,Pitching Mound.Parent,,Delivery,pitch.1,701178,13.9568,8.1861,101.7128,34.5423,109.3922,-5.2913,-0.1036,0.3365
1779744291913,2,11.0000004b,Drive,Delivery,pitch.1,702725,0.0093,-0.3367,0.8385,0.0404,-0.5826,-0.5726,0.0,0.0
1779744291913,2,12.00000015,Lower Delivery,Delivery,pitch.1,702802,14.3666,8.5979,100.5592,1.426,111.0589,3.5692,-0.1051,0.0013
1779744291913,2,12.00000018,Upper Delivery,Delivery,pitch.1,703489,-0.3973,-0.0893,0.2712,-0.7329,-1.2135,-3.3918,0.0,0.0
1779744291913,2,Pitching Mound.Delivery,,Delivery,pitch.1,701855,13.9693,8.5086,100.8304,34.791,109.8454,-4.8424,-0.1048,0.3395
1779744291913,2,Pitching Mound.Drive,,Delivery,pitch.1,702725,0.0093,-0.3367,0.8385,0.0404,-0.5826,-0.5726,0.0,0.0
1779744291913,2,Pitching Mound.Parent,,Delivery,pitch.1,701179,13.9786,8.1719,101.6689,34.8313,109.2628,-5.415,-0.1039,0.3367
1779744291914,2,11.0000004b,Drive,Delivery,pitch.1,702726,0.0111,-0.3353,0.8314,0.0278,-0.4498,-0.524,0.0,0.0
1779744291914,2,12.00000015,Lower Delivery,Delivery,pitch.1,702803,14.4224,8.6322,100.5586,1.4893,111.0423,3.5323,-0.105,0.0014
1779744291914,2,12.00000018,Upper Delivery,Delivery,pitch.1,703490,-0.4413,-0.1,0.2742,-0.2285,-1.2712,-3.4655,0.0,0.0
1779744291914,2,Pitching Mound.Delivery,,Delivery,pitch.1,701856,13.9811,8.5322,100.8328,35.3574,109.7712,-4.9869,-0.1048,0.3396
1779744291914,2,Pitching Mound.Drive,,Delivery,pitch.1,702726,0.0111,-0.3353,0.8314,0.0278,-0.4498,-0.524,0.0,0.0
1779744291914,2,Pitching Mound.Parent,,Delivery,pitch.1,701180,13.9923,8.1969,101.6642,35.3853,109.3214,-5.5109,-0.1039,0.3368
1779744291915,2,11.0000004b,Drive,Delivery,pitch.1,702727,0.0248,-0.3097,0.7903,0.0236,-0.4101,-0.5233,0.0,0.0
1779744291915,2,12.00000015,Lower Delivery,Delivery,pitch.1,702804,14.51,8.6402,100.3688,1.4888,111.3894,3.5056,-0.1056,0.0014
1779744291915,2,12.00000018,Upper Delivery,Delivery,pitch.1,703491,-0.4586,-0.093,0.3321,0.2537,-1.6705,-3.5019,0.0,0.0
1779744291915,2,Pitching Mound.Delivery,,Delivery,pitch.1,701857,14.0515,8.5473,100.7009,35.755,109.719,-5.0856,-0.1052,0.3392
1779744291915,2,Pitching Mound.Drive,,Delivery,pitch.1,702727,0.0248,-0.3097,0.7903,0.0236,-0.4101,-0.5233,0.0,0.0
1779744291915,2,Pitching Mound.Parent,,Delivery,pitch.1,701181,14.0762,8.2376,101.4912,35.7786,109.3089,-5.6089,-0.1044,0.3365
1779744291916,2,11.0000004b,Drive,Delivery,pitch.1,702728,0.0346,-0.3018,0.715,0.0213,-0.3881,-0.5274,0.0,0.0
1779744291916,2,12.00000015,Lower Delivery,Delivery,pitch.1,702805,14.5747,8.6571,100.2193,1.5359,111.4516,3.4895,-0.1058,0.0015
1779744291916,2,12.00000015,Lower Delivery,Delivery,pitch.1,702806,14.6253,8.6839,100.2681,1.8479,111.2907,3.4499,-0.1056,0.0018
1779744291916,2,12.00000018,Upper Delivery,Delivery,pitch.1,703492,-0.4482,-0.0763,0.3248,-0.099,-1.6903,-3.4364,0.0,0.0
1779744291916,2,Pitching Mound.Delivery,,Delivery,pitch.1,701858,14.1266,8.5808,100.5441,35.4011,109.7613,-5.0546,-0.1054,0.3393
1779744291916,2,Pitching Mound.Drive,,Delivery,pitch.1,702728,0.0346,-0.3018,0.715,0.0213,-0.3881,-0.5274,0.0,0.0
1779744291916,2,Pitching Mound.Parent,,Delivery,pitch.1,701182,14.1612,8.279,101.2592,35.4224,109.3732,-5.582,-0.1047,0.3369
1779744291917,2,11.0000004b,Drive,Delivery,pitch.1,702729,0.032,-0.3204,0.7577,0.0143,-0.2984,-0.4663,0.0,0.0
1779744291917,2,12.00000015,Lower Delivery,Delivery,pitch.1,702807,14.6696,8.7129,100.3471,1.7275,111.331,3.4293,-0.1055,0.0016
1779744291917,2,12.00000018,Upper Delivery,Delivery,pitch.1,703493,-0.4671,-0.0887,0.4274,0.1852,-1.9656,-3.4715,0.0,0.0
1779744291917,2,Pitching Mound.Delivery,,Delivery,pitch.1,701859,14.1582,8.5952,100.6955,35.979,109.325,-5.1531,-0.1051,0.3389
1779744291917,2,Pitching Mound.Drive,,Delivery,pitch.1,702729,0.032,-0.3204,0.7577,0.0143,-0.2984,-0.4663,0.0,0.0
1779744291917,2,Pitching Mound.Parent,,Delivery,pitch.1,701183,14.1902,8.2748,101.4533,35.9932,109.0267,-5.6194,-0.1044,0.3363
1779744291918,2,11.0000004b,Drive,Delivery,pitch.1,702730,0.0237,-0.3352,0.8147,0.0187,-0.3302,-0.4713,0.0,0.0
1779744291918,2,12.00000018,Upper Delivery,Delivery,pitch.1,703494,-0.4908,-0.1084,0.6306,0.159,-2.1045,-3.4387,0.0,0.0
1779744291918,2,Pitching Mound.Delivery,,Delivery,pitch.1,701860,14.1788,8.6044,100.9777,35.7901,109.2265,-5.1639,-0.1049,0.3374
1779744291918,2,Pitching Mound.Drive,,Delivery,pitch.1,702730,0.0237,-0.3352,0.8147,0.0187,-0.3302,-0.4713,0.0,0.0
1779744291918,2,Pitching Mound.Parent,,Delivery,pitch.1,701184,14.2025,8.2692,101.7923,35.8088,108.8963,-5.6352,-0.104,0.3347
1779744291919,2,11.0000004b,Drive,Delivery,pitch.1,702731,0.0202,-0.3227,0.767,0.0233,-0.3569,-0.4642,0.0,0.0
1779744291919,2,12.00000015,Lower Delivery,Delivery,pitch.1,702808,14.7331,8.7294,100.284,1.7265,111.6436,3.3785,-0.1059,0.0016
1779744291919,2,12.00000018,Upper Delivery,Delivery,pitch.1,703495,-0.4873,-0.1092,0.5905,0.1592,-2.1172,-3.4523,0.0,0.0
1779744291919,2,Pitching Mound.Delivery,,Delivery,pitch.1,701861,14.2458,8.6203,100.8744,35.7815,109.5264,-5.2488,-0.1053,0.3376
1779744291919,2,Pitching Mound.Drive,,Delivery,pitch.1,702731,0.0202,-0.3227,0.767,0.0233,-0.3569,-0.4642,0.0,0.0
1779744291919,2,Pitching Mound.Parent,,Delivery,pitch.1,701185,14.266,8.2976,101.6415,35.8048,109.1694,-5.7129,-0.1045,0.3351
1779744291920,2,11.0000004b,Drive,Delivery,pitch.1,702732,0.0049,-0.3382,0.8017,0.0256,-0.3698,-0.4496,0.0,0.0
1779744291920,2,12.00000015,Lower Delivery,Delivery,pitch.1,702810,14.8076,8.7899,100.4701,1.792,111.7457,3.2773,-0.1058,0.0017
1779744291920,2,12.00000015,Lower Delivery,Delivery,pitch.1,702809,14.77,8.7671,100.329,1.8813,111.5469,3.3704,-0.1058,0.0018
1779744291920,2,12.00000018,Upper Delivery,Delivery,pitch.1,703496,-0.4922,-0.0876,0.7373,0.0215,-2.0148,-3.3399,0.0,0.0
1779744291920,2,Pitching Mound.Delivery,,Delivery,pitch.1,701862,14.2779,8.6796,101.0663,35.764,109.532,-5.1587,-0.105,0.3368
1779744291920,2,Pitching Mound.Drive,,Delivery,pitch.1,702732,0.0049,-0.3382,0.8017,0.0256,-0.3698,-0.4496,0.0,0.0
1779744291920,2,Pitching Mound.Parent,,Delivery,pitch.1,701186,14.2828,8.3414,101.868,35.7896,109.1622,-5.6083,-0.1042,0.3342
1779744291921,2,11.0000004b,Drive,Delivery,pitch.1,702733,-0.0049,-0.3522,0.8033,0.0366,-0.4745,-0.4769,0.0,0.0
1779744291921,2,12.00000015,Lower Delivery,Delivery,pitch.1,702811,14.856,8.8266,100.4755,1.725,111.843,3.2743,-0.1059,0.0016
1779744291921,2,12.00000018,Upper Delivery,Delivery,pitch.1,703497,-0.5137,-0.1002,0.6345,0.2564,-2.0459,-3.3944,0.0,0.0
1779744291921,2,Pitching Mound.Delivery,,Delivery,pitch.1,701863,14.2939,8.6897,101.1046,35.9925,109.6998,-5.3264,-0.1051,0.3374
1779744291921,2,Pitching Mound.Drive,,Delivery,pitch.1,702733,-0.0049,-0.3522,0.8033,0.0366,-0.4745,-0.4769,0.0,0.0
1779744291921,2,Pitching Mound.Parent,,Delivery,pitch.1,701187,14.289,8.3375,101.9079,36.0292,109.2253,-5.8033,-0.1043,0.3348
1779744291922,2,11.0000004b,Drive,Delivery,pitch.1,702734,-0.0036,-0.3501,0.7896,0.0342,-0.4553,-0.4912,0.0,0.0
1779744291922,2,12.00000015,Lower Delivery,Delivery,pitch.1,702812,14.8952,8.8354,100.4578,1.8081,111.9588,3.2286,-0.106,0.0017
1779744291922,2,12.00000018,Upper Delivery,Delivery,pitch.1,703498,-0.5058,-0.0878,0.7156,0.2104,-1.9153,-3.4119,0.0,0.0
1779744291922,2,Pitching Mound.Delivery,,Delivery,pitch.1,701864,14.3502,8.7388,101.1911,35.8538,109.9278,-5.3606,-0.1051,0.3368
1779744291922,2,Pitching Mound.Drive,,Delivery,pitch.1,702734,-0.0036,-0.3501,0.7896,0.0342,-0.4553,-0.4912,0.0,0.0
1779744291922,2,Pitching Mound.Parent,,Delivery,pitch.1,701188,14.3466,8.3887,101.9807,35.8879,109.4724,-5.8517,-0.1043,0.3342
1779744291923,2,11.0000004b,Drive,Delivery,pitch.1,702735,0.0141,-0.3385,0.7533,0.037,-0.5043,-0.5214,0.0,0.0
1779744291923,2,12.00000015,Lower Delivery,Delivery,pitch.1,702813,14.9362,8.807,100.3465,2.0511,111.8097,3.2226,-0.106,0.0019
1779744291923,2,12.00000018,Upper Delivery,Delivery,pitch.1,703499,-0.4973,-0.0744,0.695,0.0853,-1.6982,-3.4088,0.0,0.0
1779744291923,2,Pitching Mound.Delivery,,Delivery,pitch.1,701865,14.398,8.761,101.1527,35.8128,110.2607,-5.4136,-0.1053,0.337
1779744291923,2,Pitching Mound.Drive,,Delivery,pitch.1,702735,0.0141,-0.3385,0.7533,0.037,-0.5043,-0.5214,0.0,0.0
1779744291923,2,Pitching Mound.Parent,,Delivery,pitch.1,701189,14.4121,8.4226,101.906,35.8497,109.7563,-5.935,-0.1045,0.3345
1779744291924,2,11.0000004b,Drive,Delivery,pitch.1,702736,0.0248,-0.3206,0.6905,0.0304,-0.4326,-0.5051,0.0,0.0
1779744291924,2,12.00000015,Lower Delivery,Delivery,pitch.1,702814,14.9899,8.81,100.1468,1.9475,112.0148,3.2779,-0.1064,0.0018
1779744291924,2,12.00000018,Upper Delivery,Delivery,pitch.1,703500,-0.5062,-0.0748,0.6109,0.053,-1.7308,-3.4268,0.0,0.0
1779744291924,2,Pitching Mound.Delivery,,Delivery,pitch.1,701866,14.4301,8.7322,100.9574,36.0142,110.0789,-5.4547,-0.1054,0.3378
1779744291924,2,Pitching Mound.Drive,,Delivery,pitch.1,702736,0.0248,-0.3206,0.6905,0.0304,-0.4326,-0.5051,0.0,0.0
1779744291924,2,Pitching Mound.Parent,,Delivery,pitch.1,701190,14.4549,8.4117,101.6479,36.0447,109.6463,-5.9598,-0.1046,0.3355
1779744291925,2,11.0000004b,Drive,Delivery,pitch.1,702737,0.0388,-0.3023,0.6933,0.0353,-0.4727,-0.5006,0.0,0.0
1779744291925,2,12.00000018,Upper Delivery,Delivery,pitch.1,703501,-0.5035,-0.0697,0.6447,0.3787,-2.1534,-3.4257,0.0,0.0
1779744291925,2,Pitching Mound.Delivery,,Delivery,pitch.1,701867,14.4864,8.7403,100.7916,36.1568,109.8615,-5.4155,-0.1057,0.3375
1779744291925,2,Pitching Mound.Drive,,Delivery,pitch.1,702737,0.0388,-0.3023,0.6933,0.0353,-0.4727,-0.5006,0.0,0.0
1779744291925,2,Pitching Mound.Parent,,Delivery,pitch.1,701191,14.5252,8.438,101.4848,36.1921,109.3887,-5.9161,-0.105,0.3352
1779744291926,2,11.0000004b,Drive,Delivery,pitch.1,702738,0.0175,-0.3248,0.7516,0.0414,-0.5273,-0.5033,0.0,0.0
1779744291926,2,12.00000015,Lower Delivery,Delivery,pitch.1,702815,15.0207,8.8172,100.1968,2.0459,111.8862,3.2701,-0.1062,0.0019
1779744291926,2,12.00000015,Lower Delivery,Delivery,pitch.1,702816,15.0576,8.8223,100.2883,2.0479,112.1723,3.2763,-0.1064,0.0019
1779744291926,2,12.00000018,Upper Delivery,Delivery,pitch.1,703502,-0.4312,-0.1073,0.3565,0.3294,-1.9463,-3.5348,0.0,0.0
1779744291926,2,Pitching Mound.Delivery,,Delivery,pitch.1,701868,14.5894,8.7099,100.5533,36.321,109.9399,-5.5184,-0.1059,0.3395
1779744291926,2,Pitching Mound.Drive,,Delivery,pitch.1,702738,0.0175,-0.3248,0.7516,0.0414,-0.5273,-0.5033,0.0,0.0
1779744291926,2,Pitching Mound.Parent,,Delivery,pitch.1,701192,14.6069,8.3852,101.3049,36.3623,109.4126,-6.0217,-0.1051,0.337
1779744291927,2,11.0000004b,Drive,Delivery,pitch.1,702739,0.0275,-0.2994,0.7159,0.0552,-0.6539,-0.5263,0.0,0.0
1779744291927,2,12.00000015,Lower Delivery,Delivery,pitch.1,702817,15.108,8.795,100.0846,1.8529,112.323,3.2755,-0.1068,0.0018
1779744291927,2,12.00000018,Upper Delivery,Delivery,pitch.1,703503,-0.4134,-0.1095,0.3998,0.0619,-1.7458,-3.502,0.0,0.0
1779744291927,2,Pitching Mound.Delivery,,Delivery,pitch.1,701869,14.6442,8.7128,100.6881,36.0718,110.4265,-5.4858,-0.106,0.3392
1779744291927,2,Pitching Mound.Drive,,Delivery,pitch.1,702739,0.0275,-0.2994,0.7159,0.0552,-0.6539,-0.5263,0.0,0.0
1779744291927,2,Pitching Mound.Parent,,Delivery,pitch.1,701193,14.6717,8.4135,101.404,36.127,109.7726,-6.0121,-0.1052,0.3368
1779744291928,2,11.0000004b,Drive,Delivery,pitch.1,702740,0.0346,-0.3008,0.7225,0.0562,-0.6903,-0.5734,0.0,0.0
1779744291928,2,12.00000015,Lower Delivery,Delivery,pitch.1,702818,15.1524,8.7886,100.1913,2.1247,112.1805,3.2651,-0.1065,0.002
1779744291928,2,12.00000018,Upper Delivery,Delivery,pitch.1,703504,-0.3848,-0.0997,0.3893,-0.1124,-1.7568,-3.4947,0.0,0.0
1779744291928,2,Pitching Mound.Delivery,,Delivery,pitch.1,701870,14.7232,8.6953,100.4739,35.6369,110.5662,-5.4868,-0.1063,0.3391
1779744291928,2,Pitching Mound.Drive,,Delivery,pitch.1,702740,0.0346,-0.3008,0.7225,0.0562,-0.6903,-0.5734,0.0,0.0
1779744291928,2,Pitching Mound.Parent,,Delivery,pitch.1,701194,14.7578,8.3945,101.1964,35.693,109.8759,-6.0602,-0.1056,0.3367
1779744291929,2,11.0000004b,Drive,Delivery,pitch.1,702741,0.0396,-0.2966,0.7102,0.0593,-0.7125,-0.5698,0.0,0.0
1779744291929,2,12.00000015,Lower Delivery,Delivery,pitch.1,702819,15.1803,8.7681,100.0443,2.0231,112.1966,3.2897,-0.1067,0.0019
1779744291929,2,12.00000018,Upper Delivery,Delivery,pitch.1,703505,-0.3086,-0.0771,0.3977,-0.539,-1.1274,-3.5152,0.0,0.0
1779744291929,2,Pitching Mound.Delivery,,Delivery,pitch.1,701871,14.8438,8.7115,100.589,35.5155,111.0531,-5.5069,-0.1061,0.3393
1779744291929,2,Pitching Mound.Drive,,Delivery,pitch.1,702741,0.0396,-0.2966,0.7102,0.0593,-0.7125,-0.5698,0.0,0.0
1779744291929,2,Pitching Mound.Parent,,Delivery,pitch.1,701195,14.8834,8.4148,101.2992,35.5748,110.3406,-6.0767,-0.1053,0.3369
1779744291930,2,11.0000004b,Drive,Delivery,pitch.1,702742,0.0543,-0.2963,0.7221,0.0615,-0.7203,-0.5568,0.0,0.0
1779744291930,2,12.00000015,Lower Delivery,Delivery,pitch.1,702820,15.2237,8.7642,100.1422,2.2489,112.1945,3.3108,-0.1066,0.0021
1779744291930,2,12.00000018,Upper Delivery,Delivery,pitch.1,703506,-0.3761,-0.1003,0.4048,-0.3077,-1.6221,-3.4728,0.0,0.0
1779744291930,2,Pitching Mound.Delivery,,Delivery,pitch.1,701872,14.8042,8.6678,100.4491,35.5928,110.5744,-5.4722,-0.1063,0.3392
1779744291930,2,Pitching Mound.Drive,,Delivery,pitch.1,702742,0.0543,-0.2963,0.7221,0.0615,-0.7203,-0.5568,0.0,0.0
1779744291930,2,Pitching Mound.Parent,,Delivery,pitch.1,701196,14.8585,8.3715,101.1712,35.6543,109.8541,-6.029,-0.1055,0.3368
1779744291931,2,11.0000004b,Drive,Delivery,pitch.1,702743,0.0592,-0.3023,0.7493,0.0642,-0.7401,-0.5486,0.0,0.0
1779744291931,2,11.0000004b,Drive,Delivery,pitch.1,702744,0.0493,-0.314,0.7563,0.0682,-0.7717,-0.5656,0.0,0.0
1779744291931,2,12.00000015,Lower Delivery,Delivery,pitch.1,702821,15.2608,8.7434,100.0176,2.2366,112.2958,3.3455,-0.1068,0.0021
1779744291931,2,12.00000018,Upper Delivery,Delivery,pitch.1,703507,-0.3119,-0.0888,0.4636,-0.8664,-1.2452,-3.4207,0.0,0.0
1779744291931,2,Pitching Mound.Delivery,,Delivery,pitch.1,701873,14.9118,8.6755,100.6058,35.2733,110.9493,-5.392,-0.1061,0.339
1779744291931,2,Pitching Mound.Drive,,Delivery,pitch.1,702743,0.0592,-0.3023,0.7493,0.0642,-0.7401,-0.5486,0.0,0.0
1779744291931,2,Pitching Mound.Drive,,Delivery,pitch.1,702744,0.0493,-0.314,0.7563,0.0682,-0.7717,-0.5656,0.0,0.0
1779744291931,2,Pitching Mound.Parent,,Delivery,pitch.1,701197,14.971,8.3732,101.355,35.3375,110.2093,-5.9406,-0.1053,0.3365
1779744291932,2,12.00000015,Lower Delivery,Delivery,pitch.1,702822,15.2971,8.6966,100.0203,2.3071,112.2528,3.3395,-0.1068,0.0022
1779744291932,2,12.00000018,Upper Delivery,Delivery,pitch.1,703508,-0.317,-0.0932,0.4457,-1.1324,-1.294,-3.3663,0.0,0.0
1779744291932,2,Pitching Mound.Delivery,,Delivery,pitch.1,701874,14.9438,8.6502,100.4633,34.9587,111.0019,-5.3172,-0.1063,0.3391
1779744291932,2,Pitching Mound.Parent,,Delivery,pitch.1,701198,14.9932,8.3363,101.2196,35.0269,110.2302,-5.8828,-0.1055,0.3366
1779744291933,2,11.0000004b,Drive,Delivery,pitch.1,702745,0.0534,-0.3033,0.7409,0.0649,-0.7474,-0.5576,0.0,0.0
1779744291933,2,12.00000015,Lower Delivery,Delivery,pitch.1,702823,15.3401,8.6772,100.1041,2.1596,112.4374,3.3842,-0.1068,0.0021
1779744291933,2,12.00000018,Upper Delivery,Delivery,pitch.1,703509,-0.4157,-0.1019,0.4777,-1.182,-1.5409,-3.3678,0.0,0.0
1779744291933,2,Pitching Mound.Delivery,,Delivery,pitch.1,701875,14.8814,8.5947,100.498,34.9695,110.7119,-5.3706,-0.1063,0.339
1779744291933,2,Pitching Mound.Drive,,Delivery,pitch.1,702745,0.0534,-0.3033,0.7409,0.0649,-0.7474,-0.5576,0.0,0.0
1779744291933,2,Pitching Mound.Parent,,Delivery,pitch.1,701199,14.9348,8.2914,101.2389,35.0345,109.9646,-5.9282,-0.1055,0.3365
1779744291934,2,11.0000004b,Drive,Delivery,pitch.1,702746,0.0449,-0.3202,0.761,0.0626,-0.699,-0.5282,0.0,0.0
1779744291934,2,11.0000004b,Drive,Delivery,pitch.1,702747,0.051,-0.3026,0.7678,0.0535,-0.6515,-0.5277,0.0,0.0
1779744291934,2,12.00000015,Lower Delivery,Delivery,pitch.1,702824,15.3669,8.6694,100.2206,2.3005,112.3706,3.3822,-0.1067,0.0022
1779744291934,2,12.00000018,Upper Delivery,Delivery,pitch.1,703510,-0.3887,-0.1093,0.4731,-1.3702,-1.2439,-3.3082,0.0,0.0
1779744291934,2,Pitching Mound.Delivery,,Delivery,pitch.1,701876,14.9514,8.5679,100.5772,34.664,111.1935,-5.2718,-0.1063,0.3388
1779744291934,2,Pitching Mound.Drive,,Delivery,pitch.1,702746,0.0449,-0.3202,0.761,0.0626,-0.699,-0.5282,0.0,0.0
1779744291934,2,Pitching Mound.Drive,,Delivery,pitch.1,702747,0.051,-0.3026,0.7678,0.0535,-0.6515,-0.5277,0.0,0.0
1779744291934,2,Pitching Mound.Parent,,Delivery,pitch.1,701200,14.9963,8.2477,101.3382,34.7266,110.4945,-5.8,-0.1055,0.3363
1779744291935,2,11.0000004b,Drive,Delivery,pitch.1,702748,0.0486,-0.3131,0.7748,0.0729,-0.8349,-0.5573,0.0,0.0
1779744291935,2,12.00000015,Lower Delivery,Delivery,pitch.1,702825,15.3944,8.6344,100.2983,2.2264,112.5356,3.3667,-0.1067,0.0021
1779744291935,2,12.00000018,Upper Delivery,Delivery,pitch.1,703511,-0.3694,-0.121,0.4873,-1.3606,-1.2041,-3.2827,0.0,0.0
1779744291935,2,Pitching Mound.Delivery,,Delivery,pitch.1,701877,14.9975,8.5484,100.7079,34.8492,111.1665,-5.2509,-0.1061,0.3389
1779744291935,2,Pitching Mound.Drive,,Delivery,pitch.1,702748,0.0486,-0.3131,0.7748,0.0729,-0.8349,-0.5573,0.0,0.0
1779744291935,2,Pitching Mound.Parent,,Delivery,pitch.1,701201,15.0485,8.2458,101.4756,34.9027,110.515,-5.7786,-0.1053,0.3363
1779744291936,2,11.0000004b,Drive,Delivery,pitch.1,702749,0.0605,-0.2875,0.7422,0.0595,-0.7199,-0.5608,0.0,0.0
1779744291936,2,12.00000015,Lower Delivery,Delivery,pitch.1,702826,15.4288,8.6039,100.3257,2.4133,112.6345,3.3875,-0.1068,0.0023
1779744291936,2,12.00000018,Upper Delivery,Delivery,pitch.1,703512,-0.3693,-0.1151,0.4478,-1.1972,-1.0284,-3.3067,0.0,0.0
1779744291936,2,Pitching Mound.Delivery,,Delivery,pitch.1,701878,15.0251,8.5193,100.7461,34.9784,111.5072,-5.2996,-0.1063,0.3391
1779744291936,2,Pitching Mound.Drive,,Delivery,pitch.1,702749,0.0605,-0.2875,0.7422,0.0595,-0.7199,-0.5608,0.0,0.0
1779744291936,2,Pitching Mound.Parent,,Delivery,pitch.1,701202,15.0737,8.2062,101.5208,35.0513,110.6722,-5.857,-0.1055,0.3365
1779744291937,2,12.00000018,Upper Delivery,Delivery,pitch.1,703513,-0.3771,-0.1125,0.5187,-1.2735,-1.1201,-3.2708,0.0,0.0
1779744291937,2,Pitching Mound.Delivery,,Delivery,pitch.1,701879,15.0516,8.4914,100.8444,35.0743,111.5145,-5.2573,-0.1063,0.3388
1779744291937,2,Pitching Mound.Parent,,Delivery,pitch.1,701203,15.1122,8.204,101.5866,35.1337,110.7946,-5.8181,-0.1055,0.3363
1779744291938,2,11.0000004b,Drive,Delivery,pitch.1,702751,0.0309,-0.3255,0.8108,0.0384,-0.533,-0.5308,0.0,0.0
1779744291938,2,11.0000004b,Drive,Delivery,pitch.1,702750,0.0417,-0.3175,0.7894,0.0519,-0.6492,-0.5352,0.0,0.0
1779744291938,2,12.00000015,Lower Delivery,Delivery,pitch.1,702827,15.4817,8.5997,100.4016,2.6325,112.5651,3.3793,-0.1067,0.0025
1779744291938,2,12.00000018,Upper Delivery,Delivery,pitch.1,703514,-0.3887,-0.1177,0.5209,-1.1668,-1.0836,-3.3093,0.0,0.0
1779744291938,2,Pitching Mound.Delivery,,Delivery,pitch.1,701880,15.093,8.4819,100.9225,35.4251,111.4815,-5.326,-0.1061,0.339
1779744291938,2,Pitching Mound.Drive,,Delivery,pitch.1,702751,0.0309,-0.3255,0.8108,0.0384,-0.533,-0.5308,0.0,0.0
1779744291938,2,Pitching Mound.Drive,,Delivery,pitch.1,702750,0.0417,-0.3175,0.7894,0.0519,-0.6492,-0.5352,0.0,0.0
1779744291938,2,Pitching Mound.Parent,,Delivery,pitch.1,701204,15.1347,8.1644,101.7119,35.4771,110.8322,-5.8612,-0.1053,0.3363
1779744291939,2,11.0000004b,Drive,Delivery,pitch.1,702752,0.0345,-0.3204,0.8215,0.0453,-0.5833,-0.5165,0.0,0.0
1779744291939,2,12.00000015,Lower Delivery,Delivery,pitch.1,702828,15.5026,8.5895,100.4148,3.0349,112.409,3.3309,-0.1065,0.0029
1779744291939,2,12.00000018,Upper Delivery,Delivery,pitch.1,703515,-0.3697,-0.1104,0.4986,-1.0269,-1.1653,-3.3342,0.0,0.0
1779744291939,2,Pitching Mound.Delivery,,Delivery,pitch.1,701881,15.1329,8.4791,100.9134,35.9795,111.2437,-5.3999,-0.106,0.3395
1779744291939,2,Pitching Mound.Drive,,Delivery,pitch.1,702752,0.0345,-0.3204,0.8215,0.0453,-0.5833,-0.5165,0.0,0.0
1779744291939,2,Pitching Mound.Parent,,Delivery,pitch.1,701205,15.1638,8.1535,101.7243,36.0179,110.7107,-5.9307,-0.1051,0.3368
1779744291940,2,11.0000004b,Drive,Delivery,pitch.1,702753,0.034,-0.3146,0.7836,0.0466,-0.5921,-0.5152,0.0,0.0
1779744291940,2,12.00000015,Lower Delivery,Delivery,pitch.1,702829,15.549,8.5979,100.4439,3.1039,112.5379,3.3985,-0.1066,0.0029
1779744291940,2,12.00000018,Upper Delivery,Delivery,pitch.1,703516,-0.305,-0.0886,0.4231,-0.9011,-1.3003,-3.3613,0.0,0.0
1779744291940,2,Pitching Mound.Delivery,,Delivery,pitch.1,701882,15.244,8.5093,100.8671,36.2099,111.2377,-5.3532,-0.1061,0.3401
1779744291940,2,Pitching Mound.Drive,,Delivery,pitch.1,702753,0.034,-0.3146,0.7836,0.0466,-0.5921,-0.5152,0.0,0.0
1779744291940,2,Pitching Mound.Parent,,Delivery,pitch.1,701206,15.2785,8.1888,101.6886,36.2552,110.6544,-5.8698,-0.1053,0.3373
1779744291941,2,11.0000004b,Drive,Delivery,pitch.1,702754,0.032,-0.3321,0.7915,0.0397,-0.5199,-0.5075,0.0,0.0
1779744291941,2,12.00000015,Lower Delivery,Delivery,pitch.1,702830,15.5945,8.5935,100.4822,3.2652,112.3754,3.3394,-0.1064,0.0031
1779744291941,2,12.00000018,Upper Delivery,Delivery,pitch.1,703517,-0.307,-0.0834,0.3875,-0.9857,-1.5005,-3.3964,0.0,0.0
1779744291941,2,Pitching Mound.Delivery,,Delivery,pitch.1,701883,15.2875,8.5102,100.8697,36.3117,110.8749,-5.4636,-0.106,0.3405
1779744291941,2,Pitching Mound.Drive,,Delivery,pitch.1,702754,0.032,-0.3321,0.7915,0.0397,-0.5199,-0.5075,0.0,0.0
1779744291941,2,Pitching Mound.Parent,,Delivery,pitch.1,701207,15.3215,8.1956,101.6533,36.3583,110.2828,-5.9788,-0.1052,0.3378
1779744291942,2,11.0000004b,Drive,Delivery,pitch.1,702755,0.0229,-0.3401,0.8358,0.0452,-0.5688,-0.5211,0.0,0.0
1779744291942,2,12.00000015,Lower Delivery,Delivery,pitch.1,702831,15.6399,8.6047,100.3201,3.3699,112.3847,3.3387,-0.1066,0.0032
1779744291942,2,12.00000018,Upper Delivery,Delivery,pitch.1,703518,-0.3472,-0.0982,0.435,-0.4709,-1.8088,-3.4313,0.0,0.0
1779744291942,2,Pitching Mound.Delivery,,Delivery,pitch.1,701884,15.2928,8.5065,100.7551,36.8599,110.576,-5.5282,-0.1061,0.3402
1779744291942,2,Pitching Mound.Drive,,Delivery,pitch.1,702755,0.0229,-0.3401,0.8358,0.0452,-0.5688,-0.5211,0.0,0.0
1779744291942,2,Pitching Mound.Parent,,Delivery,pitch.1,701208,15.3248,8.1744,101.5466,36.8997,110.0561,-6.0357,-0.1053,0.3376
1779744291943,2,11.0000004b,Drive,Delivery,pitch.1,702756,0.0294,-0.3469,0.8566,0.0507,-0.6164,-0.5276,0.0,0.0
1779744291943,2,12.00000015,Lower Delivery,Delivery,pitch.1,702832,15.6988,8.623,100.2796,3.5447,112.3649,3.3079,-0.1066,0.0034
1779744291943,2,12.00000018,Upper Delivery,Delivery,pitch.1,703519,-0.3705,-0.1077,0.4557,-0.2066,-1.6566,-3.4783,0.0,0.0
1779744291943,2,Pitching Mound.Delivery,,Delivery,pitch.1,701885,15.3283,8.5153,100.7352,37.2783,110.7083,-5.634,-0.1061,0.3403
1779744291943,2,Pitching Mound.Drive,,Delivery,pitch.1,702756,0.0294,-0.3469,0.8566,0.0507,-0.6164,-0.5276,0.0,0.0
1779744291943,2,Pitching Mound.Parent,,Delivery,pitch.1,701209,15.3512,8.1752,101.571,37.3235,110.1394,-6.1551,-0.1052,0.3375
1779744291944,2,11.0000004b,Drive,Delivery,pitch.1,702757,0.0273,-0.3369,0.7931,0.053,-0.6243,-0.5058,0.0,0.0
1779744291944,2,12.00000015,Lower Delivery,Delivery,pitch.1,702833,15.7419,8.6658,100.341,3.6618,112.282,3.2752,-0.1064,0.0035
1779744291944,2,12.00000018,Upper Delivery,Delivery,pitch.1,703520,-0.2994,-0.0833,0.4608,-0.3406,-1.4846,-3.4705,0.0,0.0
1779744291944,2,Pitching Mound.Delivery,,Delivery,pitch.1,701886,15.4425,8.5825,100.8018,37.2805,110.7975,-5.6493,-0.106,0.3403
1779744291944,2,Pitching Mound.Drive,,Delivery,pitch.1,702757,0.0273,-0.3369,0.7931,0.053,-0.6243,-0.5058,0.0,0.0
1779744291944,2,Pitching Mound.Parent,,Delivery,pitch.1,701210,15.4719,8.2356,101.6584,37.3312,110.181,-6.177,-0.1051,0.3375
1779744291945,2,12.00000015,Lower Delivery,Delivery,pitch.1,702834,15.8064,8.6966,100.286,3.7921,112.4166,3.262,-0.1066,0.0036
1779744291945,2,12.00000018,Upper Delivery,Delivery,pitch.1,703521,-0.2582,-0.0747,0.4475,-0.6894,-1.4373,-3.4724,0.0,0.0
1779744291945,2,Pitching Mound.Delivery,,Delivery,pitch.1,701887,15.5482,8.6219,100.7335,37.0478,110.9793,-5.6724,-0.1062,0.3406
1779744291945,2,Pitching Mound.Parent,,Delivery,pitch.1,701211,15.5754,8.285,101.5267,37.1009,110.3549,-6.1782,-0.1053,0.3379
1779744291946,2,11.0000004b,Drive,Delivery,pitch.1,702758,0.0279,-0.3569,0.8844,0.0479,-0.5996,-0.5207,0.0,0.0
1779744291946,2,11.0000004b,Drive,Delivery,pitch.1,702759,0.029,-0.3557,0.8663,0.0403,-0.5262,-0.5066,0.0,0.0
1779744291946,2,12.00000015,Lower Delivery,Delivery,pitch.1,702835,15.8885,8.7147,100.1312,3.6657,112.4303,3.2366,-0.1068,0.0035
1779744291946,2,12.00000018,Upper Delivery,Delivery,pitch.1,703522,-0.2305,-0.0494,0.3619,-0.8875,-1.3977,-3.4197,0.0,0.0
1779744291946,2,Pitching Mound.Delivery,,Delivery,pitch.1,701888,15.658,8.6653,100.4931,36.6997,111.0326,-5.6636,-0.1064,0.341
1779744291946,2,Pitching Mound.Drive,,Delivery,pitch.1,702758,0.0279,-0.3569,0.8844,0.0479,-0.5996,-0.5207,0.0,0.0
1779744291946,2,Pitching Mound.Drive,,Delivery,pitch.1,702759,0.029,-0.3557,0.8663,0.0403,-0.5262,-0.5066,0.0,0.0
1779744291946,2,Pitching Mound.Parent,,Delivery,pitch.1,701212,15.686,8.3084,101.3776,36.7476,110.4329,-6.1843,-0.1055,0.338
1779744291947,2,11.0000004b,Drive,Delivery,pitch.1,702760,0.0414,-0.346,0.8177,0.0402,-0.5198,-0.4779,0.0,0.0
1779744291947,2,12.00000015,Lower Delivery,Delivery,pitch.1,702836,15.9444,8.7596,100.0857,3.9908,112.3929,3.1903,-0.1068,0.0038
1779744291947,2,12.00000018,Upper Delivery,Delivery,pitch.1,703523,-0.2536,-0.0527,0.3317,-0.8761,-1.41,-3.4192,0.0,0.0
1779744291947,2,Pitching Mound.Delivery,,Delivery,pitch.1,701889,15.6908,8.7069,100.4174,37.031,110.9829,-5.7363,-0.1065,0.3415
1779744291947,2,Pitching Mound.Drive,,Delivery,pitch.1,702760,0.0414,-0.346,0.8177,0.0402,-0.5198,-0.4779,0.0,0.0
1779744291947,2,Pitching Mound.Parent,,Delivery,pitch.1,701213,15.7198,8.3512,101.2837,37.0713,110.4567,-6.2429,-0.1056,0.3386
1779744291948,2,11.0000004b,Drive,Delivery,pitch.1,702761,0.0446,-0.3475,0.8302,0.0456,-0.571,-0.5026,0.0,0.0
1779744291948,2,12.00000015,Lower Delivery,Delivery,pitch.1,702837,16.0217,8.7902,99.9191,3.8925,112.2246,3.1701,-0.1068,0.0037
1779744291948,2,12.00000018,Upper Delivery,Delivery,pitch.1,703524,-0.3067,-0.0818,0.4016,-0.7854,-1.4268,-3.4152,0.0,0.0
1779744291948,2,Pitching Mound.Delivery,,Delivery,pitch.1,701890,15.715,8.7084,100.3207,36.9431,110.7978,-5.7967,-0.1064,0.341
1779744291948,2,Pitching Mound.Drive,,Delivery,pitch.1,702761,0.0446,-0.3475,0.8302,0.0456,-0.571,-0.5026,0.0,0.0
1779744291948,2,Pitching Mound.Parent,,Delivery,pitch.1,701214,15.7563,8.3625,101.1384,36.9833,110.2781,-6.2746,-0.1056,0.3382
1779744291949,2,11.0000004b,Drive,Delivery,pitch.1,702762,0.0506,-0.3408,0.8152,0.0566,-0.6507,-0.494,0.0,0.0
1779744291949,2,12.00000015,Lower Delivery,Delivery,pitch.1,702838,16.0894,8.8245,99.8571,3.6802,112.3712,3.1363,-0.1071,0.0035
1779744291949,2,12.00000018,Upper Delivery,Delivery,pitch.1,703525,-0.3187,-0.0825,0.3935,-0.4441,-1.3421,-3.4777,0.0,0.0
1779744291949,2,Pitching Mound.Delivery,,Delivery,pitch.1,701891,15.7707,8.742,100.2507,37.0537,111.0291,-5.9201,-0.1066,0.3408
1779744291949,2,Pitching Mound.Drive,,Delivery,pitch.1,702762,0.0506,-0.3408,0.8152,0.0566,-0.6507,-0.494,0.0,0.0
1779744291949,2,Pitching Mound.Parent,,Delivery,pitch.1,701215,15.8153,8.3945,101.0808,37.0993,110.4581,-6.4228,-0.1058,0.338
1779744291950,2,11.0000004b,Drive,Delivery,pitch.1,702763,0.0548,-0.3409,0.8464,0.0604,-0.6583,-0.4633,0.0,0.0
1779744291950,2,12.00000015,Lower Delivery,Delivery,pitch.1,702839,16.1403,8.8957,99.8995,3.4121,112.6749,3.1211,-0.1073,0.0032
1779744291950,2,12.00000018,Upper Delivery,Delivery,pitch.1,703526,-0.2314,-0.0458,0.3451,-0.4603,-1.3966,-3.4969,0.0,0.0
1779744291950,2,Pitching Mound.Delivery,,Delivery,pitch.1,701892,15.909,8.8499,100.2446,36.8002,111.2783,-5.9422,-0.1069,0.3409
1779744291950,2,Pitching Mound.Drive,,Delivery,pitch.1,702763,0.0548,-0.3409,0.8464,0.0604,-0.6583,-0.4633,0.0,0.0
1779744291950,2,Pitching Mound.Parent,,Delivery,pitch.1,701216,15.9596,8.5091,101.0598,36.8568,110.6275,-6.4362,-0.1061,0.3381
1779744291951,2,11.0000004b,Drive,Delivery,pitch.1,702764,0.0535,-0.3479,0.8756,0.0566,-0.6644,-0.493,0.0,0.0
1779744291951,2,12.00000015,Lower Delivery,Delivery,pitch.1,702840,16.1776,8.9358,99.7662,3.2017,112.6072,3.0457,-0.1074,0.0031
1779744291951,2,12.00000018,Upper Delivery,Delivery,pitch.1,703527,-0.2615,-0.0574,0.3618,-0.2712,-1.3353,-3.573,0.0,0.0
1779744291951,2,Pitching Mound.Delivery,,Delivery,pitch.1,701893,15.916,8.8784,100.128,36.7279,111.2719,-6.1165,-0.107,0.3406
1779744291951,2,Pitching Mound.Drive,,Delivery,pitch.1,702764,0.0535,-0.3479,0.8756,0.0566,-0.6644,-0.493,0.0,0.0
1779744291951,2,Pitching Mound.Parent,,Delivery,pitch.1,701217,15.9709,8.5375,100.9744,36.7883,110.6136,-6.5798,-0.1061,0.3377
1779744291952,2,11.0000004b,Drive,Delivery,pitch.1,702765,0.0546,-0.3458,0.8592,0.074,-0.8007,-0.4895,0.0,0.0
1779744291952,2,12.00000015,Lower Delivery,Delivery,pitch.1,702841,16.2426,8.9911,99.7347,3.1107,112.828,2.9871,-0.1076,0.003
1779744291952,2,12.00000018,Upper Delivery,Delivery,pitch.1,703528,-0.1682,-0.0148,0.276,-0.2252,-1.444,-3.5787,0.0,0.0
1779744291952,2,Pitching Mound.Delivery,,Delivery,pitch.1,701894,16.0744,8.9763,100.0107,36.7015,111.384,-6.1713,-0.1073,0.3411
1779744291952,2,Pitching Mound.Drive,,Delivery,pitch.1,702765,0.0546,-0.3458,0.8592,0.074,-0.8007,-0.4895,0.0,0.0
1779744291952,2,Pitching Mound.Parent,,Delivery,pitch.1,701218,16.1279,8.6283,100.8862,36.7581,110.7195,-6.6644,-0.1064,0.3381
1779744291953,2,11.0000004b,Drive,Delivery,pitch.1,702766,0.0545,-0.3487,0.8729,0.0751,-0.7813,-0.4594,0.0,0.0
1779744291953,2,12.00000015,Lower Delivery,Delivery,pitch.1,702842,16.314,9.0228,99.6877,3.3601,112.7552,2.9215,-0.1076,0.0032
1779744291953,2,12.00000018,Upper Delivery,Delivery,pitch.1,703529,-0.1941,-0.0251,0.297,-0.3969,-1.7129,-3.6479,0.0,0.0
1779744291953,2,Pitching Mound.Delivery,,Delivery,pitch.1,701895,16.1199,8.9977,99.9848,36.756,111.0423,-6.3391,-0.1073,0.3412
1779744291953,2,Pitching Mound.Drive,,Delivery,pitch.1,702766,0.0545,-0.3487,0.8729,0.0751,-0.7813,-0.4594,0.0,0.0
1779744291953,2,Pitching Mound.Parent,,Delivery,pitch.1,701219,16.1746,8.6519,100.8439,36.83,110.2416,-6.8287,-0.1064,0.3383
1779744291954,2,11.0000004b,Drive,Delivery,pitch.1,702767,0.0481,-0.334,0.8421,0.0785,-0.8296,-0.4884,0.0,0.0
1779744291954,2,12.00000015,Lower Delivery,Delivery,pitch.1,702843,16.344,9.0739,99.7373,3.3272,112.7895,2.8704,-0.1076,0.0032
1779744291954,2,12.00000018,Upper Delivery,Delivery,pitch.1,703530,-0.1274,-0.0038,0.2236,-0.5431,-1.5049,-3.6204,0.0,0.0
1779744291954,2,Pitching Mound.Delivery,,Delivery,pitch.1,701896,16.2166,9.0701,99.9608,36.6188,111.2846,-6.3502,-0.1073,0.3416
1779744291954,2,Pitching Mound.Drive,,Delivery,pitch.1,702767,0.0481,-0.334,0.8421,0.0785,-0.8296,-0.4884,0.0,0.0
1779744291954,2,Pitching Mound.Parent,,Delivery,pitch.1,701220,16.2711,8.7213,100.8337,36.6938,110.5033,-6.8096,-0.1064,0.3387
1779744291955,2,11.0000004b,Drive,Delivery,pitch.1,702768,0.0499,-0.328,0.8427,0.0773,-0.8148,-0.4829,0.0,0.0
1779744291955,2,12.00000015,Lower Delivery,Delivery,pitch.1,702844,16.3834,9.1056,99.549,3.0935,112.8012,2.8269,-0.1078,0.003
1779744291955,2,12.00000018,Upper Delivery,Delivery,pitch.1,703531,-0.0717,0.0193,0.1473,-0.3827,-1.7022,-3.661,0.0,0.0
1779744291955,2,Pitching Mound.Delivery,,Delivery,pitch.1,701897,16.3117,9.1248,99.6964,36.5074,111.099,-6.4289,-0.1076,0.3419
1779744291955,2,Pitching Mound.Drive,,Delivery,pitch.1,702768,0.0499,-0.328,0.8427,0.0773,-0.8148,-0.4829,0.0,0.0
1779744291955,2,Pitching Mound.Parent,,Delivery,pitch.1,701221,16.3598,8.7908,100.5385,36.5858,110.2694,-6.9173,-0.1067,0.3391
1779744291956,2,11.0000004b,Drive,Delivery,pitch.1,702769,0.0495,-0.3176,0.7986,0.081,-0.8509,-0.4959,0.0,0.0
1779744291956,2,12.00000015,Lower Delivery,Delivery,pitch.1,702845,16.4163,9.1244,99.3669,3.0804,112.8479,2.7297,-0.108,0.0029
1779744291956,2,12.00000018,Upper Delivery,Delivery,pitch.1,703532,-0.0876,0.0197,0.1558,-0.0571,-1.8915,-3.7003,0.0,0.0
1779744291956,2,Pitching Mound.Delivery,,Delivery,pitch.1,701898,16.3287,9.1441,99.5228,36.7551,110.9564,-6.5819,-0.1079,0.3419
1779744291956,2,Pitching Mound.Drive,,Delivery,pitch.1,702769,0.0495,-0.3176,0.7986,0.081,-0.8509,-0.4959,0.0,0.0
1779744291956,2,Pitching Mound.Parent,,Delivery,pitch.1,701222,16.3786,8.8161,100.3655,36.8324,110.1415,-7.0648,-0.107,0.339
1779744291957,2,11.0000004b,Drive,Delivery,pitch.1,702770,0.0564,-0.2966,0.7415,0.0607,-0.6755,-0.4808,0.0,0.0
1779744291957,2,12.00000015,Lower Delivery,Delivery,pitch.1,702846,16.4589,9.1488,99.2984,3.2537,112.6312,2.6708,-0.1079,0.0031
1779744291957,2,12.00000018,Upper Delivery,Delivery,pitch.1,703533,-0.075,0.0236,0.1376,0.0221,-1.7597,-3.6402,0.0,0.0
1779744291957,2,Pitching Mound.Delivery,,Delivery,pitch.1,701899,16.3839,9.1724,99.436,36.9905,110.8714,-6.591,-0.1078,0.3422
1779744291957,2,Pitching Mound.Drive,,Delivery,pitch.1,702770,0.0564,-0.2966,0.7415,0.0607,-0.6755,-0.4808,0.0,0.0
1779744291957,2,Pitching Mound.Parent,,Delivery,pitch.1,701223,16.4334,8.8548,100.2346,37.0715,110.0205,-7.0868,-0.1069,0.3394
1779744291958,2,11.0000004b,Drive,Delivery,pitch.1,702771,0.0536,-0.3031,0.7355,0.0594,-0.683,-0.5094,0.0,0.0
1779744291958,2,12.00000015,Lower Delivery,Delivery,pitch.1,702847,16.4901,9.1556,99.1514,3.112,112.8081,2.6232,-0.1082,0.003
1779744291958,2,12.00000018,Upper Delivery,Delivery,pitch.1,703534,-0.1906,-0.0205,0.2834,0.0893,-1.8781,-3.6069,0.0,0.0
1779744291958,2,Pitching Mound.Delivery,,Delivery,pitch.1,701900,16.2996,9.1352,99.4347,36.8164,110.93,-6.6551,-0.1079,0.341
1779744291958,2,Pitching Mound.Drive,,Delivery,pitch.1,702771,0.0536,-0.3031,0.7355,0.0594,-0.683,-0.5094,0.0,0.0
1779744291958,2,Pitching Mound.Parent,,Delivery,pitch.1,701224,16.3559,8.8386,100.1763,36.8771,110.2544,-7.1359,-0.1071,0.3385
1779744291959,2,11.0000004b,Drive,Delivery,pitch.1,702772,0.0618,-0.2887,0.7183,0.0574,-0.6639,-0.5063,0.0,0.0
1779744291959,2,12.00000015,Lower Delivery,Delivery,pitch.1,702848,16.4878,9.188,99.2297,3.1909,112.6371,2.5099,-0.108,0.0031
1779744291959,2,12.00000018,Upper Delivery,Delivery,pitch.1,703535,-0.2407,-0.0384,0.2836,0.038,-1.8555,-3.5936,0.0,0.0
1779744291959,2,Pitching Mound.Delivery,,Delivery,pitch.1,701901,16.2471,9.1495,99.5132,36.8706,110.7816,-6.7713,-0.1077,0.3411
1779744291959,2,Pitching Mound.Drive,,Delivery,pitch.1,702772,0.0618,-0.2887,0.7183,0.0574,-0.6639,-0.5063,0.0,0.0
1779744291959,2,Pitching Mound.Parent,,Delivery,pitch.1,701225,16.3007,8.8465,100.2487,36.93,110.0986,-7.2808,-0.1069,0.3386
1779744291960,2,11.0000004b,Drive,Delivery,pitch.1,702773,0.0602,-0.2815,0.708,0.0574,-0.6829,-0.5309,0.0,0.0
1779744291960,2,12.00000015,Lower Delivery,Delivery,pitch.1,702849,16.5198,9.1985,99.0459,3.1052,112.6721,2.4496,-0.1082,0.003
1779744291960,2,12.00000018,Upper Delivery,Delivery,pitch.1,703536,-0.2536,-0.0475,0.3517,-0.0463,-1.7305,-3.5679,0.0,0.0
1779744291960,2,Pitching Mound.Delivery,,Delivery,pitch.1,701902,16.2662,9.151,99.3977,36.6149,110.9416,-6.8213,-0.1078,0.3406
1779744291960,2,Pitching Mound.Drive,,Delivery,pitch.1,702773,0.0602,-0.2815,0.708,0.0574,-0.6829,-0.5309,0.0,0.0
1779744291960,2,Pitching Mound.Parent,,Delivery,pitch.1,701226,16.328,8.8623,100.116,36.6723,110.2777,-7.3276,-0.1071,0.3381
1779744291961,2,11.0000004b,Drive,Delivery,pitch.1,702774,0.0598,-0.262,0.6645,0.0589,-0.7025,-0.5528,0.0,0.0
1779744291961,2,12.00000015,Lower Delivery,Delivery,pitch.1,702850,16.5282,9.2074,98.8837,3.0643,112.3582,2.346,-0.1081,0.0029
1779744291961,2,12.00000018,Upper Delivery,Delivery,pitch.1,703537,-0.3195,-0.0681,0.343,0.026,-1.9092,-3.5647,0.0,0.0
1779744291961,2,Pitching Mound.Delivery,,Delivery,pitch.1,701903,16.2087,9.1393,99.2267,36.5941,110.4489,-6.9469,-0.1077,0.3406
1779744291961,2,Pitching Mound.Drive,,Delivery,pitch.1,702774,0.0598,-0.262,0.6645,0.0589,-0.7025,-0.5528,0.0,0.0
1779744291961,2,Pitching Mound.Parent,,Delivery,pitch.1,701227,16.2689,8.8578,99.9347,36.6515,109.7661,-7.4778,-0.107,0.3382
1779744291962,2,11.0000004b,Drive,Delivery,pitch.1,702775,0.0674,-0.2415,0.6415,0.0604,-0.7259,-0.5726,0.0,0.0
1779744291962,2,12.00000015,Lower Delivery,Delivery,pitch.1,702851,16.5559,9.2208,98.7141,2.8314,112.3033,2.2481,-0.1082,0.0027
1779744291962,2,12.00000018,Upper Delivery,Delivery,pitch.1,703538,-0.4355,-0.1069,0.4988,0.031,-1.6595,-3.4831,0.0,0.0
1779744291962,2,Pitching Mound.Delivery,,Delivery,pitch.1,701904,16.1204,9.1138,99.2128,36.2556,110.6437,-7.012,-0.1077,0.3393
1779744291962,2,Pitching Mound.Drive,,Delivery,pitch.1,702775,0.0674,-0.2415,0.6415,0.0604,-0.7259,-0.5726,0.0,0.0
1779744291962,2,Pitching Mound.Parent,,Delivery,pitch.1,701228,16.1802,8.8519,99.8773,36.3145,109.9412,-7.5648,-0.107,0.337
1779744291963,2,11.0000004b,Drive,Delivery,pitch.1,702776,0.0816,-0.2235,0.6618,0.0473,-0.6117,-0.5589,0.0,0.0
1779744291963,2,12.00000015,Lower Delivery,Delivery,pitch.1,702852,16.5688,9.2218,98.5466,2.6508,112.1958,2.2296,-0.1083,0.0026
1779744291963,2,12.00000018,Upper Delivery,Delivery,pitch.1,703539,-0.4696,-0.1135,0.5017,0.112,-1.6611,-3.5355,0.0,0.0
1779744291963,2,Pitching Mound.Delivery,,Delivery,pitch.1,701905,16.0992,9.1082,99.0483,36.0981,110.5347,-7.099,-0.1078,0.3391
1779744291963,2,Pitching Mound.Drive,,Delivery,pitch.1,702776,0.0816,-0.2235,0.6618,0.0473,-0.6117,-0.5589,0.0,0.0
1779744291963,2,Pitching Mound.Parent,,Delivery,pitch.1,701229,16.1666,8.8667,99.6898,36.1584,109.8088,-7.6717,-0.1071,0.3369
1779744291964,2,11.0000004b,Drive,Delivery,pitch.1,702777,0.0699,-0.2433,0.6979,0.0552,-0.6907,-0.5832,0.0,0.0
1779744291964,2,12.00000015,Lower Delivery,Delivery,pitch.1,702853,16.5663,9.2369,98.3363,2.599,112.0562,2.1753,-0.1084,0.0025
1779744291964,2,12.00000018,Upper Delivery,Delivery,pitch.1,703540,-0.4876,-0.1033,0.7957,0.1305,-1.803,-3.5391,0.0,0.0
1779744291964,2,Pitching Mound.Delivery,,Delivery,pitch.1,701906,16.0787,9.1336,99.132,35.8933,110.2532,-7.1621,-0.1075,0.337
1779744291964,2,Pitching Mound.Drive,,Delivery,pitch.1,702777,0.0699,-0.2433,0.6979,0.0552,-0.6907,-0.5832,0.0,0.0
1779744291964,2,Pitching Mound.Parent,,Delivery,pitch.1,701230,16.1603,8.9101,99.7938,35.9407,109.6415,-7.7209,-0.1068,0.3348
1779744291965,2,11.0000004b,Drive,Delivery,pitch.1,702778,0.0578,-0.2559,0.7,0.0479,-0.6281,-0.5758,0.0,0.0
1779744291965,2,12.00000015,Lower Delivery,Delivery,pitch.1,702854,16.5807,9.258,98.2671,2.2549,112.0997,2.1357,-0.1085,0.0022
1779744291965,2,12.00000018,Upper Delivery,Delivery,pitch.1,703541,-0.5205,-0.1434,0.6488,0.1039,-1.7485,-3.5671,0.0,0.0
1779744291965,2,Pitching Mound.Delivery,,Delivery,pitch.1,701907,16.0602,9.1146,98.9159,35.549,110.3512,-7.2458,-0.1078,0.3377
1779744291965,2,Pitching Mound.Drive,,Delivery,pitch.1,702778,0.0578,-0.2559,0.7,0.0479,-0.6281,-0.5758,0.0,0.0
1779744291965,2,Pitching Mound.Parent,,Delivery,pitch.1,701231,16.1301,8.8713,99.6137,35.6042,109.6604,-7.829,-0.1071,0.3353
1779744291966,2,11.0000004b,Drive,Delivery,pitch.1,702779,0.061,-0.2552,0.6894,0.0499,-0.6625,-0.605,0.0,0.0
1779744291966,2,12.00000015,Lower Delivery,Delivery,pitch.1,702855,16.5881,9.2829,98.3077,2.7676,111.9086,2.0391,-0.1083,0.0027
1779744291966,2,12.00000018,Upper Delivery,Delivery,pitch.1,703542,-0.5208,-0.1666,0.5347,-0.0994,-1.6024,-3.545,0.0,0.0
1779744291966,2,Pitching Mound.Delivery,,Delivery,pitch.1,701908,16.0673,9.1163,98.8424,35.911,110.3062,-7.3229,-0.1077,0.339
1779744291966,2,Pitching Mound.Drive,,Delivery,pitch.1,702779,0.061,-0.2552,0.6894,0.0499,-0.6625,-0.605,0.0,0.0
1779744291966,2,Pitching Mound.Parent,,Delivery,pitch.1,701232,16.1251,8.8604,99.5423,35.9589,109.6781,-7.8987,-0.1069,0.3366
1779744291967,2,11.0000004b,Drive,Delivery,pitch.1,702780,0.0483,-0.2849,0.7411,0.0497,-0.6648,-0.6096,0.0,0.0
1779744291967,2,12.00000015,Lower Delivery,Delivery,pitch.1,702856,16.5972,9.3095,98.2066,2.5707,111.8619,1.9864,-0.1084,0.0025
1779744291967,2,12.00000018,Upper Delivery,Delivery,pitch.1,703543,-0.522,-0.1558,0.6094,-0.3318,-1.5167,-3.4935,0.0,0.0
1779744291967,2,Pitching Mound.Delivery,,Delivery,pitch.1,701909,16.0752,9.1537,98.816,35.422,110.3453,-7.3277,-0.1077,0.3383
1779744291967,2,Pitching Mound.Drive,,Delivery,pitch.1,702780,0.0483,-0.2849,0.7411,0.0497,-0.6648,-0.6096,0.0,0.0
1779744291967,2,Pitching Mound.Parent,,Delivery,pitch.1,701233,16.1363,8.8985,99.5054,35.4718,109.6827,-7.9328,-0.1069,0.3359
1779744291968,2,11.0000004b,Drive,Delivery,pitch.1,702781,0.0504,-0.2881,0.7514,0.0531,-0.687,-0.5912,0.0,0.0
1779744291968,2,12.00000015,Lower Delivery,Delivery,pitch.1,702857,16.6151,9.3407,98.0793,2.7011,111.9128,1.9966,-0.1085,0.0026
1779744291968,2,12.00000018,Upper Delivery,Delivery,pitch.1,703544,-0.4902,-0.1352,0.6864,-0.4765,-1.3056,-3.497,0.0,0.0
1779744291968,2,Pitching Mound.Delivery,,Delivery,pitch.1,701910,16.1249,9.2055,98.7657,35.3381,110.6071,-7.3163,-0.1078,0.3379
1779744291968,2,Pitching Mound.Drive,,Delivery,pitch.1,702781,0.0504,-0.2881,0.7514,0.0531,-0.687,-0.5912,0.0,0.0
1779744291968,2,Pitching Mound.Parent,,Delivery,pitch.1,701234,16.1732,8.9207,99.5068,35.3878,109.9424,-7.9259,-0.107,0.3354
1779744291969,2,11.0000004b,Drive,Delivery,pitch.1,702782,0.0502,-0.3054,0.7897,0.0565,-0.7207,-0.5945,0.0,0.0
1779744291969,2,12.00000015,Lower Delivery,Delivery,pitch.1,702858,16.624,9.3839,97.9711,2.7573,111.6779,1.9371,-0.1084,0.0027
1779744291969,2,12.00000018,Upper Delivery,Delivery,pitch.1,703545,-0.4847,-0.1455,0.6412,-0.454,-1.2398,-3.4992,0.0,0.0
1779744291969,2,Pitching Mound.Delivery,,Delivery,pitch.1,701911,16.1393,9.2383,98.6123,35.3956,110.4381,-7.379,-0.1077,0.3382
1779744291969,2,Pitching Mound.Drive,,Delivery,pitch.1,702782,0.0502,-0.3054,0.7897,0.0565,-0.7207,-0.5945,0.0,0.0
1779744291969,2,Pitching Mound.Parent,,Delivery,pitch.1,701235,16.1898,8.9502,99.3637,35.4486,109.7511,-7.9702,-0.1069,0.3357
1779744291970,2,11.0000004b,Drive,Delivery,pitch.1,702783,0.0562,-0.3044,0.7955,0.0557,-0.6964,-0.5657,0.0,0.0
1779744291970,2,12.00000015,Lower Delivery,Delivery,pitch.1,702859,16.6536,9.428,97.8305,2.5798,111.6189,1.9198,-0.1085,0.0025
1779744291970,2,12.00000015,Lower Delivery,Delivery,pitch.1,702860,16.6755,9.4546,97.6402,2.6836,111.4832,1.8082,-0.1086,0.0026
1779744291970,2,12.00000018,Upper Delivery,Delivery,pitch.1,703546,-0.4696,-0.1352,0.6959,-0.6578,-1.4066,-3.5683,0.0,0.0
1779744291970,2,Pitching Mound.Delivery,,Delivery,pitch.1,701912,16.184,9.2928,98.5264,34.9478,110.2123,-7.4703,-0.1078,0.3377
1779744291970,2,Pitching Mound.Drive,,Delivery,pitch.1,702783,0.0562,-0.3044,0.7955,0.0557,-0.6964,-0.5657,0.0,0.0
1779744291970,2,Pitching Mound.Parent,,Delivery,pitch.1,701236,16.2342,8.9875,99.3161,35.0042,109.4916,-8.0648,-0.1069,0.335
1779744291971,2,11.0000004b,Drive,Delivery,pitch.1,702784,0.0483,-0.3027,0.7654,0.0518,-0.646,-0.5408,0.0,0.0
1779744291971,2,12.00000015,Lower Delivery,Delivery,pitch.1,702861,16.7105,9.496,97.5914,3.0861,111.1768,1.7743,-0.1084,0.003
1779744291971,2,12.00000018,Upper Delivery,Delivery,pitch.1,703547,-0.4938,-0.1608,0.5479,-0.6078,-1.3626,-3.4724,0.0,0.0
1779744291971,2,Pitching Mound.Delivery,,Delivery,pitch.1,701913,16.1817,9.2938,98.1881,35.0872,110.1206,-7.5018,-0.108,0.3388
1779744291971,2,Pitching Mound.Drive,,Delivery,pitch.1,702784,0.0483,-0.3027,0.7654,0.0518,-0.646,-0.5408,0.0,0.0
1779744291971,2,Pitching Mound.Parent,,Delivery,pitch.1,701237,16.2379,8.9894,98.9836,35.1429,109.4242,-8.0676,-0.1071,0.3361
1779744291972,2,11.0000004b,Drive,Delivery,pitch.1,702785,0.0658,-0.295,0.7558,0.0485,-0.6002,-0.5209,0.0,0.0
1779744291972,2,12.00000015,Lower Delivery,Delivery,pitch.1,702862,16.7397,9.5464,97.3668,2.9014,111.1955,1.7336,-0.1086,0.0028
1779744291972,2,12.00000018,Upper Delivery,Delivery,pitch.1,703548,-0.4748,-0.1284,0.6517,-0.4876,-1.655,-3.4499,0.0,0.0
1779744291972,2,Pitching Mound.Delivery,,Delivery,pitch.1,701914,16.2357,9.3676,98.2432,35.5581,109.5219,-7.5186,-0.1077,0.3385
1779744291972,2,Pitching Mound.Drive,,Delivery,pitch.1,702785,0.0658,-0.295,0.7558,0.0485,-0.6002,-0.5209,0.0,0.0
1779744291972,2,Pitching Mound.Parent,,Delivery,pitch.1,701238,16.284,9.0648,99.0085,35.6098,108.8759,-8.0594,-0.1068,0.3359
1779744291973,2,11.0000004b,Drive,Delivery,pitch.1,702786,0.0665,-0.2925,0.755,0.0557,-0.669,-0.5438,0.0,0.0
1779744291973,2,12.00000015,Lower Delivery,Delivery,pitch.1,702863,16.7696,9.6077,97.2953,2.6269,111.2377,1.6476,-0.1088,0.0026
1779744291973,2,12.00000018,Upper Delivery,Delivery,pitch.1,703549,-0.4646,-0.1238,0.6782,-0.5221,-1.6734,-3.4813,0.0,0.0
1779744291973,2,Pitching Mound.Delivery,,Delivery,pitch.1,701915,16.275,9.4226,98.045,35.2535,109.522,-7.5972,-0.1079,0.3381
1779744291973,2,Pitching Mound.Drive,,Delivery,pitch.1,702786,0.0665,-0.2925,0.755,0.0557,-0.669,-0.5438,0.0,0.0
1779744291973,2,Pitching Mound.Parent,,Delivery,pitch.1,701239,16.3408,9.1276,98.8008,35.302,108.9218,-8.1182,-0.1071,0.3355
1779744291974,2,11.0000004b,Drive,Delivery,pitch.1,702787,0.0619,-0.2832,0.7197,0.0518,-0.6476,-0.5601,0.0,0.0
1779744291974,2,12.00000015,Lower Delivery,Delivery,pitch.1,702864,16.8143,9.6581,97.2396,2.7739,111.1955,1.5591,-0.1088,0.0027
1779744291974,2,12.00000018,Upper Delivery,Delivery,pitch.1,703550,-0.4412,-0.0897,0.8143,-0.4576,-1.5916,-3.4415,0.0,0.0
1779744291974,2,Pitching Mound.Delivery,,Delivery,pitch.1,701916,16.3284,9.518,98.1095,34.9729,109.6461,-7.6456,-0.1079,0.3369
1779744291974,2,Pitching Mound.Drive,,Delivery,pitch.1,702787,0.0619,-0.2832,0.7197,0.0518,-0.6476,-0.5601,0.0,0.0
1779744291974,2,Pitching Mound.Parent,,Delivery,pitch.1,701240,16.3949,9.2255,98.8645,35.0286,108.9771,-8.1894,-0.107,0.3343
1779744291975,2,11.0000004b,Drive,Delivery,pitch.1,702788,0.0684,-0.2617,0.6765,0.0654,-0.7589,-0.5671,0.0,0.0
1779744291975,2,12.00000018,Upper Delivery,Delivery,pitch.1,703551,-0.4397,-0.0966,0.7657,-0.4566,-1.673,-3.4656,0.0,0.0
1779744291975,2,Pitching Mound.Delivery,,Delivery,pitch.1,701917,16.3746,9.5615,98.0052,35.1184,109.5225,-7.7728,-0.1079,0.3374
1779744291975,2,Pitching Mound.Drive,,Delivery,pitch.1,702788,0.0684,-0.2617,0.6765,0.0654,-0.7589,-0.5671,0.0,0.0
1779744291975,2,Pitching Mound.Parent,,Delivery,pitch.1,701241,16.4364,9.2783,98.7249,35.1702,108.8749,-8.3329,-0.1071,0.3349
1779744291976,2,11.0000004b,Drive,Delivery,pitch.1,702789,0.0687,-0.2618,0.6747,0.0645,-0.7505,-0.5916,0.0,0.0
1779744291976,2,12.00000015,Lower Delivery,Delivery,pitch.1,702865,16.8854,9.7001,96.9708,3.2761,111.2313,1.4678,-0.1091,0.0032
1779744291976,2,12.00000015,Lower Delivery,Delivery,pitch.1,702866,16.9662,9.7142,96.7815,3.3815,111.2783,1.4471,-0.1094,0.0033
1779744291976,2,12.00000018,Upper Delivery,Delivery,pitch.1,703552,-0.3989,-0.0708,0.4843,-0.3217,-1.9954,-3.5059,0.0,0.0
1779744291976,2,Pitching Mound.Delivery,,Delivery,pitch.1,701918,16.4865,9.6292,97.4551,35.7598,109.2359,-7.9148,-0.1086,0.3398
1779744291976,2,Pitching Mound.Drive,,Delivery,pitch.1,702789,0.0687,-0.2618,0.6747,0.0645,-0.7505,-0.5916,0.0,0.0
1779744291976,2,Pitching Mound.Parent,,Delivery,pitch.1,701242,16.555,9.3676,98.1316,35.8252,108.477,-8.4819,-0.1078,0.3375
1779744291977,2,11.0000004b,Drive,Delivery,pitch.1,702790,0.0585,-0.2562,0.6489,0.0566,-0.6612,-0.5669,0.0,0.0
1779744291977,2,12.00000015,Lower Delivery,Delivery,pitch.1,702867,17.02,9.7637,96.5125,2.636,111.2634,1.3322,-0.1097,0.0026
1779744291977,2,12.00000018,Upper Delivery,Delivery,pitch.1,703553,-0.4,-0.0741,0.4782,-0.3794,-1.9923,-3.535,0.0,0.0
1779744291977,2,Pitching Mound.Delivery,,Delivery,pitch.1,701919,16.5662,9.6401,97.2597,35.7453,109.286,-7.9924,-0.1088,0.34
1779744291977,2,Pitching Mound.Drive,,Delivery,pitch.1,702790,0.0585,-0.2562,0.6489,0.0566,-0.6612,-0.5669,0.0,0.0
1779744291977,2,Pitching Mound.Parent,,Delivery,pitch.1,701243,16.635,9.3783,97.9344,35.8098,108.5355,-8.584,-0.1081,0.3376
1779744291978,2,11.0000004b,Drive,Delivery,pitch.1,702791,0.052,-0.2493,0.6346,0.0482,-0.5842,-0.5296,0.0,0.0
1779744291978,2,12.00000015,Lower Delivery,Delivery,pitch.1,702868,17.1,9.7937,96.3312,2.6165,111.2947,1.2374,-0.1099,0.0026
1779744291978,2,12.00000018,Upper Delivery,Delivery,pitch.1,703554,-0.3885,-0.0724,0.463,-0.2143,-2.1394,-3.5875,0.0,0.0
1779744291978,2,Pitching Mound.Delivery,,Delivery,pitch.1,701920,16.6316,9.6912,96.9755,35.0786,109.124,-8.1742,-0.1091,0.3393
1779744291978,2,Pitching Mound.Drive,,Delivery,pitch.1,702791,0.052,-0.2493,0.6346,0.0482,-0.5842,-0.5296,0.0,0.0
1779744291978,2,Pitching Mound.Parent,,Delivery,pitch.1,701244,16.6901,9.4351,97.6244,35.1352,108.4629,-8.741,-0.1084,0.3371
1779744291979,2,11.0000004b,Drive,Delivery,pitch.1,702792,0.0533,-0.2411,0.6485,0.0483,-0.5981,-0.5498,0.0,0.0
1779744291979,2,12.00000015,Lower Delivery,Delivery,pitch.1,702869,17.1754,9.8117,96.124,2.7375,111.6267,1.2113,-0.1105,0.0027
1779744291979,2,12.00000018,Upper Delivery,Delivery,pitch.1,703555,-0.2561,-0.0523,0.3501,-0.3358,-1.9357,-3.6195,0.0,0.0
1779744291979,2,Pitching Mound.Delivery,,Delivery,pitch.1,701921,16.8439,9.7415,96.6813,34.9143,109.3591,-8.2832,-0.1095,0.3401
1779744291979,2,Pitching Mound.Drive,,Delivery,pitch.1,702792,0.0533,-0.2411,0.6485,0.0483,-0.5981,-0.5498,0.0,0.0
1779744291979,2,Pitching Mound.Parent,,Delivery,pitch.1,701245,16.8959,9.4922,97.3159,34.9625,108.7749,-8.8128,-0.1088,0.3379
1779744291980,2,11.0000004b,Drive,Delivery,pitch.1,702793,0.0603,-0.2199,0.61,0.038,-0.5145,-0.5601,0.0,0.0
1779744291980,2,12.00000015,Lower Delivery,Delivery,pitch.1,702870,17.257,9.837,95.809,2.9934,111.6509,1.1632,-0.1109,0.003
1779744291980,2,12.00000018,Upper Delivery,Delivery,pitch.1,703556,-0.2507,-0.0576,0.3991,-0.4647,-1.8575,-3.5917,0.0,0.0
1779744291980,2,Pitching Mound.Delivery,,Delivery,pitch.1,701922,16.9246,9.7541,96.523,34.8193,109.7692,-8.3053,-0.11,0.3399
1779744291980,2,Pitching Mound.Drive,,Delivery,pitch.1,702793,0.0603,-0.2199,0.61,0.038,-0.5145,-0.5601,0.0,0.0
1779744291980,2,Pitching Mound.Parent,,Delivery,pitch.1,701246,16.978,9.513,97.1716,34.8676,109.171,-8.8551,-0.1093,0.3376
1779744291981,2,11.0000004b,Drive,Delivery,pitch.1,702794,0.0255,-0.2541,0.6534,0.0376,-0.5242,-0.5728,0.0,0.0
1779744291981,2,12.00000015,Lower Delivery,Delivery,pitch.1,702871,17.3029,9.8705,95.7128,2.6937,111.4821,1.1245,-0.1108,0.0027
1779744291981,2,12.00000018,Upper Delivery,Delivery,pitch.1,703557,-0.1584,-0.0281,0.2955,-0.2852,-1.8728,-3.641,0.0,0.0
1779744291981,2,Pitching Mound.Delivery,,Delivery,pitch.1,701923,17.0986,9.809,96.1046,35.1828,109.7782,-8.399,-0.1105,0.3409
1779744291981,2,Pitching Mound.Drive,,Delivery,pitch.1,702794,0.0255,-0.2541,0.6534,0.0376,-0.5242,-0.5728,0.0,0.0
1779744291981,2,Pitching Mound.Parent,,Delivery,pitch.1,701247,17.159,9.5891,96.7145,35.2208,109.2637,-8.9592,-0.1098,0.3387
1779744291982,2,11.0000004b,Drive,Delivery,pitch.1,702795,0.0389,-0.2561,0.6505,0.0371,-0.5341,-0.5965,0.0,0.0
1779744291982,2,12.00000015,Lower Delivery,Delivery,pitch.1,702872,17.3397,9.9133,95.6867,2.9138,111.4422,1.0779,-0.1108,0.0029
1779744291982,2,12.00000018,Upper Delivery,Delivery,pitch.1,703558,-0.1434,-0.0206,0.2629,-0.1407,-1.9933,-3.7309,0.0,0.0
1779744291982,2,Pitching Mound.Delivery,,Delivery,pitch.1,701924,17.1595,9.85,95.9757,35.006,109.4888,-8.5382,-0.1105,0.3408
1779744291982,2,Pitching Mound.Drive,,Delivery,pitch.1,702795,0.0389,-0.2561,0.6505,0.0371,-0.5341,-0.5965,0.0,0.0
1779744291982,2,Pitching Mound.Parent,,Delivery,pitch.1,701248,17.1851,9.5959,96.6291,35.0436,108.9646,-9.111,-0.1098,0.3385
1779744291983,2,11.0000004b,Drive,Delivery,pitch.1,702796,0.039,-0.2558,0.6427,0.0183,-0.3453,-0.5368,0.0,0.0
1779744291983,2,12.00000015,Lower Delivery,Delivery,pitch.1,702873,17.3708,9.9607,95.6378,2.6924,111.3156,0.9877,-0.1107,0.0027
1779744291983,2,12.00000018,Upper Delivery,Delivery,pitch.1,703559,-0.0481,0.0224,0.1052,-0.2417,-1.8414,-3.7403,0.0,0.0
1779744291983,2,Pitching Mound.Delivery,,Delivery,pitch.1,701925,17.2917,9.9356,95.7919,35.1698,109.6008,-8.5742,-0.1107,0.3421
1779744291983,2,Pitching Mound.Drive,,Delivery,pitch.1,702796,0.039,-0.2558,0.6427,0.0183,-0.3453,-0.5368,0.0,0.0
1779744291983,2,Pitching Mound.Parent,,Delivery,pitch.1,701249,17.3305,9.6796,96.4425,35.207,109.0667,-9.1708,-0.1099,0.3398
1779744291984,2,11.0000004b,Drive,Delivery,pitch.1,702797,0.0438,-0.27,0.6692,0.0097,-0.274,-0.5237,0.0,0.0
1779744291984,2,12.00000015,Lower Delivery,Delivery,pitch.1,702874,17.4242,9.9634,95.3083,3.005,111.0497,0.9756,-0.1108,0.003
1779744291984,2,12.00000018,Upper Delivery,Delivery,pitch.1,703560,-0.2106,-0.0498,0.3589,-0.0625,-2.0715,-3.7869,0.0,0.0
1779744291984,2,Pitching Mound.Delivery,,Delivery,pitch.1,701926,17.1602,9.9109,95.9967,35.0246,109.2441,-8.7768,-0.1103,0.3401
1779744291984,2,Pitching Mound.Drive,,Delivery,pitch.1,702797,0.0438,-0.27,0.6692,0.0097,-0.274,-0.5237,0.0,0.0
1779744291984,2,Pitching Mound.Parent,,Delivery,pitch.1,701250,17.1992,9.6551,96.6394,35.043,108.8989,-9.3136,-0.1096,0.3379
1779744291985,2,11.0000004b,Drive,Delivery,pitch.1,702798,0.0387,-0.2805,0.6935,0.0164,-0.3166,-0.5047,0.0,0.0
1779744291985,2,12.00000015,Lower Delivery,Delivery,pitch.1,702875,17.442,9.9931,95.1947,2.8871,111.1191,0.9381,-0.111,0.0029
1779744291985,2,12.00000018,Upper Delivery,Delivery,pitch.1,703561,-0.2268,-0.066,0.427,-0.3245,-1.917,-3.6759,0.0,0.0
1779744291985,2,12.00000018,Upper Delivery,Delivery,pitch.1,703562,-0.2547,-0.0695,0.4922,0.0182,-2.1369,-3.733,0.0,0.0
1779744291985,2,Pitching Mound.Delivery,,Delivery,pitch.1,701928,17.1873,9.9236,95.6869,35.1041,108.9822,-8.8117,-0.1105,0.3394
1779744291985,2,Pitching Mound.Delivery,,Delivery,pitch.1,701927,17.1974,9.8974,95.7353,34.9402,109.1327,-8.7016,-0.1103,0.34
1779744291985,2,Pitching Mound.Drive,,Delivery,pitch.1,702798,0.0387,-0.2805,0.6935,0.0164,-0.3166,-0.5047,0.0,0.0
1779744291985,2,Pitching Mound.Parent,,Delivery,pitch.1,701252,17.226,9.6431,96.3804,35.1205,108.6655,-9.3164,-0.1097,0.3369
1779744291985,2,Pitching Mound.Parent,,Delivery,pitch.1,701251,17.2412,9.6274,96.4045,34.9499,108.8588,-9.2253,-0.1096,0.3376
1779744291986,2,11.0000004b,Drive,Delivery,pitch.1,702799,0.036,-0.2923,0.727,0.0191,-0.3593,-0.531,0.0,0.0
1779744291986,2,12.00000015,Lower Delivery,Delivery,pitch.1,702876,17.4694,9.999,95.0946,3.0683,111.0234,0.8528,-0.1111,0.0031
1779744291986,2,Pitching Mound.Drive,,Delivery,pitch.1,702799,0.036,-0.2923,0.727,0.0191,-0.3593,-0.531,0.0,0.0
1779744291987,2,11.0000004b,Drive,Delivery,pitch.1,702800,0.0385,-0.2985,0.7689,0.0188,-0.355,-0.5244,0.0,0.0
1779744291987,2,12.00000015,Lower Delivery,Delivery,pitch.1,702877,17.4831,10.0203,94.9427,2.7346,110.854,0.7561,-0.1111,0.0027
1779744291987,2,12.00000018,Upper Delivery,Delivery,pitch.1,703563,-0.2039,-0.0554,0.3975,-0.2495,-1.838,-3.709,0.0,0.0
1779744291987,2,12.00000018,Upper Delivery,Delivery,pitch.1,703564,-0.1581,-0.0268,0.3095,0.0415,-1.8914,-3.6821,0.0,0.0
1779744291987,2,Pitching Mound.Delivery,,Delivery,pitch.1,701929,17.2655,9.9436,95.4922,35.0158,109.1854,-8.8651,-0.1106,0.3402
1779744291987,2,Pitching Mound.Delivery,,Delivery,pitch.1,701930,17.3251,9.9934,95.2522,34.9514,108.9626,-8.9239,-0.1107,0.3405
1779744291987,2,Pitching Mound.Drive,,Delivery,pitch.1,702800,0.0385,-0.2985,0.7689,0.0188,-0.355,-0.5244,0.0,0.0
1779744291987,2,Pitching Mound.Parent,,Delivery,pitch.1,701253,17.3015,9.6513,96.2192,35.035,108.826,-9.3961,-0.1098,0.3377
1779744291987,2,Pitching Mound.Parent,,Delivery,pitch.1,701254,17.3636,9.6949,96.0211,34.9702,108.6076,-9.4483,-0.1098,0.3378
1779744291988,2,11.0000004b,Drive,Delivery,pitch.1,702801,0.0389,-0.3046,0.8042,0.0207,-0.3697,-0.5213,0.0,0.0
1779744291988,2,12.00000015,Lower Delivery,Delivery,pitch.1,702878,17.5024,10.0393,94.7911,3.0071,110.6621,0.6879,-0.1111,0.003
1779744291988,2,Pitching Mound.Drive,,Delivery,pitch.1,702801,0.0389,-0.3046,0.8042,0.0207,-0.3697,-0.5213,0.0,0.0
1779744291989,2,11.0000004b,Drive,Delivery,pitch.1,702802,0.05,-0.3136,0.838,0.0288,-0.4018,-0.5149,0.0,0.0
1779744291989,2,12.00000015,Lower Delivery,Delivery,pitch.1,702879,17.5444,10.0469,94.9196,3.6346,110.6616,0.6137,-0.1109,0.0036
1779744291989,2,12.00000018,Upper Delivery,Delivery,pitch.1,703565,-0.2317,-0.0622,0.4252,-0.0225,-1.9648,-3.6307,0.0,0.0
1779744291989,2,Pitching Mound.Delivery,,Delivery,pitch.1,701931,17.2707,9.9771,95.2164,35.069,108.6972,-8.9724,-0.1106,0.34
1779744291989,2,Pitching Mound.Drive,,Delivery,pitch.1,702802,0.05,-0.3136,0.838,0.0288,-0.4018,-0.5149,0.0,0.0
1779744291989,2,Pitching Mound.Parent,,Delivery,pitch.1,701255,17.3096,9.6725,96.0206,35.0897,108.3276,-9.4937,-0.1096,0.3371
1779744291990,2,11.0000004b,Drive,Delivery,pitch.1,702803,0.0526,-0.3181,0.8432,0.0317,-0.425,-0.5212,0.0,0.0
1779744291990,2,12.00000015,Lower Delivery,Delivery,pitch.1,702880,17.5707,10.0611,94.7689,3.7057,110.3433,0.4815,-0.1108,0.0037
1779744291990,2,12.00000018,Upper Delivery,Delivery,pitch.1,703566,-0.1963,-0.0393,0.3542,0.1403,-2.2189,-3.7087,0.0,0.0
1779744291990,2,12.00000018,Upper Delivery,Delivery,pitch.1,703567,-0.2289,-0.0392,0.3703,0.2311,-2.2491,-3.667,0.0,0.0
1779744291990,2,Pitching Mound.Delivery,,Delivery,pitch.1,701932,17.3481,10.0076,95.2738,35.9271,108.4427,-9.1268,-0.1105,0.3411
1779744291990,2,Pitching Mound.Delivery,,Delivery,pitch.1,701933,17.3418,10.0219,95.1393,36.0323,108.0942,-9.2373,-0.1103,0.3411
1779744291990,2,Pitching Mound.Drive,,Delivery,pitch.1,702803,0.0526,-0.3181,0.8432,0.0317,-0.425,-0.5212,0.0,0.0
1779744291990,2,Pitching Mound.Parent,,Delivery,pitch.1,701256,17.3981,9.694,96.1119,35.956,108.0409,-9.6417,-0.1095,0.3381
1779744291990,2,Pitching Mound.Parent,,Delivery,pitch.1,701257,17.3943,9.7038,95.9825,36.0639,107.6691,-9.7586,-0.1094,0.3381
1779744291991,2,11.0000004b,Drive,Delivery,pitch.1,702804,0.0521,-0.3384,0.8817,0.0414,-0.5028,-0.5123,0.0,0.0
1779744291991,2,12.00000015,Lower Delivery,Delivery,pitch.1,702881,17.6211,10.0771,94.6247,3.9421,110.367,0.4051,-0.111,0.004
1779744291991,2,12.00000018,Upper Delivery,Delivery,pitch.1,703568,-0.2907,-0.0592,0.3427,0.0213,-2.2368,-3.6493,0.0,0.0
1779744291991,2,Pitching Mound.Delivery,,Delivery,pitch.1,701934,17.3304,10.0179,94.9673,36.0193,108.1302,-9.3342,-0.1106,0.3415
1779744291991,2,Pitching Mound.Drive,,Delivery,pitch.1,702804,0.0521,-0.3384,0.8817,0.0414,-0.5028,-0.5123,0.0,0.0
1779744291991,2,Pitching Mound.Parent,,Delivery,pitch.1,701258,17.3825,9.6796,95.8491,36.0607,107.6274,-9.8465,-0.1095,0.3384
1779744291992,2,11.0000004b,Drive,Delivery,pitch.1,702805,0.0459,-0.3457,0.8886,0.0332,-0.4506,-0.5308,0.0,0.0
1779744291992,2,12.00000015,Lower Delivery,Delivery,pitch.1,702882,17.6517,10.1099,94.5614,4.0939,110.3101,0.2558,-0.111,0.0041
1779744291992,2,12.00000018,Upper Delivery,Delivery,pitch.1,703569,-0.27,-0.0441,0.3111,0.0032,-2.2256,-3.5841,0.0,0.0
1779744291992,2,Pitching Mound.Delivery,,Delivery,pitch.1,701935,17.3817,10.0658,94.8725,36.1422,108.0845,-9.4218,-0.1106,0.3419
1779744291992,2,Pitching Mound.Drive,,Delivery,pitch.1,702805,0.0459,-0.3457,0.8886,0.0332,-0.4506,-0.5308,0.0,0.0
1779744291992,2,Pitching Mound.Parent,,Delivery,pitch.1,701259,17.4276,9.72,95.7611,36.1753,107.6339,-9.9525,-0.1096,0.3387
1779744291993,2,11.0000004b,Drive,Delivery,pitch.1,702806,0.0354,-0.3451,0.8928,0.031,-0.4608,-0.5492,0.0,0.0
1779744291993,2,12.00000015,Lower Delivery,Delivery,pitch.1,702883,17.7298,10.1029,94.2304,4.0865,110.1955,0.155,-0.1112,0.0041
1779744291993,2,12.00000018,Upper Delivery,Delivery,pitch.1,703570,-0.2364,-0.0363,0.3144,-0.0111,-2.2884,-3.6446,0.0,0.0
1779744291993,2,Pitching Mound.Delivery,,Delivery,pitch.1,701936,17.4934,10.0666,94.5448,36.0068,107.9071,-9.5981,-0.1109,0.3419
1779744291993,2,Pitching Mound.Drive,,Delivery,pitch.1,702806,0.0354,-0.3451,0.8928,0.031,-0.4608,-0.5492,0.0,0.0
1779744291993,2,Pitching Mound.Parent,,Delivery,pitch.1,701260,17.5287,9.7216,95.4376,36.0378,107.4463,-10.1473,-0.1098,0.3387
1779744291994,2,11.0000004b,Drive,Delivery,pitch.1,702807,0.0352,-0.3394,0.8722,0.0297,-0.4608,-0.5587,0.0,0.0
1779744291994,2,12.00000015,Lower Delivery,Delivery,pitch.1,702884,17.7954,10.0986,94.0745,4.3016,109.9024,0.0721,-0.1111,0.0043
1779744291994,2,12.00000018,Upper Delivery,Delivery,pitch.1,703571,-0.255,-0.0435,0.3402,-0.0485,-2.0014,-3.6822,0.0,0.0
1779744291994,2,Pitching Mound.Delivery,,Delivery,pitch.1,701937,17.5403,10.0551,94.4147,36.1228,107.901,-9.7472,-0.1107,0.3419
1779744291994,2,Pitching Mound.Drive,,Delivery,pitch.1,702807,0.0352,-0.3394,0.8722,0.0297,-0.4608,-0.5587,0.0,0.0
1779744291994,2,Pitching Mound.Parent,,Delivery,pitch.1,701261,17.5756,9.7157,95.2869,36.1525,107.4402,-10.3059,-0.1097,0.3388
1779744291995,2,11.0000004b,Drive,Delivery,pitch.1,702808,0.0145,-0.355,0.8515,0.0345,-0.4997,-0.5658,0.0,0.0
1779744291995,2,12.00000015,Lower Delivery,Delivery,pitch.1,702885,17.8589,10.1041,93.9029,4.1515,109.7951,-0.0173,-0.1112,0.0042
1779744291995,2,12.00000018,Upper Delivery,Delivery,pitch.1,703572,-0.3537,-0.0762,0.368,0.3202,-2.3882,-3.7136,0.0,0.0
1779744291995,2,Pitching Mound.Delivery,,Delivery,pitch.1,701938,17.5052,10.0279,94.2709,36.2735,107.4069,-9.9232,-0.1108,0.3415
1779744291995,2,Pitching Mound.Drive,,Delivery,pitch.1,702808,0.0145,-0.355,0.8515,0.0345,-0.4997,-0.5658,0.0,0.0
1779744291995,2,Pitching Mound.Parent,,Delivery,pitch.1,701262,17.5197,9.6729,95.1224,36.308,106.9072,-10.4889,-0.1098,0.3385
1779744291996,2,11.0000004b,Drive,Delivery,pitch.1,702809,0.0221,-0.342,0.8196,0.0388,-0.5232,-0.5599,0.0,0.0
1779744291996,2,12.00000015,Lower Delivery,Delivery,pitch.1,702886,17.949,10.1018,93.5707,4.2451,109.4947,-0.1331,-0.1113,0.0043
1779744291996,2,12.00000018,Upper Delivery,Delivery,pitch.1,703573,-0.3791,-0.0874,0.3915,0.3337,-2.4709,-3.7283,0.0,0.0
1779744291996,2,Pitching Mound.Delivery,,Delivery,pitch.1,701939,17.5699,10.0145,93.9622,36.2597,107.0238,-10.0929,-0.1109,0.3415
1779744291996,2,Pitching Mound.Drive,,Delivery,pitch.1,702809,0.0221,-0.342,0.8196,0.0388,-0.5232,-0.5599,0.0,0.0
1779744291996,2,Pitching Mound.Parent,,Delivery,pitch.1,701263,17.592,9.6725,94.7818,36.2984,106.5006,-10.6528,-0.1099,0.3385
1779744291997,2,11.0000004b,Drive,Delivery,pitch.1,702810,0.0114,-0.3669,0.8702,0.0398,-0.5133,-0.5554,0.0,0.0
1779744291997,2,12.00000015,Lower Delivery,Delivery,pitch.1,702887,18.0108,10.1208,93.3824,4.3209,109.2478,-0.2201,-0.1113,0.0044
1779744291997,2,12.00000018,Upper Delivery,Delivery,pitch.1,703574,-0.4214,-0.1049,0.4016,0.3977,-2.5091,-3.807,0.0,0.0
1779744291997,2,Pitching Mound.Delivery,,Delivery,pitch.1,701940,17.5895,10.0159,93.784,36.332,106.7387,-10.294,-0.1108,0.3415
1779744291997,2,Pitching Mound.Drive,,Delivery,pitch.1,702810,0.0114,-0.3669,0.8702,0.0398,-0.5133,-0.5554,0.0,0.0
1779744291997,2,Pitching Mound.Parent,,Delivery,pitch.1,701264,17.6009,9.6491,94.6542,36.3718,106.2254,-10.8494,-0.1098,0.3383
1779744291998,2,11.0000004b,Drive,Delivery,pitch.1,702811,0.0148,-0.349,0.8426,0.0324,-0.4626,-0.5478,0.0,0.0
1779744291998,2,12.00000015,Lower Delivery,Delivery,pitch.1,702888,18.1326,10.1036,93.0572,4.5955,109.1711,-0.2763,-0.1116,0.0047
1779744291998,2,12.00000018,Upper Delivery,Delivery,pitch.1,703575,-0.454,-0.114,0.3293,0.2445,-2.5783,-3.7463,0.0,0.0
1779744291998,2,Pitching Mound.Delivery,,Delivery,pitch.1,701941,17.6786,9.9896,93.3865,36.3675,106.5928,-10.3421,-0.1112,0.3423
1779744291998,2,Pitching Mound.Drive,,Delivery,pitch.1,702811,0.0148,-0.349,0.8426,0.0324,-0.4626,-0.5478,0.0,0.0
1779744291998,2,Pitching Mound.Parent,,Delivery,pitch.1,701265,17.6934,9.6406,94.2291,36.3999,106.1301,-10.8899,-0.1102,0.3392
1779744291999,2,11.0000004b,Drive,Delivery,pitch.1,702812,0.0158,-0.3471,0.8188,0.0292,-0.4491,-0.5624,0.0,0.0
1779744291999,2,12.00000015,Lower Delivery,Delivery,pitch.1,702889,18.2261,10.0653,92.4631,4.1158,109.2111,-0.3789,-0.1124,0.0042
1779744291999,2,12.00000018,Upper Delivery,Delivery,pitch.1,703576,-0.4708,-0.1171,0.3625,-0.0962,-2.4329,-3.7549,0.0,0.0
1779744291999,2,Pitching Mound.Delivery,,Delivery,pitch.1,701942,17.7554,9.9481,92.8256,35.3338,106.7782,-10.4908,-0.1119,0.3416
1779744291999,2,Pitching Mound.Drive,,Delivery,pitch.1,702812,0.0158,-0.3471,0.8188,0.0292,-0.4491,-0.5624,0.0,0.0
1779744291999,2,Pitching Mound.Parent,,Delivery,pitch.1,701266,17.7711,9.6011,93.6444,35.363,106.3292,-11.0532,-0.1109,0.3386
1779744292000,2,11.0000004b,Drive,Delivery,pitch.1,702813,0.0229,-0.3516,0.8299,0.0195,-0.371,-0.5421,0.0,0.0
1779744292000,2,12.00000015,Lower Delivery,Delivery,pitch.1,702890,18.2625,10.0662,92.4544,3.8061,108.9942,-0.3991,-0.1121,0.0039
1779744292000,2,12.00000018,Upper Delivery,Delivery,pitch.1,703577,-0.468,-0.1126,0.3833,0.1565,-2.6068,-3.7517,0.0,0.0
1779744292000,2,Pitching Mound.Delivery,,Delivery,pitch.1,701943,17.7945,9.9536,92.8378,35.2668,106.3874,-10.5192,-0.1117,0.3411
1779744292000,2,Pitching Mound.Drive,,Delivery,pitch.1,702813,0.0229,-0.3516,0.8299,0.0195,-0.371,-0.5421,0.0,0.0
1779744292000,2,Pitching Mound.Parent,,Delivery,pitch.1,701267,17.8174,9.6019,93.6677,35.2863,106.0164,-11.0612,-0.1107,0.3381
1779744292001,2,11.0000004b,Drive,Delivery,pitch.1,702814,0.0182,-0.3575,0.9092,0.0128,-0.3155,-0.5566,0.0,0.0
1779744292001,2,12.00000015,Lower Delivery,Delivery,pitch.1,702891,18.3444,10.0879,92.397,4.3456,108.9471,-0.4608,-0.1122,0.0045
1779744292001,2,12.00000018,Upper Delivery,Delivery,pitch.1,703578,-0.4715,-0.1128,0.3942,0.2036,-2.3216,-3.7755,0.0,0.0
1779744292001,2,Pitching Mound.Delivery,,Delivery,pitch.1,701944,17.8729,9.9752,92.7912,35.8301,106.6255,-10.6337,-0.1117,0.3416
1779744292001,2,Pitching Mound.Drive,,Delivery,pitch.1,702814,0.0182,-0.3575,0.9092,0.0128,-0.3155,-0.5566,0.0,0.0
1779744292001,2,Pitching Mound.Parent,,Delivery,pitch.1,701268,17.8911,9.6177,93.7004,35.843,106.31,-11.1903,-0.1106,0.3383
1779744292002,2,11.0000004b,Drive,Delivery,pitch.1,702815,0.0319,-0.3572,0.8432,0.0163,-0.3592,-0.576,0.0,0.0
1779744292002,2,12.00000015,Lower Delivery,Delivery,pitch.1,702892,18.395,10.1235,92.7209,4.342,108.9982,-0.5875,-0.1118,0.0045
1779744292002,2,12.00000018,Upper Delivery,Delivery,pitch.1,703579,-0.4477,-0.0907,0.3056,0.3568,-2.4432,-3.7871,0.0,0.0
1779744292002,2,Pitching Mound.Delivery,,Delivery,pitch.1,701945,17.9472,10.0328,93.0265,36.12,106.555,-10.7811,-0.1115,0.3422
1779744292002,2,Pitching Mound.Drive,,Delivery,pitch.1,702815,0.0319,-0.3572,0.8432,0.0163,-0.3592,-0.576,0.0,0.0
1779744292002,2,Pitching Mound.Parent,,Delivery,pitch.1,701269,17.9791,9.6756,93.8698,36.1363,106.1958,-11.3572,-0.1105,0.3391
1779744292003,2,11.0000004b,Drive,Delivery,pitch.1,702816,0.052,-0.3472,0.8256,0.0273,-0.4575,-0.5784,0.0,0.0
1779744292003,2,12.00000015,Lower Delivery,Delivery,pitch.1,702893,18.4401,10.1454,92.8681,3.8427,109.0109,-0.6583,-0.1117,0.0039
1779744292003,2,Pitching Mound.Drive,,Delivery,pitch.1,702816,0.052,-0.3472,0.8256,0.0273,-0.4575,-0.5784,0.0,0.0
1779744292004,2,11.0000004b,Drive,Delivery,pitch.1,702817,0.0462,-0.3623,0.8544,0.0286,-0.4273,-0.5431,0.0,0.0
1779744292004,2,12.00000015,Lower Delivery,Delivery,pitch.1,702894,18.4952,10.1726,92.9414,3.9302,109.2136,-0.7414,-0.1118,0.004
1779744292004,2,12.00000018,Upper Delivery,Delivery,pitch.1,703580,-0.456,-0.103,0.2972,0.1667,-2.2186,-3.8266,0.0,0.0
1779744292004,2,12.00000018,Upper Delivery,Delivery,pitch.1,703581,-0.4454,-0.1017,0.254,0.2328,-2.2864,-3.7302,0.0,0.0
1779744292004,2,Pitching Mound.Delivery,,Delivery,pitch.1,701946,17.9841,10.0424,93.1653,35.4835,106.7924,-10.9096,-0.1113,0.3418
1779744292004,2,Pitching Mound.Delivery,,Delivery,pitch.1,701947,18.0499,10.0709,93.1954,35.6768,106.9271,-10.9114,-0.1115,0.3422
1779744292004,2,Pitching Mound.Drive,,Delivery,pitch.1,702817,0.0462,-0.3623,0.8544,0.0286,-0.4273,-0.5431,0.0,0.0
1779744292004,2,Pitching Mound.Parent,,Delivery,pitch.1,701270,18.0361,9.6952,93.9909,35.5108,106.3349,-11.4879,-0.1103,0.3388
1779744292004,2,Pitching Mound.Parent,,Delivery,pitch.1,701271,18.0961,9.7085,94.0498,35.7054,106.4999,-11.4545,-0.1105,0.3391
1779744292005,2,11.0000004b,Drive,Delivery,pitch.1,702818,0.0606,-0.3554,0.8588,0.0397,-0.5408,-0.566,0.0,0.0
1779744292005,2,12.00000015,Lower Delivery,Delivery,pitch.1,702895,18.5312,10.2031,93.0823,4.2407,109.0801,-0.8245,-0.1115,0.0043
1779744292005,2,12.00000018,Upper Delivery,Delivery,pitch.1,703582,-0.4739,-0.1201,0.3005,0.0347,-2.1951,-3.6836,0.0,0.0
1779744292005,2,Pitching Mound.Delivery,,Delivery,pitch.1,701948,18.0573,10.083,93.3828,35.8212,106.885,-10.9698,-0.1111,0.3421
1779744292005,2,Pitching Mound.Drive,,Delivery,pitch.1,702818,0.0606,-0.3554,0.8588,0.0397,-0.5408,-0.566,0.0,0.0
1779744292005,2,Pitching Mound.Parent,,Delivery,pitch.1,701272,18.1179,9.7276,94.2417,35.8609,106.3443,-11.5358,-0.1101,0.339
1779744292006,2,11.0000004b,Drive,Delivery,pitch.1,702819,0.0754,-0.3462,0.8825,0.0454,-0.5613,-0.5205,0.0,0.0
1779744292006,2,12.00000015,Lower Delivery,Delivery,pitch.1,702896,18.6157,10.2155,92.9222,4.6016,109.3165,-0.9138,-0.1119,0.0047
1779744292006,2,12.00000018,Upper Delivery,Delivery,pitch.1,703583,-0.4475,-0.0989,0.2376,-0.0963,-2.2386,-3.7353,0.0,0.0
1779744292006,2,Pitching Mound.Delivery,,Delivery,pitch.1,701949,18.1682,10.1166,93.1598,36.0181,107.0779,-11.1306,-0.1116,0.343
1779744292006,2,Pitching Mound.Drive,,Delivery,pitch.1,702819,0.0754,-0.3462,0.8825,0.0454,-0.5613,-0.5205,0.0,0.0
1779744292006,2,Pitching Mound.Parent,,Delivery,pitch.1,701273,18.2436,9.7704,94.0423,36.0635,106.5166,-11.6511,-0.1106,0.3397
1779744292007,2,11.0000004b,Drive,Delivery,pitch.1,702820,0.0699,-0.3649,0.9148,0.0419,-0.5333,-0.5277,0.0,0.0
1779744292007,2,12.00000015,Lower Delivery,Delivery,pitch.1,702897,18.6836,10.2372,92.7447,5.0132,109.3187,-0.9631,-0.1121,0.0051
1779744292007,2,12.00000018,Upper Delivery,Delivery,pitch.1,703584,-0.4085,-0.0911,0.2127,-0.2275,-2.1377,-3.6876,0.0,0.0
1779744292007,2,Pitching Mound.Delivery,,Delivery,pitch.1,701950,18.2751,10.1462,92.9573,36.2466,107.181,-11.142,-0.1119,0.3436
1779744292007,2,Pitching Mound.Drive,,Delivery,pitch.1,702820,0.0699,-0.3649,0.9148,0.0419,-0.5333,-0.5277,0.0,0.0
1779744292007,2,Pitching Mound.Parent,,Delivery,pitch.1,701274,18.345,9.7813,93.8722,36.2885,106.6477,-11.6697,-0.1108,0.3402
1779744292008,2,11.0000004b,Drive,Delivery,pitch.1,702821,0.0649,-0.3651,0.9023,0.0463,-0.5737,-0.5307,0.0,0.0
1779744292008,2,12.00000015,Lower Delivery,Delivery,pitch.1,702898,18.7423,10.2597,92.7156,4.6792,109.435,-1.0517,-0.1123,0.0048
1779744292008,2,12.00000018,Upper Delivery,Delivery,pitch.1,703585,-0.4464,-0.0848,0.2608,-0.0127,-2.4784,-3.6926,0.0,0.0
1779744292008,2,Pitching Mound.Delivery,,Delivery,pitch.1,701951,18.2959,10.1749,92.9764,36.1011,106.9565,-11.2684,-0.112,0.3429
1779744292008,2,Pitching Mound.Drive,,Delivery,pitch.1,702821,0.0649,-0.3651,0.9023,0.0463,-0.5737,-0.5307,0.0,0.0
1779744292008,2,Pitching Mound.Parent,,Delivery,pitch.1,701275,18.3608,9.8098,93.8787,36.1474,106.3828,-11.7992,-0.1109,0.3396
1779744292009,2,11.0000004b,Drive,Delivery,pitch.1,702822,0.0659,-0.3732,0.9331,0.0477,-0.5778,-0.5209,0.0,0.0
1779744292009,2,12.00000015,Lower Delivery,Delivery,pitch.1,702899,18.8086,10.2869,92.6123,4.8149,109.5308,-1.1111,-0.1125,0.0049
1779744292009,2,12.00000018,Upper Delivery,Delivery,pitch.1,703586,-0.4569,-0.0887,0.3005,0.0046,-2.3993,-3.707,0.0,0.0
1779744292009,2,Pitching Mound.Delivery,,Delivery,pitch.1,701952,18.3517,10.1982,92.9128,36.2054,107.1315,-11.3684,-0.1121,0.3427
1779744292009,2,Pitching Mound.Drive,,Delivery,pitch.1,702822,0.0659,-0.3732,0.9331,0.0477,-0.5778,-0.5209,0.0,0.0
1779744292009,2,Pitching Mound.Parent,,Delivery,pitch.1,701276,18.4176,9.825,93.8459,36.2532,106.5538,-11.8893,-0.111,0.3393
1779744292010,2,11.0000004b,Drive,Delivery,pitch.1,702823,0.0777,-0.3637,0.9024,0.0512,-0.5888,-0.4987,0.0,0.0
1779744292010,2,12.00000015,Lower Delivery,Delivery,pitch.1,702900,18.8913,10.3103,92.5062,5.1958,109.6121,-1.1843,-0.1127,0.0053
1779744292010,2,12.00000018,Upper Delivery,Delivery,pitch.1,703587,-0.4573,-0.0919,0.3529,-0.1224,-2.7066,-3.7638,0.0,0.0
1779744292010,2,Pitching Mound.Delivery,,Delivery,pitch.1,701953,18.434,10.2184,92.8591,36.4055,106.9055,-11.5266,-0.1123,0.3427
1779744292010,2,Pitching Mound.Drive,,Delivery,pitch.1,702823,0.0777,-0.3637,0.9024,0.0512,-0.5888,-0.4987,0.0,0.0
1779744292010,2,Pitching Mound.Parent,,Delivery,pitch.1,701277,18.5117,9.8547,93.7615,36.4567,106.3167,-12.0253,-0.1112,0.3394
1779744292011,2,11.0000004b,Drive,Delivery,pitch.1,702824,0.0724,-0.3506,0.9148,0.0608,-0.6809,-0.5158,0.0,0.0
1779744292011,2,12.00000015,Lower Delivery,Delivery,pitch.1,702901,18.9644,10.3412,92.463,5.5502,109.4539,-1.2516,-0.1126,0.0057
1779744292011,2,Pitching Mound.Drive,,Delivery,pitch.1,702824,0.0724,-0.3506,0.9148,0.0608,-0.6809,-0.5158,0.0,0.0
1779744292012,2,11.0000004b,Drive,Delivery,pitch.1,702825,0.0789,-0.3461,0.9109,0.037,-0.4623,-0.4566,0.0,0.0
1779744292012,2,12.00000015,Lower Delivery,Delivery,pitch.1,702902,19.0292,10.3586,92.3981,5.6232,109.4027,-1.2928,-0.1126,0.0058
1779744292012,2,12.00000018,Upper Delivery,Delivery,pitch.1,703588,-0.4486,-0.0851,0.3254,-0.201,-2.4582,-3.7465,0.0,0.0
1779744292012,2,12.00000018,Upper Delivery,Delivery,pitch.1,703589,-0.423,-0.0782,0.2888,-0.2097,-2.5715,-3.8174,0.0,0.0
1779744292012,2,Pitching Mound.Delivery,,Delivery,pitch.1,701954,18.5158,10.2561,92.7884,36.6759,106.9956,-11.5986,-0.1122,0.3433
1779744292012,2,Pitching Mound.Delivery,,Delivery,pitch.1,701955,18.6062,10.2805,92.6869,36.7307,106.8313,-11.7239,-0.1123,0.3437
1779744292012,2,Pitching Mound.Drive,,Delivery,pitch.1,702825,0.0789,-0.3461,0.9109,0.037,-0.4623,-0.4566,0.0,0.0
1779744292012,2,Pitching Mound.Parent,,Delivery,pitch.1,701278,18.5882,9.9055,93.7033,36.7368,106.3147,-12.1144,-0.1111,0.34
1779744292012,2,Pitching Mound.Parent,,Delivery,pitch.1,701279,18.6851,9.9343,93.5978,36.7677,106.369,-12.1805,-0.1112,0.3403
1779744292013,2,11.0000004b,Drive,Delivery,pitch.1,702826,0.0673,-0.3494,0.8987,0.0328,-0.4423,-0.483,0.0,0.0
1779744292013,2,12.00000015,Lower Delivery,Delivery,pitch.1,702903,19.1152,10.3624,92.2159,5.7154,109.4764,-1.3204,-0.1129,0.0059
1779744292013,2,12.00000018,Upper Delivery,Delivery,pitch.1,703590,-0.4057,-0.0576,0.2975,-0.2395,-2.8284,-3.8167,0.0,0.0
1779744292013,2,Pitching Mound.Delivery,,Delivery,pitch.1,701956,18.7095,10.3049,92.5133,36.7282,106.648,-11.7741,-0.1126,0.3437
1779744292013,2,Pitching Mound.Drive,,Delivery,pitch.1,702826,0.0673,-0.3494,0.8987,0.0328,-0.4423,-0.483,0.0,0.0
1779744292013,2,Pitching Mound.Parent,,Delivery,pitch.1,701280,18.7768,9.9555,93.412,36.7609,106.2057,-12.2571,-0.1115,0.3404
1779744292014,2,11.0000004b,Drive,Delivery,pitch.1,702827,0.0626,-0.3448,0.8662,0.0201,-0.3312,-0.4677,0.0,0.0
1779744292014,2,12.00000015,Lower Delivery,Delivery,pitch.1,702904,19.1922,10.3696,92.1391,6.4133,109.3967,-1.3957,-0.1129,0.0066
1779744292014,2,Pitching Mound.Drive,,Delivery,pitch.1,702827,0.0626,-0.3448,0.8662,0.0201,-0.3312,-0.4677,0.0,0.0
1779744292015,2,11.0000004b,Drive,Delivery,pitch.1,702828,0.0594,-0.3236,0.8134,0.0221,-0.3477,-0.46,0.0,0.0
1779744292015,2,12.00000015,Lower Delivery,Delivery,pitch.1,702905,19.2653,10.3876,92.1362,6.6332,109.4007,-1.4404,-0.113,0.0068
1779744292015,2,12.00000018,Upper Delivery,Delivery,pitch.1,703591,-0.4118,-0.0585,0.3069,-0.0936,-2.9597,-3.7894,0.0,0.0
1779744292015,2,Pitching Mound.Delivery,,Delivery,pitch.1,701957,18.7804,10.311,92.446,37.5426,106.4371,-11.8505,-0.1126,0.3443
1779744292015,2,Pitching Mound.Drive,,Delivery,pitch.1,702828,0.0594,-0.3236,0.8134,0.0221,-0.3477,-0.46,0.0,0.0
1779744292015,2,Pitching Mound.Parent,,Delivery,pitch.1,701281,18.843,9.9662,93.3122,37.5628,106.1059,-12.3182,-0.1115,0.3411
1779744292016,2,11.0000004b,Drive,Delivery,pitch.1,702829,0.0414,-0.3292,0.8226,0.0139,-0.2939,-0.484,0.0,0.0
1779744292016,2,12.00000015,Lower Delivery,Delivery,pitch.1,702906,19.3223,10.3891,92.2178,6.655,109.7389,-1.5027,-0.1132,0.0069
1779744292016,2,12.00000018,Upper Delivery,Delivery,pitch.1,703592,-0.4113,-0.0601,0.2939,0.0027,-3.0577,-3.8186,0.0,0.0
1779744292016,2,Pitching Mound.Delivery,,Delivery,pitch.1,701958,18.8539,10.3275,92.43,37.8623,106.343,-11.949,-0.1126,0.3447
1779744292016,2,Pitching Mound.Drive,,Delivery,pitch.1,702829,0.0414,-0.3292,0.8226,0.0139,-0.2939,-0.484,0.0,0.0
1779744292016,2,Pitching Mound.Parent,,Delivery,pitch.1,701282,18.9133,10.004,93.2434,37.8844,105.9953,-12.409,-0.1116,0.3417
1779744292017,2,11.0000004b,Drive,Delivery,pitch.1,702830,0.0443,-0.3204,0.7699,0.0097,-0.2586,-0.4889,0.0,0.0
1779744292017,2,12.00000015,Lower Delivery,Delivery,pitch.1,702907,19.3778,10.3928,92.094,7.0606,109.6458,-1.536,-0.1133,0.0073
1779744292017,2,12.00000018,Upper Delivery,Delivery,pitch.1,703593,-0.3745,-0.0446,0.2384,-0.0116,-2.9744,-3.8206,0.0,0.0
1779744292017,2,Pitching Mound.Delivery,,Delivery,pitch.1,701959,18.9478,10.3446,92.4562,37.9164,106.7646,-12.0202,-0.1129,0.3451
1779744292017,2,Pitching Mound.Drive,,Delivery,pitch.1,702830,0.0443,-0.3204,0.7699,0.0097,-0.2586,-0.4889,0.0,0.0
1779744292017,2,Pitching Mound.Parent,,Delivery,pitch.1,701283,18.9893,10.0153,93.2789,37.9302,106.4707,-12.5043,-0.1119,0.3421
1779744292018,2,11.0000004b,Drive,Delivery,pitch.1,702831,0.0446,-0.3177,0.7716,0.012,-0.277,-0.4925,0.0,0.0
1779744292018,2,12.00000015,Lower Delivery,Delivery,pitch.1,702908,19.415,10.379,92.2127,7.2459,109.569,-1.5944,-0.113,0.0075
1779744292018,2,12.00000018,Upper Delivery,Delivery,pitch.1,703594,-0.2924,-0.0419,0.2179,-0.02,-2.8946,-3.7856,0.0,0.0
1779744292018,2,12.00000018,Upper Delivery,Delivery,pitch.1,703595,-0.2496,-0.0274,0.2384,0.0361,-2.7069,-3.8091,0.0,0.0
1779744292018,2,Pitching Mound.Delivery,,Delivery,pitch.1,701960,19.0854,10.3508,92.312,38.2785,106.7512,-12.0095,-0.113,0.3457
1779744292018,2,Pitching Mound.Delivery,,Delivery,pitch.1,701961,19.1655,10.3516,92.4511,38.5533,106.8622,-12.0895,-0.1127,0.3457
1779744292018,2,Pitching Mound.Drive,,Delivery,pitch.1,702831,0.0446,-0.3177,0.7716,0.012,-0.277,-0.4925,0.0,0.0
1779744292018,2,Pitching Mound.Parent,,Delivery,pitch.1,701284,19.1297,10.0305,93.0818,38.2882,106.4926,-12.4984,-0.1121,0.3428
1779744292018,2,Pitching Mound.Parent,,Delivery,pitch.1,701285,19.2101,10.0339,93.2227,38.5653,106.5852,-12.5819,-0.1118,0.3428
1779744292019,2,11.0000004b,Drive,Delivery,pitch.1,702832,0.0368,-0.3191,0.7566,0.0112,-0.2661,-0.4863,0.0,0.0
1779744292019,2,12.00000015,Lower Delivery,Delivery,pitch.1,702909,19.4619,10.3557,92.0257,7.5389,109.3901,-1.6258,-0.1131,0.0078
1779744292019,2,Pitching Mound.Drive,,Delivery,pitch.1,702832,0.0368,-0.3191,0.7566,0.0112,-0.2661,-0.4863,0.0,0.0
1779744292020,2,11.0000004b,Drive,Delivery,pitch.1,702833,0.0381,-0.3216,0.7701,0.0193,-0.3297,-0.4874,0.0,0.0
1779744292020,2,12.00000015,Lower Delivery,Delivery,pitch.1,702910,19.5175,10.3458,91.8368,8.1206,109.4091,-1.6421,-0.1133,0.0084
1779744292020,2,12.00000018,Upper Delivery,Delivery,pitch.1,703596,-0.2216,-0.024,0.2973,0.1038,-2.7176,-3.791,0.0,0.0
1779744292020,2,Pitching Mound.Delivery,,Delivery,pitch.1,701962,19.2403,10.3317,92.323,38.8304,106.6726,-12.1092,-0.1127,0.3456
1779744292020,2,Pitching Mound.Drive,,Delivery,pitch.1,702833,0.0381,-0.3216,0.7701,0.0193,-0.3297,-0.4874,0.0,0.0
1779744292020,2,Pitching Mound.Parent,,Delivery,pitch.1,701286,19.2771,10.0126,93.0796,38.8416,106.4065,-12.5955,-0.1118,0.3428
1779744292021,2,11.0000004b,Drive,Delivery,pitch.1,702834,0.0371,-0.3195,0.7672,0.0139,-0.2682,-0.4415,0.0,0.0
1779744292021,2,12.00000015,Lower Delivery,Delivery,pitch.1,702911,19.5497,10.3361,91.8693,8.4157,109.2947,-1.6831,-0.1132,0.0087
1779744292021,2,12.00000018,Upper Delivery,Delivery,pitch.1,703597,-0.2071,-0.0195,0.3038,0.3444,-2.8007,-3.799,0.0,0.0
1779744292021,2,12.00000018,Upper Delivery,Delivery,pitch.1,703598,-0.3292,-0.0765,0.3942,0.6362,-2.8171,-3.7989,0.0,0.0
1779744292021,2,Pitching Mound.Delivery,,Delivery,pitch.1,701963,19.3104,10.3263,92.1407,39.5862,106.6084,-12.1475,-0.113,0.3461
1779744292021,2,Pitching Mound.Delivery,,Delivery,pitch.1,701964,19.2205,10.2596,92.2635,40.1535,106.4776,-12.2409,-0.1127,0.3458
1779744292021,2,Pitching Mound.Drive,,Delivery,pitch.1,702834,0.0371,-0.3195,0.7672,0.0139,-0.2682,-0.4415,0.0,0.0
1779744292021,2,Pitching Mound.Parent,,Delivery,pitch.1,701287,19.3486,10.0046,92.9108,39.6056,106.2786,-12.6348,-0.112,0.3433
1779744292021,2,Pitching Mound.Parent,,Delivery,pitch.1,701288,19.2576,9.94,93.0307,40.1674,106.2094,-12.6824,-0.1118,0.3429
1779744292022,2,11.0000004b,Drive,Delivery,pitch.1,702835,0.0389,-0.323,0.7719,0.0283,-0.3586,-0.4294,0.0,0.0
1779744292022,2,11.0000004b,Drive,Delivery,pitch.1,702836,0.0392,-0.3292,0.7865,0.0439,-0.4927,-0.4483,0.0,0.0
1779744292022,2,12.00000015,Lower Delivery,Delivery,pitch.1,702912,19.6111,10.3236,91.8179,8.617,109.4448,-1.6963,-0.1134,0.0089
1779744292022,2,12.00000018,Upper Delivery,Delivery,pitch.1,703599,-0.3529,-0.0898,0.4005,0.4133,-2.7398,-3.7621,0.0,0.0
1779744292022,2,Pitching Mound.Delivery,,Delivery,pitch.1,701965,19.2582,10.2338,92.2184,40.1122,106.705,-12.2462,-0.1129,0.3459
1779744292022,2,Pitching Mound.Drive,,Delivery,pitch.1,702835,0.0389,-0.323,0.7719,0.0283,-0.3586,-0.4294,0.0,0.0
1779744292022,2,Pitching Mound.Drive,,Delivery,pitch.1,702836,0.0392,-0.3292,0.7865,0.0439,-0.4927,-0.4483,0.0,0.0
1779744292022,2,Pitching Mound.Parent,,Delivery,pitch.1,701289,19.2971,9.9108,92.9904,40.1405,106.3465,-12.6756,-0.112,0.3431
1779744292023,2,11.0000004b,Drive,Delivery,pitch.1,702837,0.0401,-0.3412,0.8392,0.0417,-0.4811,-0.4215,0.0,0.0
1779744292023,2,12.00000015,Lower Delivery,Delivery,pitch.1,702913,19.6473,10.283,91.8377,8.6678,109.4533,-1.7255,-0.1134,0.009
1779744292023,2,12.00000018,Upper Delivery,Delivery,pitch.1,703600,-0.3838,-0.0878,0.3129,0.7577,-2.7976,-3.8391,0.0,0.0
1779744292023,2,Pitching Mound.Delivery,,Delivery,pitch.1,701966,19.2635,10.1952,92.1505,40.5439,106.6557,-12.3751,-0.113,0.3466
1779744292023,2,Pitching Mound.Drive,,Delivery,pitch.1,702837,0.0401,-0.3412,0.8392,0.0417,-0.4811,-0.4215,0.0,0.0
1779744292023,2,Pitching Mound.Parent,,Delivery,pitch.1,701290,19.3027,9.866,92.937,40.5877,106.1629,-12.8233,-0.112,0.3437
1779744292024,2,12.00000015,Lower Delivery,Delivery,pitch.1,702914,19.6883,10.2625,91.6895,9.2741,109.3077,-1.7528,-0.1134,0.0096
1779744292024,2,12.00000018,Upper Delivery,Delivery,pitch.1,703601,-0.359,-0.0889,0.4195,0.5119,-2.6157,-3.8006,0.0,0.0
1779744292024,2,Pitching Mound.Delivery,,Delivery,pitch.1,701967,19.3294,10.1736,92.109,40.8178,106.6921,-12.3694,-0.1129,0.3465
1779744292024,2,Pitching Mound.Parent,,Delivery,pitch.1,701291,19.3695,9.8324,92.9482,40.8595,106.2109,-12.7909,-0.1119,0.3434
1779744292025,2,11.0000004b,Drive,Delivery,pitch.1,702838,0.0435,-0.3253,0.8008,0.0305,-0.4011,-0.4292,0.0,0.0
1779744292025,2,12.00000015,Lower Delivery,Delivery,pitch.1,702915,19.7413,10.2336,91.5842,8.9857,109.2401,-1.7549,-0.1135,0.0093
1779744292025,2,12.00000018,Upper Delivery,Delivery,pitch.1,703602,-0.4615,-0.1506,0.4806,0.4899,-2.5393,-3.7936,0.0,0.0
1779744292025,2,Pitching Mound.Delivery,,Delivery,pitch.1,701968,19.2799,10.0829,92.0648,40.4508,106.7008,-12.4175,-0.1129,0.3457
1779744292025,2,Pitching Mound.Drive,,Delivery,pitch.1,702838,0.0435,-0.3253,0.8008,0.0305,-0.4011,-0.4292,0.0,0.0
1779744292025,2,Pitching Mound.Parent,,Delivery,pitch.1,701292,19.3233,9.7576,92.8656,40.4813,106.2997,-12.8467,-0.1119,0.3428
1779744292026,2,11.0000004b,Drive,Delivery,pitch.1,702839,0.0358,-0.3338,0.8232,0.0308,-0.4078,-0.4486,0.0,0.0
1779744292026,2,11.0000004b,Drive,Delivery,pitch.1,702840,0.04,-0.3181,0.8175,0.0316,-0.4078,-0.4355,0.0,0.0
1779744292026,2,12.00000015,Lower Delivery,Delivery,pitch.1,702916,19.7929,10.2162,91.6441,9.0966,109.1809,-1.7755,-0.1133,0.0094
1779744292026,2,12.00000018,Upper Delivery,Delivery,pitch.1,703603,-0.4796,-0.1504,0.7123,0.7249,-2.6477,-3.7762,0.0,0.0
1779744292026,2,Pitching Mound.Delivery,,Delivery,pitch.1,701969,19.3133,10.0658,92.3564,40.7383,106.5332,-12.4443,-0.1125,0.3441
1779744292026,2,Pitching Mound.Drive,,Delivery,pitch.1,702839,0.0358,-0.3338,0.8232,0.0308,-0.4078,-0.4486,0.0,0.0
1779744292026,2,Pitching Mound.Drive,,Delivery,pitch.1,702840,0.04,-0.3181,0.8175,0.0316,-0.4078,-0.4355,0.0,0.0
1779744292026,2,Pitching Mound.Parent,,Delivery,pitch.1,701293,19.3491,9.732,93.1796,40.7691,106.1254,-12.8929,-0.1115,0.3411
1779744292027,2,11.0000004b,Drive,Delivery,pitch.1,702841,0.0454,-0.3299,0.8193,0.0416,-0.5048,-0.472,0.0,0.0
1779744292027,2,12.00000015,Lower Delivery,Delivery,pitch.1,702917,19.8647,10.198,91.5478,9.164,109.0924,-1.7865,-0.1134,0.0095
1779744292027,2,12.00000018,Upper Delivery,Delivery,pitch.1,703604,-0.5146,-0.1809,0.6992,0.8491,-2.6154,-3.8084,0.0,0.0
1779744292027,2,Pitching Mound.Delivery,,Delivery,pitch.1,701970,19.3501,10.0171,92.247,40.9016,106.477,-12.5238,-0.1125,0.3443
1779744292027,2,Pitching Mound.Drive,,Delivery,pitch.1,702841,0.0454,-0.3299,0.8193,0.0416,-0.5048,-0.472,0.0,0.0
1779744292027,2,Pitching Mound.Parent,,Delivery,pitch.1,701294,19.3901,9.699,93.0644,40.9333,106.0692,-12.9594,-0.1115,0.3413
1779744292028,2,11.0000004b,Drive,Delivery,pitch.1,702842,0.0571,-0.3207,0.8132,0.0405,-0.4798,-0.4542,0.0,0.0
1779744292028,2,12.00000015,Lower Delivery,Delivery,pitch.1,702918,19.9216,10.1834,91.5916,9.2238,109.1187,-1.8151,-0.1133,0.0096
1779744292028,2,12.00000018,Upper Delivery,Delivery,pitch.1,703605,-0.4888,-0.157,0.7328,0.7747,-2.5249,-3.8626,0.0,0.0
1779744292028,2,Pitching Mound.Delivery,,Delivery,pitch.1,701971,19.4328,10.0263,92.3244,40.8906,106.5938,-12.6172,-0.1124,0.3441
1779744292028,2,Pitching Mound.Drive,,Delivery,pitch.1,702842,0.0571,-0.3207,0.8132,0.0405,-0.4798,-0.4542,0.0,0.0
1779744292028,2,Pitching Mound.Parent,,Delivery,pitch.1,701295,19.4782,9.6964,93.1437,40.9321,106.089,-13.0892,-0.1114,0.3411
1779744292029,2,11.0000004b,Drive,Delivery,pitch.1,702843,0.0476,-0.3269,0.8439,0.0523,-0.5838,-0.4841,0.0,0.0
1779744292029,2,12.00000015,Lower Delivery,Delivery,pitch.1,702919,19.9841,10.1701,91.4731,9.4895,109.1718,-1.846,-0.1135,0.0099
1779744292029,2,12.00000018,Upper Delivery,Delivery,pitch.1,703606,-0.5024,-0.1737,0.6852,0.3698,-2.39,-3.8305,0.0,0.0
1779744292029,2,Pitching Mound.Delivery,,Delivery,pitch.1,701972,19.4817,9.9964,92.1582,40.7272,106.7818,-12.6419,-0.1127,0.3447
1779744292029,2,Pitching Mound.Drive,,Delivery,pitch.1,702843,0.0476,-0.3269,0.8439,0.0523,-0.5838,-0.4841,0.0,0.0
1779744292029,2,Pitching Mound.Parent,,Delivery,pitch.1,701296,19.5387,9.6757,92.9714,40.7677,106.302,-13.0961,-0.1117,0.3417
1779744292030,2,12.00000015,Lower Delivery,Delivery,pitch.1,702920,20.0476,10.1606,91.4655,9.5076,109.102,-1.885,-0.1135,0.0099
1779744292030,2,12.00000018,Upper Delivery,Delivery,pitch.1,703607,-0.4862,-0.1474,0.7778,-0.0351,-2.1722,-3.7598,0.0,0.0
1779744292030,2,Pitching Mound.Delivery,,Delivery,pitch.1,701973,19.5614,10.0132,92.2434,40.3063,106.9297,-12.6263,-0.1125,0.3441
1779744292030,2,Pitching Mound.Parent,,Delivery,pitch.1,701297,19.609,9.6863,93.0873,40.3586,106.3459,-13.1104,-0.1115,0.341
1779744292031,2,11.0000004b,Drive,Delivery,pitch.1,702844,0.0522,-0.3198,0.8142,0.0435,-0.4952,-0.4662,0.0,0.0
1779744292031,2,11.0000004b,Drive,Delivery,pitch.1,702845,0.0584,-0.3138,0.8205,0.0429,-0.4939,-0.479,0.0,0.0
1779744292031,2,12.00000015,Lower Delivery,Delivery,pitch.1,702921,20.0873,10.156,91.5236,9.3068,109.1381,-1.9017,-0.1134,0.0097
1779744292031,2,12.00000018,Upper Delivery,Delivery,pitch.1,703608,-0.4738,-0.1427,0.7867,-0.0684,-2.0815,-3.7741,0.0,0.0
1779744292031,2,Pitching Mound.Delivery,,Delivery,pitch.1,701974,19.6134,10.0133,92.3103,40.0889,107.0566,-12.6665,-0.1125,0.3438
1779744292031,2,Pitching Mound.Drive,,Delivery,pitch.1,702844,0.0522,-0.3198,0.8142,0.0435,-0.4952,-0.4662,0.0,0.0
1779744292031,2,Pitching Mound.Drive,,Delivery,pitch.1,702845,0.0584,-0.3138,0.8205,0.0429,-0.4939,-0.479,0.0,0.0
1779744292031,2,Pitching Mound.Parent,,Delivery,pitch.1,701298,19.6657,9.6935,93.1245,40.1323,106.5614,-13.1327,-0.1115,0.3408
1779744292032,2,12.00000015,Lower Delivery,Delivery,pitch.1,702922,20.1357,10.155,91.5095,9.142,109.2514,-1.989,-0.1136,0.0095
1779744292032,2,12.00000018,Upper Delivery,Delivery,pitch.1,703609,-0.4697,-0.1246,0.806,-0.1536,-2.0491,-3.8051,0.0,0.0
1779744292032,2,Pitching Mound.Delivery,,Delivery,pitch.1,701975,19.666,10.0304,92.3155,39.8276,107.2023,-12.7999,-0.1126,0.3435
1779744292032,2,Pitching Mound.Parent,,Delivery,pitch.1,701299,19.7244,9.7167,93.136,39.8704,106.7084,-13.2789,-0.1116,0.3405
1779744292033,2,11.0000004b,Drive,Delivery,pitch.1,702846,0.0648,-0.3046,0.8047,0.0398,-0.4665,-0.4649,0.0,0.0
1779744292033,2,12.00000015,Lower Delivery,Delivery,pitch.1,702923,20.1901,10.1583,91.3538,9.345,109.3512,-2.038,-0.1139,0.0097
1779744292033,2,12.00000018,Upper Delivery,Delivery,pitch.1,703610,-0.4712,-0.1375,0.8634,-0.2018,-2.0377,-3.756,0.0,0.0
1779744292033,2,Pitching Mound.Delivery,,Delivery,pitch.1,701976,19.7188,10.0208,92.2172,39.91,107.3135,-12.8188,-0.1128,0.3433
1779744292033,2,Pitching Mound.Drive,,Delivery,pitch.1,702846,0.0648,-0.3046,0.8047,0.0398,-0.4665,-0.4649,0.0,0.0
1779744292033,2,Pitching Mound.Parent,,Delivery,pitch.1,701300,19.7836,9.7162,93.0219,39.9498,106.847,-13.2837,-0.1118,0.3403
1779744292034,2,11.0000004b,Drive,Delivery,pitch.1,702847,0.062,-0.3029,0.8215,0.0242,-0.3842,-0.4858,0.0,0.0
1779744292034,2,12.00000015,Lower Delivery,Delivery,pitch.1,702924,20.2346,10.1608,91.3936,9.4327,109.3147,-2.0837,-0.1138,0.0098
1779744292034,2,12.00000018,Upper Delivery,Delivery,pitch.1,703611,-0.4732,-0.1272,0.8921,-0.183,-2.1331,-3.7671,0.0,0.0
1779744292034,2,Pitching Mound.Delivery,,Delivery,pitch.1,701977,19.7613,10.0336,92.2857,40.0203,107.1816,-12.8914,-0.1127,0.3432
1779744292034,2,Pitching Mound.Drive,,Delivery,pitch.1,702847,0.062,-0.3029,0.8215,0.0242,-0.3842,-0.4858,0.0,0.0
1779744292034,2,Pitching Mound.Parent,,Delivery,pitch.1,701301,19.8234,9.7306,93.1072,40.0445,106.7974,-13.3772,-0.1117,0.3401
1779744292035,2,11.0000004b,Drive,Delivery,pitch.1,702848,0.049,-0.3139,0.8122,0.0375,-0.4997,-0.5149,0.0,0.0
1779744292035,2,12.00000015,Lower Delivery,Delivery,pitch.1,702925,20.3039,10.1674,91.2941,9.3278,109.3505,-2.1633,-0.1139,0.0097
1779744292035,2,12.00000018,Upper Delivery,Delivery,pitch.1,703612,-0.4528,-0.1162,0.6643,-0.1728,-2.0002,-3.7991,0.0,0.0
1779744292035,2,Pitching Mound.Delivery,,Delivery,pitch.1,701978,19.8511,10.0512,91.9585,39.9691,107.3503,-13.0196,-0.1131,0.3447
1779744292035,2,Pitching Mound.Drive,,Delivery,pitch.1,702848,0.049,-0.3139,0.8122,0.0375,-0.4997,-0.5149,0.0,0.0
1779744292035,2,Pitching Mound.Parent,,Delivery,pitch.1,701302,19.9001,9.7373,92.7707,40.0066,106.8506,-13.5345,-0.1121,0.3417
1779744292036,2,11.0000004b,Drive,Delivery,pitch.1,702849,0.0462,-0.3225,0.8284,0.0392,-0.5445,-0.5585,0.0,0.0
1779744292036,2,11.0000004b,Drive,Delivery,pitch.1,702850,0.0307,-0.3469,0.8872,0.0299,-0.4611,-0.5307,0.0,0.0
1779744292036,2,12.00000015,Lower Delivery,Delivery,pitch.1,702926,20.3776,10.1693,91.2478,9.6801,109.5103,-2.2148,-0.1142,0.0101
1779744292036,2,12.00000018,Upper Delivery,Delivery,pitch.1,703613,-0.4265,-0.1115,0.3646,-0.165,-2.1655,-3.8879,0.0,0.0
1779744292036,2,Pitching Mound.Delivery,,Delivery,pitch.1,701979,19.9511,10.0578,91.6124,40.4154,107.3448,-13.1761,-0.1137,0.3473
1779744292036,2,Pitching Mound.Drive,,Delivery,pitch.1,702849,0.0462,-0.3225,0.8284,0.0392,-0.5445,-0.5585,0.0,0.0
1779744292036,2,Pitching Mound.Drive,,Delivery,pitch.1,702850,0.0307,-0.3469,0.8872,0.0299,-0.4611,-0.5307,0.0,0.0
1779744292036,2,Pitching Mound.Parent,,Delivery,pitch.1,701303,19.9973,9.7352,92.4408,40.4546,106.8004,-13.7345,-0.1127,0.3442
1779744292037,2,12.00000015,Lower Delivery,Delivery,pitch.1,702927,20.4332,10.1694,91.1387,10.107,109.7055,-2.2387,-0.1145,0.0105
1779744292037,2,12.00000018,Upper Delivery,Delivery,pitch.1,703614,-0.4087,-0.0943,0.2744,-0.4847,-2.2491,-3.8407,0.0,0.0
1779744292037,2,Pitching Mound.Delivery,,Delivery,pitch.1,701980,20.0245,10.0751,91.4131,40.5161,107.4564,-13.1657,-0.1142,0.3485
1779744292037,2,Pitching Mound.Parent,,Delivery,pitch.1,701304,20.0552,9.7282,92.3003,40.546,106.9953,-13.6964,-0.1131,0.3451
1779744292038,2,11.0000004b,Drive,Delivery,pitch.1,702852,0.0152,-0.3621,0.9424,0.0563,-0.706,-0.5863,0.0,0.0
1779744292038,2,11.0000004b,Drive,Delivery,pitch.1,702851,0.0204,-0.3567,0.9132,0.0514,-0.6601,-0.5776,0.0,0.0
1779744292038,2,12.00000015,Lower Delivery,Delivery,pitch.1,702928,20.4959,10.1842,91.0896,10.1288,109.6971,-2.2843,-0.1146,0.0106
1779744292038,2,12.00000018,Upper Delivery,Delivery,pitch.1,703615,-0.4132,-0.0992,0.3885,-0.2926,-2.4766,-3.8808,0.0,0.0
1779744292038,2,Pitching Mound.Delivery,,Delivery,pitch.1,701981,20.0826,10.085,91.4781,40.6746,107.2205,-13.2742,-0.1141,0.3476
1779744292038,2,Pitching Mound.Drive,,Delivery,pitch.1,702852,0.0152,-0.3621,0.9424,0.0563,-0.706,-0.5863,0.0,0.0
1779744292038,2,Pitching Mound.Drive,,Delivery,pitch.1,702851,0.0204,-0.3567,0.9132,0.0514,-0.6601,-0.5776,0.0,0.0
1779744292038,2,Pitching Mound.Parent,,Delivery,pitch.1,701305,20.1031,9.7283,92.3914,40.726,106.5604,-13.8518,-0.1129,0.3442
1779744292039,2,11.0000004b,Drive,Delivery,pitch.1,702853,0.0115,-0.3506,0.8729,0.0463,-0.609,-0.5543,0.0,0.0
1779744292039,2,12.00000015,Lower Delivery,Delivery,pitch.1,702929,20.5404,10.2099,90.9847,10.3104,109.6776,-2.3262,-0.1147,0.0108
1779744292039,2,12.00000018,Upper Delivery,Delivery,pitch.1,703616,-0.4232,-0.0961,0.4432,-0.1943,-2.7384,-3.8831,0.0,0.0
1779744292039,2,Pitching Mound.Delivery,,Delivery,pitch.1,701982,20.1172,10.1139,91.4279,40.9002,106.9392,-13.337,-0.1141,0.3474
1779744292039,2,Pitching Mound.Drive,,Delivery,pitch.1,702853,0.0115,-0.3506,0.8729,0.0463,-0.609,-0.5543,0.0,0.0
1779744292039,2,Pitching Mound.Parent,,Delivery,pitch.1,701306,20.1324,9.7518,92.3703,40.9564,106.2332,-13.9233,-0.113,0.3439
1779744292040,2,11.0000004b,Drive,Delivery,pitch.1,702854,0.0133,-0.3755,0.9372,0.0564,-0.6796,-0.5427,0.0,0.0
1779744292040,2,12.00000015,Lower Delivery,Delivery,pitch.1,702930,20.6039,10.2187,90.9658,10.3912,109.753,-2.3702,-0.1148,0.0109
1779744292040,2,12.00000018,Upper Delivery,Delivery,pitch.1,703617,-0.4088,-0.087,0.4609,0.0128,-2.7753,-3.8953,0.0,0.0
1779744292040,2,Pitching Mound.Delivery,,Delivery,pitch.1,701983,20.1952,10.1317,91.4267,41.1758,106.9777,-13.4098,-0.1142,0.3474
1779744292040,2,Pitching Mound.Drive,,Delivery,pitch.1,702854,0.0133,-0.3755,0.9372,0.0564,-0.6796,-0.5427,0.0,0.0
1779744292040,2,Pitching Mound.Parent,,Delivery,pitch.1,701307,20.2067,9.781,92.2996,41.2221,106.3687,-13.9641,-0.1131,0.3441
1779744292041,2,11.0000004b,Drive,Delivery,pitch.1,702855,0.0024,-0.3709,0.9318,0.0513,-0.6444,-0.5512,0.0,0.0
1779744292041,2,12.00000015,Lower Delivery,Delivery,pitch.1,702931,20.657,10.2502,90.9011,10.548,109.8238,-2.3741,-0.1149,0.011
1779744292041,2,12.00000018,Upper Delivery,Delivery,pitch.1,703618,-0.4115,-0.0908,0.5249,0.2387,-3.2449,-3.9958,0.0,0.0
1779744292041,2,Pitching Mound.Delivery,,Delivery,pitch.1,701984,20.2455,10.1594,91.426,41.5146,106.5789,-13.5332,-0.1143,0.3471
1779744292041,2,Pitching Mound.Drive,,Delivery,pitch.1,702855,0.0024,-0.3709,0.9318,0.0513,-0.6444,-0.5512,0.0,0.0
1779744292041,2,Pitching Mound.Parent,,Delivery,pitch.1,701308,20.2479,9.7885,92.3578,41.5658,105.9345,-14.0844,-0.1131,0.3436
1779744292042,2,11.0000004b,Drive,Delivery,pitch.1,702856,-0.0007,-0.3702,0.9173,0.0479,-0.6219,-0.5606,0.0,0.0
1779744292042,2,12.00000015,Lower Delivery,Delivery,pitch.1,702932,20.733,10.2854,90.8472,10.8199,109.9327,-2.4066,-0.1151,0.0113
1779744292042,2,12.00000018,Upper Delivery,Delivery,pitch.1,703619,-0.4065,-0.0907,0.5027,0.2663,-3.2723,-4.0401,0.0,0.0
1779744292042,2,Pitching Mound.Delivery,,Delivery,pitch.1,701985,20.3265,10.1947,91.3499,41.8033,106.6604,-13.634,-0.1145,0.3475
1779744292042,2,Pitching Mound.Drive,,Delivery,pitch.1,702856,-0.0007,-0.3702,0.9173,0.0479,-0.6219,-0.5606,0.0,0.0
1779744292042,2,Pitching Mound.Parent,,Delivery,pitch.1,701309,20.3257,9.8244,92.2672,41.8513,106.0385,-14.1946,-0.1133,0.3441
1779744292043,2,11.0000004b,Drive,Delivery,pitch.1,702857,-0.0047,-0.3681,0.9579,0.0502,-0.6516,-0.5846,0.0,0.0
1779744292043,2,12.00000015,Lower Delivery,Delivery,pitch.1,702933,20.8059,10.3145,90.7949,10.9446,109.9493,-2.4394,-0.1152,0.0115
1779744292043,2,12.00000018,Upper Delivery,Delivery,pitch.1,703620,-0.408,-0.0944,0.5283,0.3081,-3.351,-4.0976,0.0,0.0
1779744292043,2,Pitching Mound.Delivery,,Delivery,pitch.1,701986,20.3979,10.2201,91.3232,41.9434,106.5983,-13.7497,-0.1145,0.3475
1779744292043,2,Pitching Mound.Drive,,Delivery,pitch.1,702857,-0.0047,-0.3681,0.9579,0.0502,-0.6516,-0.5846,0.0,0.0
1779744292043,2,Pitching Mound.Parent,,Delivery,pitch.1,701310,20.3932,9.852,92.2811,41.9935,105.9467,-14.3344,-0.1133,0.3439
1779744292044,2,11.0000004b,Drive,Delivery,pitch.1,702858,0.0012,-0.355,0.8596,0.0339,-0.4909,-0.5408,0.0,0.0
1779744292044,2,12.00000015,Lower Delivery,Delivery,pitch.1,702934,20.871,10.3505,90.8164,11.1667,109.9817,-2.4884,-0.1152,0.0117
1779744292044,2,12.00000018,Upper Delivery,Delivery,pitch.1,703621,-0.4006,-0.0667,0.4736,0.6624,-3.697,-4.0992,0.0,0.0
1779744292044,2,Pitching Mound.Delivery,,Delivery,pitch.1,701987,20.4705,10.2837,91.29,42.5456,106.2848,-13.8199,-0.1146,0.3481
1779744292044,2,Pitching Mound.Drive,,Delivery,pitch.1,702858,0.0012,-0.355,0.8596,0.0339,-0.4909,-0.5408,0.0,0.0
1779744292044,2,Pitching Mound.Parent,,Delivery,pitch.1,701311,20.4716,9.9287,92.1496,42.5795,105.7938,-14.3607,-0.1135,0.3449
1779744292045,2,11.0000004b,Drive,Delivery,pitch.1,702859,-0.0026,-0.3401,0.8699,0.0323,-0.4775,-0.5365,0.0,0.0
1779744292045,2,12.00000015,Lower Delivery,Delivery,pitch.1,702935,20.9285,10.3819,90.8201,11.3091,109.9411,-2.4903,-0.1152,0.0118
1779744292045,2,12.00000018,Upper Delivery,Delivery,pitch.1,703622,-0.396,-0.0573,0.4173,0.6363,-3.6224,-4.0743,0.0,0.0
1779744292045,2,Pitching Mound.Delivery,,Delivery,pitch.1,701988,20.5324,10.3247,91.2374,42.6823,106.3186,-13.8149,-0.1146,0.3487
1779744292045,2,Pitching Mound.Drive,,Delivery,pitch.1,702859,-0.0026,-0.3401,0.8699,0.0323,-0.4775,-0.5365,0.0,0.0
1779744292045,2,Pitching Mound.Parent,,Delivery,pitch.1,701312,20.5298,9.9846,92.1073,42.7146,105.8411,-14.3514,-0.1135,0.3454
1779744292046,2,11.0000004b,Drive,Delivery,pitch.1,702860,0.0057,-0.3331,0.8671,0.0259,-0.424,-0.5268,0.0,0.0
1779744292046,2,12.00000015,Lower Delivery,Delivery,pitch.1,702936,20.979,10.4187,90.8439,11.4411,109.9681,-2.5214,-0.1152,0.012
1779744292046,2,12.00000018,Upper Delivery,Delivery,pitch.1,703623,-0.3881,-0.0697,0.5471,0.6924,-3.7136,-3.9897,0.0,0.0
1779744292046,2,Pitching Mound.Delivery,,Delivery,pitch.1,701989,20.591,10.349,91.3911,42.8343,106.2544,-13.7759,-0.1145,0.3478
1779744292046,2,Pitching Mound.Drive,,Delivery,pitch.1,702860,0.0057,-0.3331,0.8671,0.0259,-0.424,-0.5268,0.0,0.0
1779744292046,2,Pitching Mound.Parent,,Delivery,pitch.1,701313,20.5966,10.0159,92.2581,42.8602,105.8304,-14.3027,-0.1134,0.3446
1779744292047,2,11.0000004b,Drive,Delivery,pitch.1,702861,0.0082,-0.3316,0.8297,0.0233,-0.3839,-0.4989,0.0,0.0
1779744292047,2,12.00000015,Lower Delivery,Delivery,pitch.1,702937,21.0143,10.4631,90.8947,11.2879,109.8929,-2.5862,-0.115,0.0118
1779744292047,2,12.00000018,Upper Delivery,Delivery,pitch.1,703624,-0.3921,-0.0505,0.524,0.8407,-3.4731,-3.9802,0.0,0.0
1779744292047,2,Pitching Mound.Delivery,,Delivery,pitch.1,701990,20.6222,10.4126,91.4187,42.8547,106.4197,-13.8445,-0.1144,0.3478
1779744292047,2,Pitching Mound.Drive,,Delivery,pitch.1,702861,0.0082,-0.3316,0.8297,0.0233,-0.3839,-0.4989,0.0,0.0
1779744292047,2,Pitching Mound.Parent,,Delivery,pitch.1,701314,20.6304,10.0811,92.2483,42.878,106.0358,-14.3434,-0.1133,0.3447
1779744292048,2,11.0000004b,Drive,Delivery,pitch.1,702862,0.0143,-0.3119,0.7502,0.0173,-0.3414,-0.5037,0.0,0.0
1779744292048,2,12.00000015,Lower Delivery,Delivery,pitch.1,702938,21.1054,10.506,90.887,11.2324,109.6581,-2.6277,-0.1148,0.0118
1779744292048,2,12.00000018,Upper Delivery,Delivery,pitch.1,703625,-0.4014,-0.071,0.5475,0.7563,-3.5315,-3.9789,0.0,0.0
1779744292048,2,Pitching Mound.Delivery,,Delivery,pitch.1,701991,20.704,10.435,91.4345,42.7042,106.1266,-13.9189,-0.1141,0.3476
1779744292048,2,Pitching Mound.Drive,,Delivery,pitch.1,702862,0.0143,-0.3119,0.7502,0.0173,-0.3414,-0.5037,0.0,0.0
1779744292048,2,Pitching Mound.Parent,,Delivery,pitch.1,701315,20.7183,10.1231,92.1847,42.7214,105.7851,-14.4226,-0.1132,0.3448
1779744292049,2,11.0000004b,Drive,Delivery,pitch.1,702863,0.022,-0.3136,0.7401,0.0151,-0.295,-0.463,0.0,0.0
1779744292049,2,12.00000015,Lower Delivery,Delivery,pitch.1,702939,21.1523,10.5487,90.9305,11.1315,109.567,-2.6904,-0.1146,0.0116
1779744292049,2,12.00000018,Upper Delivery,Delivery,pitch.1,703626,-0.409,-0.0676,0.5524,0.7737,-3.4455,-3.9891,0.0,0.0
1779744292049,2,Pitching Mound.Delivery,,Delivery,pitch.1,701992,20.7433,10.4811,91.4829,42.6338,106.1215,-14.0104,-0.1139,0.3475
1779744292049,2,Pitching Mound.Drive,,Delivery,pitch.1,702863,0.022,-0.3136,0.7401,0.0151,-0.295,-0.463,0.0,0.0
1779744292049,2,Pitching Mound.Parent,,Delivery,pitch.1,701316,20.7653,10.1676,92.223,42.6489,105.8265,-14.4734,-0.113,0.3447
1779744292050,2,11.0000004b,Drive,Delivery,pitch.1,702864,0.017,-0.3185,0.7731,0.0248,-0.404,-0.5198,0.0,0.0
1779744292050,2,12.00000015,Lower Delivery,Delivery,pitch.1,702940,21.1882,10.5863,91.1714,10.8716,109.5498,-2.7481,-0.1143,0.0113
1779744292050,2,12.00000018,Upper Delivery,Delivery,pitch.1,703627,-0.4311,-0.1133,0.7987,0.8008,-3.5031,-3.9648,0.0,0.0
1779744292050,2,Pitching Mound.Delivery,,Delivery,pitch.1,701993,20.7572,10.4731,91.9701,42.3991,106.0467,-14.0634,-0.1133,0.3453
1779744292050,2,Pitching Mound.Drive,,Delivery,pitch.1,702864,0.017,-0.3185,0.7731,0.0248,-0.404,-0.5198,0.0,0.0
1779744292050,2,Pitching Mound.Parent,,Delivery,pitch.1,701317,20.7742,10.1546,92.7432,42.4239,105.6427,-14.5833,-0.1124,0.3425
1779744292051,2,11.0000004b,Drive,Delivery,pitch.1,702865,0.012,-0.3215,0.774,0.023,-0.3877,-0.5274,0.0,0.0
1779744292051,2,12.00000015,Lower Delivery,Delivery,pitch.1,702941,21.2691,10.6307,91.1056,10.9498,109.6584,-2.8393,-0.1145,0.0114
1779744292051,2,12.00000018,Upper Delivery,Delivery,pitch.1,703628,-0.441,-0.1146,0.6831,0.7337,-3.4214,-3.9684,0.0,0.0
1779744292051,2,Pitching Mound.Delivery,,Delivery,pitch.1,701994,20.8282,10.5161,91.7886,42.4272,106.2369,-14.1891,-0.1136,0.3463
1779744292051,2,Pitching Mound.Drive,,Delivery,pitch.1,702865,0.012,-0.3215,0.774,0.023,-0.3877,-0.5274,0.0,0.0
1779744292051,2,Pitching Mound.Parent,,Delivery,pitch.1,701318,20.8402,10.1946,92.5627,42.4502,105.8493,-14.7166,-0.1127,0.3434
1779744292052,2,11.0000004b,Drive,Delivery,pitch.1,702866,0.0111,-0.3177,0.784,0.0203,-0.3639,-0.5346,0.0,0.0
1779744292052,2,12.00000015,Lower Delivery,Delivery,pitch.1,702942,21.3297,10.6626,90.8717,10.923,109.5181,-2.8966,-0.1146,0.0114
1779744292052,2,12.00000018,Upper Delivery,Delivery,pitch.1,703629,-0.4512,-0.1203,0.7725,0.9622,-3.2964,-3.9356,0.0,0.0
1779744292052,2,Pitching Mound.Delivery,,Delivery,pitch.1,701995,20.8785,10.5423,91.6442,42.519,106.2217,-14.2377,-0.1137,0.3456
1779744292052,2,Pitching Mound.Drive,,Delivery,pitch.1,702866,0.0111,-0.3177,0.784,0.0203,-0.3639,-0.5346,0.0,0.0
1779744292052,2,Pitching Mound.Parent,,Delivery,pitch.1,701319,20.8896,10.2247,92.4281,42.5393,105.8578,-14.7723,-0.1127,0.3427
1779744292053,2,11.0000004b,Drive,Delivery,pitch.1,702867,0.0145,-0.3076,0.7798,0.018,-0.3457,-0.5354,0.0,0.0
1779744292053,2,12.00000015,Lower Delivery,Delivery,pitch.1,702943,21.366,10.6959,90.9165,10.858,109.6988,-2.976,-0.1148,0.0114
1779744292053,2,12.00000018,Upper Delivery,Delivery,pitch.1,703630,-0.4679,-0.1333,0.9276,1.1533,-3.2786,-3.9002,0.0,0.0
1779744292053,2,Pitching Mound.Delivery,,Delivery,pitch.1,701996,20.8981,10.5625,91.844,42.6075,106.4202,-14.2998,-0.1136,0.3444
1779744292053,2,Pitching Mound.Drive,,Delivery,pitch.1,702867,0.0145,-0.3076,0.7798,0.018,-0.3457,-0.5354,0.0,0.0
1779744292053,2,Pitching Mound.Parent,,Delivery,pitch.1,701320,20.9125,10.255,92.6238,42.6255,106.0745,-14.8351,-0.1127,0.3415
1779744292054,2,11.0000004b,Drive,Delivery,pitch.1,702868,0.0155,-0.2982,0.7635,0.031,-0.4421,-0.5312,0.0,0.0
1779744292054,2,12.00000015,Lower Delivery,Delivery,pitch.1,702944,21.3889,10.7356,90.9569,10.7147,109.5594,-3.031,-0.1146,0.0112
1779744292054,2,12.00000018,Upper Delivery,Delivery,pitch.1,703631,-0.4849,-0.1511,0.8615,1.0714,-3.2279,-3.8962,0.0,0.0
1779744292054,2,Pitching Mound.Delivery,,Delivery,pitch.1,701997,20.904,10.5845,91.8184,42.4186,106.3315,-14.3643,-0.1135,0.3447
1779744292054,2,Pitching Mound.Drive,,Delivery,pitch.1,702868,0.0155,-0.2982,0.7635,0.031,-0.4421,-0.5312,0.0,0.0
1779744292054,2,Pitching Mound.Parent,,Delivery,pitch.1,701321,20.9194,10.2863,92.5819,42.4496,105.8894,-14.8955,-0.1126,0.3419
1779744292055,2,11.0000004b,Drive,Delivery,pitch.1,702869,0.0161,-0.3008,0.7818,0.0342,-0.4945,-0.5607,0.0,0.0
1779744292055,2,12.00000015,Lower Delivery,Delivery,pitch.1,702945,21.4679,10.7745,90.546,11.0115,109.6221,-3.1216,-0.1152,0.0116
1779744292055,2,12.00000018,Upper Delivery,Delivery,pitch.1,703632,-0.4984,-0.1646,0.8394,0.9854,-3.2387,-3.972,0.0,0.0
1779744292055,2,Pitching Mound.Delivery,,Delivery,pitch.1,701998,20.9694,10.6099,91.3854,42.4971,106.3833,-14.5621,-0.1141,0.3452
1779744292055,2,Pitching Mound.Drive,,Delivery,pitch.1,702869,0.0161,-0.3008,0.7818,0.0342,-0.4945,-0.5607,0.0,0.0
1779744292055,2,Pitching Mound.Parent,,Delivery,pitch.1,701322,20.9855,10.3091,92.1672,42.5313,105.8889,-15.1228,-0.1131,0.3423
1779744292056,2,11.0000004b,Drive,Delivery,pitch.1,702870,0.0322,-0.3207,0.8024,0.0399,-0.5401,-0.5599,0.0,0.0
1779744292056,2,12.00000015,Lower Delivery,Delivery,pitch.1,702946,21.5116,10.83,90.2235,11.1951,109.8754,-3.2314,-0.1158,0.0118
1779744292056,2,12.00000018,Upper Delivery,Delivery,pitch.1,703633,-0.5026,-0.1714,0.803,1.383,-3.2399,-3.9503,0.0,0.0
1779744292056,2,Pitching Mound.Delivery,,Delivery,pitch.1,701999,21.009,10.6586,91.0265,42.9811,106.6355,-14.6665,-0.1148,0.3457
1779744292056,2,Pitching Mound.Drive,,Delivery,pitch.1,702870,0.0322,-0.3207,0.8024,0.0399,-0.5401,-0.5599,0.0,0.0
1779744292056,2,Pitching Mound.Parent,,Delivery,pitch.1,701323,21.0412,10.3379,91.8289,43.0209,106.0954,-15.2264,-0.1138,0.3427
1779744292057,2,11.0000004b,Drive,Delivery,pitch.1,702871,0.0295,-0.3375,0.8347,0.0426,-0.5706,-0.5676,0.0,0.0
1779744292057,2,12.00000015,Lower Delivery,Delivery,pitch.1,702947,21.5605,10.8821,90.0217,11.232,109.8476,-3.3695,-0.1161,0.0119
1779744292057,2,12.00000018,Upper Delivery,Delivery,pitch.1,703634,-0.4807,-0.1453,0.9147,1.3741,-3.2773,-3.9429,0.0,0.0
1779744292057,2,Pitching Mound.Delivery,,Delivery,pitch.1,702000,21.0798,10.7368,90.9363,42.9025,106.5702,-14.8065,-0.1149,0.3449
1779744292057,2,Pitching Mound.Drive,,Delivery,pitch.1,702871,0.0295,-0.3375,0.8347,0.0426,-0.5706,-0.5676,0.0,0.0
1779744292057,2,Pitching Mound.Parent,,Delivery,pitch.1,701324,21.1093,10.3994,91.771,42.9451,105.9997,-15.3741,-0.1139,0.3418
1779744292058,2,11.0000004b,Drive,Delivery,pitch.1,702872,0.0298,-0.3401,0.8476,0.0467,-0.6129,-0.5865,0.0,0.0
1779744292058,2,12.00000015,Lower Delivery,Delivery,pitch.1,702948,21.6127,10.921,89.7401,11.4909,110.1723,-3.4754,-0.1168,0.0122
1779744292058,2,12.00000018,Upper Delivery,Delivery,pitch.1,703635,-0.4828,-0.1612,0.9275,1.3202,-3.3252,-3.9798,0.0,0.0
1779744292058,2,Pitching Mound.Delivery,,Delivery,pitch.1,702001,21.1299,10.7598,90.6676,43.0074,106.8471,-14.9677,-0.1156,0.3451
1779744292058,2,Pitching Mound.Drive,,Delivery,pitch.1,702872,0.0298,-0.3401,0.8476,0.0467,-0.6129,-0.5865,0.0,0.0
1779744292058,2,Pitching Mound.Parent,,Delivery,pitch.1,701325,21.1596,10.4197,91.5152,43.0541,106.2342,-15.5542,-0.1145,0.3419
1779744292059,2,11.0000004b,Drive,Delivery,pitch.1,702873,0.0401,-0.3316,0.7829,0.0599,-0.735,-0.603,0.0,0.0
1779744292059,2,12.00000015,Lower Delivery,Delivery,pitch.1,702949,21.6349,10.958,89.6175,11.5217,110.3733,-3.5743,-0.1172,0.0122
1779744292059,2,12.00000018,Upper Delivery,Delivery,pitch.1,703636,-0.5024,-0.1796,0.8705,1.365,-3.1601,-3.9705,0.0,0.0
1779744292059,2,Pitching Mound.Delivery,,Delivery,pitch.1,702002,21.1326,10.7784,90.4881,43.0607,107.2132,-15.0715,-0.116,0.3456
1779744292059,2,Pitching Mound.Drive,,Delivery,pitch.1,702873,0.0401,-0.3316,0.7829,0.0599,-0.735,-0.603,0.0,0.0
1779744292059,2,Pitching Mound.Parent,,Delivery,pitch.1,701326,21.1727,10.4468,91.271,43.1206,106.4782,-15.6746,-0.115,0.3426
1779744292060,2,11.0000004b,Drive,Delivery,pitch.1,702874,0.0343,-0.3508,0.8184,0.055,-0.6882,-0.602,0.0,0.0
1779744292060,2,12.00000015,Lower Delivery,Delivery,pitch.1,702950,21.6902,11.0067,89.6328,11.7717,110.4927,-3.6598,-0.1173,0.0125
1779744292060,2,12.00000018,Upper Delivery,Delivery,pitch.1,703637,-0.4782,-0.1427,1.0082,1.5038,-3.3965,-3.9081,0.0,0.0
1779744292060,2,Pitching Mound.Delivery,,Delivery,pitch.1,702003,21.212,10.864,90.6409,43.4078,107.0962,-15.1052,-0.116,0.3448
1779744292060,2,Pitching Mound.Drive,,Delivery,pitch.1,702874,0.0343,-0.3508,0.8184,0.055,-0.6882,-0.602,0.0,0.0
1779744292060,2,Pitching Mound.Parent,,Delivery,pitch.1,701327,21.2463,10.5132,91.4594,43.4628,106.408,-15.7071,-0.1149,0.3417
1779744292061,2,11.0000004b,Drive,Delivery,pitch.1,702875,0.0319,-0.3473,0.845,0.0567,-0.7033,-0.5957,0.0,0.0
1779744292061,2,12.00000015,Lower Delivery,Delivery,pitch.1,702951,21.7093,11.0555,89.447,11.8303,110.5934,-3.7786,-0.1176,0.0126
1779744292061,2,12.00000018,Upper Delivery,Delivery,pitch.1,703638,-0.4562,-0.1101,0.663,1.5393,-3.2879,-3.9737,0.0,0.0
1779744292061,2,Pitching Mound.Delivery,,Delivery,pitch.1,702004,21.2531,10.9454,90.11,43.5562,107.3056,-15.2886,-0.1168,0.3475
1779744292061,2,Pitching Mound.Drive,,Delivery,pitch.1,702875,0.0319,-0.3473,0.845,0.0567,-0.7033,-0.5957,0.0,0.0
1779744292061,2,Pitching Mound.Parent,,Delivery,pitch.1,701328,21.2851,10.5982,90.955,43.613,106.6023,-15.8843,-0.1157,0.3443
1779744292062,2,11.0000004b,Drive,Delivery,pitch.1,702876,0.0414,-0.3468,0.8161,0.0655,-0.7632,-0.5819,0.0,0.0
1779744292062,2,12.00000015,Lower Delivery,Delivery,pitch.1,702952,21.7444,11.1051,89.4743,12.0157,110.7567,-3.8825,-0.1178,0.0128
1779744292062,2,12.00000018,Upper Delivery,Delivery,pitch.1,703639,-0.3905,-0.0552,0.4184,1.3764,-3.4628,-3.9277,0.0,0.0
1779744292062,2,Pitching Mound.Delivery,,Delivery,pitch.1,702005,21.354,11.0499,89.8927,43.6711,107.2939,-15.336,-0.1172,0.3496
1779744292062,2,Pitching Mound.Drive,,Delivery,pitch.1,702876,0.0414,-0.3468,0.8161,0.0655,-0.7632,-0.5819,0.0,0.0
1779744292062,2,Pitching Mound.Parent,,Delivery,pitch.1,701329,21.3954,10.7031,90.7088,43.7367,106.5307,-15.9179,-0.1162,0.3464
1779744292063,2,11.0000004b,Drive,Delivery,pitch.1,702877,0.063,-0.3144,0.7658,0.0708,-0.8175,-0.5832,0.0,0.0
1779744292063,2,12.00000015,Lower Delivery,Delivery,pitch.1,702953,21.7846,11.1618,89.5762,12.1184,110.9,-3.9613,-0.1178,0.0129
1779744292063,2,12.00000018,Upper Delivery,Delivery,pitch.1,703640,-0.4007,-0.0434,0.3989,1.5349,-3.5557,-3.947,0.0,0.0
1779744292063,2,Pitching Mound.Delivery,,Delivery,pitch.1,702006,21.3838,11.1184,89.9751,43.9736,107.3444,-15.4513,-0.1173,0.3498
1779744292063,2,Pitching Mound.Drive,,Delivery,pitch.1,702877,0.063,-0.3144,0.7658,0.0708,-0.8175,-0.5832,0.0,0.0
1779744292063,2,Pitching Mound.Parent,,Delivery,pitch.1,701330,21.4468,10.804,90.7409,44.0444,106.5269,-16.0345,-0.1163,0.3468
1779744292064,2,11.0000004b,Drive,Delivery,pitch.1,702878,0.051,-0.3268,0.7928,0.0667,-0.7693,-0.5413,0.0,0.0
1779744292064,2,12.00000015,Lower Delivery,Delivery,pitch.1,702954,21.83,11.2228,89.6031,11.9729,110.7703,-4.0702,-0.1176,0.0127
1779744292064,2,12.00000018,Upper Delivery,Delivery,pitch.1,703641,-0.4231,-0.058,0.4775,1.4067,-3.5657,-3.9709,0.0,0.0
1779744292064,2,Pitching Mound.Delivery,,Delivery,pitch.1,702007,21.4068,11.1648,90.0806,43.6824,107.2046,-15.6072,-0.117,0.349
1779744292064,2,Pitching Mound.Drive,,Delivery,pitch.1,702878,0.051,-0.3268,0.7928,0.0667,-0.7693,-0.5413,0.0,0.0
1779744292064,2,Pitching Mound.Parent,,Delivery,pitch.1,701331,21.4578,10.838,90.8734,43.7491,106.4353,-16.1484,-0.116,0.346
1779744292065,2,11.0000004b,Drive,Delivery,pitch.1,702879,0.0424,-0.3256,0.7956,0.0597,-0.7374,-0.5716,0.0,0.0
1779744292065,2,12.00000015,Lower Delivery,Delivery,pitch.1,702955,21.8595,11.272,89.7391,11.9125,110.8455,-4.1895,-0.1175,0.0126
1779744292065,2,12.00000018,Upper Delivery,Delivery,pitch.1,703642,-0.3978,-0.0181,0.4124,1.3599,-3.7277,-4.0255,0.0,0.0
1779744292065,2,Pitching Mound.Delivery,,Delivery,pitch.1,702008,21.4616,11.2539,90.1515,43.6435,107.1178,-15.7824,-0.117,0.3495
1779744292065,2,Pitching Mound.Drive,,Delivery,pitch.1,702879,0.0424,-0.3256,0.7956,0.0597,-0.7374,-0.5716,0.0,0.0
1779744292065,2,Pitching Mound.Parent,,Delivery,pitch.1,701332,21.5041,10.9282,90.9472,43.7032,106.3804,-16.3541,-0.1159,0.3464
1779744292066,2,11.0000004b,Drive,Delivery,pitch.1,702880,0.0326,-0.3158,0.788,0.0456,-0.6022,-0.544,0.0,0.0
1779744292066,2,12.00000015,Lower Delivery,Delivery,pitch.1,702956,21.9228,11.3101,89.8219,12.2345,110.9573,-4.3085,-0.1175,0.013
1779744292066,2,12.00000018,Upper Delivery,Delivery,pitch.1,703643,-0.412,-0.0215,0.4577,1.2804,-3.7111,-3.925,0.0,0.0
1779744292066,2,Pitching Mound.Delivery,,Delivery,pitch.1,702009,21.5108,11.2885,90.2797,43.8988,107.2462,-15.8273,-0.1169,0.3494
1779744292066,2,Pitching Mound.Drive,,Delivery,pitch.1,702880,0.0326,-0.3158,0.788,0.0456,-0.6022,-0.544,0.0,0.0
1779744292066,2,Pitching Mound.Parent,,Delivery,pitch.1,701333,21.5434,10.9728,91.0676,43.9444,106.644,-16.3713,-0.1159,0.3464
1779744292067,2,11.0000004b,Drive,Delivery,pitch.1,702881,0.0413,-0.3025,0.7795,0.0412,-0.5635,-0.5365,0.0,0.0
1779744292067,2,12.00000015,Lower Delivery,Delivery,pitch.1,702957,21.974,11.3697,89.8517,11.9831,110.8991,-4.4679,-0.1174,0.0127
1779744292067,2,12.00000018,Upper Delivery,Delivery,pitch.1,703644,-0.4443,-0.065,0.5996,0.9637,-3.6667,-4.0246,0.0,0.0
1779744292067,2,Pitching Mound.Delivery,,Delivery,pitch.1,702010,21.5297,11.3047,90.4513,43.2926,107.2324,-16.1147,-0.1166,0.3481
1779744292067,2,Pitching Mound.Drive,,Delivery,pitch.1,702881,0.0413,-0.3025,0.7795,0.0412,-0.5635,-0.5365,0.0,0.0
1779744292067,2,Pitching Mound.Parent,,Delivery,pitch.1,701334,21.571,11.0022,91.2309,43.3337,106.6689,-16.6512,-0.1156,0.3451
1779744292068,2,11.0000004b,Drive,Delivery,pitch.1,702882,0.0302,-0.3058,0.7291,0.0383,-0.5467,-0.5519,0.0,0.0
1779744292068,2,12.00000015,Lower Delivery,Delivery,pitch.1,702958,22.0213,11.403,89.8403,11.8966,110.8751,-4.5575,-0.1174,0.0126
1779744292068,2,12.00000018,Upper Delivery,Delivery,pitch.1,703645,-0.4243,-0.0741,0.6254,0.8791,-3.8287,-3.9552,0.0,0.0
1779744292068,2,Pitching Mound.Delivery,,Delivery,pitch.1,702011,21.597,11.3289,90.4657,43.1088,107.0464,-16.1443,-0.1166,0.3478
1779744292068,2,Pitching Mound.Drive,,Delivery,pitch.1,702882,0.0302,-0.3058,0.7291,0.0383,-0.5467,-0.5519,0.0,0.0
1779744292068,2,Pitching Mound.Parent,,Delivery,pitch.1,701335,21.6272,11.0231,91.1947,43.1471,106.4997,-16.6961,-0.1157,0.345
1779744292069,2,11.0000004b,Drive,Delivery,pitch.1,702883,0.0244,-0.3205,0.7111,0.0297,-0.4605,-0.5205,0.0,0.0
1779744292069,2,12.00000015,Lower Delivery,Delivery,pitch.1,702959,22.0903,11.4378,89.7427,12.0096,110.9246,-4.6846,-0.1176,0.0127
1779744292069,2,12.00000018,Upper Delivery,Delivery,pitch.1,703646,-0.4268,-0.053,0.7588,0.8711,-3.7027,-3.9446,0.0,0.0
1779744292069,2,Pitching Mound.Delivery,,Delivery,pitch.1,702012,21.6636,11.3848,90.5016,43.1352,107.2219,-16.285,-0.1166,0.3469
1779744292069,2,Pitching Mound.Drive,,Delivery,pitch.1,702883,0.0244,-0.3205,0.7111,0.0297,-0.4605,-0.5205,0.0,0.0
1779744292069,2,Pitching Mound.Parent,,Delivery,pitch.1,701336,21.6879,11.0643,91.2127,43.1649,106.7614,-16.8056,-0.1157,0.3442
1779744292070,2,11.0000004b,Drive,Delivery,pitch.1,702884,0.0309,-0.3166,0.739,0.0386,-0.5373,-0.5254,0.0,0.0
1779744292070,2,12.00000015,Lower Delivery,Delivery,pitch.1,702960,22.1544,11.4686,89.7097,11.9041,111.0153,-4.7388,-0.1177,0.0126
1779744292070,2,12.00000018,Upper Delivery,Delivery,pitch.1,703647,-0.4489,-0.0811,0.9131,1.044,-3.7827,-3.9643,0.0,0.0
1779744292070,2,Pitching Mound.Delivery,,Delivery,pitch.1,702013,21.7055,11.3875,90.6228,43.139,107.2326,-16.3882,-0.1165,0.3456
1779744292070,2,Pitching Mound.Drive,,Delivery,pitch.1,702884,0.0309,-0.3166,0.739,0.0386,-0.5373,-0.5254,0.0,0.0
1779744292070,2,Pitching Mound.Parent,,Delivery,pitch.1,701337,21.7364,11.0708,91.3618,43.1776,106.6953,-16.9136,-0.1156,0.3428
1779744292071,2,11.0000004b,Drive,Delivery,pitch.1,702885,0.0431,-0.3019,0.7451,0.0355,-0.5156,-0.5337,0.0,0.0
1779744292071,2,12.00000015,Lower Delivery,Delivery,pitch.1,702961,22.2125,11.4989,89.8211,11.9014,111.1963,-4.8442,-0.1178,0.0126
1779744292071,2,12.00000015,Lower Delivery,Delivery,pitch.1,702962,22.2727,11.5303,89.643,11.9252,111.2485,-4.8967,-0.1181,0.0127
1779744292071,2,12.00000018,Upper Delivery,Delivery,pitch.1,703648,-0.4506,-0.0961,0.9328,1.0122,-3.5232,-4.0102,0.0,0.0
1779744292071,2,Pitching Mound.Delivery,,Delivery,pitch.1,702014,21.7619,11.4028,90.7539,43.1357,107.673,-16.5599,-0.1166,0.3455
1779744292071,2,Pitching Mound.Drive,,Delivery,pitch.1,702885,0.0431,-0.3019,0.7451,0.0355,-0.5156,-0.5337,0.0,0.0
1779744292071,2,Pitching Mound.Parent,,Delivery,pitch.1,701338,21.805,11.1009,91.499,43.1712,107.1574,-17.0936,-0.1156,0.3427
1779744292072,2,11.0000004b,Drive,Delivery,pitch.1,702886,0.0553,-0.2945,0.7443,0.0227,-0.4001,-0.5103,0.0,0.0
1779744292072,2,12.00000015,Lower Delivery,Delivery,pitch.1,702963,22.3431,11.5463,89.4027,12.1556,111.3874,-4.997,-0.1185,0.0129
1779744292072,2,12.00000018,Upper Delivery,Delivery,pitch.1,703649,-0.4518,-0.099,0.9084,0.9587,-3.6814,-4.0197,0.0,0.0
1779744292072,2,Pitching Mound.Delivery,,Delivery,pitch.1,702015,21.8209,11.4313,90.5514,43.0536,107.5671,-16.6427,-0.1169,0.3457
1779744292072,2,Pitching Mound.Drive,,Delivery,pitch.1,702886,0.0553,-0.2945,0.7443,0.0227,-0.4001,-0.5103,0.0,0.0
1779744292072,2,Pitching Mound.Parent,,Delivery,pitch.1,701339,21.8762,11.1368,91.2958,43.0763,107.167,-17.153,-0.1159,0.3429
1779744292073,2,11.0000004b,Drive,Delivery,pitch.1,702887,0.043,-0.2965,0.7189,0.0268,-0.4325,-0.5155,0.0,0.0
1779744292073,2,12.00000018,Upper Delivery,Delivery,pitch.1,703650,-0.4608,-0.1203,0.7804,1.0012,-3.89,-4.0666,0.0,0.0
1779744292073,2,Pitching Mound.Delivery,,Delivery,pitch.1,702016,21.8823,11.426,90.1832,43.2884,107.4974,-16.8169,-0.1175,0.3469
1779744292073,2,Pitching Mound.Drive,,Delivery,pitch.1,702887,0.043,-0.2965,0.7189,0.0268,-0.4325,-0.5155,0.0,0.0
1779744292073,2,Pitching Mound.Parent,,Delivery,pitch.1,701340,21.9253,11.1295,90.9021,43.3152,107.065,-17.3325,-0.1166,0.3442
1779744292074,2,11.0000004b,Drive,Delivery,pitch.1,702888,0.0429,-0.3053,0.7546,0.0137,-0.3203,-0.4973,0.0,0.0
1779744292074,2,12.00000015,Lower Delivery,Delivery,pitch.1,702964,22.3867,11.5569,89.4136,12.0905,111.4155,-5.0738,-0.1185,0.0129
1779744292074,2,12.00000018,Upper Delivery,Delivery,pitch.1,703651,-0.4518,-0.099,0.9215,0.7495,-3.8742,-4.0419,0.0,0.0
1779744292074,2,Pitching Mound.Delivery,,Delivery,pitch.1,702017,21.9349,11.4579,90.3351,42.9273,107.5413,-16.8808,-0.1173,0.3458
1779744292074,2,Pitching Mound.Drive,,Delivery,pitch.1,702888,0.0429,-0.3053,0.7546,0.0137,-0.3203,-0.4973,0.0,0.0
1779744292074,2,Pitching Mound.Parent,,Delivery,pitch.1,701341,21.9778,11.1526,91.0897,42.941,107.221,-17.3781,-0.1164,0.3429
1779744292075,2,11.0000004b,Drive,Delivery,pitch.1,702889,0.0642,-0.3028,0.7632,0.0177,-0.3394,-0.4793,0.0,0.0
1779744292075,2,12.00000015,Lower Delivery,Delivery,pitch.1,702965,22.4239,11.5809,89.4771,12.3265,111.5815,-5.1059,-0.1186,0.0131
1779744292075,2,12.00000015,Lower Delivery,Delivery,pitch.1,702966,22.4874,11.6093,89.4202,12.3785,111.5554,-5.1403,-0.1187,0.0132
1779744292075,2,12.00000018,Upper Delivery,Delivery,pitch.1,703652,-0.471,-0.1028,0.9188,0.8958,-3.7398,-4.0289,0.0,0.0
1779744292075,2,Pitching Mound.Delivery,,Delivery,pitch.1,702018,21.9529,11.4782,90.3958,43.3322,107.8417,-16.9191,-0.1174,0.3461
1779744292075,2,Pitching Mound.Drive,,Delivery,pitch.1,702889,0.0642,-0.3028,0.7632,0.0177,-0.3394,-0.4793,0.0,0.0
1779744292075,2,Pitching Mound.Parent,,Delivery,pitch.1,701342,22.0171,11.1753,91.1591,43.3499,107.5023,-17.3984,-0.1164,0.3432
1779744292076,2,11.0000004b,Drive,Delivery,pitch.1,702890,0.0636,-0.2949,0.7307,0.0217,-0.3566,-0.4644,0.0,0.0
1779744292076,2,12.00000018,Upper Delivery,Delivery,pitch.1,703653,-0.4748,-0.1003,0.9149,0.7496,-3.5913,-4.0518,0.0,0.0
1779744292076,2,Pitching Mound.Delivery,,Delivery,pitch.1,702019,22.0125,11.5091,90.3352,43.2199,107.9641,-16.9992,-0.1175,0.3461
1779744292076,2,Pitching Mound.Drive,,Delivery,pitch.1,702890,0.0636,-0.2949,0.7307,0.0217,-0.3566,-0.4644,0.0,0.0
1779744292076,2,Pitching Mound.Parent,,Delivery,pitch.1,701343,22.0761,11.2142,91.0659,43.2415,107.6075,-17.4636,-0.1165,0.3434
1779744292077,2,11.0000004b,Drive,Delivery,pitch.1,702891,0.0677,-0.3056,0.7523,0.0257,-0.3792,-0.4599,0.0,0.0
1779744292077,2,12.00000015,Lower Delivery,Delivery,pitch.1,702968,22.5619,11.6445,89.576,12.4684,111.7438,-5.2653,-0.1187,0.0132
1779744292077,2,12.00000015,Lower Delivery,Delivery,pitch.1,702967,22.5123,11.6211,89.6645,12.1416,111.491,-5.1795,-0.1183,0.0129
1779744292077,2,12.00000018,Upper Delivery,Delivery,pitch.1,703654,-0.4782,-0.1138,0.9343,0.9445,-3.4863,-4.0814,0.0,0.0
1779744292077,2,Pitching Mound.Delivery,,Delivery,pitch.1,702020,22.0341,11.5074,90.5988,43.2544,108.0047,-17.0776,-0.1171,0.3457
1779744292077,2,Pitching Mound.Drive,,Delivery,pitch.1,702891,0.0677,-0.3056,0.7523,0.0257,-0.3792,-0.4599,0.0,0.0
1779744292077,2,Pitching Mound.Parent,,Delivery,pitch.1,701344,22.1017,11.2018,91.3512,43.28,107.6255,-17.5375,-0.1161,0.3429
1779744292078,2,11.0000004b,Drive,Delivery,pitch.1,702892,0.0614,-0.2945,0.7559,0.0133,-0.2816,-0.4503,0.0,0.0
1779744292078,2,12.00000015,Lower Delivery,Delivery,pitch.1,702969,22.5853,11.6772,89.7702,12.4887,111.7882,-5.3461,-0.1185,0.0132
1779744292078,2,12.00000018,Upper Delivery,Delivery,pitch.1,703655,-0.4718,-0.0807,0.8875,1.2868,-3.3459,-4.075,0.0,0.0
1779744292078,2,Pitching Mound.Delivery,,Delivery,pitch.1,702021,22.0901,11.5638,90.4636,43.9093,108.3979,-17.1717,-0.1175,0.3464
1779744292078,2,Pitching Mound.Drive,,Delivery,pitch.1,702892,0.0614,-0.2945,0.7559,0.0133,-0.2816,-0.4503,0.0,0.0
1779744292078,2,Pitching Mound.Parent,,Delivery,pitch.1,701345,22.1515,11.2694,91.2194,43.9225,108.1163,-17.622,-0.1165,0.3436
1779744292079,2,11.0000004b,Drive,Delivery,pitch.1,702893,0.0689,-0.2921,0.764,0.0092,-0.2366,-0.438,0.0,0.0
1779744292079,2,12.00000015,Lower Delivery,Delivery,pitch.1,702970,22.6248,11.7176,89.9645,12.451,111.8771,-5.4842,-0.1183,0.0132
1779744292079,2,12.00000018,Upper Delivery,Delivery,pitch.1,703656,-0.4725,-0.0637,0.8014,1.1083,-3.234,-4.1326,0.0,0.0
1779744292079,2,Pitching Mound.Delivery,,Delivery,pitch.1,702022,22.1128,11.6135,90.5715,43.8464,108.5541,-17.3183,-0.1174,0.3471
1779744292079,2,Pitching Mound.Drive,,Delivery,pitch.1,702893,0.0689,-0.2921,0.764,0.0092,-0.2366,-0.438,0.0,0.0
1779744292079,2,Pitching Mound.Parent,,Delivery,pitch.1,701346,22.1817,11.3213,91.3356,43.8556,108.3176,-17.7563,-0.1164,0.3442
1779744292080,2,11.0000004b,Drive,Delivery,pitch.1,702894,0.0704,-0.2813,0.7652,0.0088,-0.2202,-0.4235,0.0,0.0
1779744292080,2,12.00000015,Lower Delivery,Delivery,pitch.1,702971,22.6686,11.7655,90.0003,12.474,111.9504,-5.5781,-0.1183,0.0132
1779744292080,2,12.00000018,Upper Delivery,Delivery,pitch.1,703657,-0.4796,-0.0534,0.7339,1.3526,-3.329,-4.1398,0.0,0.0
1779744292080,2,Pitching Mound.Delivery,,Delivery,pitch.1,702023,22.1451,11.6642,90.6984,44.142,108.5481,-17.4795,-0.1173,0.3476
1779744292080,2,Pitching Mound.Drive,,Delivery,pitch.1,702894,0.0704,-0.2813,0.7652,0.0088,-0.2202,-0.4235,0.0,0.0
1779744292080,2,Pitching Mound.Parent,,Delivery,pitch.1,701347,22.2155,11.3829,91.4636,44.1509,108.3279,-17.903,-0.1164,0.3446
1779744292081,2,11.0000004b,Drive,Delivery,pitch.1,702895,0.0589,-0.2972,0.8213,0.0183,-0.2966,-0.4203,0.0,0.0
1779744292081,2,12.00000015,Lower Delivery,Delivery,pitch.1,702972,22.7155,11.8125,89.7871,12.5428,111.8757,-5.7027,-0.1185,0.0133
1779744292081,2,12.00000018,Upper Delivery,Delivery,pitch.1,703658,-0.4514,-0.0158,0.5693,1.5098,-3.4713,-4.1478,0.0,0.0
1779744292081,2,Pitching Mound.Delivery,,Delivery,pitch.1,702024,22.2173,11.7496,90.5696,44.3904,108.4791,-17.5867,-0.1176,0.3488
1779744292081,2,Pitching Mound.Drive,,Delivery,pitch.1,702895,0.0589,-0.2972,0.8213,0.0183,-0.2966,-0.4203,0.0,0.0
1779744292081,2,Pitching Mound.Parent,,Delivery,pitch.1,701348,22.2762,11.4525,91.3909,44.4087,108.1825,-18.007,-0.1165,0.3457
1779744292082,2,11.0000004b,Drive,Delivery,pitch.1,702896,0.0645,-0.2884,0.7712,0.0043,-0.1809,-0.413,0.0,0.0
1779744292082,2,12.00000015,Lower Delivery,Delivery,pitch.1,702973,22.7819,11.8612,89.7695,12.835,111.9526,-5.8293,-0.1186,0.0136
1779744292082,2,12.00000018,Upper Delivery,Delivery,pitch.1,703659,-0.4548,-0.0207,0.5146,1.4398,-3.4705,-4.1736,0.0,0.0
1779744292082,2,Pitching Mound.Delivery,,Delivery,pitch.1,702025,22.2607,11.7917,90.3016,44.3352,108.4051,-17.7542,-0.1179,0.3493
1779744292082,2,Pitching Mound.Drive,,Delivery,pitch.1,702896,0.0645,-0.2884,0.7712,0.0043,-0.1809,-0.413,0.0,0.0
1779744292082,2,Pitching Mound.Parent,,Delivery,pitch.1,701349,22.3252,11.5034,91.0729,44.3395,108.2242,-18.1671,-0.1169,0.3464
1779744292083,2,11.0000004b,Drive,Delivery,pitch.1,702897,0.0452,-0.3221,0.8638,0.0122,-0.2498,-0.4279,0.0,0.0
1779744292083,2,12.00000015,Lower Delivery,Delivery,pitch.1,702974,22.8335,11.9128,90.0246,12.4299,111.8924,-5.9064,-0.1182,0.0131
1779744292083,2,12.00000018,Upper Delivery,Delivery,pitch.1,703660,-0.47,-0.0252,0.6292,1.6208,-3.5114,-4.1157,0.0,0.0
1779744292083,2,Pitching Mound.Delivery,,Delivery,pitch.1,702026,22.3119,11.836,90.3987,44.7635,108.4413,-17.8506,-0.1178,0.3488
1779744292083,2,Pitching Mound.Drive,,Delivery,pitch.1,702897,0.0452,-0.3221,0.8638,0.0122,-0.2498,-0.4279,0.0,0.0
1779744292083,2,Pitching Mound.Parent,,Delivery,pitch.1,701350,22.357,11.514,91.2625,44.7757,108.1915,-18.2786,-0.1167,0.3455
1779744292084,2,11.0000004b,Drive,Delivery,pitch.1,702898,0.032,-0.3317,0.8451,0.0313,-0.4154,-0.4386,0.0,0.0
1779744292084,2,12.00000015,Lower Delivery,Delivery,pitch.1,702975,22.9253,11.9824,90.0665,12.377,111.9731,-6.0633,-0.1183,0.0131
1779744292084,2,12.00000018,Upper Delivery,Delivery,pitch.1,703661,-0.4433,0.0084,0.5023,1.6268,-3.6118,-4.1531,0.0,0.0
1779744292084,2,Pitching Mound.Delivery,,Delivery,pitch.1,702027,22.3902,11.9213,90.5269,44.4943,108.2806,-17.9736,-0.1176,0.3493
1779744292084,2,Pitching Mound.Drive,,Delivery,pitch.1,702898,0.032,-0.3317,0.8451,0.0313,-0.4154,-0.4386,0.0,0.0
1779744292084,2,Pitching Mound.Parent,,Delivery,pitch.1,701351,22.4222,11.5896,91.372,44.5256,107.8651,-18.4122,-0.1165,0.3461
1779744292085,2,11.0000004b,Drive,Delivery,pitch.1,702899,0.0348,-0.3244,0.8296,0.0266,-0.3661,-0.4254,0.0,0.0
1779744292085,2,12.00000015,Lower Delivery,Delivery,pitch.1,702976,23.0392,12.0409,90.2358,12.4303,112.0209,-6.2013,-0.1181,0.0131
1779744292085,2,12.00000018,Upper Delivery,Delivery,pitch.1,703662,-0.4546,-0.0288,0.6158,1.551,-3.585,-4.1518,0.0,0.0
1779744292085,2,Pitching Mound.Delivery,,Delivery,pitch.1,702028,22.4707,11.9536,90.6823,44.3412,108.3881,-18.1642,-0.1175,0.3484
1779744292085,2,Pitching Mound.Drive,,Delivery,pitch.1,702899,0.0348,-0.3244,0.8296,0.0266,-0.3661,-0.4254,0.0,0.0
1779744292085,2,Pitching Mound.Parent,,Delivery,pitch.1,701352,22.5054,11.6292,91.5119,44.3678,108.022,-18.5896,-0.1164,0.3452
1779744292086,2,11.0000004b,Drive,Delivery,pitch.1,702900,0.0304,-0.3155,0.7758,0.0281,-0.4049,-0.4612,0.0,0.0
1779744292086,2,12.00000015,Lower Delivery,Delivery,pitch.1,702977,23.1282,12.1043,90.4223,12.3485,112.026,-6.3379,-0.1179,0.013
1779744292086,2,12.00000018,Upper Delivery,Delivery,pitch.1,703663,-0.4296,-0.0234,0.5049,1.4884,-3.6462,-4.2129,0.0,0.0
1779744292086,2,Pitching Mound.Delivery,,Delivery,pitch.1,702029,22.6096,12.0175,90.7407,44.4272,108.3747,-18.3935,-0.1174,0.3492
1779744292086,2,Pitching Mound.Drive,,Delivery,pitch.1,702900,0.0304,-0.3155,0.7758,0.0281,-0.4049,-0.4612,0.0,0.0
1779744292086,2,Pitching Mound.Parent,,Delivery,pitch.1,701353,22.64,11.702,91.5165,44.4553,107.9698,-18.8547,-0.1164,0.3463
1779744292087,2,11.0000004b,Drive,Delivery,pitch.1,702901,0.0348,-0.3138,0.7796,0.0287,-0.4143,-0.4667,0.0,0.0
1779744292087,2,12.00000015,Lower Delivery,Delivery,pitch.1,702978,23.2519,12.1719,90.7153,12.4565,112.2044,-6.4711,-0.1177,0.0131
1779744292087,2,12.00000018,Upper Delivery,Delivery,pitch.1,703664,-0.4405,-0.0212,0.6372,1.5332,-3.6688,-4.2413,0.0,0.0
1779744292087,2,Pitching Mound.Delivery,,Delivery,pitch.1,702030,22.6877,12.083,91.0595,44.4087,108.3571,-18.5925,-0.117,0.3481
1779744292087,2,Pitching Mound.Drive,,Delivery,pitch.1,702901,0.0348,-0.3138,0.7796,0.0287,-0.4143,-0.4667,0.0,0.0
1779744292087,2,Pitching Mound.Parent,,Delivery,pitch.1,701354,22.7225,11.7692,91.8391,44.4374,107.9428,-19.0592,-0.116,0.3452
1779744292088,2,11.0000004b,Drive,Delivery,pitch.1,702902,0.0385,-0.3161,0.7643,0.0385,-0.5014,-0.4969,0.0,0.0
1779744292088,2,12.00000015,Lower Delivery,Delivery,pitch.1,702979,23.3793,12.2454,90.8806,12.7945,112.4966,-6.6011,-0.1178,0.0134
1779744292088,2,12.00000018,Upper Delivery,Delivery,pitch.1,703665,-0.4305,0.0043,0.5886,1.5252,-3.5871,-4.2173,0.0,0.0
1779744292088,2,Pitching Mound.Delivery,,Delivery,pitch.1,702031,22.8215,12.1762,91.304,44.6248,108.6173,-18.7404,-0.1169,0.3486
1779744292088,2,Pitching Mound.Drive,,Delivery,pitch.1,702902,0.0385,-0.3161,0.7643,0.0385,-0.5014,-0.4969,0.0,0.0
1779744292088,2,Pitching Mound.Parent,,Delivery,pitch.1,701355,22.8599,11.8601,92.0683,44.6633,108.1159,-19.2373,-0.1159,0.3457
1779744292089,2,11.0000004b,Drive,Delivery,pitch.1,702903,0.0487,-0.3137,0.7435,0.0443,-0.5302,-0.4938,0.0,0.0
1779744292089,2,12.00000018,Upper Delivery,Delivery,pitch.1,703666,-0.4128,0.0038,0.5492,1.3813,-3.6891,-4.2168,0.0,0.0
1779744292089,2,Pitching Mound.Delivery,,Delivery,pitch.1,702032,22.9665,12.2492,91.4298,44.8884,108.8075,-18.9072,-0.117,0.3492
1779744292089,2,Pitching Mound.Drive,,Delivery,pitch.1,702903,0.0487,-0.3137,0.7435,0.0443,-0.5302,-0.4938,0.0,0.0
1779744292089,2,Pitching Mound.Parent,,Delivery,pitch.1,701356,23.0152,11.9355,92.1733,44.9327,108.2773,-19.4011,-0.1161,0.3464
1779744292090,2,11.0000004b,Drive,Delivery,pitch.1,702904,0.0496,-0.3153,0.7338,0.0408,-0.5148,-0.5054,0.0,0.0
1779744292090,2,12.00000015,Lower Delivery,Delivery,pitch.1,702980,23.5246,12.3167,90.9904,12.72,112.506,-6.757,-0.1176,0.0133
1779744292090,2,12.00000015,Lower Delivery,Delivery,pitch.1,702981,23.6774,12.3915,91.1838,13.1099,112.4551,-6.8881,-0.1173,0.0137
1779744292090,2,12.00000018,Upper Delivery,Delivery,pitch.1,703667,-0.4275,-0.0559,0.6937,1.5761,-3.8598,-4.2069,0.0,0.0
1779744292090,2,Pitching Mound.Delivery,,Delivery,pitch.1,702033,23.0971,12.2608,91.6841,44.997,108.6462,-19.1076,-0.1167,0.3481
1779744292090,2,Pitching Mound.Drive,,Delivery,pitch.1,702904,0.0496,-0.3153,0.7338,0.0408,-0.5148,-0.5054,0.0,0.0
1779744292090,2,Pitching Mound.Parent,,Delivery,pitch.1,701357,23.1467,11.9455,92.4179,45.0378,108.1314,-19.613,-0.1158,0.3453
1779744292091,2,11.0000004b,Drive,Delivery,pitch.1,702905,0.0563,-0.3068,0.7239,0.0421,-0.4837,-0.4556,0.0,0.0
1779744292091,2,12.00000015,Lower Delivery,Delivery,pitch.1,702982,23.8475,12.4564,91.5693,13.2138,112.5408,-7.0471,-0.1169,0.0137
1779744292091,2,12.00000018,Upper Delivery,Delivery,pitch.1,703668,-0.4371,-0.0627,0.8551,1.8625,-4.0339,-4.1884,0.0,0.0
1779744292091,2,Pitching Mound.Delivery,,Delivery,pitch.1,702034,23.2404,12.3288,92.0389,45.6841,108.4212,-19.2755,-0.1162,0.3472
1779744292091,2,Pitching Mound.Drive,,Delivery,pitch.1,702905,0.0563,-0.3068,0.7239,0.0421,-0.4837,-0.4556,0.0,0.0
1779744292091,2,Pitching Mound.Parent,,Delivery,pitch.1,701358,23.2967,12.022,92.7629,45.7262,107.9375,-19.7311,-0.1153,0.3445
1779744292092,2,11.0000004b,Drive,Delivery,pitch.1,702906,0.0606,-0.3002,0.7273,0.0495,-0.574,-0.5123,0.0,0.0
1779744292092,2,12.00000015,Lower Delivery,Delivery,pitch.1,702983,23.9849,12.5335,91.9715,13.468,112.67,-7.1452,-0.1165,0.0139
1779744292092,2,12.00000018,Upper Delivery,Delivery,pitch.1,703669,-0.4363,-0.0654,0.9105,1.7751,-4.0568,-4.2138,0.0,0.0
1779744292092,2,Pitching Mound.Delivery,,Delivery,pitch.1,702035,23.4112,12.391,92.4798,45.8129,108.484,-19.5174,-0.1158,0.3469
1779744292092,2,Pitching Mound.Drive,,Delivery,pitch.1,702906,0.0606,-0.3002,0.7273,0.0495,-0.574,-0.5123,0.0,0.0
1779744292092,2,Pitching Mound.Parent,,Delivery,pitch.1,701359,23.4718,12.0908,93.2071,45.8625,107.91,-20.0297,-0.1149,0.3442
1779744292093,2,11.0000004b,Drive,Delivery,pitch.1,702907,0.0685,-0.3006,0.7193,0.0564,-0.6369,-0.4947,0.0,0.0
1779744292093,2,12.00000015,Lower Delivery,Delivery,pitch.1,702984,24.122,12.616,92.7281,13.1736,112.7256,-7.2406,-0.1156,0.0135
1779744292093,2,12.00000018,Upper Delivery,Delivery,pitch.1,703670,-0.4325,-0.075,0.9883,2.3841,-4.7944,-4.1912,0.0,0.0
1779744292093,2,Pitching Mound.Delivery,,Delivery,pitch.1,702036,23.5524,12.4585,92.9598,46.7864,107.8756,-19.6383,-0.1153,0.3466
1779744292093,2,Pitching Mound.Drive,,Delivery,pitch.1,702907,0.0685,-0.3006,0.7193,0.0564,-0.6369,-0.4947,0.0,0.0
1779744292093,2,Pitching Mound.Parent,,Delivery,pitch.1,701360,23.6209,12.1579,93.6791,46.8428,107.2387,-20.133,-0.1144,0.3439
1779744292094,2,11.0000004b,Drive,Delivery,pitch.1,702908,0.0819,-0.2682,0.6758,0.0419,-0.5167,-0.4899,0.0,0.0
1779744292094,2,12.00000015,Lower Delivery,Delivery,pitch.1,702985,24.256,12.6854,93.1171,13.2749,112.7498,-7.3743,-0.1152,0.0136
1779744292094,2,12.00000018,Upper Delivery,Delivery,pitch.1,703671,-0.4183,-0.0827,1.0425,2.4478,-5.0764,-4.1769,0.0,0.0
1779744292094,2,Pitching Mound.Delivery,,Delivery,pitch.1,702037,23.7038,12.5333,93.7706,46.7945,107.6492,-19.7611,-0.1144,0.3458
1779744292094,2,Pitching Mound.Drive,,Delivery,pitch.1,702908,0.0819,-0.2682,0.6758,0.0419,-0.5167,-0.4899,0.0,0.0
1779744292094,2,Pitching Mound.Parent,,Delivery,pitch.1,701361,23.7857,12.2651,94.4464,46.8363,107.1325,-20.2511,-0.1135,0.3433
1779744292095,2,11.0000004b,Drive,Delivery,pitch.1,702909,0.0797,-0.2768,0.708,0.0445,-0.5337,-0.4755,0.0,0.0
1779744292095,2,12.00000015,Lower Delivery,Delivery,pitch.1,702986,24.4186,12.7719,93.6606,13.2567,112.7495,-7.4601,-0.1145,0.0135
1779744292095,2,12.00000018,Upper Delivery,Delivery,pitch.1,703672,-0.4293,-0.1029,1.011,2.4524,-5.0705,-4.1909,0.0,0.0
1779744292095,2,Pitching Mound.Delivery,,Delivery,pitch.1,702038,23.8267,12.5825,94.1282,47.0434,107.6793,-19.9581,-0.1139,0.3461
1779744292095,2,Pitching Mound.Drive,,Delivery,pitch.1,702909,0.0797,-0.2768,0.708,0.0445,-0.5337,-0.4755,0.0,0.0
1779744292095,2,Pitching Mound.Parent,,Delivery,pitch.1,701362,23.9064,12.3057,94.8362,47.0878,107.1455,-20.4337,-0.1131,0.3435
1779744292096,2,11.0000004b,Drive,Delivery,pitch.1,702910,0.0819,-0.277,0.7013,0.0525,-0.6163,-0.5013,0.0,0.0
1779744292096,2,12.00000015,Lower Delivery,Delivery,pitch.1,702987,24.567,12.8657,94.1657,13.1018,112.6492,-7.5491,-0.1138,0.0132
1779744292096,2,12.00000018,Upper Delivery,Delivery,pitch.1,703673,-0.4775,-0.1605,0.7357,2.7165,-5.2211,-4.1289,0.0,0.0
1779744292096,2,Pitching Mound.Delivery,,Delivery,pitch.1,702039,23.9411,12.6114,94.3963,47.5676,107.5284,-20.0537,-0.1136,0.3481
1779744292096,2,Pitching Mound.Drive,,Delivery,pitch.1,702910,0.0819,-0.277,0.7013,0.0525,-0.6163,-0.5013,0.0,0.0
1779744292096,2,Pitching Mound.Parent,,Delivery,pitch.1,701363,24.023,12.3343,95.0977,47.6201,106.9122,-20.555,-0.1128,0.3455
1779744292097,2,11.0000004b,Drive,Delivery,pitch.1,702911,0.0679,-0.2798,0.7284,0.0505,-0.5817,-0.4744,0.0,0.0
1779744292097,2,12.00000015,Lower Delivery,Delivery,pitch.1,702988,24.7228,12.9492,94.8801,12.4531,112.5748,-7.622,-0.1129,0.0125
1779744292097,2,12.00000018,Upper Delivery,Delivery,pitch.1,703674,-0.4898,-0.1737,0.5831,2.6666,-5.1169,-4.0954,0.0,0.0
1779744292097,2,Pitching Mound.Delivery,,Delivery,pitch.1,702040,24.0773,12.692,94.7489,47.5865,107.5323,-20.1637,-0.1131,0.349
1779744292097,2,Pitching Mound.Drive,,Delivery,pitch.1,702911,0.0679,-0.2798,0.7284,0.0505,-0.5817,-0.4744,0.0,0.0
1779744292097,2,Pitching Mound.Parent,,Delivery,pitch.1,701364,24.1452,12.4122,95.4773,47.637,106.9507,-20.6382,-0.1122,0.3463
1779744292098,2,11.0000004b,Drive,Delivery,pitch.1,702912,0.0571,-0.3032,0.7853,0.0684,-0.7348,-0.4816,0.0,0.0
1779744292098,2,12.00000015,Lower Delivery,Delivery,pitch.1,702989,24.8631,13.0288,95.2571,12.4966,112.6769,-7.7002,-0.1125,0.0125
1779744292098,2,12.00000018,Upper Delivery,Delivery,pitch.1,703675,-0.5235,-0.1942,0.4457,2.6519,-5.2257,-4.0886,0.0,0.0
1779744292098,2,Pitching Mound.Delivery,,Delivery,pitch.1,702041,24.1993,12.755,95.3258,47.2126,107.3492,-20.2943,-0.1123,0.3492
1779744292098,2,Pitching Mound.Drive,,Delivery,pitch.1,702912,0.0571,-0.3032,0.7853,0.0684,-0.7348,-0.4816,0.0,0.0
1779744292098,2,Pitching Mound.Parent,,Delivery,pitch.1,701365,24.2564,12.4518,96.1111,47.281,106.6144,-20.7759,-0.1114,0.3464
1779744292099,2,11.0000004b,Drive,Delivery,pitch.1,702913,0.0594,-0.3032,0.8069,0.061,-0.6599,-0.452,0.0,0.0
1779744292099,2,12.00000015,Lower Delivery,Delivery,pitch.1,702990,25.0091,13.0909,95.4833,12.3775,112.7655,-7.7469,-0.1123,0.0123
1779744292099,2,12.00000018,Upper Delivery,Delivery,pitch.1,703676,-0.5148,-0.2067,0.1916,2.5887,-5.2316,-4.0081,0.0,0.0
1779744292099,2,Pitching Mound.Delivery,,Delivery,pitch.1,702042,24.3482,12.8221,95.4487,47.4075,107.4453,-20.3368,-0.1123,0.3511
1779744292099,2,Pitching Mound.Drive,,Delivery,pitch.1,702913,0.0594,-0.3032,0.8069,0.061,-0.6599,-0.452,0.0,0.0
1779744292099,2,Pitching Mound.Parent,,Delivery,pitch.1,701366,24.4076,12.5189,96.2556,47.4686,106.7854,-20.7888,-0.1114,0.3481
1779744292100,2,11.0000004b,Drive,Delivery,pitch.1,702914,0.0511,-0.3061,0.795,0.0515,-0.5913,-0.4681,0.0,0.0
1779744292100,2,12.00000015,Lower Delivery,Delivery,pitch.1,702991,25.1587,13.1536,95.6415,12.4706,112.9866,-7.8391,-0.1124,0.0124
1779744292100,2,12.00000018,Upper Delivery,Delivery,pitch.1,703677,-0.5356,-0.1874,0.552,2.3519,-4.9782,-3.9762,0.0,0.0
1779744292100,2,Pitching Mound.Delivery,,Delivery,pitch.1,702043,24.4735,12.9035,96.0353,47.006,107.7872,-20.4083,-0.1117,0.3484
1779744292100,2,Pitching Mound.Drive,,Delivery,pitch.1,702914,0.0511,-0.3061,0.795,0.0515,-0.5913,-0.4681,0.0,0.0
1779744292100,2,Pitching Mound.Parent,,Delivery,pitch.1,701367,24.5246,12.5974,96.8302,47.0576,107.196,-20.8764,-0.1108,0.3455
1779744292101,2,11.0000004b,Drive,Delivery,pitch.1,702915,0.0368,-0.3214,0.8039,0.0522,-0.5989,-0.4688,0.0,0.0
1779744292101,2,12.00000015,Lower Delivery,Delivery,pitch.1,702992,25.28,13.2305,95.7134,12.7884,113.4295,-7.9609,-0.1127,0.0127
1779744292101,2,12.00000018,Upper Delivery,Delivery,pitch.1,703678,-0.5073,-0.1402,0.981,2.1574,-4.6735,-4.047,0.0,0.0
1779744292101,2,Pitching Mound.Delivery,,Delivery,pitch.1,702044,24.6514,13.0134,96.6225,46.8126,108.3131,-20.6126,-0.1112,0.3454
1779744292101,2,Pitching Mound.Drive,,Delivery,pitch.1,702915,0.0368,-0.3214,0.8039,0.0522,-0.5989,-0.4688,0.0,0.0
1779744292101,2,Pitching Mound.Parent,,Delivery,pitch.1,701368,24.6882,12.692,97.4264,46.8648,107.7142,-21.0814,-0.1103,0.3425
1779744292102,2,11.0000004b,Drive,Delivery,pitch.1,702916,0.0232,-0.3457,0.8562,0.0493,-0.5883,-0.4835,0.0,0.0
1779744292102,2,12.00000015,Lower Delivery,Delivery,pitch.1,702993,25.4285,13.3122,95.8313,12.6585,113.5793,-8.028,-0.1127,0.0126
1779744292102,2,12.00000018,Upper Delivery,Delivery,pitch.1,703679,-0.5114,-0.1121,1.178,2.2295,-4.5294,-4.0484,0.0,0.0
1779744292102,2,Pitching Mound.Delivery,,Delivery,pitch.1,702045,24.7686,13.1185,96.8914,47.1599,108.9001,-20.7784,-0.1114,0.3443
1779744292102,2,Pitching Mound.Drive,,Delivery,pitch.1,702916,0.0232,-0.3457,0.8562,0.0493,-0.5883,-0.4835,0.0,0.0
1779744292102,2,Pitching Mound.Parent,,Delivery,pitch.1,701369,24.7919,12.7727,97.7476,47.2093,108.3118,-21.2619,-0.1104,0.3413
1779744292103,2,11.0000004b,Drive,Delivery,pitch.1,702917,0.0191,-0.3258,0.8074,0.0352,-0.4604,-0.4631,0.0,0.0
1779744292103,2,12.00000015,Lower Delivery,Delivery,pitch.1,702994,25.5681,13.3716,95.9968,12.7268,113.7061,-8.1305,-0.1127,0.0126
1779744292103,2,12.00000018,Upper Delivery,Delivery,pitch.1,703680,-0.4929,-0.1052,1.2372,2.2367,-4.3097,-4.0942,0.0,0.0
1779744292103,2,Pitching Mound.Delivery,,Delivery,pitch.1,702046,24.9356,13.207,97.0685,47.0572,109.2696,-20.9355,-0.1113,0.3437
1779744292103,2,Pitching Mound.Drive,,Delivery,pitch.1,702917,0.0191,-0.3258,0.8074,0.0352,-0.4604,-0.4631,0.0,0.0
1779744292103,2,Pitching Mound.Parent,,Delivery,pitch.1,701370,24.9547,12.8812,97.8759,47.0925,108.8092,-21.3987,-0.1104,0.3409
1779744292104,2,11.0000004b,Drive,Delivery,pitch.1,702918,0.0007,-0.3525,0.8869,0.0288,-0.3998,-0.4498,0.0,0.0
1779744292104,2,12.00000015,Lower Delivery,Delivery,pitch.1,702995,25.7133,13.3978,96.0979,13.4529,114.0483,-8.1793,-0.1129,0.0133
1779744292104,2,12.00000018,Upper Delivery,Delivery,pitch.1,703681,-0.4704,-0.0655,1.2205,2.2567,-4.3659,-4.0511,0.0,0.0
1779744292104,2,Pitching Mound.Delivery,,Delivery,pitch.1,702047,25.0977,13.3061,97.2173,47.2074,109.3401,-21.0346,-0.1113,0.3439
1779744292104,2,Pitching Mound.Drive,,Delivery,pitch.1,702918,0.0007,-0.3525,0.8869,0.0288,-0.3998,-0.4498,0.0,0.0
1779744292104,2,Pitching Mound.Parent,,Delivery,pitch.1,701371,25.0984,12.9536,98.1042,47.2362,108.9404,-21.4844,-0.1103,0.3408
1779744292105,2,11.0000004b,Drive,Delivery,pitch.1,702919,0.0024,-0.3614,0.8823,0.0457,-0.5546,-0.4793,0.0,0.0
1779744292105,2,12.00000015,Lower Delivery,Delivery,pitch.1,702996,25.8441,13.4472,96.107,13.5008,114.4372,-8.296,-0.1133,0.0134
1779744292105,2,12.00000018,Upper Delivery,Delivery,pitch.1,703682,-0.4803,-0.0653,1.0124,1.9658,-3.967,-4.0643,0.0,0.0
1779744292105,2,Pitching Mound.Delivery,,Delivery,pitch.1,702048,25.2331,13.3324,97.1103,47.7479,110.0813,-21.1495,-0.1117,0.3461
1779744292105,2,Pitching Mound.Drive,,Delivery,pitch.1,702919,0.0024,-0.3614,0.8823,0.0457,-0.5546,-0.4793,0.0,0.0
1779744292105,2,Pitching Mound.Parent,,Delivery,pitch.1,701372,25.2354,12.9711,97.9927,47.7936,109.5267,-21.6288,-0.1107,0.343
1779744292106,2,11.0000004b,Drive,Delivery,pitch.1,702920,0.0024,-0.364,0.8463,0.0333,-0.468,-0.4993,0.0,0.0
1779744292106,2,12.00000015,Lower Delivery,Delivery,pitch.1,702997,25.9919,13.4994,96.1898,13.8771,114.9194,-8.3599,-0.1137,0.0137
1779744292106,2,12.00000018,Upper Delivery,Delivery,pitch.1,703683,-0.4546,-0.0258,1.1607,2.1327,-4.514,-4.0278,0.0,0.0
1779744292106,2,Pitching Mound.Delivery,,Delivery,pitch.1,702049,25.3896,13.4214,97.2677,47.9151,109.9232,-21.2654,-0.1119,0.3451
1779744292106,2,Pitching Mound.Drive,,Delivery,pitch.1,702920,0.0024,-0.364,0.8463,0.0333,-0.468,-0.4993,0.0,0.0
1779744292106,2,Pitching Mound.Parent,,Delivery,pitch.1,701373,25.392,13.0574,98.114,47.9484,109.4552,-21.7647,-0.111,0.3421
1779744292107,2,11.0000004b,Drive,Delivery,pitch.1,702921,0.0097,-0.3499,0.8208,0.0282,-0.4206,-0.4831,0.0,0.0
1779744292107,2,12.00000015,Lower Delivery,Delivery,pitch.1,702998,26.1314,13.5191,96.2767,14.4432,115.431,-8.4508,-0.1141,0.0143
1779744292107,2,12.00000018,Upper Delivery,Delivery,pitch.1,703684,-0.3997,0.0087,0.7233,1.9527,-4.6593,-3.9877,0.0,0.0
1779744292107,2,Pitching Mound.Delivery,,Delivery,pitch.1,702050,25.5922,13.5081,96.9131,48.2885,110.2601,-21.3208,-0.1128,0.3485
1779744292107,2,Pitching Mound.Drive,,Delivery,pitch.1,702921,0.0097,-0.3499,0.8208,0.0282,-0.4206,-0.4831,0.0,0.0
1779744292107,2,Pitching Mound.Parent,,Delivery,pitch.1,701374,25.6018,13.1583,97.7339,48.3166,109.8395,-21.8039,-0.1119,0.3456
1779744292108,2,11.0000004b,Drive,Delivery,pitch.1,702922,0.0075,-0.3605,0.8302,0.0265,-0.4027,-0.4812,0.0,0.0
1779744292108,2,12.00000015,Lower Delivery,Delivery,pitch.1,702999,26.266,13.5561,96.3979,14.8477,115.6743,-8.511,-0.1142,0.0147
1779744292108,2,12.00000018,Upper Delivery,Delivery,pitch.1,703685,-0.3645,0.0395,0.5857,1.9256,-4.8111,-4.005,0.0,0.0
1779744292108,2,Pitching Mound.Delivery,,Delivery,pitch.1,702051,25.7669,13.5585,96.8624,48.9037,110.6199,-21.4643,-0.1134,0.3501
1779744292108,2,Pitching Mound.Drive,,Delivery,pitch.1,702922,0.0075,-0.3605,0.8302,0.0265,-0.4027,-0.4812,0.0,0.0
1779744292108,2,Pitching Mound.Parent,,Delivery,pitch.1,701375,25.7744,13.1981,97.6926,48.9303,110.2173,-21.9455,-0.1124,0.3471
1779744292109,2,11.0000004b,Drive,Delivery,pitch.1,702923,0.0156,-0.3733,0.8481,0.0329,-0.4434,-0.4721,0.0,0.0
1779744292109,2,12.00000015,Lower Delivery,Delivery,pitch.1,703000,26.3947,13.5987,96.4961,14.9374,115.8384,-8.6291,-0.1142,0.0147
1779744292109,2,12.00000018,Upper Delivery,Delivery,pitch.1,703686,-0.36,0.0293,0.5613,1.5256,-5.0818,-3.9732,0.0,0.0
1779744292109,2,Pitching Mound.Delivery,,Delivery,pitch.1,702052,25.906,13.5855,96.9591,48.9578,110.5925,-21.537,-0.1135,0.3506
1779744292109,2,Pitching Mound.Drive,,Delivery,pitch.1,702923,0.0156,-0.3733,0.8481,0.0329,-0.4434,-0.4721,0.0,0.0
1779744292109,2,Pitching Mound.Parent,,Delivery,pitch.1,701376,25.9216,13.2121,97.8072,48.9906,110.149,-22.0091,-0.1125,0.3476
1779744292110,2,11.0000004b,Drive,Delivery,pitch.1,702924,0.0237,-0.3571,0.8396,0.0315,-0.4168,-0.4524,0.0,0.0
1779744292110,2,12.00000015,Lower Delivery,Delivery,pitch.1,703001,26.5393,13.6487,96.6336,15.5411,116.1553,-8.7064,-0.1143,0.0153
1779744292110,2,12.00000018,Upper Delivery,Delivery,pitch.1,703687,-0.3822,0.0342,0.6517,1.4589,-5.0377,-3.9465,0.0,0.0
1779744292110,2,Pitching Mound.Delivery,,Delivery,pitch.1,702053,26.0125,13.6329,97.1478,48.9833,110.8007,-21.6797,-0.1134,0.3501
1779744292110,2,Pitching Mound.Drive,,Delivery,pitch.1,702924,0.0237,-0.3571,0.8396,0.0315,-0.4168,-0.4524,0.0,0.0
1779744292110,2,Pitching Mound.Parent,,Delivery,pitch.1,701377,26.0362,13.2758,97.9874,49.0148,110.3839,-22.1321,-0.1125,0.3471
1779744292111,2,11.0000004b,Drive,Delivery,pitch.1,702925,0.0305,-0.3646,0.8777,0.0366,-0.4742,-0.472,0.0,0.0
1779744292111,2,12.00000015,Lower Delivery,Delivery,pitch.1,703002,26.6699,13.691,96.841,15.5295,116.4094,-8.7661,-0.1144,0.0153
1779744292111,2,12.00000018,Upper Delivery,Delivery,pitch.1,703688,-0.3955,0.0212,0.7877,1.3251,-5.1677,-3.9153,0.0,0.0
1779744292111,2,Pitching Mound.Delivery,,Delivery,pitch.1,702054,26.1438,13.6698,97.4212,49.4537,110.9876,-21.7796,-0.1134,0.3497
1779744292111,2,Pitching Mound.Drive,,Delivery,pitch.1,702925,0.0305,-0.3646,0.8777,0.0366,-0.4742,-0.472,0.0,0.0
1779744292111,2,Pitching Mound.Parent,,Delivery,pitch.1,701378,26.1743,13.3052,98.299,49.4904,110.5134,-22.2516,-0.1124,0.3466
1779744292112,2,11.0000004b,Drive,Delivery,pitch.1,702926,0.0274,-0.3852,0.9095,0.0342,-0.4439,-0.4538,0.0,0.0
1779744292112,2,12.00000015,Lower Delivery,Delivery,pitch.1,703003,26.8211,13.7025,97.0529,15.6406,116.6172,-8.8332,-0.1143,0.0153
1779744292112,2,12.00000018,Upper Delivery,Delivery,pitch.1,703689,-0.4086,-0.0007,1.1186,1.7211,-5.3232,-3.9495,0.0,0.0
1779744292112,2,Pitching Mound.Delivery,,Delivery,pitch.1,702055,26.2613,13.6902,97.9596,49.7962,111.0863,-21.9222,-0.113,0.3473
1779744292112,2,Pitching Mound.Drive,,Delivery,pitch.1,702926,0.0274,-0.3852,0.9095,0.0342,-0.4439,-0.4538,0.0,0.0
1779744292112,2,Pitching Mound.Parent,,Delivery,pitch.1,701379,26.2887,13.305,98.8692,49.8304,110.6424,-22.3761,-0.112,0.3441
1779744292113,2,11.0000004b,Drive,Delivery,pitch.1,702927,0.0336,-0.3754,0.9065,0.0283,-0.3898,-0.4421,0.0,0.0
1779744292113,2,12.00000015,Lower Delivery,Delivery,pitch.1,703004,26.956,13.7369,97.2433,15.8749,116.7149,-8.8857,-0.1142,0.0155
1779744292113,2,12.00000018,Upper Delivery,Delivery,pitch.1,703690,-0.4066,-0.0203,1.1097,1.4122,-5.4348,-3.8801,0.0,0.0
1779744292113,2,Pitching Mound.Delivery,,Delivery,pitch.1,702056,26.4145,13.6822,98.1627,49.6735,111.1824,-21.9708,-0.113,0.3475
1779744292113,2,Pitching Mound.Drive,,Delivery,pitch.1,702927,0.0336,-0.3754,0.9065,0.0283,-0.3898,-0.4421,0.0,0.0
1779744292113,2,Pitching Mound.Parent,,Delivery,pitch.1,701380,26.4481,13.3068,99.0692,49.7017,110.7927,-22.4129,-0.112,0.3443
1779744292114,2,11.0000004b,Drive,Delivery,pitch.1,702928,0.0408,-0.3602,0.9142,0.0375,-0.4734,-0.4607,0.0,0.0
1779744292114,2,12.00000015,Lower Delivery,Delivery,pitch.1,703005,27.1176,13.7703,97.4707,16.0045,117.159,-8.9555,-0.1143,0.0156
1779744292114,2,12.00000018,Upper Delivery,Delivery,pitch.1,703691,-0.4077,-0.026,0.8904,1.5958,-5.4382,-3.9382,0.0,0.0
1779744292114,2,Pitching Mound.Delivery,,Delivery,pitch.1,702057,26.5482,13.7109,98.1337,50.2307,111.2767,-22.1276,-0.1131,0.3492
1779744292114,2,Pitching Mound.Drive,,Delivery,pitch.1,702928,0.0408,-0.3602,0.9142,0.0375,-0.4734,-0.4607,0.0,0.0
1779744292114,2,Pitching Mound.Parent,,Delivery,pitch.1,701381,26.589,13.3508,99.0479,50.2682,110.8033,-22.5883,-0.1121,0.346
1779744292115,2,11.0000004b,Drive,Delivery,pitch.1,702929,0.0426,-0.3517,0.9021,0.0213,-0.3398,-0.4515,0.0,0.0
1779744292115,2,12.00000015,Lower Delivery,Delivery,pitch.1,703006,27.2466,13.8114,97.7427,15.928,117.0502,-9.0231,-0.1139,0.0155
1779744292115,2,12.00000018,Upper Delivery,Delivery,pitch.1,703692,-0.374,0.0224,0.7683,1.6676,-5.4585,-3.9535,0.0,0.0
1779744292115,2,Pitching Mound.Delivery,,Delivery,pitch.1,702058,26.7437,13.7927,98.239,50.5509,111.7005,-22.2561,-0.1135,0.3502
1779744292115,2,Pitching Mound.Drive,,Delivery,pitch.1,702929,0.0426,-0.3517,0.9021,0.0213,-0.3398,-0.4515,0.0,0.0
1779744292115,2,Pitching Mound.Parent,,Delivery,pitch.1,701382,26.7862,13.441,99.1411,50.5722,111.3608,-22.7076,-0.1124,0.347
1779744292116,2,11.0000004b,Drive,Delivery,pitch.1,702930,0.054,-0.3451,0.866,0.0268,-0.3951,-0.466,0.0,0.0
1779744292116,2,12.00000015,Lower Delivery,Delivery,pitch.1,703007,27.3894,13.8283,97.8763,16.2838,117.4293,-9.069,-0.1141,0.0158
1779744292116,2,12.00000018,Upper Delivery,Delivery,pitch.1,703693,-0.4125,-0.0112,0.9756,2.0258,-5.4407,-3.9714,0.0,0.0
1779744292116,2,Pitching Mound.Delivery,,Delivery,pitch.1,702059,26.8341,13.8002,98.7182,50.8546,111.6095,-22.3985,-0.1128,0.3486
1779744292116,2,Pitching Mound.Drive,,Delivery,pitch.1,702930,0.054,-0.3451,0.866,0.0268,-0.3951,-0.466,0.0,0.0
1779744292116,2,Pitching Mound.Parent,,Delivery,pitch.1,701383,26.8881,13.4551,99.5842,50.8814,111.2144,-22.8646,-0.1118,0.3456
1779744292117,2,11.0000004b,Drive,Delivery,pitch.1,702931,0.0292,-0.3507,0.871,0.0295,-0.4066,-0.4535,0.0,0.0
1779744292117,2,12.00000015,Lower Delivery,Delivery,pitch.1,703008,27.5146,13.8394,98.1059,15.9456,117.2455,-9.142,-0.1137,0.0155
1779744292117,2,12.00000018,Upper Delivery,Delivery,pitch.1,703694,-0.4071,0.0137,0.8371,1.9784,-5.2725,-3.952,0.0,0.0
1779744292117,2,Pitching Mound.Delivery,,Delivery,pitch.1,702060,26.9823,13.842,98.7134,51.2555,112.1568,-22.4717,-0.1132,0.3499
1779744292117,2,Pitching Mound.Drive,,Delivery,pitch.1,702931,0.0292,-0.3507,0.871,0.0295,-0.4066,-0.4535,0.0,0.0
1779744292117,2,Pitching Mound.Parent,,Delivery,pitch.1,701384,27.0115,13.4913,99.5844,51.285,111.7502,-22.9252,-0.1122,0.3469
1779744292118,2,11.0000004b,Drive,Delivery,pitch.1,702932,0.0362,-0.3462,0.8557,0.036,-0.4904,-0.5021,0.0,0.0
1779744292118,2,12.00000015,Lower Delivery,Delivery,pitch.1,703009,27.6437,13.8605,98.1873,15.5957,117.2977,-9.2314,-0.1136,0.0151
1779744292118,2,12.00000018,Upper Delivery,Delivery,pitch.1,703695,-0.4169,-0.0024,0.8775,2.0975,-5.3179,-4.0122,0.0,0.0
1779744292118,2,Pitching Mound.Delivery,,Delivery,pitch.1,702061,27.0977,13.837,98.9834,51.1008,111.9276,-22.6509,-0.1127,0.3493
1779744292118,2,Pitching Mound.Drive,,Delivery,pitch.1,702932,0.0362,-0.3462,0.8557,0.036,-0.4904,-0.5021,0.0,0.0
1779744292118,2,Pitching Mound.Parent,,Delivery,pitch.1,701385,27.1339,13.4908,99.8391,51.1367,111.4372,-23.1529,-0.1117,0.3463
1779744292119,2,11.0000004b,Drive,Delivery,pitch.1,702933,0.0293,-0.3385,0.8513,0.0254,-0.4084,-0.5052,0.0,0.0
1779744292119,2,12.00000015,Lower Delivery,Delivery,pitch.1,703010,27.7671,13.8582,98.2659,16.0656,117.5978,-9.2524,-0.1138,0.0156
1779744292119,2,12.00000018,Upper Delivery,Delivery,pitch.1,703696,-0.4251,-0.0212,0.9759,2.0863,-5.2689,-3.9817,0.0,0.0
1779744292119,2,Pitching Mound.Delivery,,Delivery,pitch.1,702062,27.2186,13.8393,99.1631,50.7339,112.0288,-22.7565,-0.1125,0.3483
1779744292119,2,Pitching Mound.Drive,,Delivery,pitch.1,702933,0.0293,-0.3385,0.8513,0.0254,-0.4084,-0.5052,0.0,0.0
1779744292119,2,Pitching Mound.Parent,,Delivery,pitch.1,701386,27.2479,13.5009,100.0144,50.7593,111.6204,-23.2617,-0.1116,0.3453
1779744292120,2,11.0000004b,Drive,Delivery,pitch.1,702934,0.0254,-0.3443,0.8579,0.034,-0.4885,-0.5104,0.0,0.0
1779744292120,2,12.00000015,Lower Delivery,Delivery,pitch.1,703011,27.8981,13.8719,98.3916,16.0793,117.9602,-9.3451,-0.114,0.0155
1779744292120,2,12.00000018,Upper Delivery,Delivery,pitch.1,703697,-0.35,0.0796,0.6547,2.083,-5.4032,-4.044,0.0,0.0
1779744292120,2,Pitching Mound.Delivery,,Delivery,pitch.1,702063,27.4171,13.9378,98.9206,51.3364,112.1946,-22.8562,-0.1131,0.3509
1779744292120,2,Pitching Mound.Drive,,Delivery,pitch.1,702934,0.0254,-0.3443,0.8579,0.034,-0.4885,-0.5104,0.0,0.0
1779744292120,2,Pitching Mound.Parent,,Delivery,pitch.1,701387,27.4426,13.5935,99.7785,51.3704,111.7061,-23.3666,-0.1121,0.3479
1779744292121,2,11.0000004b,Drive,Delivery,pitch.1,702935,0.0121,-0.3527,0.8709,0.0321,-0.4686,-0.5136,0.0,0.0
1779744292121,2,12.00000015,Lower Delivery,Delivery,pitch.1,703012,28.0271,13.8929,98.4377,15.9736,118.1812,-9.4003,-0.1142,0.0154
1779744292121,2,12.00000018,Upper Delivery,Delivery,pitch.1,703698,-0.3336,0.0723,0.5972,2.0209,-5.5125,-4.0917,0.0,0.0
1779744292121,2,Pitching Mound.Delivery,,Delivery,pitch.1,702064,27.5645,13.9442,98.9888,51.3503,112.4477,-23.0356,-0.1134,0.3513
1779744292121,2,Pitching Mound.Drive,,Delivery,pitch.1,702935,0.0121,-0.3527,0.8709,0.0321,-0.4686,-0.5136,0.0,0.0
1779744292121,2,Pitching Mound.Parent,,Delivery,pitch.1,701388,27.5766,13.5915,99.8597,51.3824,111.9791,-23.5492,-0.1124,0.3483
1779744292122,2,11.0000004b,Drive,Delivery,pitch.1,702936,0.0194,-0.3284,0.8152,0.0406,-0.5459,-0.5204,0.0,0.0
1779744292122,2,12.00000015,Lower Delivery,Delivery,pitch.1,703013,28.1567,13.9114,98.4903,16.2878,118.8199,-9.4566,-0.1148,0.0157
1779744292122,2,12.00000018,Upper Delivery,Delivery,pitch.1,703699,-0.3583,0.0281,0.7349,2.1382,-5.4158,-4.0531,0.0,0.0
1779744292122,2,Pitching Mound.Delivery,,Delivery,pitch.1,702065,27.6688,13.9209,99.1726,51.3308,112.7655,-23.1044,-0.1134,0.3503
1779744292122,2,Pitching Mound.Drive,,Delivery,pitch.1,702936,0.0194,-0.3284,0.8152,0.0406,-0.5459,-0.5204,0.0,0.0
1779744292122,2,Pitching Mound.Parent,,Delivery,pitch.1,701389,27.6882,13.5925,99.9878,51.3713,112.2196,-23.6248,-0.1124,0.3474
1779744292123,2,11.0000004b,Drive,Delivery,pitch.1,702937,0.0236,-0.3247,0.8192,0.0549,-0.6864,-0.5558,0.0,0.0
1779744292123,2,12.00000015,Lower Delivery,Delivery,pitch.1,703014,28.287,13.944,98.566,16.2753,118.9847,-9.5348,-0.1148,0.0157
1779744292123,2,12.00000018,Upper Delivery,Delivery,pitch.1,703700,-0.3595,0.0347,0.7677,2.2146,-5.4617,-4.0747,0.0,0.0
1779744292123,2,Pitching Mound.Delivery,,Delivery,pitch.1,702066,27.7972,13.9461,99.258,51.728,113.3583,-23.2268,-0.1139,0.3504
1779744292123,2,Pitching Mound.Drive,,Delivery,pitch.1,702937,0.0236,-0.3247,0.8192,0.0549,-0.6864,-0.5558,0.0,0.0
1779744292123,2,Pitching Mound.Parent,,Delivery,pitch.1,701390,27.8208,13.6214,100.0771,51.7829,112.6719,-23.7826,-0.1129,0.3475
1779744292124,2,11.0000004b,Drive,Delivery,pitch.1,702938,0.0221,-0.317,0.787,0.0463,-0.6286,-0.5784,0.0,0.0
1779744292124,2,12.00000015,Lower Delivery,Delivery,pitch.1,703015,28.4142,13.9632,98.7204,16.0576,119.1075,-9.5851,-0.1148,0.0155
1779744292124,2,12.00000018,Upper Delivery,Delivery,pitch.1,703701,-0.3469,0.0802,0.7081,2.2713,-5.4783,-4.0605,0.0,0.0
1779744292124,2,Pitching Mound.Delivery,,Delivery,pitch.1,702067,27.9402,14.0241,99.274,51.8182,113.5064,-23.3308,-0.114,0.3507
1779744292124,2,Pitching Mound.Drive,,Delivery,pitch.1,702938,0.0221,-0.317,0.787,0.0463,-0.6286,-0.5784,0.0,0.0
1779744292124,2,Pitching Mound.Parent,,Delivery,pitch.1,701391,27.9622,13.7072,100.061,51.8645,112.8779,-23.9092,-0.1131,0.348
1779744292125,2,11.0000004b,Drive,Delivery,pitch.1,702939,0.0191,-0.3323,0.8163,0.054,-0.6875,-0.5622,0.0,0.0
1779744292125,2,12.00000015,Lower Delivery,Delivery,pitch.1,703016,28.558,13.9909,98.7634,16.1224,119.6558,-9.6439,-0.1153,0.0155
1779744292125,2,12.00000018,Upper Delivery,Delivery,pitch.1,703702,-0.3478,0.0842,0.7376,2.1834,-5.3689,-4.0136,0.0,0.0
1779744292125,2,Pitching Mound.Delivery,,Delivery,pitch.1,702068,28.0664,14.0474,99.458,51.5552,113.7387,-23.3778,-0.1139,0.3503
1779744292125,2,Pitching Mound.Drive,,Delivery,pitch.1,702939,0.0191,-0.3323,0.8163,0.054,-0.6875,-0.5622,0.0,0.0
1779744292125,2,Pitching Mound.Parent,,Delivery,pitch.1,701392,28.0855,13.7151,100.2743,51.6092,113.0512,-23.94,-0.113,0.3475
1779744292126,2,11.0000004b,Drive,Delivery,pitch.1,702940,0.0223,-0.3345,0.8292,0.0642,-0.7513,-0.5467,0.0,0.0
1779744292126,2,12.00000015,Lower Delivery,Delivery,pitch.1,703017,28.6811,14.003,98.8611,15.8534,120.0013,-9.7262,-0.1155,0.0153
1779744292126,2,12.00000018,Upper Delivery,Delivery,pitch.1,703703,-0.3789,0.0566,0.8309,2.2324,-5.3884,-4.0472,0.0,0.0
1779744292126,2,Pitching Mound.Delivery,,Delivery,pitch.1,702069,28.1791,14.0475,99.5942,51.6518,114.2675,-23.5297,-0.1143,0.3497
1779744292126,2,Pitching Mound.Drive,,Delivery,pitch.1,702940,0.0223,-0.3345,0.8292,0.0642,-0.7513,-0.5467,0.0,0.0
1779744292126,2,Pitching Mound.Parent,,Delivery,pitch.1,701393,28.2014,13.713,100.4235,51.7161,113.5162,-24.0764,-0.1133,0.3468
1779744292127,2,11.0000004b,Drive,Delivery,pitch.1,702942,0.0336,-0.3263,0.8378,0.0649,-0.753,-0.542,0.0,0.0
1779744292127,2,11.0000004b,Drive,Delivery,pitch.1,702941,0.0261,-0.3356,0.8408,0.0686,-0.7797,-0.5474,0.0,0.0
1779744292127,2,12.00000015,Lower Delivery,Delivery,pitch.1,703018,28.804,14.014,98.8666,15.7658,120.1686,-9.7529,-0.1156,0.0152
1779744292127,2,12.00000018,Upper Delivery,Delivery,pitch.1,703704,-0.3573,0.0625,0.7638,2.3212,-5.4914,-4.1197,0.0,0.0
1779744292127,2,Pitching Mound.Delivery,,Delivery,pitch.1,702070,28.3238,14.0655,99.6249,51.5277,114.5099,-23.719,-0.1146,0.3499
1779744292127,2,Pitching Mound.Drive,,Delivery,pitch.1,702942,0.0336,-0.3263,0.8378,0.0649,-0.753,-0.542,0.0,0.0
1779744292127,2,Pitching Mound.Drive,,Delivery,pitch.1,702941,0.0261,-0.3356,0.8408,0.0686,-0.7797,-0.5474,0.0,0.0
1779744292127,2,Pitching Mound.Parent,,Delivery,pitch.1,701394,28.3499,13.7299,100.4657,51.5963,113.7302,-24.2664,-0.1136,0.347
1779744292128,2,11.0000004b,Drive,Delivery,pitch.1,702943,0.019,-0.3414,0.8893,0.0581,-0.6924,-0.5277,0.0,0.0
1779744292128,2,12.00000015,Lower Delivery,Delivery,pitch.1,703019,28.9292,14.0323,99.0382,15.1866,120.1549,-9.8039,-0.1154,0.0146
1779744292128,2,12.00000018,Upper Delivery,Delivery,pitch.1,703705,-0.4116,0.013,0.9965,2.3154,-5.3849,-4.062,0.0,0.0
1779744292128,2,Pitching Mound.Delivery,,Delivery,pitch.1,702071,28.3924,14.027,99.8631,51.3571,114.7837,-23.7482,-0.1145,0.3482
1779744292128,2,Pitching Mound.Drive,,Delivery,pitch.1,702943,0.019,-0.3414,0.8893,0.0581,-0.6924,-0.5277,0.0,0.0
1779744292128,2,Pitching Mound.Parent,,Delivery,pitch.1,701395,28.426,13.7008,100.7009,51.422,114.0308,-24.2902,-0.1135,0.3453
1779744292129,2,12.00000015,Lower Delivery,Delivery,pitch.1,703020,29.0697,14.045,99.1,15.425,120.2419,-9.8481,-0.1154,0.0148
1779744292129,2,12.00000018,Upper Delivery,Delivery,pitch.1,703706,-0.3927,0.0114,0.7147,2.3582,-5.4303,-4.1501,0.0,0.0
1779744292129,2,Pitching Mound.Delivery,,Delivery,pitch.1,702072,28.5365,14.0437,99.7528,50.9749,114.7245,-23.9234,-0.1146,0.3496
1779744292129,2,Pitching Mound.Parent,,Delivery,pitch.1,701396,28.5555,13.7023,100.6421,51.033,114.0322,-24.4511,-0.1136,0.3465
1779744292130,2,11.0000004b,Drive,Delivery,pitch.1,702944,0.0191,-0.3274,0.864,0.0567,-0.6549,-0.4971,0.0,0.0
1779744292130,2,11.0000004b,Drive,Delivery,pitch.1,702945,0.0137,-0.3338,0.869,0.043,-0.555,-0.5221,0.0,0.0
1779744292130,2,12.00000015,Lower Delivery,Delivery,pitch.1,703021,29.2102,14.0652,99.0921,15.5567,120.5645,-9.9298,-0.1157,0.0149
1779744292130,2,12.00000018,Upper Delivery,Delivery,pitch.1,703707,-0.4141,-0.0109,0.7597,2.2333,-5.2559,-4.133,0.0,0.0
1779744292130,2,Pitching Mound.Delivery,,Delivery,pitch.1,702073,28.6555,14.0341,99.8596,51.094,114.986,-24.0055,-0.1145,0.3495
1779744292130,2,Pitching Mound.Drive,,Delivery,pitch.1,702944,0.0191,-0.3274,0.864,0.0567,-0.6549,-0.4971,0.0,0.0
1779744292130,2,Pitching Mound.Drive,,Delivery,pitch.1,702945,0.0137,-0.3338,0.869,0.043,-0.555,-0.5221,0.0,0.0
1779744292130,2,Pitching Mound.Parent,,Delivery,pitch.1,701397,28.6746,13.7066,100.7236,51.1507,114.3311,-24.5026,-0.1136,0.3465
1779744292131,2,12.00000015,Lower Delivery,Delivery,pitch.1,703022,29.3376,14.0693,99.1865,15.6921,120.5008,-9.9782,-0.1156,0.0151
1779744292131,2,12.00000018,Upper Delivery,Delivery,pitch.1,703708,-0.4503,-0.0383,0.9141,2.1666,-4.9491,-4.129,0.0,0.0
1779744292131,2,Pitching Mound.Delivery,,Delivery,pitch.1,702074,28.7599,14.027,100.0062,51.1038,115.6153,-24.1434,-0.1147,0.3486
1779744292131,2,Pitching Mound.Parent,,Delivery,pitch.1,701398,28.7736,13.6931,100.8752,51.1467,115.0603,-24.6655,-0.1137,0.3456
1779744292132,2,11.0000004b,Drive,Delivery,pitch.1,702946,0.0257,-0.3349,0.8476,0.0581,-0.6729,-0.5199,0.0,0.0
1779744292132,2,11.0000004b,Drive,Delivery,pitch.1,702947,0.0197,-0.3261,0.8704,0.0441,-0.5457,-0.5052,0.0,0.0
1779744292132,2,12.00000015,Lower Delivery,Delivery,pitch.1,703023,29.5139,14.0689,99.3026,16.2512,120.8086,-10.0444,-0.1157,0.0156
1779744292132,2,12.00000018,Upper Delivery,Delivery,pitch.1,703709,-0.4203,0.0112,0.715,1.9991,-4.902,-4.1293,0.0,0.0
1779744292132,2,Pitching Mound.Delivery,,Delivery,pitch.1,702075,28.9173,14.0805,99.9015,51.1715,115.5988,-24.2251,-0.1147,0.3501
1779744292132,2,Pitching Mound.Drive,,Delivery,pitch.1,702946,0.0257,-0.3349,0.8476,0.0581,-0.6729,-0.5199,0.0,0.0
1779744292132,2,Pitching Mound.Drive,,Delivery,pitch.1,702947,0.0197,-0.3261,0.8704,0.0441,-0.5457,-0.5052,0.0,0.0
1779744292132,2,Pitching Mound.Parent,,Delivery,pitch.1,701399,28.943,13.7456,100.7491,51.2296,114.9259,-24.745,-0.1138,0.3471
1779744292133,2,11.0000004b,Drive,Delivery,pitch.1,702948,0.0265,-0.3393,0.8778,0.0444,-0.5571,-0.5166,0.0,0.0
1779744292133,2,12.00000015,Lower Delivery,Delivery,pitch.1,703024,29.6453,14.0831,99.3341,16.2263,120.9374,-10.1515,-0.1158,0.0155
1779744292133,2,12.00000018,Upper Delivery,Delivery,pitch.1,703710,-0.4084,0.022,0.6757,2.0097,-4.9902,-4.1299,0.0,0.0
1779744292133,2,Pitching Mound.Delivery,,Delivery,pitch.1,702076,29.1055,14.0909,99.9783,51.7941,115.8184,-24.348,-0.1149,0.3509
1779744292133,2,Pitching Mound.Drive,,Delivery,pitch.1,702948,0.0265,-0.3393,0.8778,0.0444,-0.5571,-0.5166,0.0,0.0
1779744292133,2,Pitching Mound.Parent,,Delivery,pitch.1,701400,29.1252,13.7648,100.8486,51.8382,115.2727,-24.8532,-0.114,0.3478
1779744292134,2,11.0000004b,Drive,Delivery,pitch.1,702949,0.0235,-0.3469,0.8985,0.044,-0.5356,-0.4884,0.0,0.0
1779744292134,2,12.00000015,Lower Delivery,Delivery,pitch.1,703025,29.7908,14.0788,99.2695,16.6983,121.3514,-10.1884,-0.1163,0.016
1779744292134,2,12.00000018,Upper Delivery,Delivery,pitch.1,703712,-0.447,-0.0163,0.87,2.0359,-4.6166,-4.1464,0.0,0.0
1779744292134,2,12.00000018,Upper Delivery,Delivery,pitch.1,703711,-0.4323,0.002,0.7779,1.9733,-4.7645,-4.1248,0.0,0.0
1779744292134,2,Pitching Mound.Delivery,,Delivery,pitch.1,702077,29.213,14.0851,100.1119,51.7087,116.1729,-24.5027,-0.1149,0.3501
1779744292134,2,Pitching Mound.Delivery,,Delivery,pitch.1,702078,29.3438,14.0624,100.1396,52.19,116.7349,-24.6157,-0.1153,0.35
1779744292134,2,Pitching Mound.Drive,,Delivery,pitch.1,702949,0.0235,-0.3469,0.8985,0.044,-0.5356,-0.4884,0.0,0.0
1779744292134,2,Pitching Mound.Parent,,Delivery,pitch.1,701401,29.2395,13.7458,100.9897,51.7531,115.6158,-25.0193,-0.1139,0.3471
1779744292134,2,Pitching Mound.Parent,,Delivery,pitch.1,701402,29.3673,13.7155,101.0381,52.234,116.1993,-25.1041,-0.1143,0.3468
1779744292135,2,11.0000004b,Drive,Delivery,pitch.1,702950,0.0229,-0.3548,0.9306,0.0528,-0.6273,-0.523,0.0,0.0
1779744292135,2,12.00000015,Lower Delivery,Delivery,pitch.1,703026,29.9222,14.0907,99.034,16.7719,121.4607,-10.338,-0.1167,0.0161
1779744292135,2,Pitching Mound.Drive,,Delivery,pitch.1,702950,0.0229,-0.3548,0.9306,0.0528,-0.6273,-0.523,0.0,0.0
1779744292136,2,11.0000004b,Drive,Delivery,pitch.1,702951,0.0282,-0.3378,0.8473,0.0472,-0.5862,-0.5209,0.0,0.0
1779744292136,2,12.00000015,Lower Delivery,Delivery,pitch.1,703027,30.0721,14.1042,98.9738,16.698,121.7389,-10.4013,-0.117,0.016
1779744292136,2,12.00000018,Upper Delivery,Delivery,pitch.1,703713,-0.4286,-0.0091,0.7992,2.0376,-4.6319,-4.1289,0.0,0.0
1779744292136,2,12.00000018,Upper Delivery,Delivery,pitch.1,703714,-0.4157,-0.0114,0.7984,2.0054,-4.8699,-4.1622,0.0,0.0
1779744292136,2,Pitching Mound.Delivery,,Delivery,pitch.1,702080,29.6564,14.0928,99.7722,52.0829,116.869,-24.9293,-0.1161,0.3505
1779744292136,2,Pitching Mound.Delivery,,Delivery,pitch.1,702079,29.4936,14.0815,99.8332,52.2093,116.8288,-24.7862,-0.1157,0.3505
1779744292136,2,Pitching Mound.Drive,,Delivery,pitch.1,702951,0.0282,-0.3378,0.8473,0.0472,-0.5862,-0.5209,0.0,0.0
1779744292136,2,Pitching Mound.Parent,,Delivery,pitch.1,701404,29.6846,13.7549,100.6196,52.1301,116.2828,-25.4502,-0.1151,0.3475
1779744292136,2,Pitching Mound.Parent,,Delivery,pitch.1,701403,29.5165,13.7267,100.7638,52.2621,116.2015,-25.3092,-0.1147,0.3473
1779744292137,2,11.0000004b,Drive,Delivery,pitch.1,702952,0.0244,-0.3379,0.8185,0.0543,-0.659,-0.5462,0.0,0.0
1779744292137,2,12.00000015,Lower Delivery,Delivery,pitch.1,703028,30.2273,14.1302,98.8017,17.1585,121.8828,-10.5174,-0.1174,0.0165
1779744292137,2,12.00000018,Upper Delivery,Delivery,pitch.1,703715,-0.4356,-0.0221,0.7961,2.0766,-4.8978,-4.1682,0.0,0.0
1779744292137,2,Pitching Mound.Delivery,,Delivery,pitch.1,702081,29.7917,14.1081,99.5978,52.557,116.9851,-25.1111,-0.1164,0.351
1779744292137,2,Pitching Mound.Drive,,Delivery,pitch.1,702952,0.0244,-0.3379,0.8185,0.0543,-0.659,-0.5462,0.0,0.0
1779744292137,2,Pitching Mound.Parent,,Delivery,pitch.1,701405,29.8161,13.7702,100.4162,52.6113,116.3261,-25.6572,-0.1155,0.3481
1779744292138,2,11.0000004b,Drive,Delivery,pitch.1,702953,0.0433,-0.3384,0.8615,0.0686,-0.7931,-0.5804,0.0,0.0
1779744292138,2,12.00000015,Lower Delivery,Delivery,pitch.1,703029,30.361,14.1283,98.6621,17.5121,122.0936,-10.5669,-0.1177,0.0169
1779744292138,2,12.00000018,Upper Delivery,Delivery,pitch.1,703716,-0.4045,0.0188,0.8054,2.2227,-5.1188,-4.1458,0.0,0.0
1779744292138,2,Pitching Mound.Delivery,,Delivery,pitch.1,702082,29.9565,14.1471,99.4676,53.0061,116.9747,-25.173,-0.1168,0.3512
1779744292138,2,Pitching Mound.Drive,,Delivery,pitch.1,702953,0.0433,-0.3384,0.8615,0.0686,-0.7931,-0.5804,0.0,0.0
1779744292138,2,Pitching Mound.Parent,,Delivery,pitch.1,701406,29.9998,13.8087,100.329,53.0747,116.1816,-25.7534,-0.1158,0.3482
1779744292139,2,11.0000004b,Drive,Delivery,pitch.1,702954,0.0615,-0.3282,0.8304,0.0842,-0.889,-0.6121,0.0,0.0
1779744292139,2,12.00000015,Lower Delivery,Delivery,pitch.1,703030,30.4925,14.148,98.5748,17.1529,122.2972,-10.6202,-0.118,0.0166
1779744292139,2,12.00000018,Upper Delivery,Delivery,pitch.1,703717,-0.4359,-0.0275,1.2537,2.3453,-5.1516,-4.1155,0.0,0.0
1779744292139,2,Pitching Mound.Delivery,,Delivery,pitch.1,702083,30.0566,14.1205,99.8284,52.5874,117.1455,-25.2514,-0.1165,0.3478
1779744292139,2,Pitching Mound.Drive,,Delivery,pitch.1,702954,0.0615,-0.3282,0.8304,0.0842,-0.889,-0.6121,0.0,0.0
1779744292139,2,Pitching Mound.Parent,,Delivery,pitch.1,701407,30.1181,13.7923,100.6589,52.6716,116.2565,-25.8636,-0.1156,0.3449
1779744292140,2,11.0000004b,Drive,Delivery,pitch.1,702955,0.0669,-0.321,0.7856,0.1082,-0.9143,-0.6429,0.0,0.0
1779744292140,2,12.00000015,Lower Delivery,Delivery,pitch.1,703031,30.6373,14.1593,98.8387,17.2635,122.3302,-10.6614,-0.1177,0.0166
1779744292140,2,12.00000018,Upper Delivery,Delivery,pitch.1,703718,-0.4467,-0.0279,1.2243,2.3969,-5.1534,-4.1028,0.0,0.0
1779744292140,2,Pitching Mound.Delivery,,Delivery,pitch.1,702084,30.1905,14.1314,100.0629,52.8493,117.1769,-25.3327,-0.1163,0.3481
1779744292140,2,Pitching Mound.Drive,,Delivery,pitch.1,702955,0.0669,-0.321,0.7856,0.1082,-0.9143,-0.6429,0.0,0.0
1779744292140,2,Pitching Mound.Parent,,Delivery,pitch.1,701408,30.2574,13.8104,100.8485,52.9575,116.2626,-25.9756,-0.1154,0.3454
1779744292141,2,11.0000004b,Drive,Delivery,pitch.1,702956,0.0595,-0.33,0.8373,0.0839,-0.9367,-0.6186,0.0,0.0
1779744292141,2,12.00000015,Lower Delivery,Delivery,pitch.1,703032,30.7671,14.1735,98.7976,17.2066,122.5876,-10.7348,-0.118,0.0166
1779744292141,2,12.00000018,Upper Delivery,Delivery,pitch.1,703719,-0.4639,-0.0266,1.4964,2.5273,-5.5334,-4.1214,0.0,0.0
1779744292141,2,Pitching Mound.Delivery,,Delivery,pitch.1,702085,30.3032,14.1468,100.294,52.8164,117.0542,-25.4747,-0.1163,0.3462
1779744292141,2,Pitching Mound.Drive,,Delivery,pitch.1,702956,0.0595,-0.33,0.8373,0.0839,-0.9367,-0.6186,0.0,0.0
1779744292141,2,Pitching Mound.Parent,,Delivery,pitch.1,701409,30.3627,13.8168,101.1313,52.9003,116.1175,-26.0933,-0.1153,0.3433
1779744292142,2,12.00000015,Lower Delivery,Delivery,pitch.1,703033,30.9039,14.1697,98.6959,16.9442,123.0315,-10.8062,-0.1186,0.0163
1779744292143,2,11.0000004b,Drive,Delivery,pitch.1,702958,0.0624,-0.3316,0.8653,0.0772,-0.9435,-0.5867,0.0,0.0
1779744292143,2,11.0000004b,Drive,Delivery,pitch.1,702957,0.0564,-0.3342,0.8775,0.0752,-0.8712,-0.6171,0.0,0.0
1779744292143,2,12.00000015,Lower Delivery,Delivery,pitch.1,703034,31.0271,14.182,98.7418,16.9935,122.8679,-10.8447,-0.1184,0.0164
1779744292143,2,12.00000018,Upper Delivery,Delivery,pitch.1,703721,-0.5477,-0.0377,1.8273,2.3761,-5.6151,-3.8945,0.0,0.0
1779744292143,2,12.00000018,Upper Delivery,Delivery,pitch.1,703720,-0.5279,-0.0694,1.8406,2.4764,-5.3547,-4.0139,0.0,0.0
1779744292143,2,Pitching Mound.Delivery,,Delivery,pitch.1,702087,30.4794,14.1442,100.5691,52.3206,117.2528,-25.4746,-0.1162,0.3437
1779744292143,2,Pitching Mound.Delivery,,Delivery,pitch.1,702086,30.376,14.1003,100.5365,52.3514,117.6768,-25.5069,-0.1164,0.3436
1779744292143,2,Pitching Mound.Drive,,Delivery,pitch.1,702958,0.0624,-0.3316,0.8653,0.0772,-0.9435,-0.5867,0.0,0.0
1779744292143,2,Pitching Mound.Drive,,Delivery,pitch.1,702957,0.0564,-0.3342,0.8775,0.0752,-0.8712,-0.6171,0.0,0.0
1779744292143,2,Pitching Mound.Parent,,Delivery,pitch.1,701411,30.5418,13.8126,101.4344,52.3977,116.3093,-26.0613,-0.1152,0.3408
1779744292143,2,Pitching Mound.Parent,,Delivery,pitch.1,701410,30.4325,13.7661,101.4139,52.4265,116.8056,-26.124,-0.1154,0.3406
1779744292144,2,11.0000004b,Drive,Delivery,pitch.1,702959,0.0682,-0.3221,0.8276,0.0583,-0.8077,-0.5574,0.0,0.0
1779744292144,2,12.00000015,Lower Delivery,Delivery,pitch.1,703035,31.1463,14.1876,98.7604,17.1469,122.7716,-10.8666,-0.1183,0.0165
1779744292144,2,12.00000018,Upper Delivery,Delivery,pitch.1,703722,-0.5936,-0.0438,1.8687,2.3232,-5.7598,-3.7979,0.0,0.0
1779744292144,2,Pitching Mound.Delivery,,Delivery,pitch.1,702088,30.5527,14.1438,100.629,52.4132,117.0117,-25.4561,-0.1161,0.3436
1779744292144,2,Pitching Mound.Drive,,Delivery,pitch.1,702959,0.0682,-0.3221,0.8276,0.0583,-0.8077,-0.5574,0.0,0.0
1779744292144,2,Pitching Mound.Parent,,Delivery,pitch.1,701412,30.6209,13.8217,101.4566,52.4715,116.204,-26.0135,-0.1151,0.3408
1779744292145,2,11.0000004b,Drive,Delivery,pitch.1,702960,0.0649,-0.3252,0.7749,0.0555,-0.75,-0.5378,0.0,0.0
1779744292145,2,12.00000015,Lower Delivery,Delivery,pitch.1,703036,31.2479,14.1875,98.7823,17.3485,122.6864,-10.878,-0.1181,0.0167
1779744292145,2,12.00000018,Upper Delivery,Delivery,pitch.1,703723,-0.7056,-0.112,1.6651,2.1411,-5.812,-3.661,0.0,0.0
1779744292145,2,Pitching Mound.Delivery,,Delivery,pitch.1,702089,30.5423,14.0755,100.4474,52.5095,116.8744,-25.4032,-0.1162,0.3452
1779744292145,2,Pitching Mound.Drive,,Delivery,pitch.1,702960,0.0649,-0.3252,0.7749,0.0555,-0.75,-0.5378,0.0,0.0
1779744292145,2,Pitching Mound.Parent,,Delivery,pitch.1,701413,30.6072,13.7504,101.2224,52.565,116.1245,-25.9411,-0.1153,0.3425
1779744292146,2,11.0000004b,Drive,Delivery,pitch.1,702961,0.0688,-0.337,0.8094,0.0385,-0.5769,-0.4969,0.0,0.0
1779744292146,2,12.00000015,Lower Delivery,Delivery,pitch.1,703037,31.2975,14.1904,98.7899,17.2366,122.5898,-10.9331,-0.118,0.0166
1779744292146,2,12.00000018,Upper Delivery,Delivery,pitch.1,703724,-0.7573,-0.1184,1.6978,1.8396,-5.6167,-3.592,0.0,0.0
1779744292146,2,Pitching Mound.Delivery,,Delivery,pitch.1,702090,30.5403,14.072,100.4877,52.0875,116.9731,-25.4237,-0.1161,0.3448
1779744292146,2,Pitching Mound.Drive,,Delivery,pitch.1,702961,0.0688,-0.337,0.8094,0.0385,-0.5769,-0.4969,0.0,0.0
1779744292146,2,Pitching Mound.Parent,,Delivery,pitch.1,701414,30.609,13.735,101.2971,52.126,116.3963,-25.9206,-0.1151,0.3421
1779744292147,2,11.0000004b,Drive,Delivery,pitch.1,702962,0.0739,-0.3534,0.8358,0.0389,-0.548,-0.5041,0.0,0.0
1779744292147,2,12.00000015,Lower Delivery,Delivery,pitch.1,703038,31.3037,14.1912,98.7956,17.793,122.5875,-10.9429,-0.118,0.0171
1779744292147,2,12.00000018,Upper Delivery,Delivery,pitch.1,703725,-0.8216,-0.1372,1.7556,1.6306,-5.3866,-3.5128,0.0,0.0
1779744292147,2,Pitching Mound.Delivery,,Delivery,pitch.1,702091,30.4821,14.054,100.5513,52.4171,117.201,-25.3783,-0.116,0.345
1779744292147,2,Pitching Mound.Drive,,Delivery,pitch.1,702962,0.0739,-0.3534,0.8358,0.0389,-0.548,-0.5041,0.0,0.0
1779744292147,2,Pitching Mound.Parent,,Delivery,pitch.1,701415,30.556,13.7005,101.3871,52.4561,116.653,-25.8824,-0.115,0.3421
1779744292148,2,11.0000004b,Drive,Delivery,pitch.1,702963,0.0738,-0.3596,0.851,0.0445,-0.5442,-0.4639,0.0,0.0
1779744292148,2,12.00000015,Lower Delivery,Delivery,pitch.1,703039,31.2615,14.171,98.7722,18.0136,122.3078,-10.9276,-0.1178,0.0173
1779744292148,2,12.00000018,Upper Delivery,Delivery,pitch.1,703726,-0.8565,-0.1491,1.828,1.2095,-5.2225,-3.3163,0.0,0.0
1779744292148,2,Pitching Mound.Delivery,,Delivery,pitch.1,702092,30.4049,14.0219,100.6002,52.1841,117.0853,-25.1641,-0.1157,0.3447
1779744292148,2,Pitching Mound.Drive,,Delivery,pitch.1,702963,0.0738,-0.3596,0.851,0.0445,-0.5442,-0.4639,0.0,0.0
1779744292148,2,Pitching Mound.Parent,,Delivery,pitch.1,701416,30.4787,13.6623,101.4512,52.2286,116.5411,-25.628,-0.1147,0.3418
1779744292149,2,11.0000004b,Drive,Delivery,pitch.1,702964,0.0788,-0.3751,0.8517,0.04,-0.4819,-0.4326,0.0,0.0
1779744292149,2,12.00000015,Lower Delivery,Delivery,pitch.1,703040,31.2094,14.1764,98.8477,18.2002,122.2825,-10.948,-0.1177,0.0175
1779744292149,2,12.00000018,Upper Delivery,Delivery,pitch.1,703727,-0.8828,-0.1299,1.9225,0.8632,-5.1317,-3.2257,0.0,0.0
1779744292149,2,Pitching Mound.Delivery,,Delivery,pitch.1,702093,30.3266,14.0465,100.7702,52.0179,117.1508,-25.085,-0.1154,0.3442
1779744292149,2,Pitching Mound.Drive,,Delivery,pitch.1,702964,0.0788,-0.3751,0.8517,0.04,-0.4819,-0.4326,0.0,0.0
1779744292149,2,Pitching Mound.Parent,,Delivery,pitch.1,701417,30.4054,13.6714,101.6219,52.0579,116.6689,-25.5177,-0.1145,0.3413
1779744292150,2,11.0000004b,Drive,Delivery,pitch.1,702965,0.0734,-0.4073,0.8824,0.046,-0.5351,-0.4329,0.0,0.0
1779744292150,2,12.00000015,Lower Delivery,Delivery,pitch.1,703041,31.1146,14.1617,98.9705,18.4097,122.6753,-10.971,-0.1179,0.0177
1779744292150,2,12.00000018,Upper Delivery,Delivery,pitch.1,703728,-0.8875,-0.1287,1.9235,0.5728,-4.7701,-3.2074,0.0,0.0
1779744292150,2,Pitching Mound.Delivery,,Delivery,pitch.1,702094,30.2272,14.033,100.894,51.9785,117.9052,-25.0591,-0.1157,0.3444
1779744292150,2,Pitching Mound.Drive,,Delivery,pitch.1,702965,0.0734,-0.4073,0.8824,0.046,-0.5351,-0.4329,0.0,0.0
1779744292150,2,Pitching Mound.Parent,,Delivery,pitch.1,701418,30.3006,13.6257,101.7764,52.0245,117.3701,-25.492,-0.1147,0.3414
1779744292151,2,11.0000004b,Drive,Delivery,pitch.1,702966,0.0761,-0.4251,0.9349,0.0618,-0.702,-0.4902,0.0,0.0
1779744292151,2,12.00000015,Lower Delivery,Delivery,pitch.1,703042,31.0148,14.1346,99.0559,18.3468,122.924,-11.0113,-0.1181,0.0176
1779744292151,2,12.00000018,Upper Delivery,Delivery,pitch.1,703729,-0.8745,-0.1107,2.0163,0.4042,-4.372,-3.2456,0.0,0.0
1779744292151,2,Pitching Mound.Delivery,,Delivery,pitch.1,702095,30.1403,14.0239,101.0723,51.7445,118.552,-25.0993,-0.1157,0.3437
1779744292151,2,Pitching Mound.Drive,,Delivery,pitch.1,702966,0.0761,-0.4251,0.9349,0.0618,-0.702,-0.4902,0.0,0.0
1779744292151,2,Pitching Mound.Parent,,Delivery,pitch.1,701419,30.2164,13.5988,102.0072,51.8063,117.85,-25.5894,-0.1146,0.3406
1779744292152,2,11.0000004b,Drive,Delivery,pitch.1,702967,0.0751,-0.4579,1.0012,0.0775,-0.8417,-0.5158,0.0,0.0
1779744292152,2,12.00000015,Lower Delivery,Delivery,pitch.1,703043,30.95,14.1128,99.1619,18.518,123.4627,-11.0927,-0.1184,0.0178
1779744292152,2,12.00000018,Upper Delivery,Delivery,pitch.1,703730,-0.8079,-0.0621,1.9335,0.1242,-3.9857,-3.3176,0.0,0.0
1779744292152,2,Pitching Mound.Delivery,,Delivery,pitch.1,702096,30.142,14.0507,101.0954,51.6999,119.477,-25.2081,-0.1162,0.3444
1779744292152,2,Pitching Mound.Drive,,Delivery,pitch.1,702967,0.0751,-0.4579,1.0012,0.0775,-0.8417,-0.5158,0.0,0.0
1779744292152,2,Pitching Mound.Parent,,Delivery,pitch.1,701420,30.2172,13.5928,102.0966,51.7773,118.6353,-25.7239,-0.115,0.341
1779744292153,2,11.0000004b,Drive,Delivery,pitch.1,702968,0.083,-0.433,1.0044,0.0945,-0.9765,-0.5141,0.0,0.0
1779744292153,2,12.00000015,Lower Delivery,Delivery,pitch.1,703044,30.9283,14.0974,99.5775,19.8179,124.5709,-11.0903,-0.119,0.0189
1779744292153,2,12.00000018,Upper Delivery,Delivery,pitch.1,703731,-0.7769,-0.0705,1.5787,0.2709,-3.7883,-3.5114,0.0,0.0
1779744292153,2,Pitching Mound.Delivery,,Delivery,pitch.1,702097,30.1514,14.0269,101.1562,53.4083,120.7826,-25.3815,-0.1171,0.348
1779744292153,2,Pitching Mound.Drive,,Delivery,pitch.1,702968,0.083,-0.433,1.0044,0.0945,-0.9765,-0.5141,0.0,0.0
1779744292153,2,Pitching Mound.Parent,,Delivery,pitch.1,701421,30.2345,13.5939,102.1606,53.5028,119.8061,-25.8956,-0.116,0.3446
1779744292154,2,11.0000004b,Drive,Delivery,pitch.1,702969,0.0844,-0.4342,1.0102,0.0981,-0.9987,-0.5122,0.0,0.0
1779744292154,2,12.00000015,Lower Delivery,Delivery,pitch.1,703045,30.8286,14.0913,98.9929,20.2704,125.6452,-11.0001,-0.1207,0.0195
1779744292154,2,12.00000018,Upper Delivery,Delivery,pitch.1,703732,-0.6422,-0.0776,0.9781,0.4503,-3.796,-3.7466,0.0,0.0
1779744292154,2,Pitching Mound.Delivery,,Delivery,pitch.1,702098,30.1864,14.0137,99.971,54.0457,121.8492,-25.4467,-0.1196,0.3526
1779744292154,2,Pitching Mound.Drive,,Delivery,pitch.1,702969,0.0844,-0.4342,1.0102,0.0981,-0.9987,-0.5122,0.0,0.0
1779744292154,2,Pitching Mound.Parent,,Delivery,pitch.1,701422,30.2708,13.5795,100.9812,54.1439,120.8506,-25.9589,-0.1184,0.3491
1779744292155,2,11.0000004b,Drive,Delivery,pitch.1,702970,0.0879,-0.3955,0.9891,0.0901,-0.9295,-0.5102,0.0,0.0
1779744292155,2,12.00000015,Lower Delivery,Delivery,pitch.1,703046,30.8251,14.0884,99.1493,18.5044,126.3675,-11.0369,-0.1212,0.0178
1779744292155,2,12.00000018,Upper Delivery,Delivery,pitch.1,703733,-0.5228,-0.0843,0.6392,0.3053,-4.054,-3.9825,0.0,0.0
1779744292155,2,Pitching Mound.Delivery,,Delivery,pitch.1,702099,30.3023,14.0041,99.7886,52.3031,122.3135,-25.6777,-0.1205,0.3533
1779744292155,2,Pitching Mound.Drive,,Delivery,pitch.1,702970,0.0879,-0.3955,0.9891,0.0901,-0.9295,-0.5102,0.0,0.0
1779744292155,2,Pitching Mound.Parent,,Delivery,pitch.1,701423,30.3902,13.6086,100.7776,52.3933,121.3841,-26.1879,-0.1193,0.3498
1779744292156,2,11.0000004b,Drive,Delivery,pitch.1,702971,0.0646,-0.3758,0.9677,0.0886,-0.9407,-0.5361,0.0,0.0
1779744292156,2,12.00000015,Lower Delivery,Delivery,pitch.1,703047,30.9925,14.0032,98.0429,15.1305,126.5099,-11.5645,-0.1228,0.0147
1779744292156,2,12.00000018,Upper Delivery,Delivery,pitch.1,703734,-0.3767,-0.0299,0.428,0.1016,-4.4276,-4.182,0.0,0.0
1779744292156,2,Pitching Mound.Delivery,,Delivery,pitch.1,702100,30.6158,13.9733,98.4709,48.4212,122.0823,-26.412,-0.1222,0.3517
1779744292156,2,Pitching Mound.Drive,,Delivery,pitch.1,702971,0.0646,-0.3758,0.9677,0.0886,-0.9407,-0.5361,0.0,0.0
1779744292156,2,Pitching Mound.Parent,,Delivery,pitch.1,701424,30.6803,13.5975,99.4386,48.5098,121.1416,-26.9481,-0.121,0.3482
1779744292157,2,11.0000004b,Drive,Delivery,pitch.1,702972,0.0494,-0.3544,0.9579,0.0991,-1.0252,-0.5391,0.0,0.0
1779744292157,2,12.00000015,Lower Delivery,Delivery,pitch.1,703048,31.2725,13.9952,97.7543,15.5575,127.504,-11.8543,-0.1241,0.0151
1779744292157,2,12.00000018,Upper Delivery,Delivery,pitch.1,703735,-0.3855,-0.0395,0.4425,0.2219,-4.909,-4.4626,0.0,0.0
1779744292157,2,Pitching Mound.Delivery,,Delivery,pitch.1,702101,30.887,13.9556,98.1968,48.8655,122.595,-27.0806,-0.1235,0.352
1779744292157,2,Pitching Mound.Drive,,Delivery,pitch.1,702972,0.0494,-0.3544,0.9579,0.0991,-1.0252,-0.5391,0.0,0.0
1779744292157,2,Pitching Mound.Parent,,Delivery,pitch.1,701425,30.9364,13.6013,99.1547,48.9646,121.5697,-27.6197,-0.1223,0.3486
1779744292158,2,11.0000004b,Drive,Delivery,pitch.1,702973,0.0251,-0.3445,0.896,0.0826,-0.8911,-0.5312,0.0,0.0
1779744292158,2,12.00000015,Lower Delivery,Delivery,pitch.1,703049,31.7731,13.9935,97.5566,15.5075,128.0674,-12.1982,-0.1249,0.0151
1779744292158,2,12.00000018,Upper Delivery,Delivery,pitch.1,703736,-0.3346,0.0486,0.5409,0.8709,-5.6273,-4.7343,0.0,0.0
1779744292158,2,Pitching Mound.Delivery,,Delivery,pitch.1,702102,31.4386,14.0421,98.0975,49.3638,122.44,-27.8491,-0.1242,0.3513
1779744292158,2,Pitching Mound.Drive,,Delivery,pitch.1,702973,0.0251,-0.3445,0.896,0.0826,-0.8911,-0.5312,0.0,0.0
1779744292158,2,Pitching Mound.Parent,,Delivery,pitch.1,701426,31.4636,13.6976,98.9935,49.4463,121.5489,-28.3802,-0.1231,0.3481
1779744292159,2,11.0000004b,Drive,Delivery,pitch.1,702974,0.0142,-0.2905,0.857,0.0771,-0.8325,-0.5477,0.0,0.0
1779744292159,2,12.00000015,Lower Delivery,Delivery,pitch.1,703050,32.2537,13.9339,96.3856,10.7402,128.9456,-12.5335,-0.1273,0.0106
1779744292159,2,12.00000018,Upper Delivery,Delivery,pitch.1,703737,-0.2421,0.1538,0.5528,1.4177,-6.1334,-4.9903,0.0,0.0
1779744292159,2,Pitching Mound.Delivery,,Delivery,pitch.1,702103,32.0117,14.0877,96.9383,44.741,122.8122,-28.5724,-0.1265,0.3467
1779744292159,2,Pitching Mound.Drive,,Delivery,pitch.1,702974,0.0142,-0.2905,0.857,0.0771,-0.8325,-0.5477,0.0,0.0
1779744292159,2,Pitching Mound.Parent,,Delivery,pitch.1,701427,32.0259,13.7973,97.7953,44.8181,121.9797,-29.12,-0.1254,0.3436
1779744292160,2,11.0000004b,Drive,Delivery,pitch.1,702975,0.0041,-0.2546,0.8772,0.0666,-0.688,-0.5284,0.0,0.0
1779744292160,2,12.00000015,Lower Delivery,Delivery,pitch.1,703051,33.0723,13.9457,95.2057,9.3732,129.3416,-12.4542,-0.1292,0.0094
1779744292160,2,Pitching Mound.Drive,,Delivery,pitch.1,702975,0.0041,-0.2546,0.8772,0.0666,-0.688,-0.5284,0.0,0.0
1779744292161,2,11.0000004b,Drive,Delivery,pitch.1,702976,-0.0412,-0.2088,1.0032,0.0566,-0.5823,-0.5055,0.0,0.0
1779744292161,2,12.00000015,Lower Delivery,Delivery,pitch.1,703052,33.7569,14.066,92.8092,11.1146,130.0549,-12.3458,-0.1333,0.0114
1779744292161,2,12.00000018,Upper Delivery,Delivery,pitch.1,703738,-0.1674,0.1834,0.69,0.4053,-5.3489,-5.1963,0.0,0.0
1779744292161,2,12.00000018,Upper Delivery,Delivery,pitch.1,703739,-0.1143,0.1853,1.1317,1.4699,-5.9796,-5.1606,0.0,0.0
1779744292161,2,Pitching Mound.Delivery,,Delivery,pitch.1,702104,32.9049,14.1291,95.8957,41.9138,123.9927,-28.952,-0.1283,0.3444
1779744292161,2,Pitching Mound.Delivery,,Delivery,pitch.1,702105,33.6425,14.2513,93.9409,43.7549,124.0754,-29.0226,-0.1317,0.3431
1779744292161,2,Pitching Mound.Drive,,Delivery,pitch.1,702976,-0.0412,-0.2088,1.0032,0.0566,-0.5823,-0.5055,0.0,0.0
1779744292161,2,Pitching Mound.Parent,,Delivery,pitch.1,701428,32.909,13.8745,96.7729,41.9804,123.3047,-29.4804,-0.1271,0.3413
1779744292161,2,Pitching Mound.Parent,,Delivery,pitch.1,701429,33.6013,14.0425,94.9441,43.8114,123.493,-29.5281,-0.1303,0.3394
1779744292162,2,11.0000004b,Drive,Delivery,pitch.1,702977,-0.0835,-0.1758,1.0374,0.0697,-0.6179,-0.4844,0.0,0.0
1779744292162,2,12.00000015,Lower Delivery,Delivery,pitch.1,703053,34.516,14.1002,92.2943,9.9579,129.7741,-12.3099,-0.1338,0.0103
1779744292162,2,12.00000018,Upper Delivery,Delivery,pitch.1,703740,-0.0866,0.2047,1.5297,0.3235,-5.4922,-5.1751,0.0,0.0
1779744292162,2,Pitching Mound.Delivery,,Delivery,pitch.1,702106,34.4294,14.3049,93.8239,41.1413,124.2819,-29.2499,-0.1316,0.339
1779744292162,2,Pitching Mound.Drive,,Delivery,pitch.1,702977,-0.0835,-0.1758,1.0374,0.0697,-0.6179,-0.4844,0.0,0.0
1779744292162,2,Pitching Mound.Parent,,Delivery,pitch.1,701430,34.3459,14.1291,94.8613,41.211,123.664,-29.7343,-0.1301,0.3353
1779744292163,2,11.0000004b,Drive,Delivery,pitch.1,702978,-0.1148,-0.1623,1.1619,0.0582,-0.5534,-0.4729,0.0,0.0
1779744292163,2,12.00000015,Lower Delivery,Delivery,pitch.1,703054,35.3968,14.1117,92.1939,11.7386,129.2243,-12.2263,-0.1333,0.0121
1779744292163,2,12.00000018,Upper Delivery,Delivery,pitch.1,703741,-0.1014,0.1919,1.9711,0.0579,-5.4649,-5.0305,0.0,0.0
1779744292163,2,Pitching Mound.Delivery,,Delivery,pitch.1,702107,35.2954,14.3037,94.1649,42.4723,123.7594,-29.3262,-0.1305,0.3376
1779744292163,2,Pitching Mound.Drive,,Delivery,pitch.1,702978,-0.1148,-0.1623,1.1619,0.0582,-0.5534,-0.4729,0.0,0.0
1779744292163,2,Pitching Mound.Parent,,Delivery,pitch.1,701431,35.1805,14.1414,95.3268,42.5305,123.206,-29.799,-0.129,0.3335
1779744292164,2,11.0000004b,Drive,Delivery,pitch.1,702979,-0.139,-0.1627,1.205,0.0541,-0.5199,-0.4693,0.0,0.0
1779744292164,2,12.00000015,Lower Delivery,Delivery,pitch.1,703055,36.0528,14.1097,91.9363,11.0541,126.1687,-12.0215,-0.1306,0.0114
1779744292164,2,12.00000018,Upper Delivery,Delivery,pitch.1,703742,-0.1387,0.1861,2.4757,-0.145,-5.4341,-4.9236,0.2088,-0.0056
1779744292164,2,Pitching Mound.Delivery,,Delivery,pitch.1,702108,35.9141,14.2958,94.4121,41.3257,120.7346,-29.2502,-0.1217,0.3332
1779744292164,2,Pitching Mound.Drive,,Delivery,pitch.1,702979,-0.139,-0.1627,1.205,0.0541,-0.5199,-0.4693,0.0,0.0
1779744292164,2,Pitching Mound.Parent,,Delivery,pitch.1,701432,35.7751,14.1331,95.617,41.3798,120.2147,-29.7195,-0.1201,0.329
1779744292165,2,11.0000004b,Drive,Delivery,pitch.1,702980,-0.1578,-0.1857,1.3335,0.0392,-0.6221,-0.4763,0.0,0.0
1779744292165,2,12.00000015,Lower Delivery,Delivery,pitch.1,703056,36.3459,14.1168,91.932,6.3254,124.2877,-11.6417,-0.1286,0.0065
1779744292165,2,12.00000018,Upper Delivery,Delivery,pitch.1,703743,-0.2237,0.0941,2.2302,-1.6845,-4.3467,-4.7478,0.1854,-0.0719
1779744292165,2,Pitching Mound.Delivery,,Delivery,pitch.1,702109,36.1222,14.2109,94.1622,35.1395,119.941,-28.8231,-0.1212,0.3286
1779744292165,2,Pitching Mound.Drive,,Delivery,pitch.1,702980,-0.1578,-0.1857,1.3335,0.0392,-0.6221,-0.4763,0.0,0.0
1779744292165,2,Pitching Mound.Parent,,Delivery,pitch.1,701433,35.9644,14.0252,95.4957,35.1787,119.3189,-29.2995,-0.1195,0.324
1779744292166,2,11.0000004b,Drive,Delivery,pitch.1,702981,-0.1549,-0.2404,1.3988,0.0011,-0.7895,-0.4982,0.0,0.0
1779744292166,2,12.00000015,Lower Delivery,Delivery,pitch.1,703057,36.4379,14.0789,91.3331,8.2443,121.505,-11.6321,-0.1266,0.0086
1779744292166,2,12.00000018,Upper Delivery,Delivery,pitch.1,703744,-0.3561,0.0586,2.4019,-1.9348,-3.8156,-4.4869,0.1511,-0.0766
1779744292166,2,Pitching Mound.Delivery,,Delivery,pitch.1,702110,36.0818,14.1374,93.735,36.5461,117.6894,-28.6289,-0.1194,0.329
1779744292166,2,Pitching Mound.Drive,,Delivery,pitch.1,702981,-0.1549,-0.2404,1.3988,0.0011,-0.7895,-0.4982,0.0,0.0
1779744292166,2,Pitching Mound.Parent,,Delivery,pitch.1,701434,35.9269,13.897,95.1338,36.5472,116.8999,-29.1272,-0.1177,0.3241
1779744292167,2,11.0000004b,Drive,Delivery,pitch.1,702982,-0.1556,-0.3204,1.4548,-0.0244,-0.8711,-0.501,0.0,0.0
1779744292167,2,12.00000015,Lower Delivery,Delivery,pitch.1,703058,36.5886,14.0408,93.1425,9.6796,115.2553,-11.7571,-0.1177,0.0099
1779744292167,2,12.00000018,Upper Delivery,Delivery,pitch.1,703745,-0.5132,0.0044,2.7041,-0.3692,-4.8681,-3.9054,0.1713,-0.013
1779744292167,2,Pitching Mound.Delivery,,Delivery,pitch.1,702111,36.0755,14.0452,95.8467,40.0596,110.3872,-28.2771,-0.1096,0.3301
1779744292167,2,Pitching Mound.Drive,,Delivery,pitch.1,702982,-0.1556,-0.3204,1.4548,-0.0244,-0.8711,-0.501,0.0,0.0
1779744292167,2,Pitching Mound.Parent,,Delivery,pitch.1,701435,35.9199,13.7249,97.3015,40.0352,109.5161,-28.7781,-0.1079,0.3251
1779744292168,2,11.0000004b,Drive,Delivery,pitch.1,702983,-0.1364,-0.405,1.4698,-0.063,-0.8413,-0.4803,0.0,0.0
1779744292168,2,12.00000015,Lower Delivery,Delivery,pitch.1,703059,36.2807,13.9156,93.28,12.6544,110.8822,-12.1175,-0.1131,0.0129
1779744292168,2,12.00000018,Upper Delivery,Delivery,pitch.1,703746,-0.7484,-0.1409,2.8449,-0.5394,-3.7524,-3.2595,0.1255,-0.018
1779744292168,2,Pitching Mound.Delivery,,Delivery,pitch.1,702112,35.5323,13.7747,96.1248,42.863,107.1298,-27.9668,-0.106,0.3319
1779744292168,2,Pitching Mound.Drive,,Delivery,pitch.1,702983,-0.1364,-0.405,1.4698,-0.063,-0.8413,-0.4803,0.0,0.0
1779744292168,2,Pitching Mound.Parent,,Delivery,pitch.1,701436,35.3959,13.3697,97.5946,42.8,106.2885,-28.4471,-0.1044,0.3269
1779744292169,2,11.0000004b,Drive,Delivery,pitch.1,702984,-0.0899,-0.5451,1.3561,-0.0201,-0.8497,-0.4599,0.0,0.0
1779744292169,2,12.00000015,Lower Delivery,Delivery,pitch.1,703060,35.723,13.8653,92.7654,16.3998,109.022,-12.5666,-0.1118,0.0168
1779744292169,2,12.00000018,Upper Delivery,Delivery,pitch.1,703747,-0.9634,-0.225,3.2498,-0.4822,-3.0455,-2.6358,0.0891,-0.0141
1779744292169,2,Pitching Mound.Delivery,,Delivery,pitch.1,702113,34.7595,13.6403,96.0153,46.3529,105.9765,-27.6758,-0.105,0.3328
1779744292169,2,Pitching Mound.Drive,,Delivery,pitch.1,702984,-0.0899,-0.5451,1.3561,-0.0201,-0.8497,-0.4599,0.0,0.0
1779744292169,2,Pitching Mound.Parent,,Delivery,pitch.1,701437,34.6697,13.0951,97.3714,46.3328,105.1268,-28.1357,-0.1035,0.3281
1779744292170,2,11.0000004b,Drive,Delivery,pitch.1,702985,-0.0204,-0.6394,1.2513,0.0324,-1.0019,-0.4507,0.0,0.0
1779744292170,2,12.00000015,Lower Delivery,Delivery,pitch.1,703061,35.0981,13.8799,94.309,16.0677,104.7205,-13.1433,-0.1056,0.0162
1779744292170,2,12.00000018,Upper Delivery,Delivery,pitch.1,703748,-1.103,-0.2706,3.2704,0.152,-2.3232,-2.4828,0.0676,0.0044
1779744292170,2,Pitching Mound.Delivery,,Delivery,pitch.1,702114,33.9951,13.6093,97.5794,47.1729,102.3973,-27.9344,-0.0998,0.333
1779744292170,2,Pitching Mound.Drive,,Delivery,pitch.1,702985,-0.0204,-0.6394,1.2513,0.0324,-1.0019,-0.4507,0.0,0.0
1779744292170,2,Pitching Mound.Parent,,Delivery,pitch.1,701438,33.9748,12.9698,98.8306,47.2052,101.3953,-28.3852,-0.0986,0.3288
1779744292171,2,11.0000004b,Drive,Delivery,pitch.1,702986,0.0522,-0.6667,1.1612,0.0868,-1.383,-0.4968,0.0,0.0
1779744292171,2,12.00000015,Lower Delivery,Delivery,pitch.1,703062,34.0371,13.7317,96.5804,15.6395,98.6538,-13.0629,-0.0972,0.0154
1779744292171,2,12.00000018,Upper Delivery,Delivery,pitch.1,703749,-1.2211,-0.4572,2.7146,0.1227,-1.101,-2.2681,0.0386,0.0043
1779744292171,2,Pitching Mound.Delivery,,Delivery,pitch.1,702115,32.816,13.2745,99.2951,47.6766,97.5528,-27.3188,-0.0935,0.3365
1779744292171,2,Pitching Mound.Drive,,Delivery,pitch.1,702986,0.0522,-0.6667,1.1612,0.0868,-1.383,-0.4968,0.0,0.0
1779744292171,2,Pitching Mound.Parent,,Delivery,pitch.1,701439,32.8682,12.6078,100.4562,47.7634,96.1698,-27.8156,-0.0924,0.3326
1779744292172,2,11.0000004b,Drive,Delivery,pitch.1,702987,0.0657,-0.8371,1.1472,0.1729,-2.081,-0.549,0.0,0.0
1779744292172,2,12.00000015,Lower Delivery,Delivery,pitch.1,703063,33.1263,13.6415,99.6437,9.6573,96.6509,-12.4944,-0.0923,0.0092
1779744292172,2,12.00000018,Upper Delivery,Delivery,pitch.1,703750,-1.2366,-0.5329,2.4889,0.0464,-0.9653,-2.2572,0.0369,0.0018
1779744292172,2,Pitching Mound.Delivery,,Delivery,pitch.1,702116,31.8897,13.1086,102.1326,42.7364,95.6856,-26.435,-0.0891,0.3325
1779744292172,2,Pitching Mound.Drive,,Delivery,pitch.1,702987,0.0657,-0.8371,1.1472,0.1729,-2.081,-0.549,0.0,0.0
1779744292172,2,Pitching Mound.Parent,,Delivery,pitch.1,701440,31.9554,12.2714,103.2798,42.9093,93.6046,-26.9841,-0.0881,0.3288
1779744292173,2,11.0000004b,Drive,Delivery,pitch.1,702988,0.1024,-0.8528,0.8835,0.2443,-2.6593,-0.6125,0.0,0.0
1779744292173,2,12.00000015,Lower Delivery,Delivery,pitch.1,703064,31.9786,13.7787,98.8814,16.5851,103.175,-12.4375,-0.0993,0.016
1779744292173,2,12.00000018,Upper Delivery,Delivery,pitch.1,703751,-1.2521,-0.5973,2.5098,0.2092,-0.9725,-2.2544,0.0369,0.0079
1779744292173,2,Pitching Mound.Delivery,,Delivery,pitch.1,702117,30.7264,13.1814,101.3913,49.5606,102.2024,-25.9904,-0.0959,0.3389
1779744292173,2,Pitching Mound.Drive,,Delivery,pitch.1,702988,0.1024,-0.8528,0.8835,0.2443,-2.6593,-0.6125,0.0,0.0
1779744292173,2,Pitching Mound.Parent,,Delivery,pitch.1,701441,30.8289,12.3286,102.2748,49.8049,99.5431,-26.6029,-0.0951,0.336
1779744292174,2,11.0000004b,Drive,Delivery,pitch.1,702989,0.1342,-0.7837,0.8744,0.3878,-3.451,-0.6667,0.0,0.0
1779744292174,2,12.00000015,Lower Delivery,Delivery,pitch.1,703065,30.8654,13.4401,99.8036,15.0654,103.5716,-12.5188,-0.0987,0.0144
1779744292174,2,12.00000018,Upper Delivery,Delivery,pitch.1,703752,-1.2849,-0.6622,2.5136,0.2861,-1.1104,-2.3252,0.042,0.0108
1779744292174,2,Pitching Mound.Delivery,,Delivery,pitch.1,702118,29.5805,12.778,102.3171,48.4301,102.4613,-25.7752,-0.0953,0.3376
1779744292174,2,Pitching Mound.Drive,,Delivery,pitch.1,702989,0.1342,-0.7837,0.8744,0.3878,-3.451,-0.6667,0.0,0.0
1779744292174,2,Pitching Mound.Parent,,Delivery,pitch.1,701442,29.7147,11.9942,103.1915,48.8179,99.0102,-26.4418,-0.0945,0.3347
1779744292175,2,11.0000004b,Drive,Delivery,pitch.1,702990,0.1052,-0.7062,0.7094,0.3604,-2.6943,-0.6015,0.0,0.0
1779744292175,2,12.00000015,Lower Delivery,Delivery,pitch.1,703066,29.8711,12.9667,97.462,19.2531,107.8743,-12.8564,-0.1053,0.0188
1779744292175,2,12.00000018,Upper Delivery,Delivery,pitch.1,703753,-1.2869,-0.6763,2.5245,0.1034,-1.3231,-2.3909,0.0499,0.0039
1779744292175,2,Pitching Mound.Delivery,,Delivery,pitch.1,702119,28.5842,12.2903,99.9865,51.6353,106.5511,-25.8411,-0.1014,0.3412
1779744292175,2,Pitching Mound.Drive,,Delivery,pitch.1,702990,0.1052,-0.7062,0.7094,0.3604,-2.6943,-0.6015,0.0,0.0
1779744292175,2,Pitching Mound.Parent,,Delivery,pitch.1,701443,28.6894,11.5841,100.6959,51.9957,103.8568,-26.4425,-0.1007,0.3388
1779744292176,2,11.0000004b,Drive,Delivery,pitch.1,702991,0.0818,-0.5905,0.6451,0.2864,-2.0215,-0.4904,0.0,0.0
1779744292176,2,12.00000015,Lower Delivery,Delivery,pitch.1,703067,29.6467,12.8473,96.6372,23.9988,112.3292,-12.9907,-0.1106,0.0236
1779744292176,2,12.00000018,Upper Delivery,Delivery,pitch.1,703754,-1.2572,-0.6837,2.5692,0.1809,-1.1248,-2.4297,0.0416,0.0067
1779744292176,2,Pitching Mound.Delivery,,Delivery,pitch.1,702120,28.3896,12.1636,99.2064,56.1629,111.2044,-25.9277,-0.1066,0.3456
1779744292176,2,Pitching Mound.Drive,,Delivery,pitch.1,702991,0.0818,-0.5905,0.6451,0.2864,-2.0215,-0.4904,0.0,0.0
1779744292176,2,Pitching Mound.Parent,,Delivery,pitch.1,701444,28.4714,11.5731,99.8515,56.4493,109.183,-26.4181,-0.1059,0.3433
1779744292177,2,11.0000004b,Drive,Delivery,pitch.1,702992,0.0207,-0.4773,0.5252,0.1814,-1.2729,-0.4304,0.0,0.0
1779744292177,2,12.00000015,Lower Delivery,Delivery,pitch.1,703068,29.046,12.3316,95.6407,24.5696,113.6181,-13.1139,-0.113,0.0244
1779744292177,2,12.00000018,Upper Delivery,Delivery,pitch.1,703755,-1.1602,-0.6204,1.8145,0.0956,-1.0964,-2.531,0.0,0.0
1779744292177,2,Pitching Mound.Delivery,,Delivery,pitch.1,702121,27.8858,11.7111,97.4552,56.566,112.5217,-25.915,-0.1109,0.3513
1779744292177,2,Pitching Mound.Drive,,Delivery,pitch.1,702992,0.0207,-0.4773,0.5252,0.1814,-1.2729,-0.4304,0.0,0.0
1779744292177,2,Pitching Mound.Parent,,Delivery,pitch.1,701445,27.9065,11.2339,97.9803,56.7475,111.2488,-26.3454,-0.1103,0.3494
1779744292178,2,11.0000004b,Drive,Delivery,pitch.1,702993,-0.0126,-0.3879,0.4433,0.0883,-0.674,-0.3559,0.0,0.0
1779744292178,2,12.00000015,Lower Delivery,Delivery,pitch.1,703069,28.9557,12.0082,95.2717,23.328,114.1511,-12.6187,-0.114,0.0233
1779744292178,2,12.00000018,Upper Delivery,Delivery,pitch.1,703756,-0.9415,-0.4043,1.2211,0.135,-1.9563,-2.9308,0.0,0.0
1779744292178,2,Pitching Mound.Delivery,,Delivery,pitch.1,702122,28.0142,11.604,96.4928,55.4403,112.1948,-25.7145,-0.1125,0.3544
1779744292178,2,Pitching Mound.Drive,,Delivery,pitch.1,702993,-0.0126,-0.3879,0.4433,0.0883,-0.674,-0.3559,0.0,0.0
1779744292178,2,Pitching Mound.Parent,,Delivery,pitch.1,701446,28.0016,11.2161,96.936,55.5286,111.5208,-26.0705,-0.112,0.3528
1779744292179,2,11.0000004b,Drive,Delivery,pitch.1,702994,-0.0294,-0.2668,0.3426,0.0113,-0.159,-0.2962,0.0,0.0
1779744292179,2,12.00000015,Lower Delivery,Delivery,pitch.1,703070,29.3398,12.0662,95.1436,21.1718,114.6815,-12.363,-0.1147,0.0212
1779744292179,2,12.00000018,Upper Delivery,Delivery,pitch.1,703757,-0.8686,-0.2663,1.6528,0.2172,-2.988,-3.3043,0.0,0.0
1779744292179,2,Pitching Mound.Delivery,,Delivery,pitch.1,702123,28.4712,11.7999,96.7964,53.1758,111.6935,-25.9382,-0.1127,0.3492
1779744292179,2,Pitching Mound.Drive,,Delivery,pitch.1,702994,-0.0294,-0.2668,0.3426,0.0113,-0.159,-0.2962,0.0,0.0
1779744292179,2,Pitching Mound.Parent,,Delivery,pitch.1,701447,28.4418,11.5331,97.139,53.1871,111.5345,-26.2344,-0.1123,0.348
1779744292180,2,11.0000004b,Drive,Delivery,pitch.1,702995,-0.0589,-0.1325,0.1989,-0.0051,-0.016,-0.2421,0.0,0.0
1779744292180,2,12.00000015,Lower Delivery,Delivery,pitch.1,703071,29.5359,12.0707,95.2028,20.3406,113.6129,-12.396,-0.1135,0.0203
1779744292180,2,12.00000018,Upper Delivery,Delivery,pitch.1,703758,-0.5955,-0.0822,1.0357,0.2169,-3.6306,-3.799,0.0,0.0
1779744292180,2,Pitching Mound.Delivery,,Delivery,pitch.1,702124,28.9404,11.9885,96.2385,52.5744,109.9824,-26.4397,-0.1123,0.3528
1779744292180,2,Pitching Mound.Drive,,Delivery,pitch.1,702995,-0.0589,-0.1325,0.1989,-0.0051,-0.016,-0.2421,0.0,0.0
1779744292180,2,Pitching Mound.Parent,,Delivery,pitch.1,701448,28.8815,11.856,96.4374,52.5692,109.9663,-26.6818,-0.1121,0.3521
1779744292181,2,11.0000004b,Drive,Delivery,pitch.1,702996,-0.053,-0.0518,0.1874,-0.0064,-0.0206,-0.2484,0.0,0.0
1779744292181,2,12.00000015,Lower Delivery,Delivery,pitch.1,703072,29.7573,12.02,95.003,19.694,115.1418,-11.8621,-0.1153,0.0197
1779744292181,2,12.00000018,Upper Delivery,Delivery,pitch.1,703759,-0.2687,0.0186,0.2997,0.0334,-5.1432,-4.2129,0.0,0.0
1779744292181,2,Pitching Mound.Delivery,,Delivery,pitch.1,702125,29.4886,12.0385,95.3027,51.9265,109.9987,-26.2838,-0.1149,0.3575
1779744292181,2,Pitching Mound.Drive,,Delivery,pitch.1,702996,-0.053,-0.0518,0.1874,-0.0064,-0.0206,-0.2484,0.0,0.0
1779744292181,2,Pitching Mound.Parent,,Delivery,pitch.1,701449,29.4355,11.9867,95.4901,51.9201,109.978,-26.5322,-0.1147,0.3568
1779744292182,2,11.0000004b,Drive,Delivery,pitch.1,702997,0.0112,-0.0071,0.2259,-0.0088,-0.0437,-0.3581,0.0,0.0
1779744292182,2,12.00000015,Lower Delivery,Delivery,pitch.1,703073,29.9215,11.9915,94.5429,19.2555,113.3774,-11.5758,-0.1141,0.0194
1779744292182,2,12.00000018,Upper Delivery,Delivery,pitch.1,703760,-0.2464,0.3756,0.672,-0.0774,-6.0191,-4.5266,0.0,0.0
1779744292182,2,Pitching Mound.Delivery,,Delivery,pitch.1,702126,29.6751,12.3671,95.215,51.0942,107.3583,-26.3594,-0.1133,0.3544
1779744292182,2,Pitching Mound.Drive,,Delivery,pitch.1,702997,0.0112,-0.0071,0.2259,-0.0088,-0.0437,-0.3581,0.0,0.0
1779744292182,2,Pitching Mound.Parent,,Delivery,pitch.1,701450,29.6862,12.3599,95.4409,51.0854,107.3146,-26.7175,-0.113,0.3536
1779744292183,2,11.0000004b,Drive,Delivery,pitch.1,702998,-0.0448,-0.042,0.5923,-0.0046,-0.0615,-0.3819,0.0,0.0
1779744292183,2,12.00000015,Lower Delivery,Delivery,pitch.1,703074,30.1938,11.9618,94.8921,22.1959,111.6453,-11.4059,-0.1119,0.0223
1779744292183,2,12.00000018,Upper Delivery,Delivery,pitch.1,703761,-0.1247,0.4454,1.8921,0.2816,-6.6187,-4.4969,0.0,0.0
1779744292183,2,Pitching Mound.Delivery,,Delivery,pitch.1,702127,30.0691,12.4071,96.7842,54.0974,105.0265,-26.2111,-0.1097,0.3485
1779744292183,2,Pitching Mound.Drive,,Delivery,pitch.1,702998,-0.0448,-0.042,0.5923,-0.0046,-0.0615,-0.3819,0.0,0.0
1779744292183,2,Pitching Mound.Parent,,Delivery,pitch.1,701451,30.0243,12.3652,97.3765,54.0928,104.965,-26.593,-0.1091,0.3464
1779744292184,2,11.0000004b,Drive,Delivery,pitch.1,702999,-0.1587,-0.0316,0.9417,-0.0058,-0.088,-0.5148,0.0,0.0
1779744292184,2,12.00000015,Lower Delivery,Delivery,pitch.1,703075,30.2275,12.209,93.5926,15.8137,110.1419,-11.4726,-0.112,0.0161
1779744292184,2,12.00000018,Upper Delivery,Delivery,pitch.1,703762,-0.0367,0.4706,2.2368,0.1733,-7.5234,-4.42,0.3016,0.0074
1779744292184,2,Pitching Mound.Delivery,,Delivery,pitch.1,702128,30.1907,12.6796,95.8294,47.048,102.6185,-26.1824,-0.1023,0.34
1779744292184,2,Pitching Mound.Drive,,Delivery,pitch.1,702999,-0.1587,-0.0316,0.9417,-0.0058,-0.088,-0.5148,0.0,0.0
1779744292184,2,Pitching Mound.Parent,,Delivery,pitch.1,701452,30.032,12.6479,96.7712,47.0422,102.5305,-26.6972,-0.1013,0.3367
1779744292185,2,11.0000004b,Drive,Delivery,pitch.1,703000,-0.1561,-0.0203,1.0651,0.0028,-0.1044,-0.5711,0.0,0.0
1779744292185,2,12.00000015,Lower Delivery,Delivery,pitch.1,703076,30.8061,12.3046,94.5185,17.1973,111.3907,-11.6611,-0.1121,0.0173
1779744292185,2,12.00000018,Upper Delivery,Delivery,pitch.1,703763,0.1119,0.5534,2.0321,0.3125,-7.1777,-4.2217,0.0,0.0
1779744292185,2,Pitching Mound.Delivery,,Delivery,pitch.1,702129,30.918,12.858,96.5506,48.9552,104.213,-26.3188,-0.1098,0.3426
1779744292185,2,Pitching Mound.Drive,,Delivery,pitch.1,703000,-0.1561,-0.0203,1.0651,0.0028,-0.1044,-0.5711,0.0,0.0
1779744292185,2,Pitching Mound.Parent,,Delivery,pitch.1,701453,30.7619,12.8377,97.6157,48.958,104.1086,-26.8899,-0.1086,0.3389
1779744292186,2,11.0000004b,Drive,Delivery,pitch.1,703001,-0.1392,-0.0372,1.1684,0.0179,-0.1199,-0.5843,0.0,0.0
1779744292186,2,12.00000015,Lower Delivery,Delivery,pitch.1,703077,30.908,12.5535,93.3348,13.6883,108.9481,-11.7434,-0.111,0.014
1779744292186,2,12.00000018,Upper Delivery,Delivery,pitch.1,703764,0.224,0.5845,1.8753,0.5403,-6.5245,-4.072,0.0,0.0
1779744292186,2,Pitching Mound.Delivery,,Delivery,pitch.1,702130,31.132,13.138,95.2102,45.3249,102.4237,-26.248,-0.1089,0.3403
1779744292186,2,Pitching Mound.Drive,,Delivery,pitch.1,703001,-0.1392,-0.0372,1.1684,0.0179,-0.1199,-0.5843,0.0,0.0
1779744292186,2,Pitching Mound.Parent,,Delivery,pitch.1,701454,30.9927,13.1008,96.3786,45.3427,102.3038,-26.8323,-0.1075,0.3362
1779744292187,2,11.0000004b,Drive,Delivery,pitch.1,703002,-0.0905,-0.1065,1.1352,0.0248,-0.17,-0.6492,0.0,0.0
1779744292187,2,12.00000015,Lower Delivery,Delivery,pitch.1,703078,31.0048,12.8268,92.738,12.0658,108.7672,-11.589,-0.1116,0.0124
1779744292187,2,12.00000018,Upper Delivery,Delivery,pitch.1,703765,0.277,0.5294,1.4318,0.8944,-6.2884,-3.9802,0.0,0.0
1779744292187,2,Pitching Mound.Delivery,,Delivery,pitch.1,702131,31.2819,13.3562,94.1698,44.0042,102.4788,-26.0166,-0.1099,0.3418
1779744292187,2,Pitching Mound.Drive,,Delivery,pitch.1,703002,-0.0905,-0.1065,1.1352,0.0248,-0.17,-0.6492,0.0,0.0
1779744292187,2,Pitching Mound.Parent,,Delivery,pitch.1,701455,31.1913,13.2497,95.305,44.029,102.3088,-26.6658,-0.1086,0.3378
1779744292188,2,11.0000004b,Drive,Delivery,pitch.1,703003,-0.0477,-0.1998,1.1663,0.0538,-0.2742,-0.7159,0.0,0.0
1779744292188,2,12.00000015,Lower Delivery,Delivery,pitch.1,703079,31.204,12.8019,92.3198,14.8343,111.0864,-12.0142,-0.1145,0.0153
1779744292188,2,12.00000018,Upper Delivery,Delivery,pitch.1,703766,0.2659,0.3388,1.093,0.9295,-6.2963,-3.819,0.0,0.0
1779744292188,2,Pitching Mound.Delivery,,Delivery,pitch.1,702132,31.4699,13.1408,93.4128,46.7809,104.7901,-26.3522,-0.1131,0.3472
1779744292188,2,Pitching Mound.Drive,,Delivery,pitch.1,703003,-0.0477,-0.1998,1.1663,0.0538,-0.2742,-0.7159,0.0,0.0
1779744292188,2,Pitching Mound.Parent,,Delivery,pitch.1,701456,31.4222,12.9409,94.5791,46.8347,104.5159,-27.0681,-0.1117,0.3429
1779744292189,2,11.0000004b,Drive,Delivery,pitch.1,703004,-0.0078,-0.2994,1.1762,0.1181,-0.4469,-0.7385,0.0,0.0
1779744292189,2,12.00000015,Lower Delivery,Delivery,pitch.1,703080,31.2425,12.8445,91.7551,11.0029,109.0154,-12.1668,-0.113,0.0114
1779744292189,2,12.00000018,Upper Delivery,Delivery,pitch.1,703767,0.2283,0.1475,0.6927,0.9954,-7.2041,-3.7708,0.0,0.0
1779744292189,2,Pitching Mound.Delivery,,Delivery,pitch.1,702133,31.4707,12.9921,92.4477,42.9596,101.8113,-26.4824,-0.1122,0.3462
1779744292189,2,Pitching Mound.Drive,,Delivery,pitch.1,703004,-0.0078,-0.2994,1.1762,0.1181,-0.4469,-0.7385,0.0,0.0
1779744292189,2,Pitching Mound.Parent,,Delivery,pitch.1,701457,31.4629,12.6927,93.624,43.0777,101.3644,-27.2209,-0.1108,0.3419
1779744292190,2,11.0000004b,Drive,Delivery,pitch.1,703005,0.0194,-0.4494,1.2669,0.2161,-0.9471,-0.7271,0.0,0.0
1779744292190,2,12.00000015,Lower Delivery,Delivery,pitch.1,703081,31.2353,13.0034,91.8891,7.1706,107.3247,-12.3286,-0.1111,0.0074
1779744292190,2,12.00000018,Upper Delivery,Delivery,pitch.1,703768,0.0562,-0.1298,0.7112,-0.8318,-6.8076,-3.4226,0.0,0.0
1779744292190,2,Pitching Mound.Delivery,,Delivery,pitch.1,702134,31.2915,12.8737,92.6003,37.3393,100.5171,-26.3521,-0.1103,0.3421
1779744292190,2,Pitching Mound.Drive,,Delivery,pitch.1,703005,0.0194,-0.4494,1.2669,0.2161,-0.9471,-0.7271,0.0,0.0
1779744292190,2,Pitching Mound.Parent,,Delivery,pitch.1,701458,31.311,12.4243,93.8672,37.5554,99.5699,-27.0792,-0.1088,0.3375
1779744292191,2,11.0000004b,Drive,Delivery,pitch.1,703006,0.0572,-0.5872,1.3749,0.2038,-1.5045,-0.6676,0.0,0.0
1779744292191,2,12.00000015,Lower Delivery,Delivery,pitch.1,703082,30.7788,13.0336,90.471,-1.18,103.897,-12.44,-0.1092,-0.0012
1779744292191,2,12.00000018,Upper Delivery,Delivery,pitch.1,703769,-0.0932,-0.3131,0.3346,-0.8544,-6.145,-2.9824,0.0,0.0
1779744292191,2,Pitching Mound.Delivery,,Delivery,pitch.1,702135,30.6855,12.7205,90.8056,28.612,97.752,-25.9188,-0.1088,0.3363
1779744292191,2,Pitching Mound.Drive,,Delivery,pitch.1,703006,0.0572,-0.5872,1.3749,0.2038,-1.5045,-0.6676,0.0,0.0
1779744292191,2,Pitching Mound.Parent,,Delivery,pitch.1,701459,30.7427,12.1333,92.1805,28.8158,96.2474,-26.5865,-0.1072,0.3312
1779744292192,2,11.0000004b,Drive,Delivery,pitch.1,703007,0.1028,-0.6849,1.4576,0.167,-1.8416,-0.576,0.0,0.0
1779744292192,2,12.00000015,Lower Delivery,Delivery,pitch.1,703083,30.6232,12.7121,88.0084,0.4896,105.3517,-12.1059,-0.1139,0.0005
1779744292192,2,12.00000018,Upper Delivery,Delivery,pitch.1,703770,-0.195,-0.2132,-0.2323,0.1115,-2.9784,-2.5186,0.0,0.0
1779744292192,2,Pitching Mound.Delivery,,Delivery,pitch.1,702136,30.4282,12.499,87.7761,30.603,102.3733,-25.1027,-0.1142,0.3423
1779744292192,2,Pitching Mound.Drive,,Delivery,pitch.1,703007,0.1028,-0.6849,1.4576,0.167,-1.8416,-0.576,0.0,0.0
1779744292192,2,Pitching Mound.Parent,,Delivery,pitch.1,701460,30.531,11.8141,89.2337,30.77,100.5317,-25.6786,-0.1123,0.3367
1779744292193,2,11.0000004b,Drive,Delivery,pitch.1,703008,0.1603,-0.6931,1.393,0.1333,-1.8694,-0.4546,0.0,0.0
1779744292193,2,12.00000015,Lower Delivery,Delivery,pitch.1,703084,30.3476,12.5239,87.6486,-1.2207,102.4473,-12.1359,-0.1112,-0.0013
1779744292193,2,12.00000018,Upper Delivery,Delivery,pitch.1,703771,-0.3912,-0.0872,-0.3143,1.2344,-3.3104,-2.7083,0.0,0.0
1779744292193,2,Pitching Mound.Delivery,,Delivery,pitch.1,702137,29.9564,12.4367,87.3343,29.921,99.1369,-25.2954,-0.1116,0.3411
1779744292193,2,Pitching Mound.Drive,,Delivery,pitch.1,703008,0.1603,-0.6931,1.393,0.1333,-1.8694,-0.4546,0.0,0.0
1779744292193,2,Pitching Mound.Parent,,Delivery,pitch.1,701461,30.1168,11.7436,88.7273,30.0543,97.2675,-25.7499,-0.1098,0.3358
1779744292194,2,11.0000004b,Drive,Delivery,pitch.1,703009,0.1777,-0.6209,1.1477,0.049,-1.6396,-0.3754,0.0,0.0
1779744292194,2,12.00000015,Lower Delivery,Delivery,pitch.1,703085,29.9288,12.2757,86.1878,-1.1707,100.2047,-11.9487,-0.1106,-0.0013
1779744292194,2,12.00000018,Upper Delivery,Delivery,pitch.1,703772,-0.7092,-0.089,-0.3204,2.2622,-2.6987,-2.6117,0.0,0.0
1779744292194,2,Pitching Mound.Delivery,,Delivery,pitch.1,702138,29.2196,12.1867,85.8674,30.5043,97.506,-24.9773,-0.111,0.3412
1779744292194,2,Pitching Mound.Drive,,Delivery,pitch.1,703009,0.1777,-0.6209,1.1477,0.049,-1.6396,-0.3754,0.0,0.0
1779744292194,2,Pitching Mound.Parent,,Delivery,pitch.1,701462,29.3973,11.5658,87.0151,30.5532,95.8664,-25.3528,-0.1095,0.3367
1779744292195,2,11.0000004b,Drive,Delivery,pitch.1,703011,0.0608,-0.6112,0.9744,0.0872,-0.9459,-0.1855,0.0,0.0
1779744292195,2,11.0000004b,Drive,Delivery,pitch.1,703010,0.138,-0.6572,1.2146,0.0551,-1.3758,-0.2931,0.0,0.0
1779744292195,2,12.00000015,Lower Delivery,Delivery,pitch.1,703086,29.5081,12.1,84.0373,-1.2631,98.5786,-11.9612,-0.1116,-0.0014
1779744292195,2,12.00000018,Upper Delivery,Delivery,pitch.1,703773,-0.904,-0.1962,-0.3244,2.8885,-2.0855,-2.6264,0.0,0.0
1779744292195,2,Pitching Mound.Delivery,,Delivery,pitch.1,702139,28.6041,11.9038,83.7128,30.3083,96.4931,-24.9277,-0.112,0.3412
1779744292195,2,Pitching Mound.Drive,,Delivery,pitch.1,703011,0.0608,-0.6112,0.9744,0.0872,-0.9459,-0.1855,0.0,0.0
1779744292195,2,Pitching Mound.Drive,,Delivery,pitch.1,703010,0.138,-0.6572,1.2146,0.0551,-1.3758,-0.2931,0.0,0.0
1779744292195,2,Pitching Mound.Parent,,Delivery,pitch.1,701463,28.7422,11.2466,84.9274,30.3634,95.1174,-25.2208,-0.1104,0.3363
1779744292196,2,12.00000015,Lower Delivery,Delivery,pitch.1,703087,29.2498,11.8669,83.163,2.7137,95.5895,-12.179,-0.1093,0.0031
1779744292196,2,12.00000018,Upper Delivery,Delivery,pitch.1,703774,-1.0841,-0.2289,-0.0391,2.4074,-1.7002,-2.3142,0.0,0.0
1779744292196,2,Pitching Mound.Delivery,,Delivery,pitch.1,702140,28.1658,11.6379,83.1239,33.4098,93.8893,-24.8068,-0.1094,0.3434
1779744292196,2,Pitching Mound.Parent,,Delivery,pitch.1,701464,28.2266,11.0268,84.0983,33.497,92.9435,-24.9922,-0.1081,0.3394
1779744292197,2,11.0000004b,Drive,Delivery,pitch.1,703012,0.05,-0.4892,0.7703,0.0689,-0.5619,-0.154,0.0,0.0
1779744292197,2,11.0000004b,Drive,Delivery,pitch.1,703013,0.0256,-0.3904,0.6474,0.0439,-0.3547,-0.1512,0.0,0.0
1779744292197,2,12.00000015,Lower Delivery,Delivery,pitch.1,703088,28.6419,11.7906,82.3772,0.1785,93.7153,-12.3587,-0.1082,0.0002
1779744292197,2,12.00000018,Upper Delivery,Delivery,pitch.1,703775,-1.1069,-0.2281,-0.3948,1.5792,-1.6272,-2.2599,0.0,0.0
1779744292197,2,Pitching Mound.Delivery,,Delivery,pitch.1,702141,27.535,11.5625,81.9825,29.9001,92.0881,-24.7332,-0.1087,0.3435
1779744292197,2,Pitching Mound.Drive,,Delivery,pitch.1,703012,0.05,-0.4892,0.7703,0.0689,-0.5619,-0.154,0.0,0.0
1779744292197,2,Pitching Mound.Drive,,Delivery,pitch.1,703013,0.0256,-0.3904,0.6474,0.0439,-0.3547,-0.1512,0.0,0.0
1779744292197,2,Pitching Mound.Parent,,Delivery,pitch.1,701465,27.5851,11.0733,82.7528,29.9691,91.5262,-24.8872,-0.1077,0.3403
1779744292198,2,12.00000015,Lower Delivery,Delivery,pitch.1,703089,28.2285,11.5688,81.6231,3.8308,92.5021,-12.518,-0.1078,0.0045
1779744292198,2,12.00000018,Upper Delivery,Delivery,pitch.1,703776,-1.2033,-0.3029,-0.5118,0.5616,-1.2446,-2.2334,0.0,0.0
1779744292198,2,Pitching Mound.Delivery,,Delivery,pitch.1,702142,27.0252,11.266,81.1113,32.3183,91.2576,-24.7582,-0.1085,0.3488
1779744292198,2,Pitching Mound.Parent,,Delivery,pitch.1,701466,27.0508,10.8756,81.7586,32.3622,90.9029,-24.9095,-0.1076,0.346
1779744292199,2,11.0000004b,Drive,Delivery,pitch.1,703014,0.0152,-0.2605,0.5777,0.0215,-0.1941,-0.1838,0.0,0.0
1779744292199,2,11.0000004b,Drive,Delivery,pitch.1,703015,0.008,-0.1346,0.583,-0.0009,-0.0527,-0.2503,0.0,0.0
1779744292199,2,12.00000015,Lower Delivery,Delivery,pitch.1,703090,27.7578,11.4859,81.0687,3.2815,92.6476,-12.1638,-0.1087,0.0039
1779744292199,2,12.00000018,Upper Delivery,Delivery,pitch.1,703777,-1.2449,-0.3499,-0.4646,-0.1824,-0.7093,-2.1093,0.0,0.0
1779744292199,2,Pitching Mound.Delivery,,Delivery,pitch.1,702143,26.5129,11.136,80.6041,30.8204,91.9383,-24.134,-0.1093,0.3478
1779744292199,2,Pitching Mound.Drive,,Delivery,pitch.1,703014,0.0152,-0.2605,0.5777,0.0215,-0.1941,-0.1838,0.0,0.0
1779744292199,2,Pitching Mound.Drive,,Delivery,pitch.1,703015,0.008,-0.1346,0.583,-0.0009,-0.0527,-0.2503,0.0,0.0
1779744292199,2,Pitching Mound.Parent,,Delivery,pitch.1,701467,26.5281,10.8755,81.1818,30.8418,91.7442,-24.3178,-0.1086,0.3453
1779744292200,2,11.0000004b,Drive,Delivery,pitch.1,703016,-0.0296,-0.0606,0.687,-0.005,-0.091,-0.3898,0.0,0.0
1779744292200,2,12.00000015,Lower Delivery,Delivery,pitch.1,703091,26.8562,11.3061,79.5923,2.0233,91.4177,-12.3026,-0.1093,0.0024
1779744292200,2,12.00000018,Upper Delivery,Delivery,pitch.1,703778,-1.1693,-0.2842,-0.4413,-0.8416,-0.7487,-2.0069,0.0,0.0
1779744292200,2,Pitching Mound.Delivery,,Delivery,pitch.1,702144,25.6869,11.0219,79.151,28.3932,90.669,-23.8382,-0.1099,0.3462
1779744292200,2,Pitching Mound.Drive,,Delivery,pitch.1,703016,-0.0296,-0.0606,0.687,-0.005,-0.091,-0.3898,0.0,0.0
1779744292200,2,Pitching Mound.Parent,,Delivery,pitch.1,701468,25.6949,10.8873,79.7341,28.3922,90.6164,-24.0885,-0.1091,0.3437
1779744292201,2,11.0000004b,Drive,Delivery,pitch.1,703017,-0.0572,-0.0583,0.8165,0.0197,-0.2599,-0.4791,0.0,0.0
1779744292201,2,12.00000015,Lower Delivery,Delivery,pitch.1,703092,26.1115,11.1951,78.8512,-1.1531,90.6935,-12.0969,-0.1094,-0.0014
1779744292201,2,12.00000018,Upper Delivery,Delivery,pitch.1,703779,-1.1183,-0.2275,-0.4093,-1.4442,-1.0485,-1.8719,0.0,0.0
1779744292201,2,Pitching Mound.Delivery,,Delivery,pitch.1,702145,24.9933,10.9676,78.4419,24.3512,89.645,-23.227,-0.11,0.3421
1779744292201,2,Pitching Mound.Drive,,Delivery,pitch.1,703017,-0.0572,-0.0583,0.8165,0.0197,-0.2599,-0.4791,0.0,0.0
1779744292201,2,Pitching Mound.Parent,,Delivery,pitch.1,701469,24.9637,10.907,79.1289,24.3462,89.554,-23.6168,-0.109,0.3392
1779744292202,2,11.0000004b,Drive,Delivery,pitch.1,703018,-0.1217,-0.0801,0.8719,0.0616,-0.2442,-0.5844,0.0,0.0
1779744292202,2,12.00000015,Lower Delivery,Delivery,pitch.1,703093,25.2625,11.0168,77.7984,0.8444,89.3186,-12.0747,-0.1092,0.001
1779744292202,2,12.00000018,Upper Delivery,Delivery,pitch.1,703780,-0.9194,-0.1041,-0.8443,-1.7095,-1.3934,-1.8511,0.0,0.0
1779744292202,2,Pitching Mound.Delivery,,Delivery,pitch.1,702146,24.3431,10.9127,76.9542,25.8733,87.9251,-22.8276,-0.1104,0.3485
1779744292202,2,Pitching Mound.Drive,,Delivery,pitch.1,703018,-0.1217,-0.0801,0.8719,0.0616,-0.2442,-0.5844,0.0,0.0
1779744292202,2,Pitching Mound.Parent,,Delivery,pitch.1,701470,24.286,10.8544,77.7707,25.893,87.6652,-23.3067,-0.1093,0.3448
1779744292203,2,11.0000004b,Drive,Delivery,pitch.1,703019,-0.1682,-0.1056,0.884,0.0333,-0.3358,-0.7077,0.0,0.0
1779744292203,2,12.00000015,Lower Delivery,Delivery,pitch.1,703094,24.7388,10.8934,77.3843,0.5452,86.2116,-12.559,-0.106,0.0007
1779744292203,2,12.00000018,Upper Delivery,Delivery,pitch.1,703781,-0.781,-0.1387,-0.6768,-1.92,-1.6865,-1.9726,0.0,0.0
1779744292203,2,Pitching Mound.Delivery,,Delivery,pitch.1,702147,23.9577,10.7547,76.7075,25.166,84.5251,-23.2083,-0.1069,0.3467
1779744292203,2,Pitching Mound.Drive,,Delivery,pitch.1,703019,-0.1682,-0.1056,0.884,0.0333,-0.3358,-0.7077,0.0,0.0
1779744292203,2,Pitching Mound.Parent,,Delivery,pitch.1,701471,23.8361,10.6745,77.5794,25.2276,84.2809,-23.7927,-0.1057,0.3428
1779744292204,2,12.00000015,Lower Delivery,Delivery,pitch.1,703095,24.1306,10.6413,76.2635,3.9467,86.0464,-12.7536,-0.1073,0.0049
1779744292204,2,12.00000018,Upper Delivery,Delivery,pitch.1,703782,-0.6023,-0.1292,-0.0361,-1.6531,-1.3211,-2.4125,0.0,0.0
1779744292204,2,Pitching Mound.Delivery,,Delivery,pitch.1,702148,23.5283,10.5121,76.2273,28.2355,84.7253,-23.5754,-0.1074,0.3452
1779744292204,2,Pitching Mound.Parent,,Delivery,pitch.1,701472,23.3601,10.4065,77.1114,28.2687,84.3895,-24.2831,-0.1062,0.3413
1779744292205,2,11.0000004b,Drive,Delivery,pitch.1,703020,-0.1834,-0.1451,0.9566,0.0375,-0.3327,-0.7591,0.0,0.0
1779744292205,2,12.00000015,Lower Delivery,Delivery,pitch.1,703096,23.6687,10.4299,75.0066,8.1151,85.6191,-13.0609,-0.1086,0.0103
1779744292205,2,12.00000018,Upper Delivery,Delivery,pitch.1,703783,-0.3234,-0.2375,-0.2677,-1.5944,-1.4407,-2.489,0.0,0.0
1779744292205,2,Pitching Mound.Delivery,,Delivery,pitch.1,702149,23.3453,10.1924,74.7389,32.1141,84.1783,-23.7073,-0.109,0.3528
1779744292205,2,Pitching Mound.Drive,,Delivery,pitch.1,703020,-0.1834,-0.1451,0.9566,0.0375,-0.3327,-0.7591,0.0,0.0
1779744292205,2,Pitching Mound.Parent,,Delivery,pitch.1,701473,23.1619,10.0473,75.6955,32.1516,83.8457,-24.4664,-0.1076,0.3483
1779744292206,2,11.0000004b,Drive,Delivery,pitch.1,703022,-0.1833,-0.2579,1.0675,0.0461,-0.4928,-0.7655,0.0,0.0
1779744292206,2,11.0000004b,Drive,Delivery,pitch.1,703021,-0.1939,-0.2068,1.0187,0.0545,-0.4313,-0.7822,0.0,0.0
1779744292206,2,12.00000015,Lower Delivery,Delivery,pitch.1,703097,23.3037,10.2249,74.3303,13.7551,85.3049,-12.8313,-0.1092,0.0176
1779744292206,2,12.00000018,Upper Delivery,Delivery,pitch.1,703784,-0.203,-0.1816,-0.6675,-1.9573,-1.8457,-2.6255,0.0,0.0
1779744292206,2,Pitching Mound.Delivery,,Delivery,pitch.1,702150,23.1007,10.0433,73.6628,37.297,83.4592,-23.4491,-0.1102,0.3639
1779744292206,2,Pitching Mound.Drive,,Delivery,pitch.1,703022,-0.1833,-0.2579,1.0675,0.0461,-0.4928,-0.7655,0.0,0.0
1779744292206,2,Pitching Mound.Drive,,Delivery,pitch.1,703021,-0.1939,-0.2068,1.0187,0.0545,-0.4313,-0.7822,0.0,0.0
1779744292206,2,Pitching Mound.Parent,,Delivery,pitch.1,701474,22.9068,9.8364,74.6815,37.3516,83.0279,-24.2312,-0.1087,0.359
1779744292207,2,11.0000004b,Drive,Delivery,pitch.1,703023,-0.1715,-0.3179,1.1272,0.0499,-0.6589,-0.73,0.0,0.0
1779744292207,2,12.00000015,Lower Delivery,Delivery,pitch.1,703098,23.065,10.1333,73.5041,11.1142,84.029,-12.4906,-0.1088,0.0144
1779744292207,2,12.00000018,Upper Delivery,Delivery,pitch.1,703785,-0.0522,-0.2488,-0.3851,-1.8993,-1.9749,-2.9684,0.0,0.0
1779744292207,2,Pitching Mound.Delivery,,Delivery,pitch.1,702151,23.0128,9.8845,73.1191,34.3373,82.054,-23.3188,-0.1093,0.358
1779744292207,2,Pitching Mound.Drive,,Delivery,pitch.1,703023,-0.1715,-0.3179,1.1272,0.0499,-0.6589,-0.73,0.0,0.0
1779744292207,2,Pitching Mound.Parent,,Delivery,pitch.1,701475,22.8295,9.6266,74.1866,34.3834,81.5612,-24.0844,-0.1078,0.3529
1779744292208,2,11.0000004b,Drive,Delivery,pitch.1,703024,-0.1371,-0.3515,1.19,0.06,-0.7097,-0.6406,0.0,0.0
1779744292208,2,12.00000015,Lower Delivery,Delivery,pitch.1,703099,22.9423,10.0268,73.224,10.696,82.1807,-12.3511,-0.1068,0.0139
1779744292208,2,12.00000018,Upper Delivery,Delivery,pitch.1,703786,0.1335,-0.2534,-0.1146,-1.3144,-2.0904,-3.204,0.0,0.0
1779744292208,2,Pitching Mound.Delivery,,Delivery,pitch.1,702152,23.0758,9.7734,73.1093,34.3167,80.0903,-23.3101,-0.1069,0.355
1779744292208,2,Pitching Mound.Drive,,Delivery,pitch.1,703024,-0.1371,-0.3515,1.19,0.06,-0.7097,-0.6406,0.0,0.0
1779744292208,2,Pitching Mound.Parent,,Delivery,pitch.1,701476,22.9043,9.4555,74.2365,34.3666,79.4314,-24.0401,-0.1053,0.3496
1779744292209,2,11.0000004b,Drive,Delivery,pitch.1,703025,-0.093,-0.4117,1.3037,0.0753,-0.8259,-0.5714,0.0,0.0
1779744292209,2,12.00000015,Lower Delivery,Delivery,pitch.1,703100,22.7116,9.9212,72.6335,11.2423,81.0272,-12.0548,-0.1061,0.0147
1779744292209,2,12.00000018,Upper Delivery,Delivery,pitch.1,703787,0.2102,-0.3783,-0.0156,-0.0442,-2.4189,-3.1704,0.0,0.0
1779744292209,2,Pitching Mound.Delivery,,Delivery,pitch.1,702153,22.9218,9.5429,72.6178,35.8988,78.6083,-22.8756,-0.1061,0.3549
1779744292209,2,Pitching Mound.Drive,,Delivery,pitch.1,703025,-0.093,-0.4117,1.3037,0.0753,-0.8259,-0.5714,0.0,0.0
1779744292209,2,Pitching Mound.Parent,,Delivery,pitch.1,701477,22.7847,9.1913,73.8079,35.9589,77.8986,-23.5162,-0.1044,0.3492
1779744292210,2,11.0000004b,Drive,Delivery,pitch.1,703026,-0.0421,-0.4457,1.3009,0.0855,-0.8622,-0.478,0.0,0.0
1779744292210,2,12.00000015,Lower Delivery,Delivery,pitch.1,703101,22.5776,9.8465,72.4942,11.6123,80.4036,-11.6875,-0.1055,0.0152
1779744292210,2,12.00000018,Upper Delivery,Delivery,pitch.1,703788,0.202,-0.355,0.0154,0.7998,-2.6184,-3.2388,0.0,0.0
1779744292210,2,Pitching Mound.Delivery,,Delivery,pitch.1,702154,22.7797,9.4915,72.5096,37.0549,77.7852,-22.5341,-0.1055,0.3551
1779744292210,2,Pitching Mound.Drive,,Delivery,pitch.1,703026,-0.0421,-0.4457,1.3009,0.0855,-0.8622,-0.478,0.0,0.0
1779744292210,2,Pitching Mound.Parent,,Delivery,pitch.1,701478,22.6866,9.0798,73.8133,37.1302,76.9593,-23.1055,-0.1036,0.3488
1779744292211,2,11.0000004b,Drive,Delivery,pitch.1,703027,-0.0172,-0.472,1.291,0.1029,-1.0058,-0.468,0.0,0.0
1779744292211,2,12.00000015,Lower Delivery,Delivery,pitch.1,703102,22.4697,9.7956,72.2898,11.5501,79.2532,-11.4818,-0.1043,0.0152
1779744292211,2,12.00000018,Upper Delivery,Delivery,pitch.1,703789,0.2215,-0.3592,0.0986,0.1472,-3.7892,-3.2589,0.0,0.0
1779744292211,2,Pitching Mound.Delivery,,Delivery,pitch.1,702155,22.6912,9.4364,72.3885,36.2423,75.464,-22.3051,-0.1042,0.3543
1779744292211,2,Pitching Mound.Drive,,Delivery,pitch.1,703027,-0.0172,-0.472,1.291,0.1029,-1.0058,-0.468,0.0,0.0
1779744292211,2,Pitching Mound.Parent,,Delivery,pitch.1,701479,22.6492,8.9907,73.6894,36.3277,74.6018,-22.7831,-0.1023,0.348
1779744292212,2,11.0000004b,Drive,Delivery,pitch.1,703028,0.0253,-0.4787,1.0524,0.1018,-0.9555,-0.3886,0.0,0.0
1779744292212,2,12.00000015,Lower Delivery,Delivery,pitch.1,703103,22.34,9.7387,71.8108,10.6968,77.45,-11.1266,-0.1026,0.0142
1779744292212,2,12.00000018,Upper Delivery,Delivery,pitch.1,703790,0.2002,-0.3314,0.2228,0.4533,-4.1604,-3.1342,0.0,0.0
1779744292212,2,Pitching Mound.Delivery,,Delivery,pitch.1,702156,22.5403,9.4073,72.0336,35.49,73.2896,-21.7884,-0.1023,0.352
1779744292212,2,Pitching Mound.Drive,,Delivery,pitch.1,703028,0.0253,-0.4787,1.0524,0.1018,-0.9555,-0.3886,0.0,0.0
1779744292212,2,Pitching Mound.Parent,,Delivery,pitch.1,701480,22.5231,8.9353,73.3246,35.5929,72.2837,-22.2563,-0.1005,0.3458
1779744292213,2,11.0000004b,Drive,Delivery,pitch.1,703029,0.0622,-0.4412,0.9126,0.0945,-0.8721,-0.3427,0.0,0.0
1779744292213,2,12.00000015,Lower Delivery,Delivery,pitch.1,703104,22.226,9.6858,71.4092,7.9539,76.0397,-10.8683,-0.1013,0.0106
1779744292213,2,12.00000018,Upper Delivery,Delivery,pitch.1,703791,0.1899,-0.321,0.3473,0.3828,-4.5885,-2.893,0.0,0.0
1779744292213,2,Pitching Mound.Delivery,,Delivery,pitch.1,702157,22.416,9.3647,71.7565,32.4978,71.4512,-21.2535,-0.1008,0.3473
1779744292213,2,Pitching Mound.Drive,,Delivery,pitch.1,703029,0.0622,-0.4412,0.9126,0.0945,-0.8721,-0.3427,0.0,0.0
1779744292213,2,Pitching Mound.Parent,,Delivery,pitch.1,701481,22.4413,8.8861,72.8089,32.5996,70.4957,-21.6421,-0.0994,0.3422
1779744292214,2,11.0000004b,Drive,Delivery,pitch.1,703030,0.0829,-0.3872,0.8475,0.0944,-0.8857,-0.3647,0.0,0.0
1779744292214,2,12.00000015,Lower Delivery,Delivery,pitch.1,703105,22.0541,9.6058,70.8401,8.0125,74.6345,-10.5226,-0.1002,0.0108
1779744292214,2,12.00000018,Upper Delivery,Delivery,pitch.1,703792,-0.0536,-0.1478,0.645,0.1698,-4.7879,-2.6562,0.0,0.0
1779744292214,2,Pitching Mound.Delivery,,Delivery,pitch.1,702158,22.0005,9.458,71.4852,32.0487,69.8466,-20.6955,-0.0993,0.3445
1779744292214,2,Pitching Mound.Drive,,Delivery,pitch.1,703030,0.0829,-0.3872,0.8475,0.0944,-0.8857,-0.3647,0.0,0.0
1779744292214,2,Pitching Mound.Parent,,Delivery,pitch.1,701482,22.0627,9.0168,72.3978,32.1432,68.9745,-21.0381,-0.0981,0.3402
1779744292215,2,11.0000004b,Drive,Delivery,pitch.1,703031,0.0802,-0.3594,0.7828,0.0724,-0.7124,-0.3541,0.0,0.0
1779744292215,2,12.00000015,Lower Delivery,Delivery,pitch.1,703106,21.8301,9.5457,70.3503,5.3481,73.7615,-10.1095,-0.0997,0.0072
1779744292215,2,12.00000018,Upper Delivery,Delivery,pitch.1,703793,-0.3006,-0.2107,1.2567,-1.2465,-4.7691,-2.4152,0.0,0.0
1779744292215,2,Pitching Mound.Delivery,,Delivery,pitch.1,702159,21.5296,9.335,71.607,27.5934,68.9924,-20.0492,-0.098,0.3352
1779744292215,2,Pitching Mound.Drive,,Delivery,pitch.1,703031,0.0802,-0.3594,0.7828,0.0724,-0.7124,-0.3541,0.0,0.0
1779744292215,2,Pitching Mound.Parent,,Delivery,pitch.1,701483,21.6124,8.9478,72.4544,27.6878,68.1067,-20.4139,-0.0968,0.3313
1779744292216,2,11.0000004b,Drive,Delivery,pitch.1,703032,0.096,-0.3051,0.7279,0.0833,-0.9225,-0.4269,0.0,0.0
1779744292216,2,12.00000015,Lower Delivery,Delivery,pitch.1,703107,21.615,9.4952,69.6551,3.9441,71.174,-10.191,-0.0972,0.0054
1779744292216,2,12.00000018,Upper Delivery,Delivery,pitch.1,703794,-0.3523,-0.2808,1.5474,-1.6238,-4.3316,-2.2493,0.0,0.0
1779744292216,2,Pitching Mound.Delivery,,Delivery,pitch.1,702160,21.2627,9.2144,71.2025,25.477,66.8424,-19.9092,-0.0951,0.3305
1779744292216,2,Pitching Mound.Drive,,Delivery,pitch.1,703032,0.096,-0.3051,0.7279,0.0833,-0.9225,-0.4269,0.0,0.0
1779744292216,2,Pitching Mound.Parent,,Delivery,pitch.1,701484,21.3429,8.855,71.9853,25.5494,66.13,-20.2633,-0.0941,0.3269
1779744292217,2,11.0000004b,Drive,Delivery,pitch.1,703033,0.0847,-0.2935,0.6457,0.0692,-0.8234,-0.4491,0.0,0.0
1779744292217,2,12.00000015,Lower Delivery,Delivery,pitch.1,703108,21.3594,9.4478,69.2653,4.7801,69.4979,-10.3248,-0.0954,0.0066
1779744292217,2,12.00000018,Upper Delivery,Delivery,pitch.1,703795,-0.5033,-0.3708,1.8852,-0.9976,-2.8052,-2.0763,0.0,0.0
1779744292217,2,Pitching Mound.Delivery,,Delivery,pitch.1,702161,20.8561,9.077,71.1506,26.6917,66.6927,-19.8343,-0.0929,0.3284
1779744292217,2,Pitching Mound.Drive,,Delivery,pitch.1,703033,0.0847,-0.2935,0.6457,0.0692,-0.8234,-0.4491,0.0,0.0
1779744292217,2,Pitching Mound.Parent,,Delivery,pitch.1,701485,20.9521,8.7718,71.8784,26.775,65.7702,-20.2613,-0.092,0.325
1779744292218,2,11.0000004b,Drive,Delivery,pitch.1,703034,0.0689,-0.2814,0.5554,0.0507,-0.6538,-0.4665,0.0,0.0
1779744292218,2,12.00000015,Lower Delivery,Delivery,pitch.1,703109,21.116,9.4074,67.8741,1.6554,67.8453,-9.8576,-0.0951,0.0023
1779744292218,2,12.00000018,Upper Delivery,Delivery,pitch.1,703796,-0.6612,-0.3487,2.0833,-0.4789,-2.5625,-1.997,0.0,0.0
1779744292218,2,Pitching Mound.Delivery,,Delivery,pitch.1,702162,20.4548,9.0587,69.9574,23.5453,65.2828,-19.2589,-0.0923,0.322
1779744292218,2,Pitching Mound.Drive,,Delivery,pitch.1,703034,0.0689,-0.2814,0.5554,0.0507,-0.6538,-0.4665,0.0,0.0
1779744292218,2,Pitching Mound.Parent,,Delivery,pitch.1,701486,20.5395,8.7652,70.6031,23.6145,64.4594,-19.708,-0.0914,0.3191
1779744292219,2,11.0000004b,Drive,Delivery,pitch.1,703035,0.0676,-0.2797,0.5462,0.033,-0.5711,-0.4929,0.0,0.0
1779744292219,2,12.00000015,Lower Delivery,Delivery,pitch.1,703110,20.7092,9.3167,67.5243,3.7485,65.0131,-10.4664,-0.0916,0.0053
1779744292219,2,12.00000018,Upper Delivery,Delivery,pitch.1,703797,-0.842,-0.3926,2.0889,-0.7818,-2.5267,-2.0112,0.0,0.0
1779744292219,2,Pitching Mound.Delivery,,Delivery,pitch.1,702163,19.8671,8.9241,69.6132,25.2147,62.4865,-19.8051,-0.0888,0.3247
1779744292219,2,Pitching Mound.Drive,,Delivery,pitch.1,703035,0.0676,-0.2797,0.5462,0.033,-0.5711,-0.4929,0.0,0.0
1779744292219,2,Pitching Mound.Parent,,Delivery,pitch.1,701487,19.936,8.6427,70.1686,25.2654,61.8327,-20.2716,-0.0881,0.3221
1779744292220,2,11.0000004b,Drive,Delivery,pitch.1,703036,0.0548,-0.3111,0.5922,0.0366,-0.5461,-0.5102,0.0,0.0
1779744292220,2,12.00000015,Lower Delivery,Delivery,pitch.1,703112,19.8003,9.1028,64.5027,4.8192,62.4737,-11.2508,-0.0921,0.0071
1779744292220,2,12.00000015,Lower Delivery,Delivery,pitch.1,703111,20.2908,9.231,66.0958,4.139,63.5742,-10.5876,-0.0915,0.006
1779744292220,2,12.00000018,Upper Delivery,Delivery,pitch.1,703798,-0.9849,-0.4898,2.1073,-1.4021,-1.8795,-1.9462,0.0,0.0
1779744292220,2,Pitching Mound.Delivery,,Delivery,pitch.1,702164,19.3058,8.7412,68.2032,24.493,61.6946,-19.7675,-0.0887,0.3248
1779744292220,2,Pitching Mound.Drive,,Delivery,pitch.1,703036,0.0548,-0.3111,0.5922,0.0366,-0.5461,-0.5102,0.0,0.0
1779744292220,2,Pitching Mound.Parent,,Delivery,pitch.1,701488,19.3734,8.4615,68.7494,24.526,61.1235,-20.2604,-0.088,0.3222
1779744292221,2,11.0000004b,Drive,Delivery,pitch.1,703037,0.0368,-0.3268,0.653,0.0313,-0.4539,-0.5067,0.0,0.0
1779744292221,2,12.00000015,Lower Delivery,Delivery,pitch.1,703113,19.3837,8.9383,63.5852,6.5757,62.4412,-11.2611,-0.0934,0.0098
1779744292221,2,12.00000018,Upper Delivery,Delivery,pitch.1,703799,-1.0938,-0.4777,2.3719,-1.2331,-0.7516,-1.7642,0.0301,-0.0495
1779744292221,2,Pitching Mound.Delivery,,Delivery,pitch.1,702165,18.7065,8.6251,66.8745,24.7106,61.7221,-20.119,-0.0878,0.321
1779744292221,2,Pitching Mound.Drive,,Delivery,pitch.1,703037,0.0368,-0.3268,0.653,0.0313,-0.4539,-0.5067,0.0,0.0
1779744292221,2,Pitching Mound.Parent,,Delivery,pitch.1,701489,18.7613,8.314,67.4668,24.7471,61.176,-20.6292,-0.087,0.3182
1779744292222,2,11.0000004b,Drive,Delivery,pitch.1,703038,0.032,-0.3422,0.662,0.0137,-0.2921,-0.4762,0.0,0.0
1779744292222,2,12.00000015,Lower Delivery,Delivery,pitch.1,703114,18.7422,8.8026,62.6,8.362,62.3632,-11.2577,-0.0948,0.0127
1779744292222,2,12.00000018,Upper Delivery,Delivery,pitch.1,703800,-1.109,-0.4138,2.0951,-0.3288,-0.2,-1.5563,0.0,0.0
1779744292222,2,Pitching Mound.Delivery,,Delivery,pitch.1,702166,18.2747,8.5245,65.6802,27.1535,62.2412,-19.7849,-0.0904,0.3278
1779744292222,2,Pitching Mound.Drive,,Delivery,pitch.1,703038,0.032,-0.3422,0.662,0.0137,-0.2921,-0.4762,0.0,0.0
1779744292222,2,Pitching Mound.Parent,,Delivery,pitch.1,701490,18.3115,8.1977,66.3332,27.1848,61.7873,-20.2916,-0.0895,0.3246
1779744292223,2,11.0000004b,Drive,Delivery,pitch.1,703039,0.0219,-0.3305,0.6753,0.01,-0.2638,-0.478,0.0,0.0
1779744292223,2,12.00000018,Upper Delivery,Delivery,pitch.1,703801,-1.1299,-0.3274,2.3498,0.093,0.242,-1.4154,-0.0098,0.0038
1779744292223,2,Pitching Mound.Delivery,,Delivery,pitch.1,702167,17.6123,8.4751,64.9498,28.94,62.6052,-19.4296,-0.0917,0.3278
1779744292223,2,Pitching Mound.Drive,,Delivery,pitch.1,703039,0.0219,-0.3305,0.6753,0.01,-0.2638,-0.478,0.0,0.0
1779744292223,2,Pitching Mound.Parent,,Delivery,pitch.1,701491,17.6443,8.1329,65.6118,28.9537,62.3131,-19.9058,-0.0908,0.3245
1779744292224,2,11.0000004b,Drive,Delivery,pitch.1,703040,0.0108,-0.316,0.7965,0.0239,-0.3862,-0.5098,0.0,0.0
1779744292224,2,12.00000015,Lower Delivery,Delivery,pitch.1,703115,18.3232,8.7133,61.3088,10.3934,61.8089,-11.3696,-0.0959,0.0161
1779744292224,2,12.00000018,Upper Delivery,Delivery,pitch.1,703802,-1.1246,-0.2594,2.515,0.0779,0.2193,-1.2977,-0.0083,0.0029
1779744292224,2,Pitching Mound.Delivery,,Delivery,pitch.1,702168,17.1987,8.4539,63.8238,30.4612,62.0282,-19.2795,-0.0925,0.3288
1779744292224,2,Pitching Mound.Drive,,Delivery,pitch.1,703040,0.0108,-0.316,0.7965,0.0239,-0.3862,-0.5098,0.0,0.0
1779744292224,2,Pitching Mound.Parent,,Delivery,pitch.1,701492,17.2206,8.1234,64.4991,30.4712,61.7645,-19.7575,-0.0915,0.3254
1779744292225,2,11.0000004b,Drive,Delivery,pitch.1,703041,-0.0153,-0.3018,0.9101,0.0187,-0.3235,-0.4816,0.0,0.0
1779744292225,2,12.00000015,Lower Delivery,Delivery,pitch.1,703116,17.6932,8.7297,59.3625,5.5416,60.9161,-11.2183,-0.0976,0.0089
1779744292225,2,12.00000018,Upper Delivery,Delivery,pitch.1,703803,-1.1633,-0.2556,2.2958,0.075,0.215,-1.2753,-0.0089,0.0031
1779744292225,2,Pitching Mound.Delivery,,Delivery,pitch.1,702169,16.5299,8.4741,61.6582,25.0193,61.1311,-18.9048,-0.0943,0.3233
1779744292225,2,Pitching Mound.Drive,,Delivery,pitch.1,703041,-0.0153,-0.3018,0.9101,0.0187,-0.3235,-0.4816,0.0,0.0
1779744292225,2,Pitching Mound.Parent,,Delivery,pitch.1,701493,16.5407,8.1581,62.4547,25.0432,60.745,-19.4146,-0.0931,0.3192
1779744292226,2,11.0000004b,Drive,Delivery,pitch.1,703042,-0.0788,-0.2983,0.921,0.0276,-0.4187,-0.5214,0.0,0.0
1779744292226,2,12.00000015,Lower Delivery,Delivery,pitch.1,703117,17.1522,8.6999,58.6553,7.3006,62.397,-11.2213,-0.1012,0.0118
1779744292226,2,12.00000015,Lower Delivery,Delivery,pitch.1,703118,16.9347,8.7025,57.8369,6.3701,60.106,-11.5884,-0.0989,0.0105
1779744292226,2,12.00000018,Upper Delivery,Delivery,pitch.1,703804,-1.1999,-0.309,1.4564,0.0626,0.1964,-1.1784,0.0,0.0
1779744292226,2,Pitching Mound.Delivery,,Delivery,pitch.1,702170,15.9523,8.391,60.1117,26.8108,62.5934,-18.6394,-0.0987,0.3351
1779744292226,2,Pitching Mound.Drive,,Delivery,pitch.1,703042,-0.0788,-0.2983,0.921,0.0276,-0.4187,-0.5214,0.0,0.0
1779744292226,2,Pitching Mound.Parent,,Delivery,pitch.1,701494,15.937,8.0891,61.0218,26.8295,62.2699,-19.121,-0.0973,0.3301
1779744292227,2,11.0000004b,Drive,Delivery,pitch.1,703043,-0.1335,-0.324,0.9571,0.0285,-0.4087,-0.4994,0.0,0.0
1779744292227,2,12.00000015,Lower Delivery,Delivery,pitch.1,703119,16.4566,8.7488,55.8854,4.5232,58.8032,-11.3885,-0.1001,0.0077
1779744292227,2,12.00000018,Upper Delivery,Delivery,pitch.1,703805,-1.1919,-0.369,1.1687,0.063,0.1969,-1.1812,0.0,0.0
1779744292227,2,Pitching Mound.Delivery,,Delivery,pitch.1,702171,15.7429,8.3334,59.0056,25.7002,60.3029,-18.9326,-0.0969,0.3368
1779744292227,2,Pitching Mound.Drive,,Delivery,pitch.1,703043,-0.1335,-0.324,0.9571,0.0285,-0.4087,-0.4994,0.0,0.0
1779744292227,2,Pitching Mound.Parent,,Delivery,pitch.1,701495,15.6641,8.0352,59.9266,25.7278,59.8842,-19.4541,-0.0954,0.3316
1779744292228,2,11.0000004b,Drive,Delivery,pitch.1,703044,-0.1768,-0.3309,1.0398,0.0271,-0.4153,-0.531,0.0,0.0
1779744292228,2,12.00000015,Lower Delivery,Delivery,pitch.1,703120,16.1959,8.7922,55.6516,6.2174,58.2203,-11.4806,-0.0995,0.0106
1779744292228,2,12.00000018,Upper Delivery,Delivery,pitch.1,703806,-1.1107,-0.4299,0.7995,0.0435,0.1676,-1.0292,0.0,0.0
1779744292228,2,Pitching Mound.Delivery,,Delivery,pitch.1,702172,15.3459,8.3189,56.6849,23.2959,58.9708,-18.3906,-0.0987,0.338
1779744292228,2,Pitching Mound.Drive,,Delivery,pitch.1,703044,-0.1768,-0.3309,1.0398,0.0271,-0.4153,-0.531,0.0,0.0
1779744292228,2,Pitching Mound.Parent,,Delivery,pitch.1,701496,15.2124,7.995,57.642,23.3244,58.5622,-18.8901,-0.097,0.3324
1779744292229,2,11.0000004b,Drive,Delivery,pitch.1,703045,-0.1998,-0.3219,1.0893,0.0372,-0.5156,-0.5626,0.0,0.0
1779744292229,2,12.00000015,Lower Delivery,Delivery,pitch.1,703121,16.0576,8.8481,55.0957,7.0057,57.9921,-11.6551,-0.1001,0.0121
1779744292229,2,12.00000018,Upper Delivery,Delivery,pitch.1,703807,-0.8701,-0.3665,0.5886,0.0402,0.1627,-1.0037,0.0,0.0
1779744292229,2,Pitching Mound.Delivery,,Delivery,pitch.1,702173,15.3259,8.4257,56.2402,24.979,58.383,-18.2867,-0.0985,0.3434
1779744292229,2,Pitching Mound.Drive,,Delivery,pitch.1,703045,-0.1998,-0.3219,1.0893,0.0372,-0.5156,-0.5626,0.0,0.0
1779744292229,2,Pitching Mound.Parent,,Delivery,pitch.1,701497,15.1491,8.0948,57.2799,25.0061,57.9677,-18.8177,-0.0967,0.3372
1779744292230,2,11.0000004b,Drive,Delivery,pitch.1,703046,-0.2181,-0.3325,1.1378,0.0335,-0.5023,-0.5841,0.0,0.0
1779744292230,2,12.00000015,Lower Delivery,Delivery,pitch.1,703122,15.8037,9.0005,53.5476,5.1408,56.5252,-11.6458,-0.1004,0.0091
1779744292230,2,12.00000018,Upper Delivery,Delivery,pitch.1,703808,-0.6949,-0.4053,0.1939,0.0294,0.1465,-0.9193,0.0,0.0
1779744292230,2,Pitching Mound.Delivery,,Delivery,pitch.1,702174,15.3628,8.4428,55.2895,25.7017,58.1386,-18.2703,-0.0998,0.3497
1779744292230,2,Pitching Mound.Drive,,Delivery,pitch.1,703046,-0.2181,-0.3325,1.1378,0.0335,-0.5023,-0.5841,0.0,0.0
1779744292230,2,Pitching Mound.Parent,,Delivery,pitch.1,701498,15.163,8.1209,56.3788,25.7389,57.623,-18.833,-0.0979,0.3429
1779744292231,2,11.0000004b,Drive,Delivery,pitch.1,703047,-0.2063,-0.3014,1.0962,0.0335,-0.5097,-0.5971,0.0,0.0
1779744292231,2,12.00000015,Lower Delivery,Delivery,pitch.1,703123,15.676,9.0734,52.3993,5.6932,56.0414,-11.4776,-0.1017,0.0103
1779744292231,2,12.00000018,Upper Delivery,Delivery,pitch.1,703809,-0.4013,-0.4054,-0.5331,0.0298,0.1471,-0.9228,0.0,0.0
1779744292231,2,Pitching Mound.Delivery,,Delivery,pitch.1,702175,15.4023,8.5951,53.0146,23.5581,56.6723,-18.0783,-0.1014,0.3561
1779744292231,2,Pitching Mound.Drive,,Delivery,pitch.1,703047,-0.2063,-0.3014,1.0962,0.0335,-0.5097,-0.5971,0.0,0.0
1779744292231,2,Pitching Mound.Parent,,Delivery,pitch.1,701499,15.1842,8.2626,54.1524,23.5916,56.17,-18.6623,-0.0993,0.3486
1779744292232,2,11.0000004b,Drive,Delivery,pitch.1,703048,-0.1816,-0.294,1.0223,0.0261,-0.4761,-0.6203,0.0,0.0
1779744292232,2,12.00000015,Lower Delivery,Delivery,pitch.1,703124,15.5565,9.1278,51.4843,6.1564,55.879,-11.4399,-0.1032,0.0114
1779744292232,2,12.00000018,Upper Delivery,Delivery,pitch.1,703810,-0.1647,-0.2877,-0.1968,0.0394,0.1615,-0.9975,0.0,0.0
1779744292232,2,Pitching Mound.Delivery,,Delivery,pitch.1,702176,15.5113,8.7857,52.2025,23.6153,56.2029,-17.8609,-0.1021,0.3529
1779744292232,2,Pitching Mound.Drive,,Delivery,pitch.1,703048,-0.1816,-0.294,1.0223,0.0261,-0.4761,-0.6203,0.0,0.0
1779744292232,2,Pitching Mound.Parent,,Delivery,pitch.1,701500,15.3049,8.4843,53.2988,23.6488,55.6932,-18.458,-0.1,0.3457
1779744292233,2,11.0000004b,Drive,Delivery,pitch.1,703049,-0.138,-0.279,1.0357,0.0185,-0.5921,-0.6419,0.0,0.0
1779744292233,2,12.00000015,Lower Delivery,Delivery,pitch.1,703125,15.3882,9.1498,50.3323,3.682,55.3885,-11.3665,-0.1047,0.007
1779744292233,2,12.00000018,Upper Delivery,Delivery,pitch.1,703811,0.0586,-0.1411,0.072,0.0626,0.1964,-1.1786,0.0,0.0
1779744292233,2,Pitching Mound.Delivery,,Delivery,pitch.1,702177,15.6152,8.9867,51.5562,23.6992,56.0754,-17.8878,-0.1031,0.3504
1779744292233,2,Pitching Mound.Drive,,Delivery,pitch.1,703049,-0.138,-0.279,1.0357,0.0185,-0.5921,-0.6419,0.0,0.0
1779744292233,2,Pitching Mound.Parent,,Delivery,pitch.1,701501,15.4335,8.6927,52.5785,23.7254,55.5993,-18.5081,-0.1011,0.3436
1779744292234,2,11.0000004b,Drive,Delivery,pitch.1,703050,-0.1053,-0.2747,1.1088,0.0198,-0.55,-0.6129,0.0,0.0
1779744292234,2,12.00000015,Lower Delivery,Delivery,pitch.1,703126,15.3065,9.1447,49.3277,5.6221,54.1881,-11.3938,-0.1045,0.0108
1779744292234,2,12.00000018,Upper Delivery,Delivery,pitch.1,703812,-0.0222,-0.0137,0.1331,0.0869,0.2329,-1.3681,0.0,0.0
1779744292234,2,Pitching Mound.Delivery,,Delivery,pitch.1,702178,15.3659,9.1362,50.4654,20.8367,55.6214,-17.9741,-0.1044,0.3451
1779744292234,2,Pitching Mound.Drive,,Delivery,pitch.1,703050,-0.1053,-0.2747,1.1088,0.0198,-0.55,-0.6129,0.0,0.0
1779744292234,2,Pitching Mound.Parent,,Delivery,pitch.1,701502,15.2279,8.8572,51.5011,20.8552,55.0293,-18.616,-0.1023,0.3382
1779744292235,2,11.0000004b,Drive,Delivery,pitch.1,703051,-0.0564,-0.265,1.1061,0.0022,-0.6166,-0.6308,0.0,0.0
1779744292235,2,12.00000018,Upper Delivery,Delivery,pitch.1,703813,-0.0269,-0.0178,0.1203,0.0904,0.2382,-1.3954,0.0,0.0
1779744292235,2,Pitching Mound.Delivery,,Delivery,pitch.1,702179,15.2796,9.1269,49.4479,22.443,54.4263,-18.0026,-0.1042,0.3492
1779744292235,2,Pitching Mound.Drive,,Delivery,pitch.1,703051,-0.0564,-0.265,1.1061,0.0022,-0.6166,-0.6308,0.0,0.0
1779744292235,2,Pitching Mound.Parent,,Delivery,pitch.1,701503,15.1743,8.8522,50.5567,22.4628,53.8762,-18.6155,-0.102,0.3415
1779744292236,2,11.0000004b,Drive,Delivery,pitch.1,703052,-0.0153,-0.2885,1.0243,0.03,-0.6853,-0.5942,0.0,0.0
1779744292236,2,12.00000015,Lower Delivery,Delivery,pitch.1,703128,15.2513,9.1099,48.1263,4.744,52.4089,-11.2925,-0.1036,0.0094
1779744292236,2,12.00000015,Lower Delivery,Delivery,pitch.1,703127,15.2725,9.1432,48.8771,5.8662,53.4541,-11.3715,-0.104,0.0114
1779744292236,2,12.00000018,Upper Delivery,Delivery,pitch.1,703814,-0.0297,-0.0235,0.0998,0.0962,0.2469,-1.4407,0.0,0.0
1779744292236,2,Pitching Mound.Delivery,,Delivery,pitch.1,702180,15.2428,9.1198,48.9769,22.5467,53.701,-18.0149,-0.1038,0.35
1779744292236,2,Pitching Mound.Drive,,Delivery,pitch.1,703052,-0.0153,-0.2885,1.0243,0.03,-0.6853,-0.5942,0.0,0.0
1779744292236,2,Pitching Mound.Parent,,Delivery,pitch.1,701504,15.1864,8.8547,50.083,22.5489,53.0844,-18.6457,-0.1015,0.3423
1779744292237,2,11.0000004b,Drive,Delivery,pitch.1,703053,0.0045,-0.2986,0.9323,0.0477,-0.6389,-0.5657,0.0,0.0
1779744292237,2,12.00000015,Lower Delivery,Delivery,pitch.1,703129,15.2184,9.0645,47.6267,4.7645,52.0727,-11.1857,-0.104,0.0095
1779744292237,2,12.00000018,Upper Delivery,Delivery,pitch.1,703815,-0.0305,-0.0235,0.1135,-0.131,0.0084,-1.5088,0.0,0.0
1779744292237,2,Pitching Mound.Delivery,,Delivery,pitch.1,702181,15.2207,9.0864,48.2397,20.9374,52.4173,-17.9971,-0.1034,0.3478
1779744292237,2,Pitching Mound.Drive,,Delivery,pitch.1,703053,0.0045,-0.2986,0.9323,0.0477,-0.6389,-0.5657,0.0,0.0
1779744292237,2,Pitching Mound.Parent,,Delivery,pitch.1,701505,15.2054,8.7979,49.264,20.9674,51.732,-18.5913,-0.1012,0.3405
1779744292238,2,11.0000004b,Drive,Delivery,pitch.1,703054,0.0018,-0.2894,0.7807,0.0497,-0.6416,-0.5696,0.0,0.0
1779744292238,2,12.00000015,Lower Delivery,Delivery,pitch.1,703130,15.2161,9.0414,47.2851,3.8325,51.7832,-11.0919,-0.1042,0.0077
1779744292238,2,12.00000018,Upper Delivery,Delivery,pitch.1,703816,-0.0295,-0.0238,0.0931,-0.1665,-0.0268,-1.559,0.0,0.0
1779744292238,2,Pitching Mound.Delivery,,Delivery,pitch.1,702182,15.189,9.0407,47.7198,20.7594,52.046,-17.929,-0.1038,0.3482
1779744292238,2,Pitching Mound.Drive,,Delivery,pitch.1,703054,0.0018,-0.2894,0.7807,0.0497,-0.6416,-0.5696,0.0,0.0
1779744292238,2,Pitching Mound.Parent,,Delivery,pitch.1,701506,15.1935,8.7421,48.6522,20.8071,51.407,-18.4947,-0.1018,0.3415
1779744292239,2,11.0000004b,Drive,Delivery,pitch.1,703055,0.0125,-0.3132,0.7409,0.0592,-0.7142,-0.558,0.0,0.0
1779744292239,2,12.00000015,Lower Delivery,Delivery,pitch.1,703131,15.1852,8.946,46.5852,4.1069,51.401,-10.8794,-0.105,0.0084
1779744292239,2,12.00000018,Upper Delivery,Delivery,pitch.1,703817,-0.0288,-0.0226,0.0961,-0.2304,-0.096,-1.5395,0.0,0.0
1779744292239,2,Pitching Mound.Delivery,,Delivery,pitch.1,702183,15.1872,9.0188,47.3812,19.6463,51.6872,-17.8147,-0.104,0.3463
1779744292239,2,Pitching Mound.Drive,,Delivery,pitch.1,703055,0.0125,-0.3132,0.7409,0.0592,-0.7142,-0.558,0.0,0.0
1779744292239,2,Pitching Mound.Parent,,Delivery,pitch.1,701507,15.189,8.7294,48.1619,19.6961,51.0456,-18.3844,-0.1023,0.3407
1779744292240,2,11.0000004b,Drive,Delivery,pitch.1,703056,0.0344,-0.2965,0.6567,0.0566,-0.6616,-0.5073,0.0,0.0
1779744292240,2,12.00000015,Lower Delivery,Delivery,pitch.1,703132,15.1844,8.8847,46.2293,4.2632,50.9797,-10.8778,-0.1049,0.0088
1779744292240,2,12.00000018,Upper Delivery,Delivery,pitch.1,703818,-0.0287,-0.0255,0.0635,-0.3659,-0.2422,-1.509,0.0,0.0
1779744292240,2,Pitching Mound.Delivery,,Delivery,pitch.1,702184,15.1565,8.9206,46.6487,19.5584,51.1588,-17.5611,-0.1048,0.3474
1779744292240,2,Pitching Mound.Drive,,Delivery,pitch.1,703056,0.0344,-0.2965,0.6567,0.0566,-0.6616,-0.5073,0.0,0.0
1779744292240,2,Pitching Mound.Parent,,Delivery,pitch.1,701508,15.1689,8.6074,47.3895,19.6176,50.4446,-18.1192,-0.1032,0.342
1779744292241,2,11.0000004b,Drive,Delivery,pitch.1,703057,0.0444,-0.3138,0.6497,0.0473,-0.5981,-0.5072,0.0,0.0
1779744292241,2,12.00000015,Lower Delivery,Delivery,pitch.1,703133,15.1713,8.7883,45.7858,3.4009,50.4441,-10.8408,-0.1048,0.0071
1779744292241,2,12.00000018,Upper Delivery,Delivery,pitch.1,703819,-0.0239,-0.0207,0.0415,-0.2542,-0.1266,-1.446,0.0,0.0
1779744292241,2,Pitching Mound.Delivery,,Delivery,pitch.1,702185,15.1605,8.864,46.2709,19.7129,50.8532,-17.4946,-0.1048,0.3482
1779744292241,2,Pitching Mound.Drive,,Delivery,pitch.1,703057,0.0444,-0.3138,0.6497,0.0473,-0.5981,-0.5072,0.0,0.0
1779744292241,2,Pitching Mound.Parent,,Delivery,pitch.1,701509,15.1948,8.5675,46.9275,19.7694,50.1915,-18.0019,-0.1033,0.3433
1779744292242,2,11.0000004b,Drive,Delivery,pitch.1,703058,0.0614,-0.3733,0.7588,0.0545,-0.7637,-0.5101,0.0,0.0
1779744292242,2,12.00000015,Lower Delivery,Delivery,pitch.1,703134,15.0998,8.7099,45.0748,3.0526,49.1835,-10.8766,-0.1038,0.0064
1779744292242,2,12.00000018,Upper Delivery,Delivery,pitch.1,703820,-0.0204,-0.0218,-0.0244,-0.315,-0.1926,-1.4234,0.0,0.0
1779744292242,2,Pitching Mound.Delivery,,Delivery,pitch.1,702186,15.1509,8.7665,45.7614,18.6614,50.2515,-17.4294,-0.1049,0.3474
1779744292242,2,Pitching Mound.Drive,,Delivery,pitch.1,703058,0.0614,-0.3733,0.7588,0.0545,-0.7637,-0.5101,0.0,0.0
1779744292242,2,Pitching Mound.Parent,,Delivery,pitch.1,701510,15.1953,8.4527,46.4111,18.7087,49.6534,-17.9365,-0.1034,0.3426
1779744292243,2,11.0000004b,Drive,Delivery,pitch.1,703059,0.0734,-0.3933,0.8192,0.0617,-0.8064,-0.5015,0.0,0.0
1779744292243,2,12.00000018,Upper Delivery,Delivery,pitch.1,703821,-0.022,-0.0237,0.1696,0.0534,0.1925,-1.2847,0.0,0.0
1779744292243,2,Pitching Mound.Delivery,,Delivery,pitch.1,702187,15.0778,8.6862,45.2445,18.3738,49.376,-17.3027,-0.1034,0.3439
1779744292243,2,Pitching Mound.Drive,,Delivery,pitch.1,703059,0.0734,-0.3933,0.8192,0.0617,-0.8064,-0.5015,0.0,0.0
1779744292243,2,Pitching Mound.Parent,,Delivery,pitch.1,701511,15.1392,8.313,46.0033,18.4283,48.6123,-17.8128,-0.1017,0.3382
1779744292244,2,11.0000004b,Drive,Delivery,pitch.1,703060,0.0783,-0.4024,0.8326,0.053,-0.7469,-0.5224,0.0,0.0
1779744292244,2,12.00000015,Lower Delivery,Delivery,pitch.1,703136,14.8783,8.5611,43.6965,1.6683,47.8252,-10.7724,-0.1041,0.0036
1779744292244,2,12.00000015,Lower Delivery,Delivery,pitch.1,703135,14.9851,8.6352,44.4211,2.8224,48.7574,-10.8228,-0.1044,0.006
1779744292244,2,12.00000018,Upper Delivery,Delivery,pitch.1,703822,-0.1728,-0.0731,0.6042,0.0604,0.1931,-1.1614,0.0,0.0
1779744292244,2,Pitching Mound.Delivery,,Delivery,pitch.1,702188,14.8123,8.5621,45.0253,17.7805,48.9505,-17.1379,-0.103,0.3368
1779744292244,2,Pitching Mound.Drive,,Delivery,pitch.1,703060,0.0783,-0.4024,0.8326,0.053,-0.7469,-0.5224,0.0,0.0
1779744292244,2,Pitching Mound.Parent,,Delivery,pitch.1,701512,14.8857,8.1688,45.8445,17.8422,48.1441,-17.6394,-0.1012,0.3308
1779744292245,2,11.0000004b,Drive,Delivery,pitch.1,703061,0.0764,-0.4102,0.7577,0.0447,-0.6977,-0.524,0.0,0.0
1779744292245,2,12.00000015,Lower Delivery,Delivery,pitch.1,703137,14.7068,8.4598,42.6053,-0.1108,43.7092,-10.779,-0.0976,-0.0002
1779744292245,2,12.00000018,Upper Delivery,Delivery,pitch.1,703823,-0.3699,-0.1039,0.7843,0.0431,0.1671,-1.0262,0.0,0.0
1779744292245,2,Pitching Mound.Delivery,,Delivery,pitch.1,702189,14.5084,8.4571,44.4808,16.3015,47.9922,-16.9831,-0.1023,0.3316
1779744292245,2,Pitching Mound.Drive,,Delivery,pitch.1,703061,0.0764,-0.4102,0.7577,0.0447,-0.6977,-0.524,0.0,0.0
1779744292245,2,Pitching Mound.Parent,,Delivery,pitch.1,701513,14.5867,8.0547,45.3134,16.3545,47.2453,-17.5055,-0.1004,0.3255
1779744292246,2,11.0000004b,Drive,Delivery,pitch.1,703062,0.0734,-0.421,0.7693,0.0485,-0.728,-0.543,0.0,0.0
1779744292246,2,12.00000015,Lower Delivery,Delivery,pitch.1,703138,14.4362,8.4649,41.9022,1.8681,44.7146,-10.5091,-0.1015,0.0042
1779744292246,2,12.00000018,Upper Delivery,Delivery,pitch.1,703824,-0.5851,-0.2517,0.915,0.0365,0.1572,-0.9751,0.0,0.0
1779744292246,2,Pitching Mound.Delivery,,Delivery,pitch.1,702190,14.1218,8.2081,43.5203,14.1004,43.8664,-16.9534,-0.0955,0.3255
1779744292246,2,Pitching Mound.Drive,,Delivery,pitch.1,703062,0.0734,-0.421,0.7693,0.0485,-0.728,-0.543,0.0,0.0
1779744292246,2,Pitching Mound.Parent,,Delivery,pitch.1,701514,14.1982,7.7979,44.278,14.1451,43.1688,-17.4774,-0.0939,0.3199
1779744292247,2,11.0000004b,Drive,Delivery,pitch.1,703063,0.0632,-0.389,0.6881,0.0409,-0.6058,-0.5401,0.0,0.0
1779744292247,2,12.00000015,Lower Delivery,Delivery,pitch.1,703139,14.1529,8.3771,40.7851,1.4872,43.0843,-10.4342,-0.1005,0.0035
1779744292247,2,12.00000018,Upper Delivery,Delivery,pitch.1,703825,-0.7513,-0.4052,0.5375,0.0251,0.14,-0.8858,0.0,0.0
1779744292247,2,Pitching Mound.Delivery,,Delivery,pitch.1,702191,13.685,8.0597,42.4396,15.9572,44.8546,-16.5586,-0.1002,0.3356
1779744292247,2,Pitching Mound.Drive,,Delivery,pitch.1,703063,0.0632,-0.389,0.6881,0.0409,-0.6058,-0.5401,0.0,0.0
1779744292247,2,Pitching Mound.Parent,,Delivery,pitch.1,701515,13.7583,7.6387,43.209,16.0057,44.1266,-17.1017,-0.0984,0.3296
1779744292248,2,11.0000004b,Drive,Delivery,pitch.1,703064,0.0475,-0.3653,0.7557,0.027,-0.4463,-0.56,0.0,0.0
1779744292248,2,12.00000015,Lower Delivery,Delivery,pitch.1,703140,13.7703,8.3197,39.089,0.3301,40.9523,-10.0656,-0.0997,0.0008
1779744292248,2,12.00000018,Upper Delivery,Delivery,pitch.1,703826,-0.8737,-0.457,0.8504,0.0063,0.1118,-0.7392,0.0,0.0
1779744292248,2,Pitching Mound.Delivery,,Delivery,pitch.1,702192,13.2792,7.9201,41.6355,15.0712,43.196,-16.2824,-0.0984,0.3295
1779744292248,2,Pitching Mound.Drive,,Delivery,pitch.1,703064,0.0475,-0.3653,0.7557,0.027,-0.4463,-0.56,0.0,0.0
1779744292248,2,Pitching Mound.Parent,,Delivery,pitch.1,701516,13.3424,7.5311,42.3236,15.1122,42.5902,-16.8225,-0.0968,0.3242
1779744292249,2,11.0000004b,Drive,Delivery,pitch.1,703065,0.0255,-0.3463,0.8274,0.0124,-0.3311,-0.5526,0.0,0.0
1779744292249,2,12.00000015,Lower Delivery,Delivery,pitch.1,703141,13.4564,8.2692,38.5617,1.4016,40.2895,-10.3243,-0.0994,0.0035
1779744292249,2,12.00000018,Upper Delivery,Delivery,pitch.1,703827,-0.9091,-0.4218,0.751,-0.0066,0.0925,-0.6389,0.0,0.0
1779744292249,2,Pitching Mound.Delivery,,Delivery,pitch.1,702193,12.8612,7.8979,39.84,13.3585,41.0448,-15.6955,-0.0978,0.328
1779744292249,2,Pitching Mound.Drive,,Delivery,pitch.1,703065,0.0255,-0.3463,0.8274,0.0124,-0.3311,-0.5526,0.0,0.0
1779744292249,2,Pitching Mound.Parent,,Delivery,pitch.1,701517,12.9087,7.5327,40.5957,13.3855,40.5985,-16.2555,-0.096,0.3219
1779744292250,2,11.0000004b,Drive,Delivery,pitch.1,703066,-0.0168,-0.3048,0.965,0.0077,-0.2892,-0.5735,0.0,0.0
1779744292250,2,12.00000015,Lower Delivery,Delivery,pitch.1,703142,13.1119,8.1435,37.0793,0.7952,38.9268,-9.8216,-0.0999,0.002
1779744292250,2,12.00000018,Upper Delivery,Delivery,pitch.1,703828,-0.9024,-0.4068,0.5856,-0.0323,0.0538,-0.4381,0.0,0.0
1779744292250,2,Pitching Mound.Delivery,,Delivery,pitch.1,702194,12.5539,7.8623,39.1473,14.2812,40.3433,-15.6444,-0.0979,0.3332
1779744292250,2,Pitching Mound.Drive,,Delivery,pitch.1,703066,-0.0168,-0.3048,0.965,0.0077,-0.2892,-0.5735,0.0,0.0
1779744292250,2,Pitching Mound.Parent,,Delivery,pitch.1,701518,12.5794,7.516,39.9747,14.2936,40.0122,-16.1969,-0.0959,0.3263
1779744292251,2,11.0000004b,Drive,Delivery,pitch.1,703067,-0.0424,-0.2687,1.0406,0.0021,-0.2308,-0.5634,0.0,0.0
1779744292251,2,12.00000015,Lower Delivery,Delivery,pitch.1,703143,12.6911,8.1944,36.4327,-0.2311,38.0394,-10.0683,-0.0993,-0.0006
1779744292251,2,12.00000018,Upper Delivery,Delivery,pitch.1,703829,-0.9063,-0.35,0.6576,-0.0491,0.0286,-0.3072,0.0,0.0
1779744292251,2,Pitching Mound.Delivery,,Delivery,pitch.1,702195,12.2056,7.7934,37.737,13.1295,38.9553,-14.8949,-0.0981,0.3302
1779744292251,2,Pitching Mound.Drive,,Delivery,pitch.1,703067,-0.0424,-0.2687,1.0406,0.0021,-0.2308,-0.5634,0.0,0.0
1779744292251,2,Pitching Mound.Parent,,Delivery,pitch.1,701519,12.1888,7.4886,38.702,13.1372,38.6661,-15.4684,-0.0957,0.3219
1779744292252,2,11.0000004b,Drive,Delivery,pitch.1,703068,-0.0769,-0.2653,1.1074,-0.0003,-0.224,-0.5771,0.0,0.0
1779744292252,2,12.00000015,Lower Delivery,Delivery,pitch.1,703144,12.2739,8.1238,35.3895,1.8593,37.2173,-9.9732,-0.1,0.005
1779744292252,2,12.00000018,Upper Delivery,Delivery,pitch.1,703830,-0.906,-0.3134,0.6396,-0.0724,-0.0065,-0.1254,0.0,0.0
1779744292252,2,Pitching Mound.Delivery,,Delivery,pitch.1,702196,11.7851,7.8809,37.0723,11.8661,38.0329,-14.8167,-0.0976,0.3277
1779744292252,2,Pitching Mound.Drive,,Delivery,pitch.1,703068,-0.0769,-0.2653,1.1074,-0.0003,-0.224,-0.5771,0.0,0.0
1779744292252,2,Pitching Mound.Parent,,Delivery,pitch.1,701520,11.7427,7.6122,38.1129,11.8682,37.8021,-15.3801,-0.0949,0.3187
1779744292253,2,11.0000004b,Drive,Delivery,pitch.1,703069,-0.1025,-0.2503,1.0841,-0.0053,-0.195,-0.5765,0.0,0.0
1779744292253,2,12.00000015,Lower Delivery,Delivery,pitch.1,703145,11.8364,8.0981,34.2107,1.1333,36.1242,-9.9534,-0.1004,0.0032
1779744292253,2,12.00000018,Upper Delivery,Delivery,pitch.1,703831,-0.9188,-0.3296,0.6545,-0.0687,-0.0008,-0.1546,0.0,0.0
1779744292253,2,Pitching Mound.Delivery,,Delivery,pitch.1,702197,11.3551,7.7942,36.044,13.6005,37.2165,-14.6133,-0.0982,0.3326
1779744292253,2,Pitching Mound.Drive,,Delivery,pitch.1,703069,-0.1025,-0.2503,1.0841,-0.0053,-0.195,-0.5765,0.0,0.0
1779744292253,2,Pitching Mound.Parent,,Delivery,pitch.1,701521,11.2782,7.5289,37.1514,13.6002,36.9925,-15.1904,-0.0953,0.3226
1779744292254,2,11.0000004b,Drive,Delivery,pitch.1,703070,-0.1105,-0.2476,1.0827,-0.0025,-0.2072,-0.5744,0.0,0.0
1779744292254,2,12.00000015,Lower Delivery,Delivery,pitch.1,703146,11.4176,8.0839,33.8278,1.1342,34.6168,-9.9114,-0.0973,0.0032
1779744292254,2,12.00000018,Upper Delivery,Delivery,pitch.1,703832,-0.8569,-0.3597,0.653,-0.0758,-0.0115,-0.0991,0.0,0.0
1779744292254,2,Pitching Mound.Delivery,,Delivery,pitch.1,702198,10.9795,7.7384,34.8637,12.4671,36.1127,-14.3682,-0.0986,0.3304
1779744292254,2,Pitching Mound.Drive,,Delivery,pitch.1,703070,-0.1105,-0.2476,1.0827,-0.0025,-0.2072,-0.5744,0.0,0.0
1779744292254,2,Pitching Mound.Parent,,Delivery,pitch.1,701522,10.877,7.4881,35.9478,12.4618,35.9176,-14.9447,-0.0956,0.3204
1779744292255,2,11.0000004b,Drive,Delivery,pitch.1,703071,-0.1061,-0.2491,1.0855,-0.008,-0.1581,-0.5637,0.0,0.0
1779744292255,2,12.00000015,Lower Delivery,Delivery,pitch.1,703147,10.9759,8.0325,32.2219,0.7985,33.5319,-9.7047,-0.099,0.0024
1779744292255,2,12.00000018,Upper Delivery,Delivery,pitch.1,703833,-0.7096,-0.2923,0.204,-0.0884,-0.0304,-0.0012,0.0,0.0
1779744292255,2,Pitching Mound.Delivery,,Delivery,pitch.1,702199,10.708,7.7917,34.0318,12.4779,34.5865,-14.0358,-0.0968,0.3391
1779744292255,2,Pitching Mound.Drive,,Delivery,pitch.1,703071,-0.1061,-0.2491,1.0855,-0.008,-0.1581,-0.5637,0.0,0.0
1779744292255,2,Pitching Mound.Parent,,Delivery,pitch.1,701523,10.5976,7.5441,35.1145,12.4754,34.3792,-14.6102,-0.0938,0.3286
1779744292256,2,11.0000004b,Drive,Delivery,pitch.1,703072,-0.0759,-0.2649,1.187,0.0121,-0.3199,-0.559,0.0,0.0
1779744292256,2,12.00000015,Lower Delivery,Delivery,pitch.1,703148,10.6077,7.9784,31.5731,1.3213,33.0985,-9.5667,-0.0997,0.004
1779744292256,2,12.00000018,Upper Delivery,Delivery,pitch.1,703834,-0.5715,-0.27,-0.4172,-0.0884,-0.0304,-0.0012,0.0,0.0
1779744292256,2,Pitching Mound.Delivery,,Delivery,pitch.1,702200,10.4044,7.7625,31.8047,11.8074,33.5015,-13.632,-0.1003,0.3513
1779744292256,2,Pitching Mound.Drive,,Delivery,pitch.1,703072,-0.0759,-0.2649,1.187,0.0121,-0.3199,-0.559,0.0,0.0
1779744292256,2,Pitching Mound.Parent,,Delivery,pitch.1,701524,10.2983,7.5134,32.8902,11.7994,33.3434,-14.1956,-0.097,0.3397
1779744292257,2,11.0000004b,Drive,Delivery,pitch.1,703073,-0.0652,-0.2792,1.2423,0.0187,-0.3533,-0.5381,0.0,0.0
1779744292257,2,12.00000015,Lower Delivery,Delivery,pitch.1,703149,10.2664,7.9221,30.5804,1.4504,31.3091,-9.5209,-0.0974,0.0045
1779744292257,2,12.00000018,Upper Delivery,Delivery,pitch.1,703835,-0.415,-0.2819,-0.698,-0.0884,-0.0304,-0.0012,0.0,0.0
1779744292257,2,Pitching Mound.Delivery,,Delivery,pitch.1,702201,10.1926,7.6964,30.8751,12.205,33.0681,-13.3156,-0.102,0.3594
1779744292257,2,Pitching Mound.Drive,,Delivery,pitch.1,703073,-0.0652,-0.2792,1.2423,0.0187,-0.3533,-0.5381,0.0,0.0
1779744292257,2,Pitching Mound.Parent,,Delivery,pitch.1,701525,10.1167,7.4315,32.0622,12.2172,32.7482,-13.8747,-0.0982,0.3461
1779744292258,2,11.0000004b,Drive,Delivery,pitch.1,703074,-0.0401,-0.3134,1.2506,0.0259,-0.3901,-0.5049,0.0,0.0
1779744292258,2,12.00000015,Lower Delivery,Delivery,pitch.1,703150,9.916,7.8724,29.6839,0.9251,29.3879,-9.8518,-0.0942,0.003
1779744292258,2,12.00000018,Upper Delivery,Delivery,pitch.1,703836,-0.3134,-0.2292,-0.5694,-0.0884,-0.0304,-0.0012,0.0,0.0
1779744292258,2,Pitching Mound.Delivery,,Delivery,pitch.1,702202,9.953,7.6929,30.011,11.953,31.2788,-13.1192,-0.0992,0.3575
1779744292258,2,Pitching Mound.Drive,,Delivery,pitch.1,703074,-0.0401,-0.3134,1.2506,0.0259,-0.3901,-0.5049,0.0,0.0
1779744292258,2,Pitching Mound.Parent,,Delivery,pitch.1,701526,9.8878,7.4137,31.2532,11.9717,30.9255,-13.6573,-0.0953,0.3433
1779744292259,2,11.0000004b,Drive,Delivery,pitch.1,703075,-0.0138,-0.3057,1.2279,0.0455,-0.5691,-0.5024,0.0,0.0
1779744292259,2,12.00000015,Lower Delivery,Delivery,pitch.1,703151,9.6986,7.7623,28.4664,1.7431,29.2361,-9.5377,-0.0977,0.0058
1779744292259,2,12.00000018,Upper Delivery,Delivery,pitch.1,703837,-0.199,-0.164,-0.465,-0.0884,-0.0304,-0.0012,0.0,0.0
1779744292259,2,Pitching Mound.Delivery,,Delivery,pitch.1,702203,9.717,7.7084,29.219,11.0873,29.3575,-13.2921,-0.0957,0.3538
1779744292259,2,Pitching Mound.Drive,,Delivery,pitch.1,703075,-0.0138,-0.3057,1.2279,0.0455,-0.5691,-0.5024,0.0,0.0
1779744292259,2,Pitching Mound.Parent,,Delivery,pitch.1,701527,9.677,7.395,30.4696,11.1132,28.9674,-13.797,-0.0918,0.3393
1779744292260,2,11.0000004b,Drive,Delivery,pitch.1,703076,0.0007,-0.3422,1.1586,0.0513,-0.6101,-0.4699,0.0,0.0
1779744292260,2,12.00000015,Lower Delivery,Delivery,pitch.1,703152,9.3976,7.7431,28.2374,1.8352,27.8468,-9.4298,-0.0938,0.0062
1779744292260,2,12.00000018,Upper Delivery,Delivery,pitch.1,703838,-0.0924,-0.1316,-0.4227,-0.0884,-0.0304,-0.0012,0.0,0.0
1779744292260,2,Pitching Mound.Delivery,,Delivery,pitch.1,702204,9.6062,7.6308,28.0437,11.477,29.2057,-12.8679,-0.0992,0.3562
1779744292260,2,Pitching Mound.Drive,,Delivery,pitch.1,703076,0.0007,-0.3422,1.1586,0.0513,-0.6101,-0.4699,0.0,0.0
1779744292260,2,Pitching Mound.Parent,,Delivery,pitch.1,701528,9.5924,7.3251,29.2716,11.5225,28.6366,-13.3703,-0.095,0.3412
1779744292261,2,11.0000004b,Drive,Delivery,pitch.1,703077,0.0127,-0.3528,1.0916,0.0638,-0.6833,-0.4552,0.0,0.0
1779744292261,2,12.00000015,Lower Delivery,Delivery,pitch.1,703153,9.2039,7.6817,27.4099,1.5711,27.1983,-9.4722,-0.0944,0.0055
1779744292261,2,12.00000018,Upper Delivery,Delivery,pitch.1,703839,-0.0346,-0.152,-0.2775,-0.0653,0.0043,-0.181,0.0,0.0
1779744292261,2,Pitching Mound.Delivery,,Delivery,pitch.1,702205,9.363,7.5911,27.9599,11.465,27.8511,-12.8177,-0.0947,0.353
1779744292261,2,Pitching Mound.Drive,,Delivery,pitch.1,703077,0.0127,-0.3528,1.0916,0.0638,-0.6833,-0.4552,0.0,0.0
1779744292261,2,Pitching Mound.Parent,,Delivery,pitch.1,701529,9.3637,7.2489,29.1185,11.5163,27.241,-13.2876,-0.091,0.3389
1779744292262,2,11.0000004b,Drive,Delivery,pitch.1,703078,0.0142,-0.3574,1.0153,0.069,-0.7152,-0.434,0.0,0.0
1779744292262,2,12.00000015,Lower Delivery,Delivery,pitch.1,703154,9.0881,7.6198,26.6286,1.8827,26.4584,-9.5331,-0.0945,0.0067
1779744292262,2,12.00000018,Upper Delivery,Delivery,pitch.1,703840,-0.0262,-0.1517,-0.2316,-0.0611,0.0106,-0.2139,0.0,0.0
1779744292262,2,Pitching Mound.Delivery,,Delivery,pitch.1,702206,9.1777,7.5299,27.1783,10.9082,27.2089,-12.8243,-0.0952,0.3513
1779744292262,2,Pitching Mound.Drive,,Delivery,pitch.1,703078,0.0142,-0.3574,1.0153,0.069,-0.7152,-0.434,0.0,0.0
1779744292262,2,Pitching Mound.Parent,,Delivery,pitch.1,701530,9.1904,7.1771,28.2699,10.972,26.5256,-13.2796,-0.0915,0.3377
1779744292263,2,11.0000004b,Drive,Delivery,pitch.1,703079,0.0183,-0.3447,0.9819,0.0657,-0.6826,-0.4132,0.0,0.0
1779744292263,2,12.00000015,Lower Delivery,Delivery,pitch.1,703155,8.9682,7.5431,25.4834,1.8354,25.7684,-9.3293,-0.0962,0.0069
1779744292263,2,12.00000018,Upper Delivery,Delivery,pitch.1,703841,-0.0116,-0.144,-0.1993,-0.0643,0.0057,-0.1885,0.0,0.0
1779744292263,2,Pitching Mound.Delivery,,Delivery,pitch.1,702207,9.0765,7.4758,26.4293,10.9399,26.4641,-12.8156,-0.0952,0.3519
1779744292263,2,Pitching Mound.Drive,,Delivery,pitch.1,703079,0.0183,-0.3447,0.9819,0.0657,-0.6826,-0.4132,0.0,0.0
1779744292263,2,Pitching Mound.Parent,,Delivery,pitch.1,701531,9.0906,7.1184,27.4446,11.0089,25.7488,-13.2496,-0.0917,0.3389
1779744292264,2,11.0000004b,Drive,Delivery,pitch.1,703080,0.0266,-0.3755,0.8137,0.0703,-0.7571,-0.4284,0.0,0.0
1779744292264,2,12.00000015,Lower Delivery,Delivery,pitch.1,703156,8.8694,7.5025,25.1002,1.8045,25.3353,-9.2197,-0.096,0.0068
1779744292264,2,12.00000018,Upper Delivery,Delivery,pitch.1,703842,-0.0316,-0.1642,-0.2517,-0.059,0.0137,-0.23,0.0,0.0
1779744292264,2,Pitching Mound.Delivery,,Delivery,pitch.1,702208,8.9367,7.379,25.2317,10.5263,25.7822,-12.6193,-0.0972,0.3537
1779744292264,2,Pitching Mound.Drive,,Delivery,pitch.1,703080,0.0266,-0.3755,0.8137,0.0703,-0.7571,-0.4284,0.0,0.0
1779744292264,2,Pitching Mound.Parent,,Delivery,pitch.1,701532,8.9549,7.0343,26.2136,10.592,25.0996,-13.0325,-0.0935,0.3405
1779744292265,2,11.0000004b,Drive,Delivery,pitch.1,703081,0.0327,-0.3613,0.9252,0.0726,-0.7773,-0.3902,0.0,0.0
1779744292265,2,12.00000015,Lower Delivery,Delivery,pitch.1,703157,8.7665,7.4424,24.8092,1.7509,24.6886,-9.0816,-0.0947,0.0067
1779744292265,2,12.00000018,Upper Delivery,Delivery,pitch.1,703843,-0.0264,-0.1521,-0.2314,-0.052,0.0243,-0.285,0.0,0.0
1779744292265,2,Pitching Mound.Delivery,,Delivery,pitch.1,702209,8.843,7.3504,24.8688,10.3653,25.3596,-12.5292,-0.0969,0.3532
1779744292265,2,Pitching Mound.Drive,,Delivery,pitch.1,703081,0.0327,-0.3613,0.9252,0.0726,-0.7773,-0.3902,0.0,0.0
1779744292265,2,Pitching Mound.Parent,,Delivery,pitch.1,701533,8.8696,6.9749,25.6825,10.4356,24.6025,-12.9576,-0.0938,0.342
1779744292266,2,11.0000004b,Drive,Delivery,pitch.1,703082,0.0287,-0.3506,0.9041,0.0833,-0.7577,-0.4014,0.0,0.0
1779744292266,2,12.00000015,Lower Delivery,Delivery,pitch.1,703158,8.6579,7.3827,24.2446,1.6156,24.2139,-8.8876,-0.095,0.0063
1779744292266,2,12.00000018,Upper Delivery,Delivery,pitch.1,703844,-0.0415,-0.1669,-0.2439,-0.0453,0.0343,-0.3367,0.0,0.0
1779744292266,2,Pitching Mound.Delivery,,Delivery,pitch.1,702210,8.725,7.2755,24.5653,10.2236,24.7228,-12.4131,-0.0956,0.3535
1779744292266,2,Pitching Mound.Drive,,Delivery,pitch.1,703082,0.0287,-0.3506,0.9041,0.0833,-0.7577,-0.4014,0.0,0.0
1779744292266,2,Pitching Mound.Parent,,Delivery,pitch.1,701534,8.7577,6.9142,25.4904,10.2962,23.9456,-12.8032,-0.0921,0.3407
1779744292267,2,11.0000004b,Drive,Delivery,pitch.1,703083,0.023,-0.3493,0.9019,0.1063,-0.7893,-0.4212,0.0,0.0
1779744292267,2,12.00000015,Lower Delivery,Delivery,pitch.1,703159,8.5834,7.2908,23.7957,1.6644,23.3209,-8.7766,-0.0932,0.0067
1779744292267,2,12.00000018,Upper Delivery,Delivery,pitch.1,703845,-0.0386,-0.1563,-0.2369,-0.0426,0.0383,-0.3579,0.0,0.0
1779744292267,2,Pitching Mound.Delivery,,Delivery,pitch.1,702211,8.6194,7.2264,24.0077,9.8967,24.2523,-12.2023,-0.0959,0.3531
1779744292267,2,Pitching Mound.Drive,,Delivery,pitch.1,703083,0.023,-0.3493,0.9019,0.1063,-0.7893,-0.4212,0.0,0.0
1779744292267,2,Pitching Mound.Parent,,Delivery,pitch.1,701535,8.648,6.8758,24.9118,9.98,23.4946,-12.6038,-0.0925,0.3403
1779744292268,2,11.0000004b,Drive,Delivery,pitch.1,703084,0.0277,-0.3184,0.8639,0.16,-0.9315,-0.4287,0.0,0.0
1779744292268,2,12.00000015,Lower Delivery,Delivery,pitch.1,703160,8.4864,7.2274,23.2385,1.5949,22.7781,-8.6131,-0.0932,0.0065
1779744292268,2,12.00000018,Upper Delivery,Delivery,pitch.1,703846,-0.0342,-0.1408,-0.3147,-0.0292,0.0585,-0.4628,0.0,0.0
1779744292268,2,Pitching Mound.Delivery,,Delivery,pitch.1,702212,8.5492,7.1501,23.481,9.8327,23.3794,-12.1694,-0.0945,0.3559
1779744292268,2,Pitching Mound.Drive,,Delivery,pitch.1,703084,0.0277,-0.3184,0.8639,0.16,-0.9315,-0.4287,0.0,0.0
1779744292268,2,Pitching Mound.Parent,,Delivery,pitch.1,701536,8.5721,6.8008,24.3829,9.939,22.5901,-12.5905,-0.091,0.3427
1779744292269,2,11.0000004b,Drive,Delivery,pitch.1,703085,0.0225,-0.3215,0.8602,0.1327,-0.7074,-0.434,0.0,0.0
1779744292269,2,12.00000015,Lower Delivery,Delivery,pitch.1,703161,8.4004,7.1497,22.8606,1.6601,21.6259,-8.4676,-0.09,0.0069
1779744292269,2,12.00000018,Upper Delivery,Delivery,pitch.1,703847,-0.0887,-0.1156,-0.4048,-0.0328,0.0531,-0.4344,0.0,0.0
1779744292269,2,12.00000018,Upper Delivery,Delivery,pitch.1,703848,-0.2366,-0.1023,-0.5834,-0.0333,0.0523,-0.4302,0.0,0.0
1779744292269,2,Pitching Mound.Delivery,,Delivery,pitch.1,702213,8.3977,7.1118,22.8337,9.6008,22.8312,-11.963,-0.0949,0.3587
1779744292269,2,Pitching Mound.Delivery,,Delivery,pitch.1,702214,8.1638,7.0474,22.2772,9.5977,21.6781,-11.8344,-0.0923,0.3649
1779744292269,2,Pitching Mound.Drive,,Delivery,pitch.1,703085,0.0225,-0.3215,0.8602,0.1327,-0.7074,-0.434,0.0,0.0
1779744292269,2,Pitching Mound.Parent,,Delivery,pitch.1,701537,8.4254,6.7934,23.6976,9.7608,21.8996,-12.3917,-0.0914,0.3456
1779744292269,2,Pitching Mound.Parent,,Delivery,pitch.1,701538,8.1863,6.7259,23.1374,9.7304,20.9708,-12.2684,-0.0889,0.3513
1779744292270,2,11.0000004b,Drive,Delivery,pitch.1,703086,0.0144,-0.3084,0.9522,0.1547,-0.8005,-0.4677,0.0,0.0
1779744292270,2,12.00000015,Lower Delivery,Delivery,pitch.1,703162,8.3125,7.0644,21.8851,1.6866,21.6275,-8.4269,-0.094,0.0073
1779744292270,2,Pitching Mound.Drive,,Delivery,pitch.1,703086,0.0144,-0.3084,0.9522,0.1547,-0.8005,-0.4677,0.0,0.0
1779744292271,2,11.0000004b,Drive,Delivery,pitch.1,703087,-0.0021,-0.2795,1.0218,0.1469,-0.7801,-0.5227,0.0,0.0
1779744292271,2,12.00000015,Lower Delivery,Delivery,pitch.1,703163,8.0975,7.0141,21.9004,1.5869,20.0801,-8.0554,-0.0872,0.0069
1779744292271,2,12.00000018,Upper Delivery,Delivery,pitch.1,703849,-0.3601,-0.1467,-0.5933,-0.0329,0.053,-0.434,0.0,0.0
1779744292271,2,Pitching Mound.Delivery,,Delivery,pitch.1,702215,7.9523,6.9176,21.2918,9.2964,21.6805,-11.8096,0.0,0.0
1779744292271,2,Pitching Mound.Drive,,Delivery,pitch.1,703087,-0.0021,-0.2795,1.0218,0.1469,-0.7801,-0.5227,0.0,0.0
1779744292271,2,Pitching Mound.Parent,,Delivery,pitch.1,701539,7.9668,6.6092,22.244,9.4512,20.8799,-12.2772,-0.0925,0.3508
1779744292272,2,11.0000004b,Drive,Delivery,pitch.1,703088,0.0038,-0.2973,1.0515,0.1016,-0.7911,-0.5677,0.0,0.0
1779744292272,2,12.00000015,Lower Delivery,Delivery,pitch.1,703164,7.9483,6.9641,21.1313,1.1475,19.8747,-7.8977,-0.0895,0.0052
1779744292272,2,12.00000018,Upper Delivery,Delivery,pitch.1,703851,-0.5042,-0.3612,-0.5304,-0.0627,0.0081,-0.2011,0.0,0.0
1779744292272,2,12.00000018,Upper Delivery,Delivery,pitch.1,703850,-0.4663,-0.2684,-0.5262,-0.0491,0.0286,-0.3074,0.0,0.0
1779744292272,2,Pitching Mound.Delivery,,Delivery,pitch.1,702216,7.6312,6.7457,21.3742,9.1629,20.1087,-11.2745,0.0,0.0
1779744292272,2,Pitching Mound.Delivery,,Delivery,pitch.1,702217,7.4441,6.6029,20.6009,8.4498,19.8828,-10.9726,0.0,0.0
1779744292272,2,Pitching Mound.Drive,,Delivery,pitch.1,703088,0.0038,-0.2973,1.0515,0.1016,-0.7911,-0.5677,0.0,0.0
1779744292272,2,Pitching Mound.Parent,,Delivery,pitch.1,701540,7.6291,6.4662,22.396,9.3098,19.3286,-11.7972,-0.0853,0.3472
1779744292272,2,Pitching Mound.Parent,,Delivery,pitch.1,701541,7.4478,6.3056,21.6525,8.5514,19.0917,-11.5404,0.0,0.0
1779744292273,2,11.0000004b,Drive,Delivery,pitch.1,703089,-0.0009,-0.3076,1.0778,0.0994,-0.7346,-0.5746,0.0,0.0
1779744292273,2,12.00000015,Lower Delivery,Delivery,pitch.1,703165,7.7987,6.879,19.9035,1.6656,18.9497,-7.7992,-0.0906,0.008
1779744292273,2,Pitching Mound.Drive,,Delivery,pitch.1,703089,-0.0009,-0.3076,1.0778,0.0994,-0.7346,-0.5746,0.0,0.0
1779744292274,2,11.0000004b,Drive,Delivery,pitch.1,703090,-0.0068,-0.3209,1.0656,0.0697,-0.6564,-0.6071,0.0,0.0
1779744292274,2,12.00000015,Lower Delivery,Delivery,pitch.1,703166,7.5626,6.8643,19.7111,1.3134,18.0171,-7.777,-0.087,0.0063
1779744292274,2,12.00000018,Upper Delivery,Delivery,pitch.1,703852,-0.5735,-0.446,-0.2277,-0.0882,-0.0301,-0.0025,0.0,0.0
1779744292274,2,Pitching Mound.Delivery,,Delivery,pitch.1,702218,7.2253,6.433,19.6758,8.4221,18.9196,-10.6483,0.0,0.0
1779744292274,2,Pitching Mound.Drive,,Delivery,pitch.1,703090,-0.0068,-0.3209,1.0656,0.0697,-0.6564,-0.6071,0.0,0.0
1779744292274,2,Pitching Mound.Parent,,Delivery,pitch.1,701542,7.2244,6.1254,20.7536,8.5214,18.1849,-11.2229,0.0,0.0
1779744292275,2,11.0000004b,Drive,Delivery,pitch.1,703091,-0.01,-0.3251,1.0809,0.0474,-0.5987,-0.6191,0.0,0.0
1779744292275,2,12.00000015,Lower Delivery,Delivery,pitch.1,703167,7.3026,6.8009,19.0386,1.1057,16.9203,-7.6049,-0.0845,0.0055
1779744292275,2,12.00000018,Upper Delivery,Delivery,pitch.1,703853,-0.6172,-0.4179,0.1128,-0.0884,-0.0304,-0.0012,0.0,0.0
1779744292275,2,Pitching Mound.Delivery,,Delivery,pitch.1,702219,6.9454,6.4464,19.8238,7.8885,17.9867,-10.5593,0.0,0.0
1779744292275,2,Pitching Mound.Drive,,Delivery,pitch.1,703091,-0.01,-0.3251,1.0809,0.0474,-0.5987,-0.6191,0.0,0.0
1779744292275,2,Pitching Mound.Parent,,Delivery,pitch.1,701543,6.9385,6.1255,20.8894,7.9582,17.3303,-11.1664,0.0,0.0
1779744292276,2,11.0000004b,Drive,Delivery,pitch.1,703092,-0.0131,-0.34,1.0919,0.0482,-0.6618,-0.6283,0.0,0.0
1779744292276,2,12.00000015,Lower Delivery,Delivery,pitch.1,703168,7.0607,6.7353,18.0517,-0.1657,16.456,-7.4539,-0.0867,-0.0009
1779744292276,2,12.00000018,Upper Delivery,Delivery,pitch.1,703854,-0.622,-0.3702,0.4179,-0.0843,-0.0242,-0.0332,0.0,0.0
1779744292276,2,Pitching Mound.Delivery,,Delivery,pitch.1,702220,6.6806,6.4307,19.4566,7.3525,16.8961,-10.3324,0.0,0.0
1779744292276,2,Pitching Mound.Drive,,Delivery,pitch.1,703092,-0.0131,-0.34,1.0919,0.0482,-0.6618,-0.6283,0.0,0.0
1779744292276,2,Pitching Mound.Parent,,Delivery,pitch.1,701544,6.6705,6.1056,20.5375,7.3999,16.2974,-10.9516,0.0,0.0
1779744292277,2,11.0000004b,Drive,Delivery,pitch.1,703093,-0.0093,-0.3244,1.0854,0.0524,-0.685,-0.6329,0.0,0.0
1779744292277,2,12.00000015,Lower Delivery,Delivery,pitch.1,703169,6.7057,6.6953,17.1699,0.2815,15.5,-7.2201,-0.0859,0.0016
1779744292277,2,12.00000018,Upper Delivery,Delivery,pitch.1,703855,-0.6563,-0.3435,0.5181,-0.0866,-0.0277,-0.015,0.0,0.0
1779744292277,2,12.00000018,Upper Delivery,Delivery,pitch.1,703856,-0.663,-0.334,0.4638,-0.0884,-0.0304,-0.0012,0.0,0.0
1779744292277,2,Pitching Mound.Delivery,,Delivery,pitch.1,702221,6.4044,6.3919,18.5699,5.7091,16.4283,-10.0927,0.0,0.0
1779744292277,2,Pitching Mound.Delivery,,Delivery,pitch.1,702222,6.0427,6.3614,17.6337,5.8732,15.4696,-9.7267,0.0,0.0
1779744292277,2,Pitching Mound.Drive,,Delivery,pitch.1,703093,-0.0093,-0.3244,1.0854,0.0524,-0.685,-0.6329,0.0,0.0
1779744292277,2,Pitching Mound.Parent,,Delivery,pitch.1,701545,6.3913,6.0519,19.6617,5.7574,15.7665,-10.721,0.0,0.0
1779744292277,2,Pitching Mound.Parent,,Delivery,pitch.1,701546,6.0335,6.037,18.7191,5.9256,14.7846,-10.3596,0.0,0.0
1779744292278,2,11.0000004b,Drive,Delivery,pitch.1,703094,0.0121,-0.3537,1.0219,0.0592,-0.7437,-0.6258,0.0,0.0
1779744292278,2,12.00000015,Lower Delivery,Delivery,pitch.1,703170,6.3829,6.7077,16.2734,0.9551,14.7668,-7.174,-0.0863,0.0056
1779744292278,2,Pitching Mound.Drive,,Delivery,pitch.1,703094,0.0121,-0.3537,1.0219,0.0592,-0.7437,-0.6258,0.0,0.0
1779744292279,2,11.0000004b,Drive,Delivery,pitch.1,703095,0.0144,-0.377,0.9297,0.0614,-0.7829,-0.6368,0.0,0.0
1779744292279,2,12.00000015,Lower Delivery,Delivery,pitch.1,703171,6.0859,6.7225,15.1045,-0.5007,13.9194,-7.2626,-0.0877,-0.0032
1779744292279,2,12.00000018,Upper Delivery,Delivery,pitch.1,703857,-0.6888,-0.3276,0.3335,-0.0884,-0.0304,-0.0012,0.0,0.0
1779744292279,2,Pitching Mound.Delivery,,Delivery,pitch.1,702223,5.6941,6.3802,16.6069,6.2864,14.7365,-9.5795,0.0,0.0
1779744292279,2,Pitching Mound.Drive,,Delivery,pitch.1,703095,0.0144,-0.377,0.9297,0.0614,-0.7829,-0.6368,0.0,0.0
1779744292279,2,Pitching Mound.Parent,,Delivery,pitch.1,701547,5.7061,6.0265,17.6288,6.3455,13.9928,-10.2053,0.0,0.0
1779744292280,2,11.0000004b,Drive,Delivery,pitch.1,703096,0.0206,-0.3705,0.8948,0.062,-0.7723,-0.6118,0.0,0.0
1779744292280,2,12.00000015,Lower Delivery,Delivery,pitch.1,703172,5.7647,6.6324,14.4891,-1.7876,13.6436,-6.8513,-0.0896,-0.0117
1779744292280,2,12.00000018,Upper Delivery,Delivery,pitch.1,703858,-0.6405,-0.2763,0.245,-0.0884,-0.0304,-0.0012,0.0,0.0
1779744292280,2,12.00000018,Upper Delivery,Delivery,pitch.1,703859,-0.5678,-0.2392,0.1104,-0.0884,-0.0304,-0.0012,0.0,0.0
1779744292280,2,Pitching Mound.Delivery,,Delivery,pitch.1,702224,5.4454,6.4462,15.3495,4.4631,13.889,-9.5508,0.0,0.0
1779744292280,2,Pitching Mound.Delivery,,Delivery,pitch.1,702225,5.1969,6.3932,14.5995,3.0128,13.6132,-9.0056,0.0,0.0
1779744292280,2,Pitching Mound.Drive,,Delivery,pitch.1,703096,0.0206,-0.3705,0.8948,0.062,-0.7723,-0.6118,0.0,0.0
1779744292280,2,Pitching Mound.Parent,,Delivery,pitch.1,701548,5.4598,6.0692,16.2792,4.5245,13.1061,-10.1876,0.0,0.0
1779744292280,2,Pitching Mound.Parent,,Delivery,pitch.1,701549,5.2175,6.0228,15.4943,3.0748,12.8409,-9.6174,0.0,0.0
1779744292281,2,11.0000004b,Drive,Delivery,pitch.1,703097,0.0254,-0.3574,0.8025,0.0493,-0.6501,-0.5898,0.0,0.0
1779744292281,2,12.00000015,Lower Delivery,Delivery,pitch.1,703173,5.4426,6.5953,13.1891,-1.7595,12.9933,-6.7776,-0.0937,-0.0127
1779744292281,2,Pitching Mound.Drive,,Delivery,pitch.1,703097,0.0254,-0.3574,0.8025,0.0493,-0.6501,-0.5898,0.0,0.0
1779744292282,2,11.0000004b,Drive,Delivery,pitch.1,703098,0.0492,-0.3431,0.7705,0.0588,-0.7151,-0.5951,0.0,0.0
1779744292282,2,12.00000015,Lower Delivery,Delivery,pitch.1,703174,5.1312,6.5721,12.4242,-0.5205,11.8713,-6.7587,-0.0909,-0.004
1779744292282,2,12.00000018,Upper Delivery,Delivery,pitch.1,703860,-0.5116,-0.3071,0.063,-0.0884,-0.0304,-0.0012,0.0,0.0
1779744292282,2,12.00000018,Upper Delivery,Delivery,pitch.1,703861,-0.4229,-0.3608,-0.3984,-0.0884,-0.0304,-0.0012,0.0,0.0
1779744292282,2,Pitching Mound.Delivery,,Delivery,pitch.1,702227,4.7083,6.2114,12.0258,3.7509,11.8409,-8.6483,0.0,0.0
1779744292282,2,Pitching Mound.Delivery,,Delivery,pitch.1,702226,4.931,6.2882,13.2521,2.615,12.963,-8.8032,0.0,0.0
1779744292282,2,Pitching Mound.Drive,,Delivery,pitch.1,703098,0.0492,-0.3431,0.7705,0.0588,-0.7151,-0.5951,0.0,0.0
1779744292282,2,Pitching Mound.Parent,,Delivery,pitch.1,701551,4.7575,5.8682,12.7963,3.8097,11.1259,-9.2435,0.0,0.0
1779744292282,2,Pitching Mound.Parent,,Delivery,pitch.1,701550,4.9564,5.9308,14.0546,2.6644,12.3128,-9.393,0.0,0.0
1779744292283,2,11.0000004b,Drive,Delivery,pitch.1,703099,0.0426,-0.3454,0.7725,0.0458,-0.6074,-0.5466,0.0,0.0
1779744292283,2,12.00000015,Lower Delivery,Delivery,pitch.1,703175,4.8337,6.6273,11.8942,-1.5524,11.6354,-6.587,-0.0931,-0.0124
1779744292283,2,Pitching Mound.Drive,,Delivery,pitch.1,703099,0.0426,-0.3454,0.7725,0.0458,-0.6074,-0.5466,0.0,0.0
1779744292284,2,11.0000004b,Drive,Delivery,pitch.1,703100,0.0463,-0.3325,0.7532,0.0497,-0.6409,-0.5517,0.0,0.0
1779744292284,2,12.00000015,Lower Delivery,Delivery,pitch.1,703176,4.5335,6.558,11.1818,-1.0054,10.9329,-6.5274,-0.093,-0.0086
1779744292284,2,12.00000018,Upper Delivery,Delivery,pitch.1,703862,-0.3992,-0.3554,-0.5953,-0.0884,-0.0304,-0.0012,0.0,0.0
1779744292284,2,12.00000018,Upper Delivery,Delivery,pitch.1,703863,-0.3484,-0.2786,-0.4543,-0.0884,-0.0304,-0.0012,0.0,0.0
1779744292284,2,Pitching Mound.Delivery,,Delivery,pitch.1,702229,4.1852,6.2794,10.7274,2.8626,10.9025,-8.1884,0.0,0.0
1779744292284,2,Pitching Mound.Delivery,,Delivery,pitch.1,702228,4.4346,6.2719,11.2989,2.6056,11.605,-8.3674,0.0,0.0
1779744292284,2,Pitching Mound.Drive,,Delivery,pitch.1,703100,0.0463,-0.3325,0.7532,0.0497,-0.6409,-0.5517,0.0,0.0
1779744292284,2,Pitching Mound.Parent,,Delivery,pitch.1,701553,4.2315,5.9469,11.4807,2.9122,10.2617,-8.7401,0.0,0.0
1779744292284,2,Pitching Mound.Parent,,Delivery,pitch.1,701552,4.4772,5.9265,12.0714,2.6514,10.9976,-8.9139,0.0,0.0
1779744292285,2,11.0000004b,Drive,Delivery,pitch.1,703101,0.0258,-0.3328,0.7372,0.0405,-0.5572,-0.5404,0.0,0.0
1779744292285,2,12.00000015,Lower Delivery,Delivery,pitch.1,703177,4.2865,6.5792,10.9877,-2.0119,10.2407,-6.3643,-0.0887,-0.0174
1779744292285,2,Pitching Mound.Drive,,Delivery,pitch.1,703101,0.0258,-0.3328,0.7372,0.0405,-0.5572,-0.5404,0.0,0.0
1779744292286,2,11.0000004b,Drive,Delivery,pitch.1,703102,0.0154,-0.3524,0.7754,0.0415,-0.5884,-0.5739,0.0,0.0
1779744292286,2,12.00000015,Lower Delivery,Delivery,pitch.1,703178,4.0235,6.4463,10.463,-0.7846,10.4339,-6.3007,-0.0949,-0.0071
1779744292286,2,12.00000018,Upper Delivery,Delivery,pitch.1,703864,-0.2967,-0.2359,-0.4041,-0.0884,-0.0304,-0.0012,0.0,0.0
1779744292286,2,12.00000018,Upper Delivery,Delivery,pitch.1,703865,-0.2592,-0.1832,-0.3971,-0.0884,-0.0304,-0.0012,0.0,0.0
1779744292286,2,Pitching Mound.Delivery,,Delivery,pitch.1,702230,3.9897,6.3433,10.5836,1.7729,10.2103,-7.9238,0.0,0.0
1779744292286,2,Pitching Mound.Delivery,,Delivery,pitch.1,702231,3.7643,6.263,10.0659,2.8195,10.4036,-7.758,0.0,0.0
1779744292286,2,Pitching Mound.Drive,,Delivery,pitch.1,703102,0.0154,-0.3524,0.7754,0.0415,-0.5884,-0.5739,0.0,0.0
1779744292286,2,Pitching Mound.Parent,,Delivery,pitch.1,701554,4.0156,6.0105,11.3208,1.8134,9.6532,-8.4643,0.0,0.0
1779744292286,2,Pitching Mound.Parent,,Delivery,pitch.1,701555,3.7798,5.9106,10.8414,2.861,9.8152,-8.3319,0.0,0.0
1779744292287,2,11.0000004b,Drive,Delivery,pitch.1,703103,0.0036,-0.3482,0.7947,0.0403,-0.5729,-0.5743,0.0,0.0
1779744292287,2,12.00000015,Lower Delivery,Delivery,pitch.1,703179,3.7816,6.2789,9.9364,-0.4227,10.324,-6.1017,-0.0988,-0.004
1779744292287,2,12.00000018,Upper Delivery,Delivery,pitch.1,703866,-0.2004,-0.1223,-0.3667,-0.0884,-0.0304,-0.0012,0.0,0.0
1779744292287,2,Pitching Mound.Delivery,,Delivery,pitch.1,702232,3.5812,6.1566,9.5697,2.992,10.2936,-7.4568,0.0,0.0
1779744292287,2,Pitching Mound.Drive,,Delivery,pitch.1,703103,0.0036,-0.3482,0.7947,0.0403,-0.5729,-0.5743,0.0,0.0
1779744292287,2,Pitching Mound.Parent,,Delivery,pitch.1,701556,3.5848,5.8084,10.3644,3.0324,9.7207,-8.0311,0.0,0.0
1779744292288,2,11.0000004b,Drive,Delivery,pitch.1,703104,-0.0088,-0.334,0.859,0.0286,-0.4596,-0.5662,0.0,0.0
1779744292288,2,12.00000015,Lower Delivery,Delivery,pitch.1,703180,3.4344,6.3513,9.8431,-0.8544,9.3681,-6.0908,-0.0905,-0.0083
1779744292288,2,Pitching Mound.Drive,,Delivery,pitch.1,703104,-0.0088,-0.334,0.859,0.0286,-0.4596,-0.5662,0.0,0.0
1779744292289,2,11.0000004b,Drive,Delivery,pitch.1,703105,-0.0273,-0.3149,0.9036,0.0321,-0.5026,-0.5885,0.0,0.0
1779744292289,2,12.00000015,Lower Delivery,Delivery,pitch.1,703181,3.2031,6.2039,9.6502,-3.7412,9.0143,-5.6332,-0.0889,-0.0369
1779744292289,2,12.00000018,Upper Delivery,Delivery,pitch.1,703867,-0.1442,-0.144,-0.3861,-0.0884,-0.0304,-0.0012,0.0,0.0
1779744292289,2,12.00000018,Upper Delivery,Delivery,pitch.1,703868,-0.1257,-0.1441,-0.387,-0.0884,-0.0304,-0.0012,0.0,0.0
1779744292289,2,Pitching Mound.Delivery,,Delivery,pitch.1,702233,3.2902,6.2072,9.4569,2.5351,9.3377,-7.3087,0.0,0.0
1779744292289,2,Pitching Mound.Delivery,,Delivery,pitch.1,702234,3.0774,6.0598,9.2633,-0.417,8.984,-6.7662,0.0,0.0
1779744292289,2,Pitching Mound.Drive,,Delivery,pitch.1,703105,-0.0273,-0.3149,0.9036,0.0321,-0.5026,-0.5885,0.0,0.0
1779744292289,2,Pitching Mound.Parent,,Delivery,pitch.1,701557,3.2815,5.8733,10.316,2.5637,8.8782,-7.875,0.0,0.0
1779744292289,2,Pitching Mound.Parent,,Delivery,pitch.1,701558,3.0501,5.7449,10.1669,-0.3848,8.4814,-7.3547,0.0,0.0
1779744292290,2,11.0000004b,Drive,Delivery,pitch.1,703106,-0.034,-0.2895,0.9762,0.0317,-0.495,-0.5816,0.0,0.0
1779744292290,2,12.00000015,Lower Delivery,Delivery,pitch.1,703182,2.9672,6.0883,8.7575,-2.4497,8.9961,-5.7348,-0.0977,-0.0266
1779744292290,2,12.00000018,Upper Delivery,Delivery,pitch.1,703869,-0.0363,-0.1643,-0.4041,-0.0884,-0.0304,-0.0012,0.0,0.0
1779744292290,2,Pitching Mound.Delivery,,Delivery,pitch.1,702235,2.9309,5.9241,8.3534,0.5769,8.9657,-6.7572,0.0,0.0
1779744292290,2,Pitching Mound.Drive,,Delivery,pitch.1,703106,-0.034,-0.2895,0.9762,0.0317,-0.495,-0.5816,0.0,0.0
1779744292290,2,Pitching Mound.Parent,,Delivery,pitch.1,701559,2.8969,5.6345,9.3296,0.6086,8.4707,-7.3388,0.0,0.0
1779744292291,2,11.0000004b,Drive,Delivery,pitch.1,703107,-0.0277,-0.2793,0.9783,0.0362,-0.5197,-0.55,0.0,0.0
1779744292291,2,12.00000015,Lower Delivery,Delivery,pitch.1,703183,2.7886,6.0212,8.0551,-1.082,8.3756,-5.712,-0.0989,-0.0128
1779744292291,2,12.00000018,Upper Delivery,Delivery,pitch.1,703870,-0.0244,-0.1687,-0.4695,-0.0884,-0.0304,-0.0012,0.0,0.0
1779744292291,2,Pitching Mound.Delivery,,Delivery,pitch.1,702236,2.7643,5.8524,7.5856,1.728,8.3453,-6.6697,0.0,0.0
1779744292291,2,Pitching Mound.Drive,,Delivery,pitch.1,703107,-0.0277,-0.2793,0.9783,0.0362,-0.5197,-0.55,0.0,0.0
1779744292291,2,Pitching Mound.Parent,,Delivery,pitch.1,701560,2.7366,5.5732,8.5639,1.7642,7.8255,-7.2197,0.0,0.0
1779744292292,2,11.0000004b,Drive,Delivery,pitch.1,703108,-0.0164,-0.267,0.9852,0.0309,-0.484,-0.5536,0.0,0.0
1779744292292,2,12.00000015,Lower Delivery,Delivery,pitch.1,703184,2.4941,5.9108,8.1567,-1.1257,7.5874,-5.4454,-0.0885,-0.0131
1779744292292,2,12.00000018,Upper Delivery,Delivery,pitch.1,703871,-0.0168,-0.171,-0.5048,-0.0884,-0.0304,-0.0012,0.0,0.0
1779744292292,2,Pitching Mound.Delivery,,Delivery,pitch.1,702237,2.4773,5.7398,7.652,1.7308,7.557,-6.3003,0.0,0.0
1779744292292,2,Pitching Mound.Drive,,Delivery,pitch.1,703108,-0.0164,-0.267,0.9852,0.0309,-0.484,-0.5536,0.0,0.0
1779744292292,2,Pitching Mound.Parent,,Delivery,pitch.1,701561,2.4609,5.4729,8.6372,1.7618,7.0731,-6.854,0.0,0.0
1779744292293,2,11.0000004b,Drive,Delivery,pitch.1,703109,-0.0224,-0.2371,1.0124,0.0251,-0.4417,-0.5639,0.0,0.0
1779744292293,2,12.00000015,Lower Delivery,Delivery,pitch.1,703185,2.2459,5.8667,7.4631,-0.1507,7.6518,-5.4958,-0.0975,-0.0019
1779744292293,2,12.00000018,Upper Delivery,Delivery,pitch.1,703872,-0.0312,-0.1614,-0.5294,-0.0884,-0.0304,-0.0012,0.0,0.0
1779744292293,2,Pitching Mound.Delivery,,Delivery,pitch.1,702238,2.2147,5.7053,6.9336,2.4784,7.6214,-6.2712,0.0,0.0
1779744292293,2,Pitching Mound.Drive,,Delivery,pitch.1,703109,-0.0224,-0.2371,1.0124,0.0251,-0.4417,-0.5639,0.0,0.0
1779744292293,2,Pitching Mound.Parent,,Delivery,pitch.1,701562,2.1923,5.4682,7.946,2.5034,7.1798,-6.8351,0.0,0.0
1779744292294,2,11.0000004b,Drive,Delivery,pitch.1,703110,-0.0189,-0.235,1.0134,0.0266,-0.4748,-0.5925,0.0,0.0
1779744292294,2,12.00000015,Lower Delivery,Delivery,pitch.1,703186,2.0371,5.7562,7.0317,-1.4934,7.2452,-5.2951,-0.098,-0.0202
1779744292294,2,12.00000018,Upper Delivery,Delivery,pitch.1,703873,-0.034,-0.14,-0.53,-0.0884,-0.0304,-0.0012,0.0,0.0
1779744292294,2,Pitching Mound.Delivery,,Delivery,pitch.1,702239,2.0031,5.6162,6.5017,0.9893,7.2148,-6.0005,0.0,0.0
1779744292294,2,Pitching Mound.Drive,,Delivery,pitch.1,703110,-0.0189,-0.235,1.0134,0.0266,-0.4748,-0.5925,0.0,0.0
1779744292294,2,Pitching Mound.Parent,,Delivery,pitch.1,701563,1.9842,5.3812,7.5152,1.0158,6.74,-6.593,0.0,0.0
1779744292295,2,11.0000004b,Drive,Delivery,pitch.1,703111,-0.0152,-0.2331,1.0027,0.0382,-0.5729,-0.6001,0.0,0.0
1779744292295,2,11.0000004b,Drive,Delivery,pitch.1,703112,-0.0113,-0.2377,1.0085,0.0364,-0.5504,-0.5774,0.0,0.0
1779744292295,2,12.00000015,Lower Delivery,Delivery,pitch.1,703187,1.8238,5.6882,6.4597,-0.6317,7.0916,-5.2588,-0.1044,-0.0093
1779744292295,2,12.00000018,Upper Delivery,Delivery,pitch.1,703874,-0.0686,-0.1176,-0.5173,-0.0884,-0.0304,-0.0012,0.0,0.0
1779744292295,2,Pitching Mound.Delivery,,Delivery,pitch.1,702240,1.7552,5.5706,5.9423,1.6521,7.0612,-5.9034,0.0,0.0
1779744292295,2,Pitching Mound.Drive,,Delivery,pitch.1,703111,-0.0152,-0.2331,1.0027,0.0382,-0.5729,-0.6001,0.0,0.0
1779744292295,2,Pitching Mound.Drive,,Delivery,pitch.1,703112,-0.0113,-0.2377,1.0085,0.0364,-0.5504,-0.5774,0.0,0.0
1779744292295,2,Pitching Mound.Parent,,Delivery,pitch.1,701564,1.7399,5.3376,6.9451,1.6903,6.4883,-6.5034,0.0,0.0
1779744292296,2,12.00000015,Lower Delivery,Delivery,pitch.1,703188,1.64,5.5729,6.4345,-1.6804,6.9526,-5.1205,-0.1028,-0.0248
1779744292296,2,12.00000018,Upper Delivery,Delivery,pitch.1,703875,-0.1527,-0.0553,-0.4937,-0.0884,-0.0304,-0.0012,0.0,0.0
1779744292296,2,Pitching Mound.Delivery,,Delivery,pitch.1,702241,1.4874,5.5176,5.9408,0.5868,6.9223,-5.7312,0.0,0.0
1779744292296,2,Pitching Mound.Parent,,Delivery,pitch.1,701565,1.4761,5.2799,6.9493,0.6232,6.3719,-6.3087,0.0,0.0
1779744292297,2,11.0000004b,Drive,Delivery,pitch.1,703113,-0.0017,-0.2353,0.9725,0.0309,-0.5006,-0.569,0.0,0.0
1779744292297,2,12.00000015,Lower Delivery,Delivery,pitch.1,703189,1.5229,5.4918,6.07,-1.4292,6.3153,-4.9374,-0.099,-0.0224
1779744292297,2,12.00000018,Upper Delivery,Delivery,pitch.1,703876,-0.2255,-0.0212,-0.51,-0.0884,-0.0304,-0.0012,0.0,0.0
1779744292297,2,Pitching Mound.Delivery,,Delivery,pitch.1,702242,1.2974,5.4705,5.56,0.7196,6.2849,-5.5331,0.0,0.0
1779744292297,2,Pitching Mound.Drive,,Delivery,pitch.1,703113,-0.0017,-0.2353,0.9725,0.0309,-0.5006,-0.569,0.0,0.0
1779744292297,2,Pitching Mound.Parent,,Delivery,pitch.1,701566,1.2957,5.2353,6.5325,0.7505,5.7843,-6.1021,0.0,0.0
1779744292298,2,11.0000004b,Drive,Delivery,pitch.1,703115,0.0073,-0.2625,0.9573,0.0388,-0.561,-0.5568,0.0,0.0
1779744292298,2,11.0000004b,Drive,Delivery,pitch.1,703114,-0.0017,-0.2561,0.9482,0.0236,-0.4435,-0.5721,0.0,0.0
1779744292298,2,12.00000015,Lower Delivery,Delivery,pitch.1,703190,1.3235,5.4453,5.977,-2.0826,5.9656,-4.8132,-0.0949,-0.0331
1779744292298,2,12.00000018,Upper Delivery,Delivery,pitch.1,703877,-0.3387,-0.0594,-0.4679,-0.0884,-0.0304,-0.0012,0.0,0.0
1779744292298,2,Pitching Mound.Delivery,,Delivery,pitch.1,702243,0.9849,5.3859,5.5091,0.0203,5.9352,-5.3795,0.0,0.0
1779744292298,2,Pitching Mound.Drive,,Delivery,pitch.1,703115,0.0073,-0.2625,0.9573,0.0388,-0.561,-0.5568,0.0,0.0
1779744292298,2,Pitching Mound.Drive,,Delivery,pitch.1,703114,-0.0017,-0.2561,0.9482,0.0236,-0.4435,-0.5721,0.0,0.0
1779744292298,2,Pitching Mound.Parent,,Delivery,pitch.1,701567,0.9922,5.1234,6.4664,0.0591,5.3743,-5.9364,0.0,0.0
1779744292299,2,11.0000004b,Drive,Delivery,pitch.1,703116,0.011,-0.2842,0.895,0.0416,-0.6041,-0.5738,0.0,0.0
1779744292299,2,12.00000015,Lower Delivery,Delivery,pitch.1,703191,1.2002,5.3508,5.6672,-1.4717,5.4638,-4.6534,-0.0917,-0.0247
1779744292299,2,12.00000018,Upper Delivery,Delivery,pitch.1,703878,-0.4251,-0.197,-0.458,-0.0884,-0.0304,-0.0012,0.0,0.0
1779744292299,2,Pitching Mound.Delivery,,Delivery,pitch.1,702244,0.7751,5.1538,5.2093,0.5225,5.4334,-5.2072,0.0,0.0
1779744292299,2,Pitching Mound.Drive,,Delivery,pitch.1,703116,0.011,-0.2842,0.895,0.0416,-0.6041,-0.5738,0.0,0.0
1779744292299,2,Pitching Mound.Parent,,Delivery,pitch.1,701568,0.786,4.8695,6.1043,0.5642,4.8294,-5.7809,0.0,0.0
1779744292300,2,11.0000004b,Drive,Delivery,pitch.1,703117,-0.0003,-0.2897,0.8522,0.0434,-0.5867,-0.5582,0.0,0.0
1779744292300,2,12.00000015,Lower Delivery,Delivery,pitch.1,703192,1.0581,5.2918,5.3656,-1.2016,5.2152,-4.5245,-0.0925,-0.0213
1779744292300,2,12.00000018,Upper Delivery,Delivery,pitch.1,703879,-0.5317,-0.3039,-0.2807,-0.0884,-0.0304,-0.0012,0.0,0.0
1779744292300,2,Pitching Mound.Delivery,,Delivery,pitch.1,702245,0.5264,4.9878,5.0849,0.6298,5.1848,-5.0662,0.0,0.0
1779744292300,2,Pitching Mound.Drive,,Delivery,pitch.1,703117,-0.0003,-0.2897,0.8522,0.0434,-0.5867,-0.5582,0.0,0.0
1779744292300,2,Pitching Mound.Parent,,Delivery,pitch.1,701569,0.526,4.6982,5.9371,0.6731,4.5981,-5.6245,0.0,0.0
1779744292301,2,11.0000004b,Drive,Delivery,pitch.1,703118,-0.0009,-0.321,0.8134,0.0404,-0.5471,-0.5383,0.0,0.0
1779744292301,2,12.00000015,Lower Delivery,Delivery,pitch.1,703193,0.9518,5.2253,5.1417,-0.9706,4.8992,-4.3944,-0.0906,-0.018
1779744292301,2,12.00000018,Upper Delivery,Delivery,pitch.1,703880,-0.6355,-0.3521,0.3627,-0.0884,-0.0304,-0.0012,0.0,0.0
1779744292301,2,Pitching Mound.Delivery,,Delivery,pitch.1,702246,0.3163,4.8731,5.5044,0.5659,4.8688,-4.9352,0.0,0.0
1779744292301,2,Pitching Mound.Drive,,Delivery,pitch.1,703118,-0.0009,-0.321,0.8134,0.0404,-0.5471,-0.5383,0.0,0.0
1779744292301,2,Pitching Mound.Parent,,Delivery,pitch.1,701570,0.3154,4.5521,6.3178,0.6064,4.3217,-5.4735,0.0,0.0
1779744292302,2,11.0000004b,Drive,Delivery,pitch.1,703119,-0.0001,-0.3242,0.8513,0.0305,-0.4772,-0.5554,0.0,0.0
1779744292302,2,12.00000015,Lower Delivery,Delivery,pitch.1,703194,0.779,5.1745,4.9047,-1.1312,4.4101,-4.2134,-0.0855,-0.0219
1779744292302,2,12.00000018,Upper Delivery,Delivery,pitch.1,703881,-0.6522,-0.3142,0.6757,-0.0884,-0.0304,-0.0012,0.0,0.0
1779744292302,2,Pitching Mound.Delivery,,Delivery,pitch.1,702247,0.1268,4.8603,5.5803,0.2183,4.3798,-4.7012,0.0,0.0
1779744292302,2,Pitching Mound.Drive,,Delivery,pitch.1,703119,-0.0001,-0.3242,0.8513,0.0305,-0.4772,-0.5554,0.0,0.0
1779744292302,2,Pitching Mound.Parent,,Delivery,pitch.1,701571,0.1267,4.5361,6.4316,0.2488,3.9026,-5.2566,0.0,0.0
1779744292303,2,11.0000004b,Drive,Delivery,pitch.1,703120,0.0083,-0.333,0.7997,0.0406,-0.5535,-0.5413,0.0,0.0
1779744292303,2,12.00000015,Lower Delivery,Delivery,pitch.1,703195,0.61,5.1001,4.6677,-1.2453,4.0283,-4.0151,-0.0821,-0.0254
1779744292303,2,12.00000018,Upper Delivery,Delivery,pitch.1,703882,-0.5966,-0.2049,0.5967,-0.0884,-0.0304,-0.0012,0.0,0.0
1779744292303,2,Pitching Mound.Delivery,,Delivery,pitch.1,702248,0.0134,4.8952,5.2643,0.0505,3.998,-4.4266,0.0,0.0
1779744292303,2,Pitching Mound.Drive,,Delivery,pitch.1,703120,0.0083,-0.333,0.7997,0.0406,-0.5535,-0.5413,0.0,0.0
1779744292303,2,Pitching Mound.Parent,,Delivery,pitch.1,701572,0.0217,4.5622,6.0641,0.091,3.4444,-4.9679,0.0,0.0
1779744292304,2,11.0000004b,Drive,Delivery,pitch.1,703121,0.0005,-0.3337,0.7675,0.0351,-0.5071,-0.5455,0.0,0.0
1779744292304,2,12.00000015,Lower Delivery,Delivery,pitch.1,703196,0.438,4.9802,4.4438,-1.1028,4.2818,-3.8844,-0.0917,-0.0236
1779744292304,2,12.00000018,Upper Delivery,Delivery,pitch.1,703883,-0.5578,-0.1869,0.5758,-0.0884,-0.0304,-0.0012,0.0,0.0
1779744292304,2,Pitching Mound.Delivery,,Delivery,pitch.1,702249,-0.1197,4.7933,5.0196,0.1239,4.2515,-4.2242,0.0,0.0
1779744292304,2,Pitching Mound.Drive,,Delivery,pitch.1,703121,0.0005,-0.3337,0.7675,0.0351,-0.5071,-0.5455,0.0,0.0
1779744292304,2,Pitching Mound.Parent,,Delivery,pitch.1,701573,-0.1192,4.4596,5.7871,0.159,3.7443,-4.7697,0.0,0.0
1779744292305,2,11.0000004b,Drive,Delivery,pitch.1,703122,-0.0033,-0.3127,0.826,0.025,-0.4299,-0.5531,0.0,0.0
1779744292305,2,12.00000015,Lower Delivery,Delivery,pitch.1,703197,0.3164,4.8514,4.2049,-1.0581,4.4166,-3.7562,-0.0999,-0.0239
1779744292305,2,12.00000018,Upper Delivery,Delivery,pitch.1,703884,-0.5533,-0.1846,0.5981,-0.0884,-0.0304,-0.0012,0.0,0.0
1779744292305,2,Pitching Mound.Delivery,,Delivery,pitch.1,702250,-0.2369,4.6668,4.803,0.0798,4.3862,-4.0531,0.0,0.0
1779744292305,2,Pitching Mound.Drive,,Delivery,pitch.1,703122,-0.0033,-0.3127,0.826,0.025,-0.4299,-0.5531,0.0,0.0
1779744292305,2,Pitching Mound.Parent,,Delivery,pitch.1,701574,-0.2401,4.3541,5.629,0.1048,3.9563,-4.6062,0.0,0.0
1779744292306,2,11.0000004b,Drive,Delivery,pitch.1,703123,-0.0026,-0.3097,0.8955,0.017,-0.355,-0.5422,0.0,0.0
1779744292306,2,12.00000015,Lower Delivery,Delivery,pitch.1,703198,0.1741,4.7558,4.2331,-1.1225,4.501,-3.6078,-0.1011,-0.0252
1779744292306,2,12.00000018,Upper Delivery,Delivery,pitch.1,703885,-0.57,-0.191,0.6311,-0.0884,-0.0304,-0.0012,0.0,0.0
1779744292306,2,Pitching Mound.Delivery,,Delivery,pitch.1,702251,-0.3958,4.5648,4.8642,0.0138,4.4706,-3.862,0.0,0.0
1779744292306,2,Pitching Mound.Drive,,Delivery,pitch.1,703123,-0.0026,-0.3097,0.8955,0.017,-0.355,-0.5422,0.0,0.0
1779744292306,2,Pitching Mound.Parent,,Delivery,pitch.1,701575,-0.3984,4.2551,5.7597,0.0309,4.1156,-4.4042,0.0,0.0
1779744292307,2,12.00000015,Lower Delivery,Delivery,pitch.1,703199,0.0251,4.6901,4.2203,-1.6249,4.4155,-3.4833,-0.0995,-0.0366
1779744292307,2,12.00000018,Upper Delivery,Delivery,pitch.1,703886,-0.6549,-0.2175,0.6509,-0.0884,-0.0304,-0.0012,0.0,0.0
1779744292307,2,Pitching Mound.Delivery,,Delivery,pitch.1,702252,-0.6299,4.4726,4.8712,-0.4997,4.3851,-3.7157,0.0,0.0
1779744292308,2,11.0000004b,Drive,Delivery,pitch.1,703124,0.0054,-0.2988,1.015,0.0181,-0.3729,-0.5515,0.0,0.0
1779744292308,2,11.0000004b,Drive,Delivery,pitch.1,703125,-0.0008,-0.3068,1.0301,0.027,-0.447,-0.5575,0.0,0.0
1779744292308,2,12.00000015,Lower Delivery,Delivery,pitch.1,703200,-0.1199,4.5967,4.1638,-1.8321,4.2902,-3.3564,-0.098,-0.0419
1779744292308,2,12.00000018,Upper Delivery,Delivery,pitch.1,703887,-0.6954,-0.237,0.7355,-0.0884,-0.0304,-0.0012,0.0,0.0
1779744292308,2,Pitching Mound.Delivery,,Delivery,pitch.1,702253,-0.8153,4.3597,4.8993,-0.7548,4.2599,-3.5532,0.0,0.0
1779744292308,2,Pitching Mound.Drive,,Delivery,pitch.1,703124,0.0054,-0.2988,1.015,0.0181,-0.3729,-0.5515,0.0,0.0
1779744292308,2,Pitching Mound.Drive,,Delivery,pitch.1,703125,-0.0008,-0.3068,1.0301,0.027,-0.447,-0.5575,0.0,0.0
1779744292308,2,Pitching Mound.Parent,,Delivery,pitch.1,701576,-0.6245,4.1738,5.8862,-0.4815,4.0122,-4.2672,0.0,0.0
1779744292308,2,Pitching Mound.Parent,,Delivery,pitch.1,701577,-0.816,4.0529,5.9294,-0.7278,3.8128,-4.1107,0.0,0.0
1779744292309,2,11.0000004b,Drive,Delivery,pitch.1,703126,0.0047,-0.3109,1.0754,0.0212,-0.4085,-0.5774,0.0,0.0
1779744292309,2,12.00000015,Lower Delivery,Delivery,pitch.1,703201,-0.23,4.4824,4.0842,-1.9442,4.1517,-3.2916,-0.0967,-0.0453
1779744292309,2,12.00000018,Upper Delivery,Delivery,pitch.1,703888,-0.7496,-0.2715,0.7662,-0.0884,-0.0304,-0.0012,0.0,0.0
1779744292309,2,Pitching Mound.Delivery,,Delivery,pitch.1,702254,-0.9796,4.2109,4.8503,-0.9045,4.1213,-3.4695,0.0,0.0
1779744292309,2,Pitching Mound.Drive,,Delivery,pitch.1,703126,0.0047,-0.3109,1.0754,0.0212,-0.4085,-0.5774,0.0,0.0
1779744292309,2,Pitching Mound.Parent,,Delivery,pitch.1,701578,-0.9749,3.9,5.9258,-0.8833,3.7128,-4.0469,0.0,0.0
1779744292310,2,11.0000004b,Drive,Delivery,pitch.1,703127,0.0112,-0.2886,1.0751,0.0207,-0.4001,-0.5586,0.0,0.0
1779744292310,2,12.00000015,Lower Delivery,Delivery,pitch.1,703202,-0.3358,4.387,3.9985,-1.9731,3.8568,-3.188,-0.0918,-0.0469
1779744292310,2,12.00000018,Upper Delivery,Delivery,pitch.1,703889,-0.7963,-0.3644,0.4391,-0.0884,-0.0304,-0.0012,0.0,0.0
1779744292310,2,Pitching Mound.Delivery,,Delivery,pitch.1,702255,-1.1321,4.0227,4.4376,-0.8513,3.8265,-3.3457,0.0,0.0
1779744292310,2,Pitching Mound.Drive,,Delivery,pitch.1,703127,0.0112,-0.2886,1.0751,0.0207,-0.4001,-0.5586,0.0,0.0
1779744292310,2,Pitching Mound.Parent,,Delivery,pitch.1,701579,-1.1209,3.734,5.5127,-0.8306,3.4264,-3.9043,0.0,0.0
1779744292311,2,11.0000004b,Drive,Delivery,pitch.1,703128,0.0051,-0.297,1.0714,0.0265,-0.494,-0.5991,0.0,0.0
1779744292311,2,12.00000015,Lower Delivery,Delivery,pitch.1,703203,-0.3744,4.2652,3.8795,-1.8429,3.4565,-3.1222,-0.0848,-0.0452
1779744292311,2,12.00000018,Upper Delivery,Delivery,pitch.1,703890,-0.7249,-0.3806,0.0943,-0.0884,-0.0304,-0.0012,0.0,0.0
1779744292311,2,Pitching Mound.Delivery,,Delivery,pitch.1,702256,-1.0993,3.8846,3.9738,-0.6443,3.4261,-3.2425,0.0,0.0
1779744292311,2,Pitching Mound.Drive,,Delivery,pitch.1,703128,0.0051,-0.297,1.0714,0.0265,-0.494,-0.5991,0.0,0.0
1779744292311,2,Pitching Mound.Parent,,Delivery,pitch.1,701580,-1.0942,3.5876,5.0452,-0.6178,2.9322,-3.8416,0.0,0.0
1779744292312,2,11.0000004b,Drive,Delivery,pitch.1,703129,-0.0019,-0.3041,1.1068,0.0231,-0.4233,-0.5716,0.0,0.0
1779744292312,2,12.00000015,Lower Delivery,Delivery,pitch.1,703204,-0.3737,4.1102,3.8075,-1.5356,3.1269,-2.9462,-0.0781,-0.0384
1779744292312,2,12.00000018,Upper Delivery,Delivery,pitch.1,703891,-0.6516,-0.3668,-0.2335,-0.0884,-0.0304,-0.0012,0.0,0.0
1779744292312,2,Pitching Mound.Delivery,,Delivery,pitch.1,702257,-1.0254,3.7434,3.574,-0.25,3.0965,-3.0419,0.0,0.0
1779744292312,2,Pitching Mound.Drive,,Delivery,pitch.1,703129,-0.0019,-0.3041,1.1068,0.0231,-0.4233,-0.5716,0.0,0.0
1779744292312,2,Pitching Mound.Parent,,Delivery,pitch.1,701581,-1.0272,3.4392,4.6808,-0.2268,2.6732,-3.6135,0.0,0.0
1779744292313,2,11.0000004b,Drive,Delivery,pitch.1,703130,-0.0004,-0.2752,1.0968,0.0111,-0.2987,-0.5247,0.0,0.0
1779744292313,2,12.00000015,Lower Delivery,Delivery,pitch.1,703205,-0.3468,3.9854,3.6742,-1.5969,2.9884,-2.9357,-0.0774,-0.0413
1779744292313,2,12.00000018,Upper Delivery,Delivery,pitch.1,703892,-0.5815,-0.3219,-0.35,-0.0884,-0.0304,-0.0012,0.0,0.0
1779744292313,2,Pitching Mound.Delivery,,Delivery,pitch.1,702258,-0.9284,3.6635,3.3242,-0.317,2.958,-3.0167,0.0,0.0
1779744292313,2,Pitching Mound.Drive,,Delivery,pitch.1,703130,-0.0004,-0.2752,1.0968,0.0111,-0.2987,-0.5247,0.0,0.0
1779744292313,2,Pitching Mound.Parent,,Delivery,pitch.1,701582,-0.9288,3.3883,4.421,-0.3058,2.6593,-3.5414,0.0,0.0
1779744292314,2,11.0000004b,Drive,Delivery,pitch.1,703131,-0.0078,-0.2899,1.103,0.023,-0.3861,-0.518,0.0,0.0
1779744292314,2,12.00000015,Lower Delivery,Delivery,pitch.1,703206,-0.2261,3.7307,3.5218,-1.2593,2.982,-2.7625,-0.0806,-0.034
1779744292314,2,12.00000018,Upper Delivery,Delivery,pitch.1,703893,-0.5302,-0.282,-0.3901,-0.0884,-0.0304,-0.0012,0.0,0.0
1779744292314,2,Pitching Mound.Delivery,,Delivery,pitch.1,702259,-0.7563,3.4487,3.1317,-0.0176,2.9517,-2.8671,0.0,0.0
1779744292314,2,Pitching Mound.Drive,,Delivery,pitch.1,703131,-0.0078,-0.2899,1.103,0.023,-0.3861,-0.518,0.0,0.0
1779744292314,2,Pitching Mound.Parent,,Delivery,pitch.1,701583,-0.7641,3.1587,4.2347,0.0054,2.5656,-3.3851,0.0,0.0
1779744292315,2,11.0000004b,Drive,Delivery,pitch.1,703132,-0.0081,-0.2823,1.0949,0.0273,-0.4111,-0.4967,0.0,0.0
1779744292315,2,12.00000015,Lower Delivery,Delivery,pitch.1,703207,-0.1126,3.5451,3.4362,-2.3565,1.6113,-2.6291,-0.0446,-0.0652
1779744292315,2,12.00000018,Upper Delivery,Delivery,pitch.1,703894,-0.5052,-0.2244,-0.4051,-0.0884,-0.0304,-0.0012,0.0,0.0
1779744292315,2,Pitching Mound.Delivery,,Delivery,pitch.1,702260,-0.6178,3.3206,3.0311,-1.1388,1.581,-2.7638,0.0,0.0
1779744292315,2,Pitching Mound.Drive,,Delivery,pitch.1,703132,-0.0081,-0.2823,1.0949,0.0273,-0.4111,-0.4967,0.0,0.0
1779744292315,2,Pitching Mound.Parent,,Delivery,pitch.1,701584,-0.6259,3.0384,4.126,-1.1115,1.1699,-3.2605,0.0,0.0
1779744292316,2,11.0000004b,Drive,Delivery,pitch.1,703133,-0.0134,-0.2917,1.0597,0.0247,-0.3854,-0.4951,0.0,0.0
1779744292316,2,12.00000015,Lower Delivery,Delivery,pitch.1,703208,0.028,3.4536,3.2301,-3.0359,0.9862,-2.5722,-0.029,-0.0894
1779744292316,2,12.00000018,Upper Delivery,Delivery,pitch.1,703895,-0.4716,-0.1847,-0.434,-0.0884,-0.0304,-0.0012,0.0,0.0
1779744292316,2,Pitching Mound.Delivery,,Delivery,pitch.1,702261,-0.4436,3.2689,2.796,-1.8785,0.9558,-2.7433,0.0,0.0
1779744292316,2,Pitching Mound.Drive,,Delivery,pitch.1,703133,-0.0134,-0.2917,1.0597,0.0247,-0.3854,-0.4951,0.0,0.0
1779744292316,2,Pitching Mound.Parent,,Delivery,pitch.1,701585,-0.457,2.9772,3.8557,-1.8538,0.5704,-3.2384,0.0,0.0
1779744292317,2,11.0000004b,Drive,Delivery,pitch.1,703134,-0.0192,-0.2942,1.1216,0.037,-0.5018,-0.5126,0.0,0.0
1779744292317,2,12.00000015,Lower Delivery,Delivery,pitch.1,703209,0.3699,3.5591,2.9097,-0.4374,3.4384,-2.4368,-0.1124,-0.0143
1779744292317,2,12.00000018,Upper Delivery,Delivery,pitch.1,703896,-0.3608,-0.0825,-0.4629,-0.0884,-0.0304,-0.0012,0.0,0.0
1779744292317,2,Pitching Mound.Delivery,,Delivery,pitch.1,702262,0.0091,3.4766,2.4469,0.621,3.4081,-2.6864,0.0,0.0
1779744292317,2,Pitching Mound.Drive,,Delivery,pitch.1,703134,-0.0192,-0.2942,1.1216,0.037,-0.5018,-0.5126,0.0,0.0
1779744292317,2,Pitching Mound.Parent,,Delivery,pitch.1,701586,-0.0101,3.1824,3.5685,0.658,2.9062,-3.199,0.0,0.0
1779744292318,2,11.0000004b,Drive,Delivery,pitch.1,703135,-0.0037,-0.2813,1.0943,0.0312,-0.4617,-0.5118,0.0,0.0
1779744292318,2,12.00000015,Lower Delivery,Delivery,pitch.1,703210,1.1616,3.5873,2.792,-0.4526,4.2976,-2.6005,-0.1464,-0.0154
1779744292318,2,12.00000018,Upper Delivery,Delivery,pitch.1,703897,-0.3127,-0.044,-0.4547,-0.0884,-0.0304,-0.0012,0.0,0.0
1779744292318,2,Pitching Mound.Delivery,,Delivery,pitch.1,702263,0.8489,3.5433,2.3373,0.5629,4.2672,-3.103,0.0,0.0
1779744292318,2,Pitching Mound.Drive,,Delivery,pitch.1,703135,-0.0037,-0.2813,1.0943,0.0312,-0.4617,-0.5118,0.0,0.0
1779744292318,2,Pitching Mound.Parent,,Delivery,pitch.1,701587,0.8452,3.262,3.4316,0.5941,3.8055,-3.6149,0.0,0.0
1779744292319,2,11.0000004b,Drive,Delivery,pitch.1,703136,0.0055,-0.2867,1.0984,0.0315,-0.4651,-0.5095,0.0,0.0
1779744292319,2,12.00000015,Lower Delivery,Delivery,pitch.1,703211,1.5048,3.6347,2.8846,0.2465,4.5139,-2.3438,-0.1489,0.0081
1779744292319,2,12.00000018,Upper Delivery,Delivery,pitch.1,703898,-0.2077,-0.0051,-0.4429,-0.0884,-0.0304,-0.0012,0.0,0.0
1779744292319,2,Pitching Mound.Delivery,,Delivery,pitch.1,702264,1.2971,3.6296,2.4418,1.2895,4.4835,-2.9273,0.0,0.0
1779744292319,2,Pitching Mound.Drive,,Delivery,pitch.1,703136,0.0055,-0.2867,1.0984,0.0315,-0.4651,-0.5095,0.0,0.0
1779744292319,2,Pitching Mound.Parent,,Delivery,pitch.1,701588,1.3025,3.343,3.5402,1.3209,4.0184,-3.4367,0.0,0.0
1779744292320,2,11.0000004b,Drive,Delivery,pitch.1,703137,0.0129,-0.2914,1.0851,0.0393,-0.5171,-0.4919,0.0,0.0
1779744292320,2,12.00000015,Lower Delivery,Delivery,pitch.1,703212,2.1412,3.5622,3.5855,0.2439,2.8428,-2.3472,-0.0754,0.0065
1779744292320,2,12.00000018,Upper Delivery,Delivery,pitch.1,703899,-0.1459,0.0066,-0.3386,-0.0816,-0.0203,-0.0537,0.0,0.0
1779744292320,2,Pitching Mound.Delivery,,Delivery,pitch.1,702265,1.9953,3.5688,3.2469,1.4965,2.8226,-3.1785,0.0,0.0
1779744292320,2,Pitching Mound.Drive,,Delivery,pitch.1,703137,0.0129,-0.2914,1.0851,0.0393,-0.5171,-0.4919,0.0,0.0
1779744292320,2,Pitching Mound.Parent,,Delivery,pitch.1,701589,2.0081,3.2773,4.332,1.5358,2.3055,-3.6704,0.0,0.0
1779744292321,2,11.0000004b,Drive,Delivery,pitch.1,703138,0.0075,-0.2915,1.0821,0.0336,-0.4876,-0.5159,0.0,0.0
1779744292321,2,12.00000015,Lower Delivery,Delivery,pitch.1,703213,2.7041,3.4524,3.9997,0.5759,2.2189,-2.44,-0.0528,0.0137
1779744292321,2,12.00000018,Upper Delivery,Delivery,pitch.1,703900,-0.0405,0.0022,-0.2185,-0.0732,-0.0076,-0.1195,0.0,0.0
1779744292321,2,Pitching Mound.Delivery,,Delivery,pitch.1,702266,2.6636,3.4545,3.7812,1.9369,2.2113,-3.4927,0.0,0.0
1779744292321,2,Pitching Mound.Drive,,Delivery,pitch.1,703138,0.0075,-0.2915,1.0821,0.0336,-0.4876,-0.5159,0.0,0.0
1779744292321,2,Pitching Mound.Parent,,Delivery,pitch.1,701590,2.6711,3.1631,4.8633,1.9705,1.7237,-4.0086,0.0,0.0
1779744292322,2,11.0000004b,Drive,Delivery,pitch.1,703139,0.0176,-0.2935,1.0826,0.0385,-0.5326,-0.5045,0.0,0.0
1779744292322,2,12.00000015,Lower Delivery,Delivery,pitch.1,703214,1.4358,4.208,4.0281,-8.2949,-0.2955,-1.8268,0.007,-0.1959
1779744292322,2,12.00000018,Upper Delivery,Delivery,pitch.1,703901,0.0499,-0.005,-0.0798,-0.0751,-0.0105,-0.1046,0.0,0.0
1779744292322,2,Pitching Mound.Delivery,,Delivery,pitch.1,702267,1.4857,4.203,3.9483,-6.9733,-0.306,-2.4026,0.0,0.0
1779744292322,2,Pitching Mound.Drive,,Delivery,pitch.1,703139,0.0176,-0.2935,1.0826,0.0385,-0.5326,-0.5045,0.0,0.0
1779744292322,2,Pitching Mound.Parent,,Delivery,pitch.1,701591,1.5033,3.9095,5.0308,-6.9347,-0.8386,-2.9072,0.0,0.0
1779744292323,2,11.0000004b,Drive,Delivery,pitch.1,703140,0.0265,-0.3046,1.063,0.0617,-0.7124,-0.4906,0.0,0.0
1779744292323,2,12.00000015,Lower Delivery,Delivery,pitch.1,703215,2.7732,3.7466,3.8948,-0.0827,2.2499,-2.0314,-0.055,-0.002
1779744292323,2,12.00000018,Upper Delivery,Delivery,pitch.1,703902,0.0708,-0.0014,-0.005,-0.0841,-0.0239,-0.0347,0.0,0.0
1779744292323,2,Pitching Mound.Delivery,,Delivery,pitch.1,702268,2.844,3.7452,3.8898,1.1592,2.226,-2.985,0.0,0.0
1779744292323,2,Pitching Mound.Drive,,Delivery,pitch.1,703140,0.0265,-0.3046,1.063,0.0617,-0.7124,-0.4906,0.0,0.0
1779744292323,2,Pitching Mound.Parent,,Delivery,pitch.1,701592,2.8705,3.4407,4.9528,1.2208,1.5136,-3.4756,0.0,0.0
1779744292324,2,11.0000004b,Drive,Delivery,pitch.1,703141,0.0304,-0.3053,1.0503,0.0578,-0.681,-0.492,0.0,0.0
1779744292324,2,12.00000015,Lower Delivery,Delivery,pitch.1,703216,2.838,3.6717,4.3185,0.3306,2.2368,-1.9505,-0.0493,0.0073
1779744292324,2,12.00000018,Upper Delivery,Delivery,pitch.1,703903,0.0728,-0.001,0.0219,-0.0884,-0.0304,-0.0012,0.0,0.0
1779744292324,2,Pitching Mound.Delivery,,Delivery,pitch.1,702269,2.9108,3.6707,4.3404,1.7031,2.2064,-2.8919,0.0,0.0
1779744292324,2,Pitching Mound.Drive,,Delivery,pitch.1,703141,0.0304,-0.3053,1.0503,0.0578,-0.681,-0.492,0.0,0.0
1779744292324,2,Pitching Mound.Parent,,Delivery,pitch.1,701593,2.9412,3.3654,5.3907,1.7609,1.5254,-3.3838,0.0,0.0
1779744292325,2,11.0000004b,Drive,Delivery,pitch.1,703142,0.0259,-0.3114,1.005,0.071,-0.8074,-0.5244,0.0,0.0
1779744292325,2,12.00000015,Lower Delivery,Delivery,pitch.1,703217,2.9137,3.6155,4.5324,0.5003,2.5202,-1.8039,-0.0529,0.0105
1779744292325,2,12.00000018,Upper Delivery,Delivery,pitch.1,703904,0.067,-0.0279,0.0577,-0.0884,-0.0304,-0.0012,0.0,0.0
1779744292325,2,Pitching Mound.Delivery,,Delivery,pitch.1,702270,2.9806,3.5876,4.5901,1.9333,2.4898,-2.7729,0.0,0.0
1779744292325,2,Pitching Mound.Drive,,Delivery,pitch.1,703142,0.0259,-0.3114,1.005,0.071,-0.8074,-0.5244,0.0,0.0
1779744292325,2,Pitching Mound.Parent,,Delivery,pitch.1,701594,3.0065,3.2762,5.5951,2.0043,1.6824,-3.2973,0.0,0.0
1779744292326,2,11.0000004b,Drive,Delivery,pitch.1,703143,0.0279,-0.3131,0.9575,0.0648,-0.7511,-0.5189,0.0,0.0
1779744292326,2,12.00000015,Lower Delivery,Delivery,pitch.1,703218,2.9642,3.6143,3.948,0.5037,2.2955,-1.6854,-0.0553,0.0121
1779744292326,2,12.00000018,Upper Delivery,Delivery,pitch.1,703905,0.0197,-0.0205,0.0287,-0.0884,-0.0304,-0.0012,0.0,0.0
1779744292326,2,Pitching Mound.Delivery,,Delivery,pitch.1,702271,2.9839,3.5938,3.9767,1.7479,2.2651,-2.6878,0.0,0.0
1779744292326,2,Pitching Mound.Drive,,Delivery,pitch.1,703143,0.0279,-0.3131,0.9575,0.0648,-0.7511,-0.5189,0.0,0.0
1779744292326,2,Pitching Mound.Parent,,Delivery,pitch.1,701595,3.0118,3.2807,4.9343,1.8127,1.5141,-3.2067,0.0,0.0
1779744292327,2,11.0000004b,Drive,Delivery,pitch.1,703144,0.0206,-0.3223,0.8827,0.0651,-0.7445,-0.5099,0.0,0.0
1779744292327,2,12.00000015,Lower Delivery,Delivery,pitch.1,703219,2.7603,3.7719,3.1489,-0.0199,1.3219,-1.4553,-0.0399,-0.0006
1779744292327,2,12.00000018,Upper Delivery,Delivery,pitch.1,703906,-0.0354,-0.0325,-0.0908,-0.0884,-0.0304,-0.0012,0.0,0.0
1779744292327,2,Pitching Mound.Delivery,,Delivery,pitch.1,702272,2.7249,3.7393,3.0581,0.9933,1.2916,-2.407,0.0,0.0
1779744292327,2,Pitching Mound.Drive,,Delivery,pitch.1,703144,0.0206,-0.3223,0.8827,0.0651,-0.7445,-0.5099,0.0,0.0
1779744292327,2,Pitching Mound.Parent,,Delivery,pitch.1,701596,2.7455,3.417,3.9408,1.0583,0.5471,-2.9169,0.0,0.0
1779744292328,2,11.0000004b,Drive,Delivery,pitch.1,703145,0.0142,-0.3383,0.8165,0.0527,-0.6438,-0.5235,0.0,0.0
1779744292328,2,12.00000015,Lower Delivery,Delivery,pitch.1,703220,2.3146,3.6625,4.3746,0.407,1.8208,-1.0395,-0.0396,0.0089
1779744292328,2,12.00000018,Upper Delivery,Delivery,pitch.1,703907,-0.1175,0.0076,-0.1225,-0.0884,-0.0304,-0.0012,0.0,0.0
1779744292328,2,Pitching Mound.Delivery,,Delivery,pitch.1,702273,2.1971,3.6701,4.2521,1.8477,1.7904,-1.8676,0.0,0.0
1779744292328,2,Pitching Mound.Drive,,Delivery,pitch.1,703145,0.0142,-0.3383,0.8165,0.0527,-0.6438,-0.5235,0.0,0.0
1779744292328,2,Pitching Mound.Parent,,Delivery,pitch.1,701597,2.2113,3.3318,5.0687,1.9003,1.1467,-2.3911,0.0,0.0
1779744292329,2,11.0000004b,Drive,Delivery,pitch.1,703146,0.0098,-0.3193,0.756,0.0445,-0.5635,-0.5065,0.0,0.0
1779744292329,2,12.00000015,Lower Delivery,Delivery,pitch.1,703221,1.8692,3.7922,4.2981,-0.1165,1.2765,-0.9385,-0.0283,-0.0026
1779744292329,2,12.00000018,Upper Delivery,Delivery,pitch.1,703908,-0.26,-0.0663,-0.2322,-0.0884,-0.0304,-0.0012,0.0,0.0
1779744292329,2,Pitching Mound.Delivery,,Delivery,pitch.1,702274,1.6092,3.7259,4.066,1.3355,1.2461,-1.6636,0.0,0.0
1779744292329,2,Pitching Mound.Drive,,Delivery,pitch.1,703146,0.0098,-0.3193,0.756,0.0445,-0.5635,-0.5065,0.0,0.0
1779744292329,2,Pitching Mound.Parent,,Delivery,pitch.1,701598,1.6191,3.4066,4.8219,1.38,0.6826,-2.1701,0.0,0.0
1779744292330,2,11.0000004b,Drive,Delivery,pitch.1,703147,0.0101,-0.3412,0.793,0.0522,-0.6353,-0.5161,0.0,0.0
1779744292330,2,12.00000015,Lower Delivery,Delivery,pitch.1,703222,1.2528,3.8154,4.1637,-0.7262,1.2308,-1.0796,-0.0281,-0.0166
1779744292330,2,12.00000018,Upper Delivery,Delivery,pitch.1,703909,-0.4075,-0.1963,-0.2471,-0.0884,-0.0304,-0.0012,0.0,0.0
1779744292330,2,Pitching Mound.Delivery,,Delivery,pitch.1,702275,0.8453,3.6192,3.9166,0.6851,1.2004,-1.6453,0.0,0.0
1779744292330,2,Pitching Mound.Drive,,Delivery,pitch.1,703147,0.0101,-0.3412,0.793,0.0522,-0.6353,-0.5161,0.0,0.0
1779744292330,2,Pitching Mound.Parent,,Delivery,pitch.1,701599,0.8555,3.278,4.7096,0.7373,0.5651,-2.1614,0.0,0.0
1779744292331,2,11.0000004b,Drive,Delivery,pitch.1,703148,0.0,-0.3296,0.8555,0.0367,-0.5075,-0.5127,0.0,0.0
1779744292331,2,12.00000015,Lower Delivery,Delivery,pitch.1,703223,0.7886,3.7299,3.5783,-0.1213,1.5289,-1.4375,-0.0406,-0.0032
1779744292331,2,12.00000018,Upper Delivery,Delivery,pitch.1,703910,-0.64,-0.3034,0.1716,-0.0884,-0.0304,-0.0012,0.0,0.0
1779744292331,2,Pitching Mound.Delivery,,Delivery,pitch.1,702276,0.1486,3.4265,3.7499,0.9486,1.4986,-1.9244,0.0,0.0
1779744292331,2,Pitching Mound.Drive,,Delivery,pitch.1,703148,0.0,-0.3296,0.8555,0.0367,-0.5075,-0.5127,0.0,0.0
1779744292331,2,Pitching Mound.Parent,,Delivery,pitch.1,701600,0.1487,3.0968,4.6054,0.9853,0.9911,-2.4372,0.0,0.0
1779744292332,2,11.0000004b,Drive,Delivery,pitch.1,703149,-0.0028,-0.3241,0.8831,0.0488,-0.634,-0.5662,0.0,0.0
1779744292332,2,12.00000015,Lower Delivery,Delivery,pitch.1,703224,0.5095,3.6665,3.2066,0.4978,2.4539,-1.6409,-0.0728,0.0148
1779744292332,2,12.00000015,Lower Delivery,Delivery,pitch.1,703225,0.4146,3.5647,2.852,-0.3468,2.5362,-1.923,-0.0846,-0.0116
1779744292332,2,12.00000018,Upper Delivery,Delivery,pitch.1,703911,-0.7713,-0.2877,0.7782,-0.0884,-0.0304,-0.0012,0.0,0.0
1779744292332,2,Pitching Mound.Delivery,,Delivery,pitch.1,702277,-0.2617,3.3788,3.9848,1.2351,2.4235,-2.0776,0.0,0.0
1779744292332,2,Pitching Mound.Drive,,Delivery,pitch.1,703149,-0.0028,-0.3241,0.8831,0.0488,-0.634,-0.5662,0.0,0.0
1779744292332,2,Pitching Mound.Parent,,Delivery,pitch.1,701601,-0.2646,3.0547,4.8679,1.2839,1.7895,-2.6438,0.0,0.0
1779744292333,2,11.0000004b,Drive,Delivery,pitch.1,703150,0.0004,-0.3389,0.8978,0.0302,-0.4798,-0.5679,0.0,0.0
1779744292333,2,12.00000018,Upper Delivery,Delivery,pitch.1,703912,-0.8645,-0.3156,0.8458,-0.0884,-0.0304,-0.0012,0.0,0.0
1779744292333,2,Pitching Mound.Delivery,,Delivery,pitch.1,702278,-0.4499,3.2491,3.6979,0.247,2.5058,-2.3591,0.0,0.0
1779744292333,2,Pitching Mound.Drive,,Delivery,pitch.1,703150,0.0004,-0.3389,0.8978,0.0302,-0.4798,-0.5679,0.0,0.0
1779744292333,2,Pitching Mound.Parent,,Delivery,pitch.1,701602,-0.4495,2.9102,4.5957,0.2771,2.0261,-2.927,0.0,0.0
1779744292334,2,11.0000004b,Drive,Delivery,pitch.1,703151,-0.0128,-0.3329,0.9098,0.0164,-0.3555,-0.5697,0.0,0.0
1779744292334,2,12.00000015,Lower Delivery,Delivery,pitch.1,703226,0.2703,3.5875,2.6532,-0.0517,2.9808,-2.0105,-0.1069,-0.0019
1779744292334,2,12.00000015,Lower Delivery,Delivery,pitch.1,703227,0.1725,3.6381,2.6356,-0.5112,3.5042,-2.0126,-0.1265,-0.0185
1779744292334,2,12.00000018,Upper Delivery,Delivery,pitch.1,703913,-0.9503,-0.3913,1.0161,-0.0884,-0.0304,-0.0012,0.0,0.0
1779744292334,2,Pitching Mound.Delivery,,Delivery,pitch.1,702279,-0.6799,3.1962,3.6693,0.4166,2.9505,-2.4267,0.0,0.0
1779744292334,2,Pitching Mound.Drive,,Delivery,pitch.1,703151,-0.0128,-0.3329,0.9098,0.0164,-0.3555,-0.5697,0.0,0.0
1779744292334,2,Pitching Mound.Parent,,Delivery,pitch.1,701603,-0.6928,2.8633,4.5791,0.4329,2.595,-2.9964,0.0,0.0
1779744292335,2,11.0000004b,Drive,Delivery,pitch.1,703152,-0.0031,-0.3338,0.9442,0.0154,-0.3551,-0.5808,0.0,0.0
1779744292335,2,12.00000015,Lower Delivery,Delivery,pitch.1,703228,0.1694,3.6268,2.6286,-1.005,3.7634,-2.0095,-0.1362,-0.0364
1779744292335,2,12.00000018,Upper Delivery,Delivery,pitch.1,703914,-0.9814,-0.36,1.0163,-0.0884,-0.0304,-0.0012,0.0,0.0
1779744292335,2,Pitching Mound.Delivery,,Delivery,pitch.1,702280,-0.8089,3.2781,3.6519,-0.049,3.4738,-2.4061,0.0,0.0
1779744292335,2,Pitching Mound.Drive,,Delivery,pitch.1,703152,-0.0031,-0.3338,0.9442,0.0154,-0.3551,-0.5808,0.0,0.0
1779744292335,2,Pitching Mound.Parent,,Delivery,pitch.1,701604,-0.812,2.9442,4.5961,-0.0336,3.1187,-2.9869,0.0,0.0
1779744292336,2,11.0000004b,Drive,Delivery,pitch.1,703153,-0.0062,-0.3312,0.9348,0.0149,-0.3361,-0.5371,0.0,0.0
1779744292336,2,12.00000015,Lower Delivery,Delivery,pitch.1,703229,0.2375,3.6199,2.5705,-1.1525,4.0251,-2.0304,-0.149,-0.0426
1779744292336,2,12.00000018,Upper Delivery,Delivery,pitch.1,703915,-0.9987,-0.3905,1.0907,-0.0884,-0.0304,-0.0012,0.0,0.0
1779744292336,2,Pitching Mound.Delivery,,Delivery,pitch.1,702281,-0.8293,3.2363,3.7193,-0.5705,3.733,-2.4079,0.0,0.0
1779744292336,2,Pitching Mound.Drive,,Delivery,pitch.1,703153,-0.0062,-0.3312,0.9348,0.0149,-0.3361,-0.5371,0.0,0.0
1779744292336,2,Pitching Mound.Parent,,Delivery,pitch.1,701605,-0.8354,2.9051,4.6542,-0.5556,3.3968,-2.945,0.0,0.0
1779744292337,2,11.0000004b,Drive,Delivery,pitch.1,703154,-0.0099,-0.3146,0.9855,0.0177,-0.3619,-0.5483,0.0,0.0
1779744292337,2,12.00000015,Lower Delivery,Delivery,pitch.1,703230,0.3073,3.6657,2.5639,-1.1989,3.8893,-1.9981,-0.1443,-0.0445
1779744292337,2,12.00000018,Upper Delivery,Delivery,pitch.1,703916,-0.9632,-0.3861,1.0025,-0.0884,-0.0304,-0.0012,0.0,0.0
1779744292337,2,Pitching Mound.Delivery,,Delivery,pitch.1,702282,-0.7257,3.2338,3.5731,-0.7077,3.9947,-2.4399,0.0,0.0
1779744292337,2,Pitching Mound.Drive,,Delivery,pitch.1,703154,-0.0099,-0.3146,0.9855,0.0177,-0.3619,-0.5483,0.0,0.0
1779744292337,2,Pitching Mound.Parent,,Delivery,pitch.1,701606,-0.7356,2.9192,4.5586,-0.69,3.6328,-2.9882,0.0,0.0
1779744292338,2,11.0000004b,Drive,Delivery,pitch.1,703155,-0.018,-0.3359,1.033,0.0191,-0.3597,-0.5425,0.0,0.0
1779744292338,2,12.00000015,Lower Delivery,Delivery,pitch.1,703231,0.4626,3.6683,2.5109,-1.4348,3.8172,-1.9305,-0.1446,-0.0544
1779744292338,2,12.00000018,Upper Delivery,Delivery,pitch.1,703917,-0.9448,-0.4593,0.7768,-0.0884,-0.0304,-0.0012,0.0,0.0
1779744292338,2,Pitching Mound.Delivery,,Delivery,pitch.1,702283,-0.6375,3.2064,3.3408,-0.6797,3.859,-2.425,0.0,0.0
1779744292338,2,Pitching Mound.Drive,,Delivery,pitch.1,703155,-0.018,-0.3359,1.033,0.0191,-0.3597,-0.5425,0.0,0.0
1779744292338,2,Pitching Mound.Parent,,Delivery,pitch.1,701607,-0.6555,2.8705,4.3737,-0.6606,3.4992,-2.9675,0.0,0.0
1779744292339,2,11.0000004b,Drive,Delivery,pitch.1,703156,-0.0144,-0.3348,1.0729,0.0241,-0.4147,-0.5664,0.0,0.0
1779744292339,2,12.00000015,Lower Delivery,Delivery,pitch.1,703232,0.678,3.7056,2.5731,-1.3297,3.9887,-1.8662,-0.1475,-0.0492
1779744292339,2,12.00000018,Upper Delivery,Delivery,pitch.1,703918,-0.878,-0.4049,0.8525,-0.0884,-0.0304,-0.0012,0.0,0.0
1779744292339,2,Pitching Mound.Delivery,,Delivery,pitch.1,702284,-0.4153,3.2634,3.3635,-0.9593,3.7868,-2.3875,0.0,0.0
1779744292339,2,Pitching Mound.Drive,,Delivery,pitch.1,703156,-0.0144,-0.3348,1.0729,0.0241,-0.4147,-0.5664,0.0,0.0
1779744292339,2,Pitching Mound.Parent,,Delivery,pitch.1,701608,-0.4297,2.9286,4.4364,-0.9352,3.3721,-2.9539,0.0,0.0
1779744292340,2,11.0000004b,Drive,Delivery,pitch.1,703157,-0.0217,-0.3456,1.1528,0.0335,-0.4696,-0.5457,0.0,0.0
1779744292340,2,12.00000015,Lower Delivery,Delivery,pitch.1,703233,0.9396,3.7985,2.7477,-1.2856,3.6843,-1.8135,-0.1276,-0.0445
1779744292340,2,12.00000018,Upper Delivery,Delivery,pitch.1,703919,-0.713,-0.2607,0.6347,-0.0884,-0.0304,-0.0012,0.0,0.0
1779744292340,2,Pitching Mound.Delivery,,Delivery,pitch.1,702285,-0.035,3.4449,3.2077,-0.759,3.9583,-2.3403,0.0,0.0
1779744292340,2,Pitching Mound.Drive,,Delivery,pitch.1,703157,-0.0217,-0.3456,1.1528,0.0335,-0.4696,-0.5457,0.0,0.0
1779744292340,2,Pitching Mound.Parent,,Delivery,pitch.1,701609,-0.0568,3.0993,4.3605,-0.7254,3.4887,-2.886,0.0,0.0
1779744292341,2,11.0000004b,Drive,Delivery,pitch.1,703158,-0.0199,-0.3406,1.1404,0.0317,-0.4824,-0.5712,0.0,0.0
1779744292341,2,12.00000015,Lower Delivery,Delivery,pitch.1,703234,1.1612,3.85,2.9936,-0.7228,3.4942,-1.7966,-0.111,-0.023
1779744292341,2,12.00000018,Upper Delivery,Delivery,pitch.1,703920,-0.589,-0.2267,0.6322,-0.0884,-0.0304,-0.0012,0.0,0.0
1779744292341,2,Pitching Mound.Delivery,,Delivery,pitch.1,702286,0.3506,3.5718,3.3799,-0.6547,3.6539,-2.3344,0.0,0.0
1779744292341,2,Pitching Mound.Drive,,Delivery,pitch.1,703158,-0.0199,-0.3406,1.1404,0.0317,-0.4824,-0.5712,0.0,0.0
1779744292341,2,Pitching Mound.Parent,,Delivery,pitch.1,701610,0.3307,3.2311,4.5203,-0.623,3.1716,-2.9056,0.0,0.0
1779744292342,2,11.0000004b,Drive,Delivery,pitch.1,703159,-0.0071,-0.3732,1.1068,0.0278,-0.4518,-0.5914,0.0,0.0
1779744292342,2,12.00000015,Lower Delivery,Delivery,pitch.1,703235,1.3344,3.8256,3.1148,-0.3917,3.4032,-1.7957,-0.1039,-0.012
1779744292342,2,12.00000018,Upper Delivery,Delivery,pitch.1,703921,-0.4149,-0.2102,-0.427,-0.0884,-0.0304,-0.0012,0.0,0.0
1779744292342,2,Pitching Mound.Delivery,,Delivery,pitch.1,702287,0.7463,3.6398,2.5666,0.3519,3.4639,-2.3337,0.0,0.0
1779744292342,2,Pitching Mound.Drive,,Delivery,pitch.1,703159,-0.0071,-0.3732,1.1068,0.0278,-0.4518,-0.5914,0.0,0.0
1779744292342,2,Pitching Mound.Parent,,Delivery,pitch.1,701611,0.7392,3.2666,3.6734,0.3796,3.012,-2.9251,0.0,0.0
1779744292343,2,11.0000004b,Drive,Delivery,pitch.1,703160,-0.0114,-0.3805,1.1221,0.0255,-0.4087,-0.5574,0.0,0.0
1779744292343,2,12.00000015,Lower Delivery,Delivery,pitch.1,703236,1.4912,3.7459,3.3665,0.4522,2.8207,-1.8661,-0.0797,0.0128
1779744292343,2,12.00000018,Upper Delivery,Delivery,pitch.1,703922,-0.2636,-0.1423,-0.457,-0.0884,-0.0304,-0.0012,0.0,0.0
1779744292343,2,Pitching Mound.Delivery,,Delivery,pitch.1,702288,1.0708,3.6833,2.6577,0.7344,3.3728,-2.3402,0.0,0.0
1779744292343,2,Pitching Mound.Drive,,Delivery,pitch.1,703160,-0.0114,-0.3805,1.1221,0.0255,-0.4087,-0.5574,0.0,0.0
1779744292343,2,Pitching Mound.Parent,,Delivery,pitch.1,701612,1.0594,3.3028,3.7798,0.7599,2.9641,-2.8976,0.0,0.0
1779744292344,2,11.0000004b,Drive,Delivery,pitch.1,703161,-0.014,-0.3696,1.1255,0.0233,-0.4119,-0.5563,0.0,0.0
1779744292344,2,12.00000015,Lower Delivery,Delivery,pitch.1,703237,1.6249,3.6576,3.6916,0.4299,2.2654,-1.8847,-0.0584,0.0111
1779744292344,2,12.00000018,Upper Delivery,Delivery,pitch.1,703923,-0.1157,-0.0972,-0.2221,-0.0884,-0.0304,-0.0012,0.0,0.0
1779744292344,2,Pitching Mound.Delivery,,Delivery,pitch.1,702289,1.3755,3.6487,3.1444,1.584,2.7904,-2.4137,0.0,0.0
1779744292344,2,Pitching Mound.Drive,,Delivery,pitch.1,703161,-0.014,-0.3696,1.1255,0.0233,-0.4119,-0.5563,0.0,0.0
1779744292344,2,Pitching Mound.Parent,,Delivery,pitch.1,701613,1.3615,3.279,4.2699,1.6073,2.3785,-2.97,0.0,0.0
1779744292345,2,11.0000004b,Drive,Delivery,pitch.1,703162,0.0056,-0.3833,1.0767,0.0296,-0.4605,-0.5494,0.0,0.0
1779744292345,2,12.00000015,Lower Delivery,Delivery,pitch.1,703238,1.7098,3.5875,3.7323,0.3,2.1103,-1.945,-0.0538,0.0076
1779744292345,2,12.00000018,Upper Delivery,Delivery,pitch.1,703924,-0.0281,-0.0857,-0.0769,-0.0884,-0.0304,-0.0012,0.0,0.0
1779744292345,2,Pitching Mound.Delivery,,Delivery,pitch.1,702290,1.5968,3.572,3.6147,1.6228,2.235,-2.4479,0.0,0.0
1779744292345,2,Pitching Mound.Drive,,Delivery,pitch.1,703162,0.0056,-0.3833,1.0767,0.0296,-0.4605,-0.5494,0.0,0.0
1779744292345,2,Pitching Mound.Parent,,Delivery,pitch.1,701614,1.6024,3.1887,4.6914,1.6524,1.7745,-2.9973,0.0,0.0
1779744292346,2,11.0000004b,Drive,Delivery,pitch.1,703163,0.0045,-0.3872,1.025,0.0287,-0.4494,-0.5601,0.0,0.0
1779744292346,2,12.00000015,Lower Delivery,Delivery,pitch.1,703239,1.7616,3.5212,3.629,0.3093,2.0885,-1.9814,-0.0547,0.0081
1779744292346,2,12.00000018,Upper Delivery,Delivery,pitch.1,703925,0.066,-0.0386,0.0773,-0.0884,-0.0304,-0.0012,0.0,0.0
1779744292346,2,Pitching Mound.Delivery,,Delivery,pitch.1,702291,1.7758,3.5489,3.8095,1.4544,2.0799,-2.5051,0.0,0.0
1779744292346,2,Pitching Mound.Drive,,Delivery,pitch.1,703163,0.0045,-0.3872,1.025,0.0287,-0.4494,-0.5601,0.0,0.0
1779744292346,2,Pitching Mound.Parent,,Delivery,pitch.1,701615,1.7803,3.1617,4.8346,1.4831,1.6305,-3.0652,0.0,0.0
1779744292347,2,11.0000004b,Drive,Delivery,pitch.1,703164,0.0012,-0.3899,0.9984,0.0374,-0.5484,-0.5913,0.0,0.0
1779744292347,2,12.00000015,Lower Delivery,Delivery,pitch.1,703240,1.6975,3.511,3.5944,0.3493,2.2915,-1.9581,-0.0606,0.0092
1779744292347,2,12.00000018,Upper Delivery,Delivery,pitch.1,703926,0.0693,0.0093,0.1274,-0.0884,-0.0304,-0.0012,0.0,0.0
1779744292347,2,Pitching Mound.Delivery,,Delivery,pitch.1,702292,1.8309,3.5305,3.7564,1.4115,2.0581,-2.558,0.0,0.0
1779744292347,2,Pitching Mound.Drive,,Delivery,pitch.1,703164,0.0012,-0.3899,0.9984,0.0374,-0.5484,-0.5913,0.0,0.0
1779744292347,2,Pitching Mound.Parent,,Delivery,pitch.1,701616,1.8321,3.1406,4.7548,1.4489,1.5097,-3.1493,0.0,0.0
1779744292348,2,11.0000004b,Drive,Delivery,pitch.1,703165,-0.001,-0.3866,0.9283,0.0249,-0.4409,-0.5729,0.0,0.0
1779744292348,2,12.00000015,Lower Delivery,Delivery,pitch.1,703241,1.6794,3.4758,3.6006,0.257,2.2082,-1.858,-0.0583,0.0068
1779744292348,2,12.00000018,Upper Delivery,Delivery,pitch.1,703927,0.0534,0.0302,0.1164,-0.0884,-0.0304,-0.0012,0.0,0.0
1779744292348,2,Pitching Mound.Delivery,,Delivery,pitch.1,702293,1.7509,3.5412,3.7107,1.4435,2.2612,-2.5183,0.0,0.0
1779744292348,2,Pitching Mound.Drive,,Delivery,pitch.1,703165,-0.001,-0.3866,0.9283,0.0249,-0.4409,-0.5729,0.0,0.0
1779744292348,2,Pitching Mound.Parent,,Delivery,pitch.1,701617,1.7499,3.1546,4.639,1.4684,1.8203,-3.0912,0.0,0.0
1779744292349,2,11.0000004b,Drive,Delivery,pitch.1,703166,0.0016,-0.3801,0.881,0.0397,-0.5616,-0.5712,0.0,0.0
1779744292349,2,12.00000015,Lower Delivery,Delivery,pitch.1,703242,1.6194,3.5129,3.5411,0.255,2.1815,-1.7805,-0.0586,0.0068
1779744292349,2,12.00000018,Upper Delivery,Delivery,pitch.1,703928,0.0444,0.0266,0.0874,-0.0884,-0.0304,-0.0012,0.0,0.0
1779744292349,2,Pitching Mound.Delivery,,Delivery,pitch.1,702294,1.7238,3.5024,3.688,1.3632,2.1778,-2.4151,0.0,0.0
1779744292349,2,Pitching Mound.Drive,,Delivery,pitch.1,703166,0.0016,-0.3801,0.881,0.0397,-0.5616,-0.5712,0.0,0.0
1779744292349,2,Pitching Mound.Parent,,Delivery,pitch.1,701618,1.7254,3.1223,4.569,1.4029,1.6162,-2.9864,0.0,0.0
1779744292350,2,11.0000004b,Drive,Delivery,pitch.1,703167,0.0003,-0.3742,0.8446,0.0419,-0.5879,-0.5848,0.0,0.0
1779744292350,2,12.00000015,Lower Delivery,Delivery,pitch.1,703243,1.5712,3.5616,3.4558,0.1754,2.141,-1.6925,-0.0589,0.0048
1779744292350,2,12.00000018,Upper Delivery,Delivery,pitch.1,703929,0.0181,-0.0008,-0.0062,-0.0884,-0.0304,-0.0012,0.0,0.0
1779744292350,2,Pitching Mound.Delivery,,Delivery,pitch.1,702295,1.6375,3.5121,3.5349,1.3727,2.1511,-2.3262,0.0,0.0
1779744292350,2,Pitching Mound.Drive,,Delivery,pitch.1,703167,0.0003,-0.3742,0.8446,0.0419,-0.5879,-0.5848,0.0,0.0
1779744292350,2,Pitching Mound.Parent,,Delivery,pitch.1,701619,1.6378,3.1379,4.3795,1.4146,1.5632,-2.9109,0.0,0.0
1779744292351,2,11.0000004b,Drive,Delivery,pitch.1,703168,-0.0148,-0.3658,0.8198,0.0314,-0.4748,-0.5366,0.0,0.0
1779744292351,2,12.00000015,Lower Delivery,Delivery,pitch.1,703244,1.5236,3.5941,3.3967,0.1818,2.0656,-1.6682,-0.0579,0.0051
1779744292351,2,12.00000018,Upper Delivery,Delivery,pitch.1,703930,-0.0097,-0.0198,-0.0309,-0.0884,-0.0304,-0.0012,0.0,0.0
1779744292351,2,Pitching Mound.Delivery,,Delivery,pitch.1,702296,1.5615,3.5418,3.425,1.2725,2.1107,-2.2312,0.0,0.0
1779744292351,2,Pitching Mound.Drive,,Delivery,pitch.1,703168,-0.0148,-0.3658,0.8198,0.0314,-0.4748,-0.5366,0.0,0.0
1779744292351,2,Pitching Mound.Parent,,Delivery,pitch.1,701620,1.5467,3.176,4.2448,1.304,1.6359,-2.7678,0.0,0.0
1779744292352,2,11.0000004b,Drive,Delivery,pitch.1,703169,-0.0196,-0.3597,0.8058,0.032,-0.4847,-0.5517,0.0,0.0
1779744292352,2,12.00000018,Upper Delivery,Delivery,pitch.1,703931,-0.1341,-0.057,-0.1992,-0.0884,-0.0304,-0.0012,0.0,0.0
1779744292352,2,Pitching Mound.Delivery,,Delivery,pitch.1,702297,1.3895,3.5371,3.1975,1.3161,2.0353,-2.233,0.0,0.0
1779744292352,2,Pitching Mound.Drive,,Delivery,pitch.1,703169,-0.0196,-0.3597,0.8058,0.032,-0.4847,-0.5517,0.0,0.0
1779744292352,2,Pitching Mound.Parent,,Delivery,pitch.1,701621,1.3699,3.1774,4.0034,1.348,1.5506,-2.7847,0.0,0.0
1779744292353,2,11.0000004b,Drive,Delivery,pitch.1,703170,-0.0197,-0.346,0.8188,0.0267,-0.44,-0.5407,0.0,0.0
1779744292353,2,12.00000015,Lower Delivery,Delivery,pitch.1,703245,1.4253,3.601,3.3016,0.2138,2.0584,-1.6449,-0.0593,0.0062
1779744292353,2,12.00000015,Lower Delivery,Delivery,pitch.1,703246,1.2562,3.6418,3.3554,0.2642,2.0127,-1.6021,-0.0571,0.0075
1779744292353,2,12.00000018,Upper Delivery,Delivery,pitch.1,703932,-0.2271,-0.1209,-0.3903,-0.0884,-0.0304,-0.0012,0.0,0.0
1779744292353,2,Pitching Mound.Delivery,,Delivery,pitch.1,702298,1.1982,3.4801,2.9113,1.3806,2.0281,-2.2079,0.0,0.0
1779744292353,2,Pitching Mound.Drive,,Delivery,pitch.1,703170,-0.0197,-0.346,0.8188,0.0267,-0.44,-0.5407,0.0,0.0
1779744292353,2,Pitching Mound.Parent,,Delivery,pitch.1,701622,1.1785,3.1341,3.7301,1.4073,1.5881,-2.7486,0.0,0.0
1779744292354,2,11.0000004b,Drive,Delivery,pitch.1,703171,-0.0152,-0.3342,0.8529,0.0224,-0.3673,-0.4758,0.0,0.0
1779744292354,2,12.00000015,Lower Delivery,Delivery,pitch.1,703247,1.1545,3.6665,3.5122,-0.0524,1.9517,-1.6448,-0.0529,-0.0014
1779744292354,2,12.00000018,Upper Delivery,Delivery,pitch.1,703933,-0.3723,-0.1468,-0.5202,-0.0884,-0.0304,-0.0012,0.0,0.0
1779744292354,2,Pitching Mound.Delivery,,Delivery,pitch.1,702299,0.8839,3.495,2.8352,1.4935,1.9824,-2.157,0.0,0.0
1779744292354,2,Pitching Mound.Drive,,Delivery,pitch.1,703171,-0.0152,-0.3342,0.8529,0.0224,-0.3673,-0.4758,0.0,0.0
1779744292354,2,Pitching Mound.Parent,,Delivery,pitch.1,701623,0.8687,3.1608,3.6881,1.5159,1.6151,-2.6327,0.0,0.0
1779744292355,2,11.0000004b,Drive,Delivery,pitch.1,703172,-0.0181,-0.3377,0.7798,0.0243,-0.3749,-0.4626,0.0,0.0
1779744292355,2,12.00000015,Lower Delivery,Delivery,pitch.1,703248,1.0676,3.7208,3.5713,0.0658,1.9299,-1.667,-0.0514,0.0018
1779744292355,2,12.00000018,Upper Delivery,Delivery,pitch.1,703934,-0.6018,-0.2948,-0.3884,-0.0884,-0.0304,-0.0012,0.0,0.0
1779744292355,2,Pitching Mound.Delivery,,Delivery,pitch.1,702300,0.5527,3.3717,3.1239,1.1855,1.9213,-2.2431,0.0,0.0
1779744292355,2,Pitching Mound.Drive,,Delivery,pitch.1,703172,-0.0181,-0.3377,0.7798,0.0243,-0.3749,-0.4626,0.0,0.0
1779744292355,2,Pitching Mound.Parent,,Delivery,pitch.1,701624,0.5347,3.0341,3.9037,1.2098,1.5464,-2.7057,0.0,0.0
1779744292356,2,11.0000004b,Drive,Delivery,pitch.1,703173,-0.0124,-0.3127,0.7914,0.0175,-0.3177,-0.4662,0.0,0.0
1779744292356,2,12.00000015,Lower Delivery,Delivery,pitch.1,703249,1.0175,3.7713,3.5666,0.2076,2.0787,-1.6571,-0.0554,0.0055
1779744292356,2,12.00000018,Upper Delivery,Delivery,pitch.1,703935,-0.737,-0.3157,0.5389,-0.0884,-0.0304,-0.0012,0.0,0.0
1779744292356,2,Pitching Mound.Delivery,,Delivery,pitch.1,702301,0.3306,3.4051,4.1101,1.0084,1.8996,-2.2818,0.0,0.0
1779744292356,2,Pitching Mound.Drive,,Delivery,pitch.1,703173,-0.0124,-0.3127,0.7914,0.0175,-0.3177,-0.4662,0.0,0.0
1779744292356,2,Pitching Mound.Parent,,Delivery,pitch.1,701625,0.3182,3.0924,4.9016,1.0259,1.5819,-2.748,0.0,0.0
1779744292357,2,11.0000004b,Drive,Delivery,pitch.1,703174,-0.0182,-0.3297,0.8137,0.0241,-0.3748,-0.4669,0.0,0.0
1779744292357,2,12.00000015,Lower Delivery,Delivery,pitch.1,703250,0.96,3.7979,3.2569,0.5236,2.6498,-1.6798,-0.0774,0.0153
1779744292357,2,12.00000018,Upper Delivery,Delivery,pitch.1,703936,-0.8437,-0.3364,1.0068,-0.0884,-0.0304,-0.0012,0.0,0.0
1779744292357,2,Pitching Mound.Delivery,,Delivery,pitch.1,702302,0.1738,3.435,4.5734,0.9896,2.0484,-2.2911,0.0,0.0
1779744292357,2,Pitching Mound.Drive,,Delivery,pitch.1,703174,-0.0182,-0.3297,0.8137,0.0241,-0.3748,-0.4669,0.0,0.0
1779744292357,2,Pitching Mound.Parent,,Delivery,pitch.1,701626,0.1556,3.1053,5.3871,1.0137,1.6735,-2.758,0.0,0.0
1779744292358,2,11.0000004b,Drive,Delivery,pitch.1,703175,-0.0274,-0.3196,0.8527,0.0222,-0.3681,-0.4858,0.0,0.0
1779744292358,2,12.00000015,Lower Delivery,Delivery,pitch.1,703251,0.9617,3.7856,3.0011,0.5023,2.8111,-1.7808,-0.0891,0.0159
1779744292358,2,12.00000018,Upper Delivery,Delivery,pitch.1,703937,-0.8714,-0.3263,0.8322,-0.0884,-0.0304,-0.0012,0.0,0.0
1779744292358,2,Pitching Mound.Delivery,,Delivery,pitch.1,702303,0.0886,3.4716,4.0891,1.2596,2.6194,-2.3037,0.0,0.0
1779744292358,2,Pitching Mound.Drive,,Delivery,pitch.1,703175,-0.0274,-0.3196,0.8527,0.0222,-0.3681,-0.4858,0.0,0.0
1779744292358,2,Pitching Mound.Parent,,Delivery,pitch.1,701627,0.0612,3.152,4.9418,1.2819,2.2513,-2.7895,0.0,0.0
1779744292359,2,11.0000004b,Drive,Delivery,pitch.1,703176,-0.024,-0.3295,0.9029,0.0276,-0.4354,-0.5232,0.0,0.0
1779744292359,2,12.00000015,Lower Delivery,Delivery,pitch.1,703252,0.942,3.7743,2.8127,0.2784,3.3036,-1.8126,-0.1117,0.0094
1779744292359,2,12.00000018,Upper Delivery,Delivery,pitch.1,703938,-0.86,-0.3098,0.8888,-0.0884,-0.0304,-0.0012,0.0,0.0
1779744292359,2,Pitching Mound.Delivery,,Delivery,pitch.1,702304,0.1017,3.4758,3.8899,1.1321,2.7807,-2.4014,0.0,0.0
1779744292359,2,Pitching Mound.Drive,,Delivery,pitch.1,703176,-0.024,-0.3295,0.9029,0.0276,-0.4354,-0.5232,0.0,0.0
1779744292359,2,Pitching Mound.Parent,,Delivery,pitch.1,701628,0.0776,3.1464,4.7928,1.1597,2.3453,-2.9246,0.0,0.0
1779744292360,2,11.0000004b,Drive,Delivery,pitch.1,703177,-0.022,-0.3098,0.9591,0.0238,-0.414,-0.5314,0.0,0.0
1779744292360,2,12.00000018,Upper Delivery,Delivery,pitch.1,703939,-0.8409,-0.3069,0.8866,-0.0884,-0.0304,-0.0012,0.0,0.0
1779744292360,2,Pitching Mound.Delivery,,Delivery,pitch.1,702305,0.1011,3.4674,3.6993,0.8449,3.2732,-2.42,0.0,0.0
1779744292360,2,Pitching Mound.Drive,,Delivery,pitch.1,703177,-0.022,-0.3098,0.9591,0.0238,-0.414,-0.5314,0.0,0.0
1779744292360,2,Pitching Mound.Parent,,Delivery,pitch.1,701629,0.0791,3.1576,4.6584,0.8687,2.8592,-2.9515,0.0,0.0
1779744292361,2,11.0000004b,Drive,Delivery,pitch.1,703178,-0.0316,-0.3104,0.9958,0.0194,-0.3765,-0.537,0.0,0.0
1779744292361,2,12.00000015,Lower Delivery,Delivery,pitch.1,703253,0.9004,3.7394,2.7576,0.2323,3.586,-1.8276,-0.1237,0.008
1779744292361,2,12.00000015,Lower Delivery,Delivery,pitch.1,703254,0.8379,3.7233,2.7192,0.265,3.5459,-1.8614,-0.1241,0.0093
1779744292361,2,12.00000018,Upper Delivery,Delivery,pitch.1,703940,-0.794,-0.308,0.8081,-0.0884,-0.0304,-0.0012,0.0,0.0
1779744292361,2,Pitching Mound.Delivery,,Delivery,pitch.1,702306,0.1064,3.4314,3.5657,0.8068,3.5557,-2.4048,0.0,0.0
1779744292361,2,Pitching Mound.Drive,,Delivery,pitch.1,703178,-0.0316,-0.3104,0.9958,0.0194,-0.3765,-0.537,0.0,0.0
1779744292361,2,Pitching Mound.Parent,,Delivery,pitch.1,701630,0.0748,3.121,4.5615,0.8262,3.1791,-2.9418,0.0,0.0
1779744292362,2,11.0000004b,Drive,Delivery,pitch.1,703179,-0.0275,-0.3111,1.0127,0.0328,-0.5166,-0.5918,0.0,0.0
1779744292362,2,12.00000015,Lower Delivery,Delivery,pitch.1,703255,0.7867,3.6841,2.6982,0.121,3.7129,-1.825,-0.1309,0.0043
1779744292362,2,12.00000018,Upper Delivery,Delivery,pitch.1,703941,-0.743,-0.2901,0.7744,-0.0884,-0.0304,-0.0012,0.0,0.0
1779744292362,2,Pitching Mound.Delivery,,Delivery,pitch.1,702307,0.0949,3.4333,3.4936,0.8379,3.5156,-2.4001,0.0,0.0
1779744292362,2,Pitching Mound.Drive,,Delivery,pitch.1,703179,-0.0275,-0.3111,1.0127,0.0328,-0.5166,-0.5918,0.0,0.0
1779744292362,2,Pitching Mound.Parent,,Delivery,pitch.1,701631,0.0674,3.1222,4.5063,0.8707,2.999,-2.9919,0.0,0.0
1779744292363,2,11.0000004b,Drive,Delivery,pitch.1,703180,-0.0291,-0.3177,0.9889,0.0261,-0.4427,-0.5605,0.0,0.0
1779744292363,2,12.00000015,Lower Delivery,Delivery,pitch.1,703256,0.7706,3.6342,2.6535,0.059,3.6929,-1.7355,-0.1324,0.0021
1779744292363,2,12.00000018,Upper Delivery,Delivery,pitch.1,703942,-0.6616,-0.281,0.5961,-0.0884,-0.0304,-0.0012,0.0,0.0
1779744292363,2,Pitching Mound.Delivery,,Delivery,pitch.1,702308,0.1251,3.4031,3.2942,0.7473,3.6825,-2.3187,0.0,0.0
1779744292363,2,Pitching Mound.Drive,,Delivery,pitch.1,703180,-0.0291,-0.3177,0.9889,0.0261,-0.4427,-0.5605,0.0,0.0
1779744292363,2,Pitching Mound.Parent,,Delivery,pitch.1,701632,0.096,3.0854,4.2831,0.7734,3.2398,-2.8791,0.0,0.0
1779744292364,2,11.0000004b,Drive,Delivery,pitch.1,703181,-0.0284,-0.3138,0.9753,0.0241,-0.4464,-0.5748,0.0,0.0
1779744292364,2,12.00000015,Lower Delivery,Delivery,pitch.1,703257,0.757,3.604,2.5977,0.1048,3.5894,-1.6498,-0.1314,0.0038
1779744292364,2,12.00000018,Upper Delivery,Delivery,pitch.1,703943,-0.5787,-0.2471,0.4421,-0.0884,-0.0304,-0.0012,0.0,0.0
1779744292364,2,Pitching Mound.Delivery,,Delivery,pitch.1,702309,0.1919,3.3871,3.0956,0.7225,3.6626,-2.1954,0.0,0.0
1779744292364,2,Pitching Mound.Drive,,Delivery,pitch.1,703181,-0.0284,-0.3138,0.9753,0.0241,-0.4464,-0.5748,0.0,0.0
1779744292364,2,Pitching Mound.Parent,,Delivery,pitch.1,701633,0.1635,3.0733,4.0709,0.7466,3.2161,-2.7702,0.0,0.0
1779744292365,2,11.0000004b,Drive,Delivery,pitch.1,703182,-0.0273,-0.3266,0.9794,0.0401,-0.5746,-0.5846,0.0,0.0
1779744292365,2,12.00000015,Lower Delivery,Delivery,pitch.1,703258,0.7386,3.5745,2.6396,0.0929,3.693,-1.6009,-0.1331,0.0033
1779744292365,2,12.00000018,Upper Delivery,Delivery,pitch.1,703944,-0.5006,-0.2255,0.2752,-0.0884,-0.0304,-0.0012,0.0,0.0
1779744292365,2,Pitching Mound.Delivery,,Delivery,pitch.1,702310,0.2565,3.3784,2.8729,0.806,3.559,-2.0785,0.0,0.0
1779744292365,2,Pitching Mound.Drive,,Delivery,pitch.1,703182,-0.0273,-0.3266,0.9794,0.0401,-0.5746,-0.5846,0.0,0.0
1779744292365,2,Pitching Mound.Parent,,Delivery,pitch.1,701634,0.2291,3.0519,3.8522,0.8462,2.9844,-2.6631,0.0,0.0
1779744292366,2,11.0000004b,Drive,Delivery,pitch.1,703183,-0.0027,-0.3403,0.9352,0.0422,-0.66,-0.615,0.0,0.0
1779744292366,2,12.00000015,Lower Delivery,Delivery,pitch.1,703259,0.7884,3.5409,2.7138,0.219,3.5323,-1.5375,-0.1238,0.0077
1779744292366,2,12.00000018,Upper Delivery,Delivery,pitch.1,703945,-0.4131,-0.2173,0.0507,-0.0884,-0.0304,-0.0012,0.0,0.0
1779744292366,2,Pitching Mound.Delivery,,Delivery,pitch.1,702311,0.3254,3.3572,2.6903,0.8848,3.6627,-1.9937,0.0,0.0
1779744292366,2,Pitching Mound.Drive,,Delivery,pitch.1,703183,-0.0027,-0.3403,0.9352,0.0422,-0.66,-0.615,0.0,0.0
1779744292366,2,Pitching Mound.Parent,,Delivery,pitch.1,701635,0.3227,3.0169,3.6255,0.927,3.0027,-2.6087,0.0,0.0
1779744292367,2,11.0000004b,Drive,Delivery,pitch.1,703184,-0.0025,-0.3452,0.9649,0.0406,-0.6646,-0.6192,0.0,0.0
1779744292367,2,12.00000015,Lower Delivery,Delivery,pitch.1,703260,0.826,3.5364,2.8528,0.3071,3.3256,-1.5191,-0.1109,0.0102
1779744292367,2,12.00000018,Upper Delivery,Delivery,pitch.1,703946,-0.3128,-0.1778,-0.4855,-0.0884,-0.0304,-0.0012,0.0,0.0
1779744292367,2,Pitching Mound.Delivery,,Delivery,pitch.1,702312,0.4756,3.3631,2.2283,1.2184,3.502,-1.9131,0.0,0.0
1779744292367,2,Pitching Mound.Drive,,Delivery,pitch.1,703184,-0.0025,-0.3452,0.9649,0.0406,-0.6646,-0.6192,0.0,0.0
1779744292367,2,Pitching Mound.Parent,,Delivery,pitch.1,701636,0.4731,3.0178,3.1931,1.259,2.8374,-2.5323,0.0,0.0
1779744292368,2,11.0000004b,Drive,Delivery,pitch.1,703185,0.0003,-0.3391,1.0082,0.042,-0.654,-0.6169,0.0,0.0
1779744292368,2,12.00000015,Lower Delivery,Delivery,pitch.1,703261,0.8861,3.5625,2.843,0.302,2.9689,-1.4855,-0.0993,0.0101
1779744292368,2,12.00000018,Upper Delivery,Delivery,pitch.1,703947,-0.2824,-0.1398,-0.4208,-0.0884,-0.0304,-0.0012,0.0,0.0
1779744292368,2,Pitching Mound.Delivery,,Delivery,pitch.1,702313,0.5436,3.3966,2.432,1.3318,3.2952,-1.8971,0.0,0.0
1779744292368,2,Pitching Mound.Drive,,Delivery,pitch.1,703185,0.0003,-0.3391,1.0082,0.042,-0.654,-0.6169,0.0,0.0
1779744292368,2,Pitching Mound.Parent,,Delivery,pitch.1,701637,0.5439,3.0575,3.4402,1.3738,2.6412,-2.5141,0.0,0.0
1779744292369,2,11.0000004b,Drive,Delivery,pitch.1,703186,0.0084,-0.329,0.9653,0.0475,-0.6824,-0.6,0.0,0.0
1779744292369,2,12.00000015,Lower Delivery,Delivery,pitch.1,703262,0.9582,3.5752,2.9516,0.3297,2.5507,-1.4502,-0.0822,0.0106
1779744292369,2,12.00000018,Upper Delivery,Delivery,pitch.1,703948,-0.2409,-0.1298,-0.3745,-0.0884,-0.0304,-0.0012,0.0,0.0
1779744292369,2,Pitching Mound.Delivery,,Delivery,pitch.1,702314,0.6452,3.4327,2.4684,1.3076,2.9385,-1.8699,0.0,0.0
1779744292369,2,Pitching Mound.Drive,,Delivery,pitch.1,703186,0.0084,-0.329,0.9653,0.0475,-0.6824,-0.6,0.0,0.0
1779744292369,2,Pitching Mound.Parent,,Delivery,pitch.1,701638,0.6536,3.1037,3.4337,1.355,2.2561,-2.4699,0.0,0.0
1779744292370,2,11.0000004b,Drive,Delivery,pitch.1,703187,0.0111,-0.3432,0.9241,0.0627,-0.7879,-0.5649,0.0,0.0
1779744292370,2,12.00000015,Lower Delivery,Delivery,pitch.1,703263,1.0002,3.5573,3.1239,0.4496,2.5292,-1.3849,-0.077,0.0137
1779744292370,2,12.00000018,Upper Delivery,Delivery,pitch.1,703949,-0.2472,-0.1027,-0.3317,-0.0884,-0.0304,-0.0012,0.0,0.0
1779744292370,2,Pitching Mound.Delivery,,Delivery,pitch.1,702315,0.711,3.4725,2.6199,1.3577,2.5203,-1.8612,0.0,0.0
1779744292370,2,Pitching Mound.Drive,,Delivery,pitch.1,703187,0.0111,-0.3432,0.9241,0.0627,-0.7879,-0.5649,0.0,0.0
1779744292370,2,Pitching Mound.Parent,,Delivery,pitch.1,701639,0.7221,3.1292,3.544,1.4203,1.7325,-2.4262,0.0,0.0
1779744292371,2,11.0000004b,Drive,Delivery,pitch.1,703188,0.011,-0.3342,0.9233,0.069,-0.8494,-0.5862,0.0,0.0
1779744292371,2,12.00000015,Lower Delivery,Delivery,pitch.1,703264,1.0476,3.5643,3.2631,0.4194,2.2732,-1.3769,-0.0663,0.0122
1779744292371,2,12.00000018,Upper Delivery,Delivery,pitch.1,703950,-0.2011,-0.0776,-0.2872,-0.0884,-0.0304,-0.0012,0.0,0.0
1779744292371,2,Pitching Mound.Delivery,,Delivery,pitch.1,702316,0.799,3.4798,2.8367,1.521,2.4988,-1.7945,0.0,0.0
1779744292371,2,Pitching Mound.Drive,,Delivery,pitch.1,703188,0.011,-0.3342,0.9233,0.069,-0.8494,-0.5862,0.0,0.0
1779744292371,2,Pitching Mound.Parent,,Delivery,pitch.1,701640,0.81,3.1456,3.76,1.5901,1.6495,-2.3808,0.0,0.0
1779744292372,2,11.0000004b,Drive,Delivery,pitch.1,703189,0.027,-0.3324,0.8669,0.0814,-0.9218,-0.5915,0.0,0.0
1779744292372,2,12.00000015,Lower Delivery,Delivery,pitch.1,703265,1.1809,3.6971,3.1349,0.1138,1.7664,-1.459,-0.0536,0.0035
1779744292372,2,12.00000018,Upper Delivery,Delivery,pitch.1,703951,-0.2113,-0.0959,-0.303,-0.0884,-0.0304,-0.0012,0.0,0.0
1779744292372,2,Pitching Mound.Delivery,,Delivery,pitch.1,702317,0.8364,3.4684,2.9602,1.5435,2.2428,-1.8061,0.0,0.0
1779744292372,2,Pitching Mound.Drive,,Delivery,pitch.1,703189,0.027,-0.3324,0.8669,0.0814,-0.9218,-0.5915,0.0,0.0
1779744292372,2,Pitching Mound.Parent,,Delivery,pitch.1,701641,0.8634,3.136,3.827,1.6249,1.321,-2.3976,0.0,0.0
1779744292373,2,11.0000004b,Drive,Delivery,pitch.1,703190,0.0408,-0.3312,0.8162,0.0793,-0.8867,-0.5677,0.0,0.0
1779744292373,2,12.00000015,Lower Delivery,Delivery,pitch.1,703266,1.2395,3.7144,3.241,0.1057,1.4237,-1.4962,-0.0418,0.0031
1779744292373,2,12.00000018,Upper Delivery,Delivery,pitch.1,703952,-0.206,-0.0945,-0.3201,-0.0884,-0.0304,-0.0012,0.0,0.0
1779744292373,2,Pitching Mound.Delivery,,Delivery,pitch.1,702318,0.9748,3.6027,2.8147,1.2002,1.736,-1.9318,0.0,0.0
1779744292373,2,Pitching Mound.Drive,,Delivery,pitch.1,703190,0.0408,-0.3312,0.8162,0.0793,-0.8867,-0.5677,0.0,0.0
1779744292373,2,Pitching Mound.Parent,,Delivery,pitch.1,701642,1.0156,3.2715,3.631,1.2795,0.8493,-2.4995,0.0,0.0
1779744292374,2,11.0000004b,Drive,Delivery,pitch.1,703191,0.0365,-0.3363,0.8034,0.0796,-0.8969,-0.5806,0.0,0.0
1779744292374,2,12.00000015,Lower Delivery,Delivery,pitch.1,703267,1.297,3.7122,3.2441,0.1749,1.5706,-1.5651,-0.0461,0.0051
1779744292374,2,12.00000018,Upper Delivery,Delivery,pitch.1,703953,-0.2279,-0.1054,-0.3582,-0.0884,-0.0304,-0.0012,0.0,0.0
1779744292374,2,Pitching Mound.Delivery,,Delivery,pitch.1,702319,1.0116,3.609,2.8828,1.2411,1.3934,-1.9964,0.0,0.0
1779744292374,2,Pitching Mound.Drive,,Delivery,pitch.1,703191,0.0365,-0.3363,0.8034,0.0796,-0.8969,-0.5806,0.0,0.0
1779744292374,2,Pitching Mound.Parent,,Delivery,pitch.1,701643,1.0481,3.2727,3.6862,1.3207,0.4964,-2.577,0.0,0.0
1779744292375,2,11.0000004b,Drive,Delivery,pitch.1,703192,0.0348,-0.3356,0.8823,0.0715,-0.7936,-0.5296,0.0,0.0
1779744292375,2,12.00000015,Lower Delivery,Delivery,pitch.1,703268,0.4546,4.1041,3.9417,-8.5857,1.2993,-1.2069,-0.0314,-0.2072
1779744292375,2,12.00000018,Upper Delivery,Delivery,pitch.1,703954,-0.284,-0.1142,-0.4517,-0.0884,-0.0304,-0.0012,0.0,0.0
1779744292375,2,Pitching Mound.Delivery,,Delivery,pitch.1,702320,1.013,3.598,2.7924,1.3431,1.5402,-2.1038,0.0,0.0
1779744292375,2,Pitching Mound.Drive,,Delivery,pitch.1,703192,0.0348,-0.3356,0.8823,0.0715,-0.7936,-0.5296,0.0,0.0
1779744292375,2,Pitching Mound.Parent,,Delivery,pitch.1,701644,1.0478,3.2624,3.6747,1.4146,0.7467,-2.6334,0.0,0.0
1779744292376,2,11.0000004b,Drive,Delivery,pitch.1,703193,0.0192,-0.3194,0.8529,0.0714,-0.7955,-0.5259,0.0,0.0
1779744292376,2,12.00000015,Lower Delivery,Delivery,pitch.1,703269,1.2512,3.6798,3.2808,-0.2153,1.1384,-1.6264,-0.033,-0.0062
1779744292376,2,12.00000018,Upper Delivery,Delivery,pitch.1,703955,-0.2932,-0.0644,-0.4514,-0.0884,-0.0304,-0.0012,0.0,0.0
1779744292376,2,Pitching Mound.Delivery,,Delivery,pitch.1,702321,0.1614,4.0397,3.4903,-7.1804,1.2689,-1.4623,0.0,0.0
1779744292376,2,Pitching Mound.Drive,,Delivery,pitch.1,703193,0.0192,-0.3194,0.8529,0.0714,-0.7955,-0.5259,0.0,0.0
1779744292376,2,Pitching Mound.Parent,,Delivery,pitch.1,701645,0.1806,3.7202,4.3432,-7.1091,0.4734,-1.9882,0.0,0.0
1779744292377,2,11.0000004b,Drive,Delivery,pitch.1,703194,0.0106,-0.3096,0.8833,0.0696,-0.79,-0.5427,0.0,0.0
1779744292377,2,12.00000015,Lower Delivery,Delivery,pitch.1,703270,1.3681,3.6653,3.352,0.0837,1.4028,-1.7174,-0.0398,0.0024
1779744292377,2,12.00000018,Upper Delivery,Delivery,pitch.1,703956,-0.3553,-0.0999,-0.5141,-0.0884,-0.0304,-0.0012,0.0,0.0
1779744292377,2,Pitching Mound.Delivery,,Delivery,pitch.1,702322,0.8959,3.58,2.7668,0.9865,1.108,-2.1738,0.0,0.0
1779744292377,2,Pitching Mound.Drive,,Delivery,pitch.1,703194,0.0106,-0.3096,0.8833,0.0696,-0.79,-0.5427,0.0,0.0
1779744292377,2,Pitching Mound.Parent,,Delivery,pitch.1,701646,0.9064,3.2704,3.6501,1.0561,0.318,-2.7165,0.0,0.0
1779744292378,2,11.0000004b,Drive,Delivery,pitch.1,703195,0.0061,-0.2958,0.8669,0.0604,-0.7177,-0.547,0.0,0.0
1779744292378,2,12.00000015,Lower Delivery,Delivery,pitch.1,703271,1.3155,3.6664,3.3602,-0.0751,0.9059,-1.7463,-0.0256,-0.0021
1779744292378,2,12.00000018,Upper Delivery,Delivery,pitch.1,703957,-0.3458,-0.1109,-0.4789,-0.0884,-0.0304,-0.0012,0.0,0.0
1779744292378,2,Pitching Mound.Delivery,,Delivery,pitch.1,702323,1.0223,3.5543,2.873,1.2978,1.3725,-2.3013,0.0,0.0
1779744292378,2,Pitching Mound.Drive,,Delivery,pitch.1,703195,0.0061,-0.2958,0.8669,0.0604,-0.7177,-0.547,0.0,0.0
1779744292378,2,Pitching Mound.Parent,,Delivery,pitch.1,701647,1.0284,3.2586,3.7399,1.3582,0.6547,-2.8483,0.0,0.0
1779744292379,2,11.0000004b,Drive,Delivery,pitch.1,703196,0.0048,-0.2862,0.9383,0.0615,-0.7429,-0.5649,0.0,0.0
1779744292379,2,12.00000015,Lower Delivery,Delivery,pitch.1,703272,1.1903,3.6431,3.1925,-0.7982,1.709,-1.7323,-0.0509,-0.0238
1779744292379,2,12.00000018,Upper Delivery,Delivery,pitch.1,703958,-0.3652,-0.1586,-0.466,-0.0884,-0.0304,-0.0012,0.0,0.0
1779744292379,2,Pitching Mound.Delivery,,Delivery,pitch.1,702324,0.9503,3.5078,2.8942,1.1374,0.8755,-2.3189,0.0,0.0
1779744292379,2,Pitching Mound.Drive,,Delivery,pitch.1,703196,0.0048,-0.2862,0.9383,0.0615,-0.7429,-0.5649,0.0,0.0
1779744292379,2,Pitching Mound.Parent,,Delivery,pitch.1,701648,0.9551,3.2216,3.8325,1.1989,0.1326,-2.8838,0.0,0.0
1779744292380,2,11.0000004b,Drive,Delivery,pitch.1,703197,-0.0038,-0.28,0.9809,0.0468,-0.6165,-0.5734,0.0,0.0
1779744292380,2,12.00000015,Lower Delivery,Delivery,pitch.1,703273,1.2514,3.6075,3.3081,-0.5167,0.7613,-1.8221,-0.0219,-0.0149
1779744292380,2,12.00000018,Upper Delivery,Delivery,pitch.1,703959,-0.3954,-0.185,-0.5611,-0.0884,-0.0304,-0.0012,0.0,0.0
1779744292380,2,Pitching Mound.Delivery,,Delivery,pitch.1,702325,0.7948,3.4581,2.6314,0.3897,1.6786,-2.2727,0.0,0.0
1779744292380,2,Pitching Mound.Drive,,Delivery,pitch.1,703197,-0.0038,-0.28,0.9809,0.0468,-0.6165,-0.5734,0.0,0.0
1779744292380,2,Pitching Mound.Parent,,Delivery,pitch.1,701649,0.7911,3.1782,3.6123,0.4365,1.0621,-2.846,0.0,0.0
1779744292381,2,11.0000004b,Drive,Delivery,pitch.1,703198,-0.0098,-0.2708,0.9786,0.048,-0.6152,-0.5699,0.0,0.0
1779744292381,2,12.00000015,Lower Delivery,Delivery,pitch.1,703274,1.1874,3.5758,3.3318,-0.5412,1.229,-1.8555,-0.0351,-0.0155
1779744292381,2,12.00000018,Upper Delivery,Delivery,pitch.1,703960,-0.388,-0.1856,-0.5563,-0.0884,-0.0304,-0.0012,0.0,0.0
1779744292381,2,Pitching Mound.Delivery,,Delivery,pitch.1,702326,0.8635,3.4219,2.7518,0.7089,0.731,-2.3807,0.0,0.0
1779744292381,2,Pitching Mound.Drive,,Delivery,pitch.1,703198,-0.0098,-0.2708,0.9786,0.048,-0.6152,-0.5699,0.0,0.0
1779744292381,2,Pitching Mound.Parent,,Delivery,pitch.1,701650,0.8537,3.1511,3.7305,0.7569,0.1157,-2.9505,0.0,0.0
1779744292382,2,11.0000004b,Drive,Delivery,pitch.1,703199,-0.0113,-0.2715,1.0049,0.0498,-0.6085,-0.5472,0.0,0.0
1779744292382,2,12.00000015,Lower Delivery,Delivery,pitch.1,703275,1.1153,3.5434,3.3026,-0.1553,1.2896,-1.898,-0.0371,-0.0045
1779744292382,2,12.00000018,Upper Delivery,Delivery,pitch.1,703961,-0.3912,-0.1653,-0.5833,-0.0884,-0.0304,-0.0012,0.0,0.0
1779744292382,2,Pitching Mound.Delivery,,Delivery,pitch.1,702327,0.7962,3.4105,2.7485,0.7016,1.1986,-2.3934,0.0,0.0
1779744292382,2,Pitching Mound.Drive,,Delivery,pitch.1,703199,-0.0113,-0.2715,1.0049,0.0498,-0.6085,-0.5472,0.0,0.0
1779744292382,2,Pitching Mound.Parent,,Delivery,pitch.1,701651,0.7849,3.1391,3.7534,0.7513,0.5901,-2.9406,0.0,0.0
1779744292383,2,11.0000004b,Drive,Delivery,pitch.1,703200,-0.0237,-0.2724,1.0434,0.0429,-0.5682,-0.5511,0.0,0.0
1779744292383,2,12.00000015,Lower Delivery,Delivery,pitch.1,703276,1.0715,3.5063,3.3759,-0.116,1.3032,-1.8902,-0.0367,-0.0033
1779744292383,2,12.00000018,Upper Delivery,Delivery,pitch.1,703962,-0.4094,-0.2151,-0.5539,-0.0884,-0.0304,-0.0012,0.0,0.0
1779744292383,2,Pitching Mound.Delivery,,Delivery,pitch.1,702328,0.7059,3.3283,2.7487,1.0676,1.2593,-2.4176,0.0,0.0
1779744292383,2,Pitching Mound.Drive,,Delivery,pitch.1,703200,-0.0237,-0.2724,1.0434,0.0429,-0.5682,-0.5511,0.0,0.0
1779744292383,2,Pitching Mound.Parent,,Delivery,pitch.1,701652,0.6821,3.0559,3.7921,1.1105,0.6911,-2.9688,0.0,0.0
1779744292384,2,11.0000004b,Drive,Delivery,pitch.1,703201,-0.0283,-0.2642,1.0272,0.044,-0.5698,-0.5589,0.0,0.0
1779744292384,2,12.00000015,Lower Delivery,Delivery,pitch.1,703277,1.0016,3.4854,3.3029,0.0983,1.1825,-1.9205,-0.0341,0.0028
1779744292384,2,12.00000018,Upper Delivery,Delivery,pitch.1,703963,-0.3977,-0.218,-0.579,-0.0884,-0.0304,-0.0012,0.0,0.0
1779744292384,2,Pitching Mound.Delivery,,Delivery,pitch.1,702329,0.6738,3.2883,2.7969,1.1403,1.2729,-2.3909,0.0,0.0
1779744292384,2,Pitching Mound.Drive,,Delivery,pitch.1,703201,-0.0283,-0.2642,1.0272,0.044,-0.5698,-0.5589,0.0,0.0
1779744292384,2,Pitching Mound.Parent,,Delivery,pitch.1,701653,0.6455,3.024,3.824,1.1842,0.7031,-2.9498,0.0,0.0
1779744292385,2,11.0000004b,Drive,Delivery,pitch.1,703202,-0.0388,-0.2772,1.0387,0.0394,-0.5302,-0.5391,0.0,0.0
1779744292385,2,11.0000004b,Drive,Delivery,pitch.1,703203,-0.0271,-0.2812,1.0284,0.0432,-0.5939,-0.5565,0.0,0.0
1779744292385,2,12.00000015,Lower Delivery,Delivery,pitch.1,703278,0.8963,3.4748,3.303,0.0239,1.0705,-1.9145,-0.0308,0.0007
1779744292385,2,12.00000018,Upper Delivery,Delivery,pitch.1,703964,-0.384,-0.2309,-0.6186,-0.0884,-0.0304,-0.0012,0.0,0.0
1779744292385,2,Pitching Mound.Delivery,,Delivery,pitch.1,702330,0.6176,3.2544,2.6844,1.3432,1.1521,-2.3928,0.0,0.0
1779744292385,2,Pitching Mound.Drive,,Delivery,pitch.1,703202,-0.0388,-0.2772,1.0387,0.0394,-0.5302,-0.5391,0.0,0.0
1779744292385,2,Pitching Mound.Drive,,Delivery,pitch.1,703203,-0.0271,-0.2812,1.0284,0.0432,-0.5939,-0.5565,0.0,0.0
1779744292385,2,Pitching Mound.Parent,,Delivery,pitch.1,701654,0.5789,2.9773,3.7231,1.3826,0.6219,-2.9319,0.0,0.0
1779744292386,2,12.00000015,Lower Delivery,Delivery,pitch.1,703279,0.8152,3.4905,3.3107,-0.2238,0.9199,-1.8603,-0.0264,-0.0064
1779744292386,2,12.00000018,Upper Delivery,Delivery,pitch.1,703965,-0.4099,-0.2474,-0.5334,-0.0884,-0.0304,-0.0012,0.0,0.0
1779744292386,2,Pitching Mound.Delivery,,Delivery,pitch.1,702331,0.4864,3.2274,2.7696,1.2399,1.0402,-2.3598,0.0,0.0
1779744292386,2,Pitching Mound.Parent,,Delivery,pitch.1,701655,0.4593,2.9462,3.7981,1.2832,0.4462,-2.9163,0.0,0.0
1779744292387,2,11.0000004b,Drive,Delivery,pitch.1,703204,-0.0308,-0.2848,1.0248,0.0368,-0.5216,-0.5371,0.0,0.0
1779744292387,2,12.00000015,Lower Delivery,Delivery,pitch.1,703280,0.7792,3.5193,3.1478,-0.3011,1.0564,-1.8216,-0.0319,-0.0091
1779744292387,2,12.00000018,Upper Delivery,Delivery,pitch.1,703966,-0.4335,-0.2642,-0.3927,-0.0884,-0.0304,-0.0012,0.0,0.0
1779744292387,2,Pitching Mound.Delivery,,Delivery,pitch.1,702332,0.3817,3.2263,2.918,0.947,0.8895,-2.2861,0.0,0.0
1779744292387,2,Pitching Mound.Drive,,Delivery,pitch.1,703204,-0.0308,-0.2848,1.0248,0.0368,-0.5216,-0.5371,0.0,0.0
1779744292387,2,Pitching Mound.Parent,,Delivery,pitch.1,701656,0.3509,2.9415,3.9428,0.9838,0.368,-2.8231,0.0,0.0
1779744292388,2,11.0000004b,Drive,Delivery,pitch.1,703205,-0.0215,-0.2862,1.0239,0.0404,-0.5468,-0.517,0.0,0.0
1779744292388,2,11.0000004b,Drive,Delivery,pitch.1,703206,-0.0125,-0.3154,1.0337,0.0526,-0.6167,-0.4966,0.0,0.0
1779744292388,2,12.00000015,Lower Delivery,Delivery,pitch.1,703281,0.7327,3.5297,3.1041,-0.0411,1.1761,-1.7945,-0.036,-0.0013
1779744292388,2,12.00000018,Upper Delivery,Delivery,pitch.1,703967,-0.4413,-0.2547,-0.3057,-0.0884,-0.0304,-0.0012,0.0,0.0
1779744292388,2,Pitching Mound.Delivery,,Delivery,pitch.1,702333,0.3379,3.2646,2.8421,0.7847,1.026,-2.2378,0.0,0.0
1779744292388,2,Pitching Mound.Drive,,Delivery,pitch.1,703205,-0.0215,-0.2862,1.0239,0.0404,-0.5468,-0.517,0.0,0.0
1779744292388,2,Pitching Mound.Drive,,Delivery,pitch.1,703206,-0.0125,-0.3154,1.0337,0.0526,-0.6167,-0.4966,0.0,0.0
1779744292388,2,Pitching Mound.Parent,,Delivery,pitch.1,701657,0.3164,2.9784,3.8659,0.8251,0.4792,-2.7548,0.0,0.0
1779744292389,2,11.0000004b,Drive,Delivery,pitch.1,703207,-0.0055,-0.3095,0.9935,0.042,-0.5018,-0.4511,0.0,0.0
1779744292389,2,12.00000015,Lower Delivery,Delivery,pitch.1,703282,0.7051,3.5776,2.9999,0.0674,1.49,-1.7609,-0.0472,0.0021
1779744292389,2,12.00000018,Upper Delivery,Delivery,pitch.1,703968,-0.4091,-0.2728,-0.3145,-0.0884,-0.0304,-0.0012,0.0,0.0
1779744292389,2,Pitching Mound.Delivery,,Delivery,pitch.1,702334,0.3235,3.2568,2.7896,1.0328,1.1458,-2.1839,0.0,0.0
1779744292389,2,Pitching Mound.Drive,,Delivery,pitch.1,703207,-0.0055,-0.3095,0.9935,0.042,-0.5018,-0.4511,0.0,0.0
1779744292389,2,Pitching Mound.Parent,,Delivery,pitch.1,701658,0.311,2.9414,3.8233,1.0854,0.529,-2.6805,0.0,0.0
1779744292390,2,12.00000015,Lower Delivery,Delivery,pitch.1,703283,0.6875,3.6159,3.0123,-0.0386,1.4762,-1.7649,-0.0466,-0.0012
1779744292390,2,12.00000018,Upper Delivery,Delivery,pitch.1,703969,-0.4459,-0.2673,-0.0821,-0.0884,-0.0304,-0.0012,0.0,0.0
1779744292390,2,Pitching Mound.Delivery,,Delivery,pitch.1,702335,0.2592,3.3103,2.9177,1.027,1.4596,-2.1534,0.0,0.0
1779744292390,2,Pitching Mound.Parent,,Delivery,pitch.1,701659,0.2537,3.0008,3.9113,1.069,0.9579,-2.6045,0.0,0.0
1779744292391,2,11.0000004b,Drive,Delivery,pitch.1,703208,0.0005,-0.3227,0.8916,0.0546,-0.604,-0.4451,0.0,0.0
1779744292391,2,12.00000015,Lower Delivery,Delivery,pitch.1,703284,0.7159,3.6494,3.0092,0.0705,1.678,-1.6888,-0.053,0.0022
1779744292391,2,12.00000018,Upper Delivery,Delivery,pitch.1,703970,-0.4563,-0.2122,0.2183,-0.0884,-0.0304,-0.0012,0.0,0.0
1779744292391,2,Pitching Mound.Delivery,,Delivery,pitch.1,702336,0.2312,3.4038,3.2307,0.823,1.4458,-2.155,0.0,0.0
1779744292391,2,Pitching Mound.Drive,,Delivery,pitch.1,703208,0.0005,-0.3227,0.8916,0.0546,-0.604,-0.4451,0.0,0.0
1779744292391,2,Pitching Mound.Parent,,Delivery,pitch.1,701660,0.2317,3.0811,4.1223,0.8776,0.8418,-2.6002,0.0,0.0
1779744292392,2,11.0000004b,Drive,Delivery,pitch.1,703209,0.0044,-0.342,0.8235,0.0525,-0.5884,-0.4434,0.0,0.0
1779744292392,2,12.00000015,Lower Delivery,Delivery,pitch.1,703285,0.7363,3.6887,2.9369,0.3662,1.9369,-1.6173,-0.0627,0.0119
1779744292392,2,12.00000018,Upper Delivery,Delivery,pitch.1,703971,-0.4691,-0.2109,0.2488,-0.0884,-0.0304,-0.0012,0.0,0.0
1779744292392,2,Pitching Mound.Delivery,,Delivery,pitch.1,702337,0.2468,3.4386,3.258,0.9207,1.6477,-2.0929,0.0,0.0
1779744292392,2,Pitching Mound.Drive,,Delivery,pitch.1,703209,0.0044,-0.342,0.8235,0.0525,-0.5884,-0.4434,0.0,0.0
1779744292392,2,Pitching Mound.Parent,,Delivery,pitch.1,701661,0.2511,3.0966,4.0815,0.9732,1.0593,-2.5363,0.0,0.0
1779744292393,2,11.0000004b,Drive,Delivery,pitch.1,703211,0.0083,-0.3116,0.809,0.0448,-0.5225,-0.435,0.0,0.0
1779744292393,2,11.0000004b,Drive,Delivery,pitch.1,703210,-0.0016,-0.3305,0.8257,0.0391,-0.476,-0.4412,0.0,0.0
1779744292393,2,12.00000015,Lower Delivery,Delivery,pitch.1,703286,0.7989,3.687,2.8611,0.4415,2.4369,-1.5985,-0.081,0.0147
1779744292393,2,12.00000018,Upper Delivery,Delivery,pitch.1,703972,-0.4932,-0.2136,0.3144,-0.0884,-0.0304,-0.0012,0.0,0.0
1779744292393,2,Pitching Mound.Delivery,,Delivery,pitch.1,702338,0.2431,3.4751,3.2512,1.1694,1.9065,-2.0365,0.0,0.0
1779744292393,2,Pitching Mound.Drive,,Delivery,pitch.1,703211,0.0083,-0.3116,0.809,0.0448,-0.5225,-0.435,0.0,0.0
1779744292393,2,Pitching Mound.Drive,,Delivery,pitch.1,703210,-0.0016,-0.3305,0.8257,0.0391,-0.476,-0.4412,0.0,0.0
1779744292393,2,Pitching Mound.Parent,,Delivery,pitch.1,701662,0.2415,3.1446,4.077,1.2085,1.4306,-2.4777,0.0,0.0
1779744292394,2,12.00000015,Lower Delivery,Delivery,pitch.1,703287,0.8478,3.6858,2.8577,0.5564,2.6467,-1.5843,-0.0881,0.0185
1779744292394,2,12.00000018,Upper Delivery,Delivery,pitch.1,703973,-0.4536,-0.1936,0.116,-0.0884,-0.0304,-0.0012,0.0,0.0
1779744292394,2,Pitching Mound.Delivery,,Delivery,pitch.1,702339,0.3453,3.4934,2.9771,1.2864,2.4065,-2.0255,0.0,0.0
1779744292394,2,Pitching Mound.Parent,,Delivery,pitch.1,701663,0.3536,3.1818,3.786,1.3312,1.8841,-2.4605,0.0,0.0
1779744292395,2,11.0000004b,Drive,Delivery,pitch.1,703212,0.0117,-0.322,0.8476,0.0411,-0.5066,-0.438,0.0,0.0
1779744292395,2,11.0000004b,Drive,Delivery,pitch.1,703213,0.0077,-0.322,0.8412,0.0434,-0.538,-0.454,0.0,0.0
1779744292395,2,12.00000015,Lower Delivery,Delivery,pitch.1,703288,0.8999,3.7089,2.817,0.461,3.029,-1.5604,-0.1023,0.0156
1779744292395,2,12.00000018,Upper Delivery,Delivery,pitch.1,703974,-0.3878,-0.1705,-0.4016,-0.0884,-0.0304,-0.0012,0.0,0.0
1779744292395,2,Pitching Mound.Delivery,,Delivery,pitch.1,702340,0.46,3.5153,2.456,1.5762,2.6163,-2.0056,0.0,0.0
1779744292395,2,Pitching Mound.Drive,,Delivery,pitch.1,703212,0.0117,-0.322,0.8476,0.0411,-0.5066,-0.438,0.0,0.0
1779744292395,2,Pitching Mound.Drive,,Delivery,pitch.1,703213,0.0077,-0.322,0.8412,0.0434,-0.538,-0.454,0.0,0.0
1779744292395,2,Pitching Mound.Parent,,Delivery,pitch.1,701664,0.4717,3.1933,3.3036,1.6173,2.1098,-2.4436,0.0,0.0
1779744292396,2,11.0000004b,Drive,Delivery,pitch.1,703214,0.0032,-0.3133,0.8813,0.0508,-0.5799,-0.4475,0.0,0.0
1779744292396,2,12.00000015,Lower Delivery,Delivery,pitch.1,703289,1.0331,3.6495,2.8753,0.4866,2.7208,-1.6224,-0.09,0.0161
1779744292396,2,12.00000018,Upper Delivery,Delivery,pitch.1,703975,-0.4064,-0.1852,-0.4063,-0.0884,-0.0304,-0.0012,0.0,0.0
1779744292396,2,Pitching Mound.Delivery,,Delivery,pitch.1,702341,0.4935,3.5237,2.4107,1.4685,2.9986,-2.0057,0.0,0.0
1779744292396,2,Pitching Mound.Drive,,Delivery,pitch.1,703214,0.0032,-0.3133,0.8813,0.0508,-0.5799,-0.4475,0.0,0.0
1779744292396,2,Pitching Mound.Parent,,Delivery,pitch.1,701665,0.5012,3.2017,3.2519,1.512,2.4606,-2.4597,0.0,0.0
1779744292397,2,11.0000004b,Drive,Delivery,pitch.1,703215,0.0071,-0.3334,0.8979,0.0537,-0.6741,-0.5008,0.0,0.0
1779744292397,2,12.00000015,Lower Delivery,Delivery,pitch.1,703290,1.1155,3.6162,3.0328,0.5679,2.5966,-1.6774,-0.0814,0.0178
1779744292397,2,12.00000018,Upper Delivery,Delivery,pitch.1,703976,-0.4129,-0.1803,-0.3851,-0.0884,-0.0304,-0.0012,0.0,0.0
1779744292397,2,Pitching Mound.Delivery,,Delivery,pitch.1,702342,0.6202,3.4692,2.4902,1.5067,2.6905,-2.1152,0.0,0.0
1779744292397,2,Pitching Mound.Drive,,Delivery,pitch.1,703215,0.0071,-0.3334,0.8979,0.0537,-0.6741,-0.5008,0.0,0.0
1779744292397,2,Pitching Mound.Parent,,Delivery,pitch.1,701666,0.6234,3.1558,3.3714,1.5576,2.1105,-2.5627,0.0,0.0
1779744292398,2,11.0000004b,Drive,Delivery,pitch.1,703216,0.0037,-0.3157,0.8778,0.0403,-0.5311,-0.4731,0.0,0.0
1779744292398,2,12.00000015,Lower Delivery,Delivery,pitch.1,703291,1.1937,3.5881,3.0583,0.5752,2.651,-1.7149,-0.0825,0.0179
1779744292398,2,12.00000018,Upper Delivery,Delivery,pitch.1,703977,-0.3803,-0.1727,-0.5228,-0.0884,-0.0304,-0.0012,0.0,0.0
1779744292398,2,Pitching Mound.Delivery,,Delivery,pitch.1,702343,0.7352,3.4434,2.5099,1.6884,2.5663,-2.1872,0.0,0.0
1779744292398,2,Pitching Mound.Drive,,Delivery,pitch.1,703216,0.0037,-0.3157,0.8778,0.0403,-0.5311,-0.4731,0.0,0.0
1779744292398,2,Pitching Mound.Parent,,Delivery,pitch.1,701667,0.7423,3.11,3.4078,1.7421,1.8922,-2.688,0.0,0.0
1779744292399,2,11.0000004b,Drive,Delivery,pitch.1,703217,-0.0108,-0.3024,0.9455,0.0265,-0.4067,-0.4837,0.0,0.0
1779744292399,2,12.00000015,Lower Delivery,Delivery,pitch.1,703292,1.2615,3.5729,3.1725,0.6166,2.4052,-1.7551,-0.0721,0.0185
1779744292399,2,12.00000018,Upper Delivery,Delivery,pitch.1,703978,-0.3866,-0.1651,-0.5459,-0.0884,-0.0304,-0.0012,0.0,0.0
1779744292399,2,Pitching Mound.Delivery,,Delivery,pitch.1,702344,0.8072,3.423,2.5124,1.7123,2.6206,-2.2534,0.0,0.0
1779744292399,2,Pitching Mound.Drive,,Delivery,pitch.1,703217,-0.0108,-0.3024,0.9455,0.0265,-0.4067,-0.4837,0.0,0.0
1779744292399,2,Pitching Mound.Parent,,Delivery,pitch.1,701668,0.8109,3.1073,3.3902,1.7525,2.0895,-2.7265,0.0,0.0
1779744292400,2,11.0000004b,Drive,Delivery,pitch.1,703218,-0.0083,-0.3048,0.9331,0.027,-0.4392,-0.5306,0.0,0.0
1779744292400,2,12.00000015,Lower Delivery,Delivery,pitch.1,703293,1.3024,3.5228,3.231,0.6627,1.8483,-1.745,-0.0544,0.0195
1779744292400,2,12.00000018,Upper Delivery,Delivery,pitch.1,703979,-0.3662,-0.1602,-0.5255,-0.0884,-0.0304,-0.0012,0.0,0.0
1779744292400,2,Pitching Mound.Delivery,,Delivery,pitch.1,702345,0.8953,3.4127,2.647,1.7856,2.3748,-2.3097,0.0,0.0
1779744292400,2,Pitching Mound.Drive,,Delivery,pitch.1,703218,-0.0083,-0.3048,0.9331,0.027,-0.4392,-0.5306,0.0,0.0
1779744292400,2,Pitching Mound.Parent,,Delivery,pitch.1,701669,0.8845,3.1103,3.5926,1.812,1.9682,-2.7934,0.0,0.0
1779744292401,2,11.0000004b,Drive,Delivery,pitch.1,703219,-0.0234,-0.2931,0.9578,0.0208,-0.3595,-0.4937,0.0,0.0
1779744292401,2,12.00000015,Lower Delivery,Delivery,pitch.1,703294,1.291,3.5106,3.2286,0.5553,1.9682,-1.7721,-0.058,0.0164
1779744292401,2,12.00000018,Upper Delivery,Delivery,pitch.1,703980,-0.3066,-0.1391,-0.545,-0.0884,-0.0304,-0.0012,0.0,0.0
1779744292401,2,12.00000018,Upper Delivery,Delivery,pitch.1,703981,-0.3315,-0.1172,-0.5135,-0.0884,-0.0304,-0.0012,0.0,0.0
1779744292401,2,Pitching Mound.Delivery,,Delivery,pitch.1,702347,0.9595,3.3934,2.7151,1.7393,1.9378,-2.3249,0.0,0.0
1779744292401,2,Pitching Mound.Delivery,,Delivery,pitch.1,702346,0.9958,3.3836,2.686,1.8582,1.818,-2.2932,0.0,0.0
1779744292401,2,Pitching Mound.Drive,,Delivery,pitch.1,703219,-0.0234,-0.2931,0.9578,0.0208,-0.3595,-0.4937,0.0,0.0
1779744292401,2,Pitching Mound.Parent,,Delivery,pitch.1,701671,0.9361,3.1002,3.6729,1.76,1.5783,-2.8186,0.0,0.0
1779744292401,2,Pitching Mound.Parent,,Delivery,pitch.1,701670,0.9875,3.0789,3.6191,1.8851,1.3787,-2.8238,0.0,0.0
1779744292402,2,11.0000004b,Drive,Delivery,pitch.1,703220,-0.0227,-0.2886,0.9224,0.0126,-0.2931,-0.4956,0.0,0.0
1779744292402,2,12.00000015,Lower Delivery,Delivery,pitch.1,703295,1.248,3.5211,3.2762,0.5441,1.996,-1.7734,-0.058,0.0158
1779744292402,2,Pitching Mound.Drive,,Delivery,pitch.1,703220,-0.0227,-0.2886,0.9224,0.0126,-0.2931,-0.4956,0.0,0.0
1779744292403,2,11.0000004b,Drive,Delivery,pitch.1,703221,-0.0359,-0.2978,0.9843,0.015,-0.3146,-0.495,0.0,0.0
1779744292403,2,12.00000015,Lower Delivery,Delivery,pitch.1,703296,1.2156,3.5127,3.2055,0.498,1.5644,-1.774,-0.0464,0.0148
1779744292403,2,12.00000018,Upper Delivery,Delivery,pitch.1,703982,-0.3479,-0.132,-0.5046,-0.0884,-0.0304,-0.0012,0.0,0.0
1779744292403,2,12.00000018,Upper Delivery,Delivery,pitch.1,703983,-0.3366,-0.1236,-0.4493,-0.0884,-0.0304,-0.0012,0.0,0.0
1779744292403,2,Pitching Mound.Delivery,,Delivery,pitch.1,702348,0.9001,3.3891,2.7716,1.7412,1.9657,-2.3172,0.0,0.0
1779744292403,2,Pitching Mound.Delivery,,Delivery,pitch.1,702349,0.879,3.3891,2.7562,1.6522,1.5341,-2.303,0.0,0.0
1779744292403,2,Pitching Mound.Drive,,Delivery,pitch.1,703221,-0.0359,-0.2978,0.9843,0.015,-0.3146,-0.495,0.0,0.0
1779744292403,2,Pitching Mound.Parent,,Delivery,pitch.1,701672,0.8773,3.1005,3.694,1.7538,1.6726,-2.8128,0.0,0.0
1779744292403,2,Pitching Mound.Parent,,Delivery,pitch.1,701673,0.843,3.0913,3.7405,1.6673,1.2194,-2.798,0.0,0.0
1779744292404,2,11.0000004b,Drive,Delivery,pitch.1,703222,-0.0364,-0.2978,1.0045,0.0183,-0.3314,-0.4708,0.0,0.0
1779744292404,2,12.00000015,Lower Delivery,Delivery,pitch.1,703297,1.1392,3.5201,3.2344,0.49,1.3412,-1.7769,-0.0394,0.0144
1779744292404,2,12.00000018,Upper Delivery,Delivery,pitch.1,703984,-0.3551,-0.144,-0.408,-0.0884,-0.0304,-0.0012,0.0,0.0
1779744292404,2,Pitching Mound.Delivery,,Delivery,pitch.1,702350,0.7841,3.376,2.8263,1.64,1.3108,-2.2862,0.0,0.0
1779744292404,2,Pitching Mound.Drive,,Delivery,pitch.1,703222,-0.0364,-0.2978,1.0045,0.0183,-0.3314,-0.4708,0.0,0.0
1779744292404,2,Pitching Mound.Parent,,Delivery,pitch.1,701674,0.7477,3.0782,3.8308,1.6583,0.9795,-2.7569,0.0,0.0
1779744292405,2,11.0000004b,Drive,Delivery,pitch.1,703223,-0.04,-0.2833,0.9873,0.0111,-0.2631,-0.4616,0.0,0.0
1779744292405,2,12.00000015,Lower Delivery,Delivery,pitch.1,703298,1.0842,3.5072,3.1842,0.348,1.2217,-1.7911,-0.0365,0.0104
1779744292405,2,12.00000018,Upper Delivery,Delivery,pitch.1,703985,-0.3506,-0.1407,-0.4298,-0.0884,-0.0304,-0.0012,0.0,0.0
1779744292405,2,Pitching Mound.Delivery,,Delivery,pitch.1,702351,0.7336,3.3664,2.7544,1.4884,1.1913,-2.2802,0.0,0.0
1779744292405,2,Pitching Mound.Drive,,Delivery,pitch.1,703223,-0.04,-0.2833,0.9873,0.0111,-0.2631,-0.4616,0.0,0.0
1779744292405,2,Pitching Mound.Parent,,Delivery,pitch.1,701675,0.6936,3.0831,3.7417,1.4995,0.9283,-2.7418,0.0,0.0
1779744292406,2,11.0000004b,Drive,Delivery,pitch.1,703224,-0.0313,-0.2959,1.0138,0.0182,-0.3246,-0.4581,0.0,0.0
1779744292406,2,12.00000015,Lower Delivery,Delivery,pitch.1,703299,1.0244,3.5072,3.1031,0.3011,1.1923,-1.7476,-0.0366,0.0092
1779744292406,2,12.00000018,Upper Delivery,Delivery,pitch.1,703986,-0.3539,-0.1434,-0.374,-0.0884,-0.0304,-0.0012,0.0,0.0
1779744292406,2,Pitching Mound.Delivery,,Delivery,pitch.1,702352,0.6705,3.3638,2.729,1.3949,1.1619,-2.2175,0.0,0.0
1779744292406,2,Pitching Mound.Drive,,Delivery,pitch.1,703224,-0.0313,-0.2959,1.0138,0.0182,-0.3246,-0.4581,0.0,0.0
1779744292406,2,Pitching Mound.Parent,,Delivery,pitch.1,701676,0.6393,3.0679,3.7428,1.4131,0.8374,-2.6755,0.0,0.0
1779744292407,2,11.0000004b,Drive,Delivery,pitch.1,703225,-0.0324,-0.2929,1.0384,0.016,-0.286,-0.4381,0.0,0.0
1779744292407,2,12.00000015,Lower Delivery,Delivery,pitch.1,703300,0.9476,3.5416,3.0949,0.2622,1.2035,-1.7446,-0.037,0.0081
1779744292407,2,12.00000018,Upper Delivery,Delivery,pitch.1,703987,-0.3759,-0.1614,-0.364,-0.0884,-0.0304,-0.0012,0.0,0.0
1779744292407,2,Pitching Mound.Delivery,,Delivery,pitch.1,702353,0.5717,3.3802,2.7309,1.3499,1.1732,-2.1958,0.0,0.0
1779744292407,2,Pitching Mound.Drive,,Delivery,pitch.1,703225,-0.0324,-0.2929,1.0384,0.016,-0.286,-0.4381,0.0,0.0
1779744292407,2,Pitching Mound.Parent,,Delivery,pitch.1,701677,0.5393,3.0873,3.7693,1.3659,0.8872,-2.634,0.0,0.0
1779744292408,2,11.0000004b,Drive,Delivery,pitch.1,703226,-0.0251,-0.3012,1.0145,0.0255,-0.3803,-0.4611,0.0,0.0
1779744292408,2,12.00000015,Lower Delivery,Delivery,pitch.1,703301,0.8942,3.5626,3.0075,0.2305,1.1461,-1.741,-0.0363,0.0073
1779744292408,2,Pitching Mound.Drive,,Delivery,pitch.1,703226,-0.0251,-0.3012,1.0145,0.0255,-0.3803,-0.4611,0.0,0.0
1779744292409,2,11.0000004b,Drive,Delivery,pitch.1,703227,-0.0231,-0.3293,1.0096,0.0178,-0.3268,-0.4776,0.0,0.0
1779744292409,2,12.00000015,Lower Delivery,Delivery,pitch.1,703302,0.8509,3.5741,2.9694,0.3108,0.9829,-1.7445,-0.0315,0.01
1779744292409,2,12.00000018,Upper Delivery,Delivery,pitch.1,703988,-0.3973,-0.1895,-0.3572,-0.0884,-0.0304,-0.0012,0.0,0.0
1779744292409,2,Pitching Mound.Delivery,,Delivery,pitch.1,702354,0.497,3.3731,2.6503,1.2861,1.1158,-2.1813,0.0,0.0
1779744292409,2,Pitching Mound.Drive,,Delivery,pitch.1,703227,-0.0231,-0.3293,1.0096,0.0178,-0.3268,-0.4776,0.0,0.0
1779744292409,2,Pitching Mound.Parent,,Delivery,pitch.1,701678,0.4719,3.0719,3.6648,1.3116,0.7355,-2.6424,0.0,0.0
1779744292410,2,11.0000004b,Drive,Delivery,pitch.1,703228,-0.0111,-0.3168,0.9364,0.0286,-0.4356,-0.5009,0.0,0.0
1779744292410,2,12.00000015,Lower Delivery,Delivery,pitch.1,703303,0.8111,3.6074,2.9469,0.0692,0.7626,-1.7367,-0.0246,0.0022
1779744292410,2,12.00000018,Upper Delivery,Delivery,pitch.1,703990,-0.456,-0.247,-0.3258,-0.0884,-0.0304,-0.0012,0.0,0.0
1779744292410,2,12.00000018,Upper Delivery,Delivery,pitch.1,703989,-0.404,-0.2039,-0.3419,-0.0884,-0.0304,-0.0012,0.0,0.0
1779744292410,2,Pitching Mound.Delivery,,Delivery,pitch.1,702356,0.3551,3.3604,2.621,1.0935,0.7322,-2.1687,0.0,0.0
1779744292410,2,Pitching Mound.Delivery,,Delivery,pitch.1,702355,0.4469,3.3702,2.6274,1.3483,0.9526,-2.1724,0.0,0.0
1779744292410,2,Pitching Mound.Drive,,Delivery,pitch.1,703228,-0.0111,-0.3168,0.9364,0.0286,-0.4356,-0.5009,0.0,0.0
1779744292410,2,Pitching Mound.Parent,,Delivery,pitch.1,701680,0.344,3.0436,3.5574,1.1221,0.2966,-2.6697,0.0,0.0
1779744292410,2,Pitching Mound.Parent,,Delivery,pitch.1,701679,0.4239,3.0409,3.637,1.3661,0.6258,-2.65,0.0,0.0
1779744292411,2,11.0000004b,Drive,Delivery,pitch.1,703229,-0.0134,-0.3501,0.9617,0.0318,-0.4179,-0.439,0.0,0.0
1779744292411,2,12.00000015,Lower Delivery,Delivery,pitch.1,703304,0.7802,3.5957,2.9665,0.0164,0.859,-1.7691,-0.0275,0.0005
1779744292411,2,12.00000018,Upper Delivery,Delivery,pitch.1,703991,-0.4612,-0.2625,-0.3408,-0.0884,-0.0304,-0.0012,0.0,0.0
1779744292411,2,Pitching Mound.Delivery,,Delivery,pitch.1,702357,0.319,3.3332,2.6257,1.0525,0.8286,-2.1923,0.0,0.0
1779744292411,2,Pitching Mound.Drive,,Delivery,pitch.1,703229,-0.0134,-0.3501,0.9617,0.0318,-0.4179,-0.439,0.0,0.0
1779744292411,2,Pitching Mound.Parent,,Delivery,pitch.1,701681,0.3056,2.9831,3.5874,1.0844,0.4107,-2.6313,0.0,0.0
1779744292412,2,11.0000004b,Drive,Delivery,pitch.1,703230,-0.0145,-0.3415,0.9564,0.032,-0.4539,-0.4871,0.0,0.0
1779744292412,2,12.00000015,Lower Delivery,Delivery,pitch.1,703305,0.7324,3.6263,2.9625,0.1011,0.8494,-1.7572,-0.0273,0.0032
1779744292412,2,Pitching Mound.Drive,,Delivery,pitch.1,703230,-0.0145,-0.3415,0.9564,0.032,-0.4539,-0.4871,0.0,0.0
1779744292413,2,11.0000004b,Drive,Delivery,pitch.1,703231,0.0,-0.3539,0.869,0.0447,-0.5809,-0.5298,0.0,0.0
1779744292413,2,12.00000015,Lower Delivery,Delivery,pitch.1,703306,0.7398,3.623,2.8378,0.2698,1.4205,-1.7159,-0.0476,0.009
1779744292413,2,12.00000018,Upper Delivery,Delivery,pitch.1,703992,-0.4411,-0.2347,-0.3785,-0.0884,-0.0304,-0.0012,0.0,0.0
1779744292413,2,12.00000018,Upper Delivery,Delivery,pitch.1,703993,-0.4295,-0.1996,-0.3954,-0.0884,-0.0304,-0.0012,0.0,0.0
1779744292413,2,Pitching Mound.Delivery,,Delivery,pitch.1,702358,0.2914,3.3916,2.584,1.1487,0.819,-2.1574,0.0,0.0
1779744292413,2,Pitching Mound.Delivery,,Delivery,pitch.1,702359,0.3103,3.4234,2.4424,1.2807,1.3902,-2.1146,0.0,0.0
1779744292413,2,Pitching Mound.Drive,,Delivery,pitch.1,703231,0.0,-0.3539,0.869,0.0447,-0.5809,-0.5298,0.0,0.0
1779744292413,2,Pitching Mound.Parent,,Delivery,pitch.1,701682,0.2768,3.0501,3.5404,1.1807,0.3652,-2.6445,0.0,0.0
1779744292413,2,Pitching Mound.Parent,,Delivery,pitch.1,701683,0.3103,3.0695,3.3114,1.3254,0.8093,-2.6444,0.0,0.0
1779744292414,2,11.0000004b,Drive,Delivery,pitch.1,703232,0.0092,-0.345,0.8079,0.0491,-0.6168,-0.5324,0.0,0.0
1779744292414,2,12.00000015,Lower Delivery,Delivery,pitch.1,703307,0.7329,3.641,2.8732,0.2608,1.8383,-1.6959,-0.0609,0.0086
1779744292414,2,Pitching Mound.Drive,,Delivery,pitch.1,703232,0.0092,-0.345,0.8079,0.0491,-0.6168,-0.5324,0.0,0.0
1779744292415,2,11.0000004b,Drive,Delivery,pitch.1,703233,0.0249,-0.3429,0.8466,0.0494,-0.6474,-0.5298,0.0,0.0
1779744292415,2,12.00000015,Lower Delivery,Delivery,pitch.1,703308,0.7444,3.6464,2.8141,0.5158,2.2261,-1.6412,-0.0753,0.0174
1779744292415,2,12.00000018,Upper Delivery,Delivery,pitch.1,703994,-0.4407,-0.2064,-0.4483,-0.0884,-0.0304,-0.0012,0.0,0.0
1779744292415,2,12.00000018,Upper Delivery,Delivery,pitch.1,703995,-0.4423,-0.188,-0.3902,-0.0884,-0.0304,-0.0012,0.0,0.0
1779744292415,2,Pitching Mound.Delivery,,Delivery,pitch.1,702360,0.2923,3.4346,2.4249,1.3017,1.808,-2.0962,0.0,0.0
1779744292415,2,Pitching Mound.Delivery,,Delivery,pitch.1,702361,0.3021,3.4584,2.4239,1.5169,2.1957,-2.0459,0.0,0.0
1779744292415,2,Pitching Mound.Drive,,Delivery,pitch.1,703233,0.0249,-0.3429,0.8466,0.0494,-0.6474,-0.5298,0.0,0.0
1779744292415,2,Pitching Mound.Parent,,Delivery,pitch.1,701684,0.3014,3.0896,3.2328,1.3509,1.1912,-2.6285,0.0,0.0
1779744292415,2,Pitching Mound.Parent,,Delivery,pitch.1,701685,0.327,3.1155,3.2705,1.5663,1.5484,-2.5757,0.0,0.0
1779744292416,2,11.0000004b,Drive,Delivery,pitch.1,703234,0.0158,-0.3315,0.7581,0.0506,-0.6143,-0.5135,0.0,0.0
1779744292416,2,12.00000015,Lower Delivery,Delivery,pitch.1,703309,0.7521,3.6157,2.7785,0.4879,2.2514,-1.6431,-0.0771,0.0167
1779744292416,2,12.00000018,Upper Delivery,Delivery,pitch.1,703996,-0.4888,-0.2098,-0.2878,-0.0884,-0.0304,-0.0012,0.0,0.0
1779744292416,2,Pitching Mound.Delivery,,Delivery,pitch.1,702362,0.2633,3.406,2.4907,1.4421,2.2211,-2.0662,0.0,0.0
1779744292416,2,Pitching Mound.Drive,,Delivery,pitch.1,703234,0.0158,-0.3315,0.7581,0.0506,-0.6143,-0.5135,0.0,0.0
1779744292416,2,Pitching Mound.Parent,,Delivery,pitch.1,701686,0.2791,3.0745,3.2487,1.4927,1.6068,-2.5797,0.0,0.0
1779744292417,2,11.0000004b,Drive,Delivery,pitch.1,703235,0.0145,-0.3105,0.7493,0.0496,-0.6002,-0.5059,0.0,0.0
1779744292417,2,12.00000015,Lower Delivery,Delivery,pitch.1,703310,0.771,3.6122,2.7851,0.648,2.3249,-1.6572,-0.0794,0.0221
1779744292417,2,12.00000018,Upper Delivery,Delivery,pitch.1,703997,-0.4682,-0.2069,-0.3573,-0.0884,-0.0304,-0.0012,0.0,0.0
1779744292417,2,Pitching Mound.Delivery,,Delivery,pitch.1,702363,0.3028,3.4053,2.4278,1.628,2.2945,-2.0797,0.0,0.0
1779744292417,2,Pitching Mound.Drive,,Delivery,pitch.1,703235,0.0145,-0.3105,0.7493,0.0496,-0.6002,-0.5059,0.0,0.0
1779744292417,2,Pitching Mound.Parent,,Delivery,pitch.1,701687,0.3173,3.0948,3.1772,1.6776,1.6943,-2.5856,0.0,0.0
1779744292418,2,11.0000004b,Drive,Delivery,pitch.1,703236,0.0179,-0.3076,0.8048,0.054,-0.6431,-0.508,0.0,0.0
1779744292418,2,12.00000015,Lower Delivery,Delivery,pitch.1,703311,0.7972,3.6187,2.7748,0.5325,2.6202,-1.641,-0.0898,0.0183
1779744292418,2,12.00000018,Upper Delivery,Delivery,pitch.1,703998,-0.4301,-0.1973,-0.4827,-0.0884,-0.0304,-0.0012,0.0,0.0
1779744292418,2,Pitching Mound.Delivery,,Delivery,pitch.1,702364,0.367,3.4214,2.2921,1.5517,2.5898,-2.0595,0.0,0.0
1779744292418,2,Pitching Mound.Drive,,Delivery,pitch.1,703236,0.0179,-0.3076,0.8048,0.054,-0.6431,-0.508,0.0,0.0
1779744292418,2,Pitching Mound.Parent,,Delivery,pitch.1,701688,0.3849,3.1138,3.0969,1.6057,1.9467,-2.5676,0.0,0.0
1779744292419,2,11.0000004b,Drive,Delivery,pitch.1,703237,0.0182,-0.2957,0.8421,0.0667,-0.707,-0.5056,0.0,0.0
1779744292419,2,12.00000015,Lower Delivery,Delivery,pitch.1,703312,0.8363,3.5953,2.8304,0.488,2.7009,-1.6056,-0.0908,0.0164
1779744292419,2,12.00000018,Upper Delivery,Delivery,pitch.1,703999,-0.4124,-0.17,-0.5105,-0.0884,-0.0304,-0.0012,0.0,0.0
1779744292419,2,Pitching Mound.Delivery,,Delivery,pitch.1,702365,0.4239,3.4253,2.3199,1.5355,2.6706,-2.0313,0.0,0.0
1779744292419,2,Pitching Mound.Drive,,Delivery,pitch.1,703237,0.0182,-0.2957,0.8421,0.0667,-0.707,-0.5056,0.0,0.0
1779744292419,2,Pitching Mound.Parent,,Delivery,pitch.1,701689,0.4421,3.1296,3.162,1.6022,1.9636,-2.537,0.0,0.0
1779744292420,2,11.0000004b,Drive,Delivery,pitch.1,703238,0.0281,-0.2997,0.8379,0.1096,-0.8404,-0.4986,0.0,0.0
1779744292420,2,12.00000015,Lower Delivery,Delivery,pitch.1,703313,0.8631,3.6028,2.7818,0.3813,2.8203,-1.5708,-0.0964,0.013
1779744292420,2,12.00000018,Upper Delivery,Delivery,pitch.1,704000,-0.4317,-0.1848,-0.4649,-0.0884,-0.0304,-0.0012,0.0,0.0
1779744292420,2,Pitching Mound.Delivery,,Delivery,pitch.1,702366,0.4313,3.418,2.3169,1.3968,2.7899,-2.0123,0.0,0.0
1779744292420,2,Pitching Mound.Drive,,Delivery,pitch.1,703238,0.0281,-0.2997,0.8379,0.1096,-0.8404,-0.4986,0.0,0.0
1779744292420,2,Pitching Mound.Parent,,Delivery,pitch.1,701690,0.4594,3.1184,3.1548,1.5064,1.9495,-2.5108,0.0,0.0
1779744292421,2,11.0000004b,Drive,Delivery,pitch.1,703239,0.0303,-0.2821,0.8964,0.1421,-0.8656,-0.4889,0.0,0.0
1779744292421,2,12.00000015,Lower Delivery,Delivery,pitch.1,703314,0.8821,3.6015,2.8649,0.326,2.8237,-1.523,-0.0938,0.0108
1779744292421,2,12.00000018,Upper Delivery,Delivery,pitch.1,704001,-0.3907,-0.1685,-0.4409,-0.0884,-0.0304,-0.0012,0.0,0.0
1779744292421,2,Pitching Mound.Delivery,,Delivery,pitch.1,702367,0.4913,3.433,2.424,1.3616,2.7934,-1.9569,0.0,0.0
1779744292421,2,Pitching Mound.Drive,,Delivery,pitch.1,703239,0.0303,-0.2821,0.8964,0.1421,-0.8656,-0.4889,0.0,0.0
1779744292421,2,Pitching Mound.Parent,,Delivery,pitch.1,701691,0.5216,3.1509,3.3203,1.5038,1.9278,-2.4458,0.0,0.0
1779744292422,2,11.0000004b,Drive,Delivery,pitch.1,703240,0.0224,-0.2857,0.8588,0.1165,-0.8414,-0.5087,0.0,0.0
1779744292422,2,12.00000015,Lower Delivery,Delivery,pitch.1,703315,0.8854,3.604,2.8159,0.1153,2.7449,-1.4602,-0.0927,0.0039
1779744292422,2,12.00000018,Upper Delivery,Delivery,pitch.1,704002,-0.4227,-0.1798,-0.3757,-0.0884,-0.0304,-0.0012,0.0,0.0
1779744292422,2,Pitching Mound.Delivery,,Delivery,pitch.1,702368,0.4627,3.4242,2.4402,1.1121,2.7145,-1.9062,0.0,0.0
1779744292422,2,Pitching Mound.Drive,,Delivery,pitch.1,703240,0.0224,-0.2857,0.8588,0.1165,-0.8414,-0.5087,0.0,0.0
1779744292422,2,Pitching Mound.Parent,,Delivery,pitch.1,701692,0.4851,3.1385,3.299,1.2286,1.8732,-2.4149,0.0,0.0
1779744292423,2,11.0000004b,Drive,Delivery,pitch.1,703241,0.0177,-0.2807,0.8416,0.082,-0.6237,-0.4761,0.0,0.0
1779744292423,2,12.00000015,Lower Delivery,Delivery,pitch.1,703316,0.9256,3.6055,2.8391,0.3074,2.4338,-1.521,-0.0815,0.0103
1779744292423,2,12.00000018,Upper Delivery,Delivery,pitch.1,704003,-0.3988,-0.1625,-0.3811,-0.0884,-0.0304,-0.0012,0.0,0.0
1779744292423,2,Pitching Mound.Delivery,,Delivery,pitch.1,702369,0.5268,3.443,2.458,1.3139,2.4034,-1.9725,0.0,0.0
1779744292423,2,Pitching Mound.Drive,,Delivery,pitch.1,703241,0.0177,-0.2807,0.8416,0.082,-0.6237,-0.4761,0.0,0.0
1779744292423,2,Pitching Mound.Parent,,Delivery,pitch.1,701693,0.5445,3.1623,3.2996,1.3959,1.7797,-2.4486,0.0,0.0
1779744292424,2,11.0000004b,Drive,Delivery,pitch.1,703242,0.0089,-0.2838,0.8775,0.0524,-0.5645,-0.4786,0.0,0.0
1779744292424,2,12.00000015,Lower Delivery,Delivery,pitch.1,703317,0.9479,3.5779,2.9967,0.5381,1.9267,-1.6037,-0.0612,0.0171
1779744292424,2,12.00000018,Upper Delivery,Delivery,pitch.1,704004,-0.3955,-0.166,-0.4144,-0.0884,-0.0304,-0.0012,0.0,0.0
1779744292424,2,Pitching Mound.Delivery,,Delivery,pitch.1,702370,0.5524,3.4119,2.5823,1.6095,1.8963,-2.0616,0.0,0.0
1779744292424,2,Pitching Mound.Drive,,Delivery,pitch.1,703242,0.0089,-0.2838,0.8775,0.0524,-0.5645,-0.4786,0.0,0.0
1779744292424,2,Pitching Mound.Parent,,Delivery,pitch.1,701694,0.5612,3.1281,3.4598,1.6619,1.3318,-2.5402,0.0,0.0
1779744292425,2,11.0000004b,Drive,Delivery,pitch.1,703243,-0.0035,-0.2855,0.8504,0.0405,-0.5241,-0.4948,0.0,0.0
1779744292425,2,12.00000015,Lower Delivery,Delivery,pitch.1,703318,0.9177,3.5969,3.0247,0.5448,1.5588,-1.5584,-0.049,0.0171
1779744292425,2,Pitching Mound.Drive,,Delivery,pitch.1,703243,-0.0035,-0.2855,0.8504,0.0405,-0.5241,-0.4948,0.0,0.0
1779744292426,2,11.0000004b,Drive,Delivery,pitch.1,703244,-0.0109,-0.2824,0.8128,0.0429,-0.5522,-0.5139,0.0,0.0
1779744292426,2,12.00000015,Lower Delivery,Delivery,pitch.1,703319,0.8907,3.5924,3.0726,0.5046,1.4038,-1.6057,-0.0435,0.0156
1779744292426,2,12.00000018,Upper Delivery,Delivery,pitch.1,704005,-0.4047,-0.173,-0.3922,-0.0884,-0.0304,-0.0012,0.0,0.0
1779744292426,2,12.00000018,Upper Delivery,Delivery,pitch.1,704006,-0.4206,-0.2058,-0.3407,-0.0884,-0.0304,-0.0012,0.0,0.0
1779744292426,2,Pitching Mound.Delivery,,Delivery,pitch.1,702371,0.513,3.4239,2.6325,1.6182,1.5284,-2.0092,0.0,0.0
1779744292426,2,Pitching Mound.Delivery,,Delivery,pitch.1,702372,0.4701,3.3866,2.7319,1.5767,1.3735,-2.0527,0.0,0.0
1779744292426,2,Pitching Mound.Drive,,Delivery,pitch.1,703244,-0.0109,-0.2824,0.8128,0.0429,-0.5522,-0.5139,0.0,0.0
1779744292426,2,Pitching Mound.Parent,,Delivery,pitch.1,701695,0.5095,3.1383,3.4829,1.6587,1.0043,-2.5041,0.0,0.0
1779744292426,2,Pitching Mound.Parent,,Delivery,pitch.1,701696,0.4592,3.1042,3.5448,1.6196,0.8212,-2.5666,0.0,0.0
1779744292427,2,11.0000004b,Drive,Delivery,pitch.1,703245,-0.0161,-0.3132,0.731,0.0455,-0.5773,-0.5332,0.0,0.0
1779744292427,2,12.00000015,Lower Delivery,Delivery,pitch.1,703320,0.8534,3.6046,3.1217,0.5248,1.3879,-1.5925,-0.0423,0.016
1779744292427,2,12.00000018,Upper Delivery,Delivery,pitch.1,704007,-0.3678,-0.1664,-0.3935,-0.0884,-0.0304,-0.0012,0.0,0.0
1779744292427,2,Pitching Mound.Delivery,,Delivery,pitch.1,702373,0.4857,3.4382,2.7282,1.6315,1.3576,-2.0089,0.0,0.0
1779744292427,2,Pitching Mound.Drive,,Delivery,pitch.1,703245,-0.0161,-0.3132,0.731,0.0455,-0.5773,-0.5332,0.0,0.0
1779744292427,2,Pitching Mound.Parent,,Delivery,pitch.1,701697,0.4695,3.125,3.4591,1.6771,0.7803,-2.542,0.0,0.0
1779744292428,2,11.0000004b,Drive,Delivery,pitch.1,703246,-0.0085,-0.3156,0.6846,0.0477,-0.5833,-0.5087,0.0,0.0
1779744292428,2,12.00000015,Lower Delivery,Delivery,pitch.1,703321,0.8369,3.6045,3.146,0.4038,0.9313,-1.6128,-0.0282,0.0122
1779744292428,2,12.00000018,Upper Delivery,Delivery,pitch.1,704008,-0.4207,-0.2075,-0.3865,-0.0884,-0.0304,-0.0012,0.0,0.0
1779744292428,2,Pitching Mound.Delivery,,Delivery,pitch.1,702374,0.4163,3.397,2.7595,1.5165,0.9009,-2.0416,0.0,0.0
1779744292428,2,Pitching Mound.Drive,,Delivery,pitch.1,703246,-0.0085,-0.3156,0.6846,0.0477,-0.5833,-0.5087,0.0,0.0
1779744292428,2,Pitching Mound.Parent,,Delivery,pitch.1,701698,0.4078,3.0814,3.4442,1.5642,0.3177,-2.5504,0.0,0.0
1779744292429,2,11.0000004b,Drive,Delivery,pitch.1,703247,-0.0167,-0.3165,0.7274,0.0374,-0.4834,-0.4913,0.0,0.0
1779744292429,2,12.00000015,Lower Delivery,Delivery,pitch.1,703322,0.8117,3.5807,3.1652,-0.0763,0.5911,-1.6771,-0.0178,-0.0023
1779744292429,2,12.00000018,Upper Delivery,Delivery,pitch.1,704009,-0.4502,-0.2372,-0.3972,-0.0884,-0.0304,-0.0012,0.0,0.0
1779744292429,2,Pitching Mound.Delivery,,Delivery,pitch.1,702375,0.3615,3.3435,2.768,1.0466,0.5607,-2.1073,0.0,0.0
1779744292429,2,Pitching Mound.Drive,,Delivery,pitch.1,703247,-0.0167,-0.3165,0.7274,0.0374,-0.4834,-0.4913,0.0,0.0
1779744292429,2,Pitching Mound.Parent,,Delivery,pitch.1,701699,0.3448,3.027,3.4955,1.0839,0.0773,-2.5986,0.0,0.0
1779744292430,2,11.0000004b,Drive,Delivery,pitch.1,703248,-0.0183,-0.3178,0.7448,0.0348,-0.4543,-0.4767,0.0,0.0
1779744292430,2,12.00000015,Lower Delivery,Delivery,pitch.1,703323,0.7792,3.5934,3.0993,-0.2277,0.5471,-1.6805,-0.0168,-0.007
1779744292430,2,12.00000018,Upper Delivery,Delivery,pitch.1,704010,-0.4612,-0.2353,-0.409,-0.0884,-0.0304,-0.0012,0.0,0.0
1779744292430,2,Pitching Mound.Delivery,,Delivery,pitch.1,702376,0.318,3.3581,2.6904,0.8768,0.5167,-2.1034,0.0,0.0
1779744292430,2,Pitching Mound.Drive,,Delivery,pitch.1,703248,-0.0183,-0.3178,0.7448,0.0348,-0.4543,-0.4767,0.0,0.0
1779744292430,2,Pitching Mound.Parent,,Delivery,pitch.1,701700,0.2997,3.0402,3.4352,0.9116,0.0624,-2.5801,0.0,0.0
1779744292431,2,11.0000004b,Drive,Delivery,pitch.1,703249,-0.0229,-0.3161,0.7656,0.0303,-0.4224,-0.4811,0.0,0.0
1779744292431,2,12.00000015,Lower Delivery,Delivery,pitch.1,703324,0.7618,3.589,3.0999,-0.2665,0.7198,-1.6972,-0.0221,-0.0082
1779744292431,2,12.00000018,Upper Delivery,Delivery,pitch.1,704011,-0.4541,-0.211,-0.4153,-0.0884,-0.0304,-0.0012,0.0,0.0
1779744292431,2,Pitching Mound.Delivery,,Delivery,pitch.1,702377,0.3076,3.378,2.6846,0.8403,0.6894,-2.1118,0.0,0.0
1779744292431,2,Pitching Mound.Drive,,Delivery,pitch.1,703249,-0.0229,-0.3161,0.7656,0.0303,-0.4224,-0.4811,0.0,0.0
1779744292431,2,Pitching Mound.Parent,,Delivery,pitch.1,701701,0.2847,3.0619,3.4502,0.8706,0.267,-2.5929,0.0,0.0
1779744292432,2,11.0000004b,Drive,Delivery,pitch.1,703250,-0.0255,-0.3188,0.8377,0.0291,-0.4065,-0.463,0.0,0.0
1779744292432,2,12.00000015,Lower Delivery,Delivery,pitch.1,703325,0.8054,3.5766,3.067,-0.2019,0.4785,-1.7393,-0.0148,-0.0063
1779744292432,2,12.00000018,Upper Delivery,Delivery,pitch.1,704012,-0.4512,-0.2121,-0.4535,-0.0884,-0.0304,-0.0012,0.0,0.0
1779744292432,2,Pitching Mound.Delivery,,Delivery,pitch.1,702378,0.3543,3.3645,2.6136,0.9067,0.4481,-2.1677,0.0,0.0
1779744292432,2,Pitching Mound.Drive,,Delivery,pitch.1,703250,-0.0255,-0.3188,0.8377,0.0291,-0.4065,-0.463,0.0,0.0
1779744292432,2,Pitching Mound.Parent,,Delivery,pitch.1,701702,0.3288,3.0456,3.4512,0.9358,0.0417,-2.6307,0.0,0.0
1779744292433,2,11.0000004b,Drive,Delivery,pitch.1,703251,-0.0293,-0.3132,0.8837,0.0252,-0.3771,-0.4641,0.0,0.0
1779744292433,2,12.00000015,Lower Delivery,Delivery,pitch.1,703326,0.8272,3.5633,3.107,-0.0464,0.4307,-1.7489,-0.0132,-0.0014
1779744292433,2,12.00000018,Upper Delivery,Delivery,pitch.1,704013,-0.4239,-0.206,-0.4892,-0.0884,-0.0304,-0.0012,0.0,0.0
1779744292433,2,Pitching Mound.Delivery,,Delivery,pitch.1,702379,0.4033,3.3574,2.6178,1.088,0.4003,-2.1755,0.0,0.0
1779744292433,2,Pitching Mound.Drive,,Delivery,pitch.1,703251,-0.0293,-0.3132,0.8837,0.0252,-0.3771,-0.4641,0.0,0.0
1779744292433,2,Pitching Mound.Parent,,Delivery,pitch.1,701703,0.374,3.0442,3.5015,1.1131,0.0232,-2.6396,0.0,0.0
1779744292434,2,11.0000004b,Drive,Delivery,pitch.1,703252,-0.0191,-0.3014,0.8752,0.0301,-0.4335,-0.4688,0.0,0.0
1779744292434,2,12.00000015,Lower Delivery,Delivery,pitch.1,703327,0.7964,3.5545,3.1216,0.0361,0.3117,-1.7201,-0.0095,0.0011
1779744292434,2,12.00000018,Upper Delivery,Delivery,pitch.1,704014,-0.4297,-0.194,-0.4843,-0.0884,-0.0304,-0.0012,0.0,0.0
1779744292434,2,Pitching Mound.Delivery,,Delivery,pitch.1,702380,0.3667,3.3605,2.6373,1.1738,0.2813,-2.1382,0.0,0.0
1779744292434,2,Pitching Mound.Drive,,Delivery,pitch.1,703252,-0.0191,-0.3014,0.8752,0.0301,-0.4335,-0.4688,0.0,0.0
1779744292434,2,Pitching Mound.Parent,,Delivery,pitch.1,701704,0.3476,3.0591,3.5124,1.2038,-0.1522,-2.607,0.0,0.0
1779744292435,2,11.0000004b,Drive,Delivery,pitch.1,703253,-0.014,-0.2918,0.8473,0.034,-0.4455,-0.4425,0.0,0.0
1779744292435,2,12.00000015,Lower Delivery,Delivery,pitch.1,703328,0.8075,3.5527,3.0361,0.313,0.4134,-1.7116,-0.013,0.0098
1779744292435,2,12.00000018,Upper Delivery,Delivery,pitch.1,704015,-0.4236,-0.1939,-0.4679,-0.0884,-0.0304,-0.0012,0.0,0.0
1779744292435,2,Pitching Mound.Delivery,,Delivery,pitch.1,702381,0.384,3.3588,2.5682,1.4159,0.383,-2.1314,0.0,0.0
1779744292435,2,Pitching Mound.Drive,,Delivery,pitch.1,703253,-0.014,-0.2918,0.8473,0.034,-0.4455,-0.4425,0.0,0.0
1779744292435,2,Pitching Mound.Parent,,Delivery,pitch.1,701705,0.3699,3.067,3.4155,1.4499,-0.0625,-2.5738,0.0,0.0
1779744292436,2,11.0000004b,Drive,Delivery,pitch.1,703254,-0.0109,-0.2884,0.8083,0.0293,-0.416,-0.4599,0.0,0.0
1779744292436,2,12.00000015,Lower Delivery,Delivery,pitch.1,703329,0.8234,3.558,2.9692,0.4287,0.5391,-1.7004,-0.0173,0.0137
1779744292436,2,12.00000018,Upper Delivery,Delivery,pitch.1,704016,-0.4199,-0.1846,-0.4504,-0.0884,-0.0304,-0.0012,0.0,0.0
1779744292436,2,Pitching Mound.Delivery,,Delivery,pitch.1,702382,0.4035,3.3733,2.5188,1.503,0.5087,-2.1243,0.0,0.0
1779744292436,2,Pitching Mound.Drive,,Delivery,pitch.1,703254,-0.0109,-0.2884,0.8083,0.0293,-0.416,-0.4599,0.0,0.0
1779744292436,2,Pitching Mound.Parent,,Delivery,pitch.1,701706,0.3926,3.085,3.3271,1.5323,0.0927,-2.5842,0.0,0.0
1779744292437,2,11.0000004b,Drive,Delivery,pitch.1,703255,-0.0132,-0.2785,0.8681,0.0286,-0.401,-0.4421,0.0,0.0
1779744292437,2,12.00000015,Lower Delivery,Delivery,pitch.1,703330,0.8421,3.5387,2.9129,0.4184,0.7071,-1.7023,-0.0231,0.0137
1779744292437,2,12.00000018,Upper Delivery,Delivery,pitch.1,704017,-0.3827,-0.125,-0.4666,-0.0884,-0.0304,-0.0012,0.0,0.0
1779744292437,2,Pitching Mound.Delivery,,Delivery,pitch.1,702383,0.4594,3.4138,2.4463,1.4791,0.6768,-2.12,0.0,0.0
1779744292437,2,Pitching Mound.Drive,,Delivery,pitch.1,703255,-0.0132,-0.2785,0.8681,0.0286,-0.401,-0.4421,0.0,0.0
1779744292437,2,Pitching Mound.Parent,,Delivery,pitch.1,701707,0.4462,3.1352,3.3144,1.5077,0.2757,-2.562,0.0,0.0
1779744292438,2,11.0000004b,Drive,Delivery,pitch.1,703256,-0.0042,-0.3027,0.8493,0.0343,-0.4609,-0.4684,0.0,0.0
1779744292438,2,12.00000015,Lower Delivery,Delivery,pitch.1,703331,0.8346,3.55,2.9133,0.4933,0.9588,-1.7056,-0.0313,0.0161
1779744292438,2,12.00000018,Upper Delivery,Delivery,pitch.1,704018,-0.4085,-0.1258,-0.4985,-0.0884,-0.0304,-0.0012,0.0,0.0
1779744292438,2,Pitching Mound.Delivery,,Delivery,pitch.1,702384,0.4261,3.4242,2.4148,1.565,0.9284,-2.1295,0.0,0.0
1779744292438,2,Pitching Mound.Drive,,Delivery,pitch.1,703256,-0.0042,-0.3027,0.8493,0.0343,-0.4609,-0.4684,0.0,0.0
1779744292438,2,Pitching Mound.Parent,,Delivery,pitch.1,701708,0.4219,3.1215,3.2641,1.5993,0.4675,-2.5979,0.0,0.0
1779744292439,2,11.0000004b,Drive,Delivery,pitch.1,703257,-0.0006,-0.2991,0.7784,0.0255,-0.3822,-0.4559,0.0,0.0
1779744292439,2,12.00000015,Lower Delivery,Delivery,pitch.1,703332,0.8424,3.559,2.9176,0.4346,1.1724,-1.7018,-0.0382,0.0142
1779744292439,2,12.00000018,Upper Delivery,Delivery,pitch.1,704019,-0.3897,-0.1135,-0.4733,-0.0884,-0.0304,-0.0012,0.0,0.0
1779744292439,2,Pitching Mound.Delivery,,Delivery,pitch.1,702385,0.4528,3.4454,2.4443,1.4992,1.142,-2.1219,0.0,0.0
1779744292439,2,Pitching Mound.Drive,,Delivery,pitch.1,703257,-0.0006,-0.2991,0.7784,0.0255,-0.3822,-0.4559,0.0,0.0
1779744292439,2,Pitching Mound.Parent,,Delivery,pitch.1,701709,0.4521,3.1463,3.2227,1.5247,0.7598,-2.5778,0.0,0.0
1779744292440,2,11.0000004b,Drive,Delivery,pitch.1,703258,-0.0038,-0.2958,0.7716,0.023,-0.3472,-0.4371,0.0,0.0
1779744292440,2,12.00000015,Lower Delivery,Delivery,pitch.1,703333,0.8398,3.5954,2.9641,0.4817,1.4212,-1.6722,-0.0456,0.0155
1779744292440,2,12.00000018,Upper Delivery,Delivery,pitch.1,704020,-0.4064,-0.1486,-0.38,-0.0884,-0.0304,-0.0012,0.0,0.0
1779744292440,2,Pitching Mound.Delivery,,Delivery,pitch.1,702386,0.4335,3.4469,2.5841,1.5304,1.3908,-2.0971,0.0,0.0
1779744292440,2,Pitching Mound.Drive,,Delivery,pitch.1,703258,-0.0038,-0.2958,0.7716,0.023,-0.3472,-0.4371,0.0,0.0
1779744292440,2,Pitching Mound.Parent,,Delivery,pitch.1,701710,0.4297,3.1511,3.3558,1.5533,1.0436,-2.5341,0.0,0.0
1779744292441,2,11.0000004b,Drive,Delivery,pitch.1,703259,-0.0067,-0.296,0.7945,0.0304,-0.4365,-0.4848,0.0,0.0
1779744292441,2,12.00000015,Lower Delivery,Delivery,pitch.1,703334,0.8211,3.6168,2.9315,0.5239,1.4698,-1.6458,-0.0477,0.017
1779744292441,2,12.00000018,Upper Delivery,Delivery,pitch.1,704021,-0.4019,-0.168,-0.3937,-0.0884,-0.0304,-0.0012,0.0,0.0
1779744292441,2,Pitching Mound.Delivery,,Delivery,pitch.1,702387,0.4192,3.4489,2.5378,1.5661,1.4394,-2.0628,0.0,0.0
1779744292441,2,Pitching Mound.Drive,,Delivery,pitch.1,703259,-0.0067,-0.296,0.7945,0.0304,-0.4365,-0.4848,0.0,0.0
1779744292441,2,Pitching Mound.Parent,,Delivery,pitch.1,701711,0.4125,3.1529,3.3323,1.5965,1.0029,-2.5476,0.0,0.0
1779744292442,2,11.0000004b,Drive,Delivery,pitch.1,703260,-0.0119,-0.2889,0.9017,0.0357,-0.4851,-0.495,0.0,0.0
1779744292442,2,12.00000015,Lower Delivery,Delivery,pitch.1,703335,0.8284,3.6181,2.923,0.539,1.3919,-1.6204,-0.0453,0.0175
1779744292442,2,12.00000018,Upper Delivery,Delivery,pitch.1,704022,-0.4073,-0.1942,-0.3792,-0.0884,-0.0304,-0.0012,0.0,0.0
1779744292442,2,Pitching Mound.Delivery,,Delivery,pitch.1,702388,0.4211,3.4239,2.5438,1.5734,1.3615,-2.0417,0.0,0.0
1779744292442,2,Pitching Mound.Drive,,Delivery,pitch.1,703260,-0.0119,-0.2889,0.9017,0.0357,-0.4851,-0.495,0.0,0.0
1779744292442,2,Pitching Mound.Parent,,Delivery,pitch.1,701712,0.4092,3.135,3.4455,1.6091,0.8765,-2.5367,0.0,0.0
1779744292443,2,11.0000004b,Drive,Delivery,pitch.1,703261,-0.0041,-0.2894,0.8568,0.0533,-0.6567,-0.5195,0.0,0.0
1779744292443,2,12.00000015,Lower Delivery,Delivery,pitch.1,703336,0.7976,3.6476,2.8905,0.4704,1.7932,-1.5468,-0.059,0.0155
1779744292443,2,12.00000018,Upper Delivery,Delivery,pitch.1,704023,-0.3983,-0.1918,-0.3523,-0.0884,-0.0304,-0.0012,0.0,0.0
1779744292443,2,Pitching Mound.Delivery,,Delivery,pitch.1,702389,0.3994,3.4558,2.5382,1.4846,1.7628,-1.9546,0.0,0.0
1779744292443,2,Pitching Mound.Drive,,Delivery,pitch.1,703261,-0.0041,-0.2894,0.8568,0.0533,-0.6567,-0.5195,0.0,0.0
1779744292443,2,Pitching Mound.Parent,,Delivery,pitch.1,701713,0.3952,3.1664,3.395,1.5379,1.1061,-2.4741,0.0,0.0
1779744292444,2,11.0000004b,Drive,Delivery,pitch.1,703262,-0.0018,-0.2797,0.9175,0.0534,-0.6859,-0.5128,0.0,0.0
1779744292444,2,12.00000015,Lower Delivery,Delivery,pitch.1,703337,0.823,3.6328,2.9086,0.4386,1.4787,-1.5303,-0.0484,0.0143
1779744292444,2,12.00000018,Upper Delivery,Delivery,pitch.1,704024,-0.4177,-0.1992,-0.3659,-0.0884,-0.0304,-0.0012,0.0,0.0
1779744292444,2,Pitching Mound.Delivery,,Delivery,pitch.1,702390,0.4053,3.4336,2.5427,1.4636,1.4483,-1.9534,0.0,0.0
1779744292444,2,Pitching Mound.Drive,,Delivery,pitch.1,703262,-0.0018,-0.2797,0.9175,0.0534,-0.6859,-0.5128,0.0,0.0
1779744292444,2,Pitching Mound.Parent,,Delivery,pitch.1,701714,0.4035,3.1539,3.4602,1.517,0.7625,-2.4662,0.0,0.0
1779744292445,2,11.0000004b,Drive,Delivery,pitch.1,703263,0.0068,-0.297,0.9063,0.0454,-0.7544,-0.5203,0.0,0.0
1779744292445,2,12.00000015,Lower Delivery,Delivery,pitch.1,703338,0.815,3.6377,2.8976,0.3042,1.4216,-1.5541,-0.0467,0.01
1779744292445,2,12.00000018,Upper Delivery,Delivery,pitch.1,704025,-0.42,-0.2119,-0.4104,-0.0884,-0.0304,-0.0012,0.0,0.0
1779744292445,2,Pitching Mound.Delivery,,Delivery,pitch.1,702391,0.395,3.4259,2.4872,1.3405,1.3912,-1.9752,0.0,0.0
1779744292445,2,Pitching Mound.Drive,,Delivery,pitch.1,703263,0.0068,-0.297,0.9063,0.0454,-0.7544,-0.5203,0.0,0.0
1779744292445,2,Pitching Mound.Parent,,Delivery,pitch.1,701715,0.4018,3.1288,3.3935,1.3859,0.6369,-2.4955,0.0,0.0
1779744292446,2,11.0000004b,Drive,Delivery,pitch.1,703264,0.0052,-0.319,0.9505,0.0357,-0.7757,-0.5104,0.0,0.0
1779744292446,2,12.00000015,Lower Delivery,Delivery,pitch.1,703339,0.8093,3.6504,2.9371,0.3681,1.2145,-1.5001,-0.0393,0.0119
1779744292446,2,12.00000018,Upper Delivery,Delivery,pitch.1,704026,-0.4409,-0.2228,-0.3701,-0.0884,-0.0304,-0.0012,0.0,0.0
1779744292446,2,Pitching Mound.Delivery,,Delivery,pitch.1,702392,0.3684,3.4276,2.567,1.4042,1.1842,-1.9264,0.0,0.0
1779744292446,2,Pitching Mound.Drive,,Delivery,pitch.1,703264,0.0052,-0.319,0.9505,0.0357,-0.7757,-0.5104,0.0,0.0
1779744292446,2,Pitching Mound.Parent,,Delivery,pitch.1,701716,0.3737,3.1086,3.5176,1.4399,0.4084,-2.4368,0.0,0.0
1779744292447,2,11.0000004b,Drive,Delivery,pitch.1,703265,0.006,-0.3234,0.9487,0.0542,-0.8389,-0.5387,0.0,0.0
1779744292447,2,12.00000015,Lower Delivery,Delivery,pitch.1,703340,0.8436,3.6331,2.9648,0.1821,1.0773,-1.5239,-0.0346,0.0058
1779744292447,2,12.00000018,Upper Delivery,Delivery,pitch.1,704027,-0.4708,-0.2405,-0.3677,-0.0884,-0.0304,-0.0012,0.0,0.0
1779744292447,2,Pitching Mound.Delivery,,Delivery,pitch.1,702393,0.3728,3.3926,2.5971,1.2268,1.0469,-1.972,0.0,0.0
1779744292447,2,Pitching Mound.Drive,,Delivery,pitch.1,703265,0.006,-0.3234,0.9487,0.0542,-0.8389,-0.5387,0.0,0.0
1779744292447,2,Pitching Mound.Parent,,Delivery,pitch.1,701717,0.3788,3.0691,3.5458,1.281,0.208,-2.5107,0.0,0.0
1779744292448,2,11.0000004b,Drive,Delivery,pitch.1,703266,0.0162,-0.3413,0.9052,0.0674,-0.7786,-0.5467,0.0,0.0
1779744292448,2,12.00000015,Lower Delivery,Delivery,pitch.1,703341,0.8244,3.6007,2.9092,0.2392,1.2954,-1.5061,-0.0424,0.0078
1779744292448,2,12.00000018,Upper Delivery,Delivery,pitch.1,704028,-0.4833,-0.2574,-0.3299,-0.0884,-0.0304,-0.0012,0.0,0.0
1779744292448,2,Pitching Mound.Delivery,,Delivery,pitch.1,702394,0.341,3.3433,2.5793,1.2521,1.265,-1.952,0.0,0.0
1779744292448,2,Pitching Mound.Drive,,Delivery,pitch.1,703266,0.0162,-0.3413,0.9052,0.0674,-0.7786,-0.5467,0.0,0.0
1779744292448,2,Pitching Mound.Parent,,Delivery,pitch.1,701718,0.3572,3.002,3.4845,1.3196,0.4864,-2.4986,0.0,0.0
1779744292449,2,11.0000004b,Drive,Delivery,pitch.1,703267,0.0215,-0.3245,0.8917,0.0621,-0.8327,-0.5306,0.0,0.0
1779744292449,2,12.00000015,Lower Delivery,Delivery,pitch.1,703342,0.8565,3.594,2.8807,0.1561,1.1408,-1.5291,-0.0377,0.0052
1779744292449,2,12.00000018,Upper Delivery,Delivery,pitch.1,704029,-0.4929,-0.2683,-0.3847,-0.0884,-0.0304,-0.0012,0.0,0.0
1779744292449,2,Pitching Mound.Delivery,,Delivery,pitch.1,702395,0.3635,3.3257,2.4961,1.178,1.1104,-1.9891,0.0,0.0
1779744292449,2,Pitching Mound.Drive,,Delivery,pitch.1,703267,0.0215,-0.3245,0.8917,0.0621,-0.8327,-0.5306,0.0,0.0
1779744292449,2,Pitching Mound.Parent,,Delivery,pitch.1,701719,0.3851,3.0012,3.3878,1.2401,0.2777,-2.5197,0.0,0.0
1779744292450,2,11.0000004b,Drive,Delivery,pitch.1,703268,0.0289,-0.3068,1.0003,0.0507,-0.7782,-0.5213,0.0,0.0
1779744292450,2,12.00000015,Lower Delivery,Delivery,pitch.1,703343,0.8173,3.5938,2.9922,0.374,1.4051,-1.5762,-0.0447,0.0119
1779744292450,2,12.00000018,Upper Delivery,Delivery,pitch.1,704030,-0.5102,-0.2659,-0.376,-0.0884,-0.0304,-0.0012,0.0,0.0
1779744292450,2,Pitching Mound.Delivery,,Delivery,pitch.1,702396,0.3071,3.3279,2.6161,1.4308,1.3747,-2.0288,0.0,0.0
1779744292450,2,Pitching Mound.Drive,,Delivery,pitch.1,703268,0.0289,-0.3068,1.0003,0.0507,-0.7782,-0.5213,0.0,0.0
1779744292450,2,Pitching Mound.Parent,,Delivery,pitch.1,701720,0.336,3.0212,3.6164,1.4815,0.5965,-2.5502,0.0,0.0
1779744292451,2,11.0000004b,Drive,Delivery,pitch.1,703269,0.0272,-0.3162,0.8854,0.0633,-0.722,-0.5107,0.0,0.0
1779744292451,2,12.00000015,Lower Delivery,Delivery,pitch.1,703344,0.7974,3.586,2.9727,0.2683,1.8501,-1.5586,-0.0592,0.0086
1779744292451,2,12.00000018,Upper Delivery,Delivery,pitch.1,704031,-0.5384,-0.2962,-0.3431,-0.0884,-0.0304,-0.0012,0.0,0.0
1779744292451,2,Pitching Mound.Delivery,,Delivery,pitch.1,702397,0.259,3.2898,2.6297,1.3073,1.8197,-2.0139,0.0,0.0
1779744292451,2,Pitching Mound.Drive,,Delivery,pitch.1,703269,0.0272,-0.3162,0.8854,0.0633,-0.722,-0.5107,0.0,0.0
1779744292451,2,Pitching Mound.Parent,,Delivery,pitch.1,701721,0.2862,2.9736,3.515,1.3707,1.0976,-2.5246,0.0,0.0
1779744292452,2,11.0000004b,Drive,Delivery,pitch.1,703270,0.0244,-0.3078,0.8871,0.0617,-0.7051,-0.5108,0.0,0.0
1779744292452,2,12.00000015,Lower Delivery,Delivery,pitch.1,703345,0.7622,3.5384,3.0428,0.4807,2.0279,-1.5324,-0.0634,0.015
1779744292452,2,12.00000018,Upper Delivery,Delivery,pitch.1,704032,-0.4854,-0.2564,-0.3349,-0.0884,-0.0304,-0.0012,0.0,0.0
1779744292452,2,Pitching Mound.Delivery,,Delivery,pitch.1,702398,0.2768,3.282,2.7079,1.5408,1.9975,-1.9579,0.0,0.0
1779744292452,2,Pitching Mound.Drive,,Delivery,pitch.1,703270,0.0244,-0.3078,0.8871,0.0617,-0.7051,-0.5108,0.0,0.0
1779744292452,2,Pitching Mound.Parent,,Delivery,pitch.1,701722,0.3012,2.9742,3.595,1.6025,1.2924,-2.4687,0.0,0.0
1779744292453,2,11.0000004b,Drive,Delivery,pitch.1,703271,0.0223,-0.3223,0.9272,0.0646,-0.7283,-0.5037,0.0,0.0
1779744292453,2,12.00000015,Lower Delivery,Delivery,pitch.1,703346,0.78,3.5305,3.0146,0.564,2.0061,-1.584,-0.0633,0.0178
1779744292453,2,12.00000018,Upper Delivery,Delivery,pitch.1,704033,-0.513,-0.2693,-0.3828,-0.0884,-0.0304,-0.0012,0.0,0.0
1779744292453,2,Pitching Mound.Delivery,,Delivery,pitch.1,702399,0.267,3.2612,2.6318,1.6307,1.9757,-2.0248,0.0,0.0
1779744292453,2,Pitching Mound.Drive,,Delivery,pitch.1,703271,0.0223,-0.3223,0.9272,0.0646,-0.7283,-0.5037,0.0,0.0
1779744292453,2,Pitching Mound.Parent,,Delivery,pitch.1,701723,0.2892,2.939,3.5589,1.6954,1.2475,-2.5286,0.0,0.0
1779744292454,2,11.0000004b,Drive,Delivery,pitch.1,703272,0.0126,-0.3286,0.8747,0.0471,-0.5646,-0.491,0.0,0.0
1779744292454,2,12.00000015,Lower Delivery,Delivery,pitch.1,703347,0.7846,3.5158,3.0353,0.6247,2.0344,-1.6095,-0.0638,0.0196
1779744292454,2,12.00000018,Upper Delivery,Delivery,pitch.1,704034,-0.5377,-0.2913,-0.3642,-0.0884,-0.0304,-0.0012,0.0,0.0
1779744292454,2,Pitching Mound.Delivery,,Delivery,pitch.1,702400,0.2469,3.2245,2.6711,1.6922,2.0041,-2.0603,0.0,0.0
1779744292454,2,Pitching Mound.Drive,,Delivery,pitch.1,703272,0.0126,-0.3286,0.8747,0.0471,-0.5646,-0.491,0.0,0.0
1779744292454,2,Pitching Mound.Parent,,Delivery,pitch.1,701724,0.2595,2.8959,3.5457,1.7392,1.4394,-2.5513,0.0,0.0
1779744292455,2,11.0000004b,Drive,Delivery,pitch.1,703273,0.0133,-0.324,0.846,0.0481,-0.5824,-0.4971,0.0,0.0
1779744292455,2,12.00000015,Lower Delivery,Delivery,pitch.1,703348,0.7788,3.5086,3.0129,0.7,2.4375,-1.6538,-0.077,0.0221
1779744292455,2,12.00000018,Upper Delivery,Delivery,pitch.1,704035,-0.5175,-0.277,-0.3367,-0.0884,-0.0304,-0.0012,0.0,0.0
1779744292455,2,Pitching Mound.Delivery,,Delivery,pitch.1,702401,0.2614,3.2316,2.6762,1.7505,2.4071,-2.0958,0.0,0.0
1779744292455,2,Pitching Mound.Drive,,Delivery,pitch.1,703273,0.0133,-0.324,0.846,0.0481,-0.5824,-0.4971,0.0,0.0
1779744292455,2,Pitching Mound.Parent,,Delivery,pitch.1,701725,0.2746,2.9076,3.5222,1.7986,1.8247,-2.5929,0.0,0.0
1779744292456,2,11.0000004b,Drive,Delivery,pitch.1,703274,0.0053,-0.3248,0.9051,0.0397,-0.5043,-0.4831,0.0,0.0
1779744292456,2,12.00000015,Lower Delivery,Delivery,pitch.1,703349,0.7756,3.5265,2.9679,0.8096,2.8243,-1.6577,-0.0905,0.026
1779744292456,2,12.00000018,Upper Delivery,Delivery,pitch.1,704036,-0.5248,-0.2826,-0.3584,-0.0884,-0.0304,-0.0012,0.0,0.0
1779744292456,2,Pitching Mound.Delivery,,Delivery,pitch.1,702402,0.2508,3.2439,2.6095,1.8522,2.7939,-2.101,0.0,0.0
1779744292456,2,Pitching Mound.Drive,,Delivery,pitch.1,703274,0.0053,-0.3248,0.9051,0.0397,-0.5043,-0.4831,0.0,0.0
1779744292456,2,Pitching Mound.Parent,,Delivery,pitch.1,701726,0.2561,2.9191,3.5146,1.8919,2.2896,-2.5841,0.0,0.0
1779744292457,2,11.0000004b,Drive,Delivery,pitch.1,703275,0.0077,-0.3186,0.8722,0.0523,-0.6051,-0.4709,0.0,0.0
1779744292457,2,12.00000015,Lower Delivery,Delivery,pitch.1,703350,0.7804,3.5028,2.9396,0.8407,2.7637,-1.6709,-0.0894,0.0272
1779744292457,2,12.00000018,Upper Delivery,Delivery,pitch.1,704037,-0.48,-0.2431,-0.411,-0.0884,-0.0304,-0.0012,0.0,0.0
1779744292457,2,Pitching Mound.Delivery,,Delivery,pitch.1,702403,0.3004,3.2597,2.5286,1.8916,2.7333,-2.1006,0.0,0.0
1779744292457,2,Pitching Mound.Drive,,Delivery,pitch.1,703275,0.0077,-0.3186,0.8722,0.0523,-0.6051,-0.4709,0.0,0.0
1779744292457,2,Pitching Mound.Parent,,Delivery,pitch.1,701727,0.3081,2.9412,3.4008,1.9439,2.1282,-2.5714,0.0,0.0
1779744292458,2,11.0000004b,Drive,Delivery,pitch.1,703276,-0.0053,-0.3033,0.8516,0.0271,-0.3804,-0.4393,0.0,0.0
1779744292458,2,12.00000015,Lower Delivery,Delivery,pitch.1,703351,0.72,3.5293,2.9686,0.832,2.7266,-1.6445,-0.0874,0.0267
1779744292458,2,12.00000018,Upper Delivery,Delivery,pitch.1,704038,-0.5081,-0.271,-0.4214,-0.0884,-0.0304,-0.0012,0.0,0.0
1779744292458,2,Pitching Mound.Delivery,,Delivery,pitch.1,702404,0.212,3.2583,2.5472,1.8962,2.6963,-2.0633,0.0,0.0
1779744292458,2,Pitching Mound.Drive,,Delivery,pitch.1,703276,-0.0053,-0.3033,0.8516,0.0271,-0.3804,-0.4393,0.0,0.0
1779744292458,2,Pitching Mound.Parent,,Delivery,pitch.1,701728,0.2067,2.9549,3.3988,1.9233,2.3159,-2.5025,0.0,0.0
1779744292459,2,11.0000004b,Drive,Delivery,pitch.1,703277,-0.0127,-0.2975,0.866,0.0157,-0.28,-0.4333,0.0,0.0
1779744292459,2,12.00000015,Lower Delivery,Delivery,pitch.1,703352,0.7347,3.5047,3.0241,0.8458,2.5659,-1.6839,-0.0807,0.0266
1779744292459,2,12.00000018,Upper Delivery,Delivery,pitch.1,704039,-0.5115,-0.2758,-0.3919,-0.0884,-0.0304,-0.0012,0.0,0.0
1779744292459,2,Pitching Mound.Delivery,,Delivery,pitch.1,702405,0.2233,3.2289,2.6321,1.9189,2.5355,-2.1088,0.0,0.0
1779744292459,2,Pitching Mound.Drive,,Delivery,pitch.1,703277,-0.0127,-0.2975,0.866,0.0157,-0.28,-0.4333,0.0,0.0
1779744292459,2,Pitching Mound.Parent,,Delivery,pitch.1,701729,0.2106,2.9314,3.4981,1.9345,2.2555,-2.5421,0.0,0.0
1779744292460,2,11.0000004b,Drive,Delivery,pitch.1,703278,-0.0283,-0.3077,0.8441,0.0112,-0.253,-0.4605,0.0,0.0
1779744292460,2,12.00000015,Lower Delivery,Delivery,pitch.1,703353,0.7424,3.4894,2.9341,0.6981,2.2525,-1.6586,-0.073,0.0226
1779744292460,2,12.00000018,Upper Delivery,Delivery,pitch.1,704040,-0.4803,-0.2659,-0.4246,-0.0884,-0.0304,-0.0012,0.0,0.0
1779744292460,2,Pitching Mound.Delivery,,Delivery,pitch.1,702406,0.2621,3.2236,2.5095,1.7516,2.2221,-2.0755,0.0,0.0
1779744292460,2,Pitching Mound.Drive,,Delivery,pitch.1,703278,-0.0283,-0.3077,0.8441,0.0112,-0.253,-0.4605,0.0,0.0
1779744292460,2,Pitching Mound.Parent,,Delivery,pitch.1,701730,0.2338,2.9159,3.3536,1.7628,1.9691,-2.536,0.0,0.0
1779744292461,2,11.0000004b,Drive,Delivery,pitch.1,703279,-0.0246,-0.2963,0.7936,0.0203,-0.3397,-0.481,0.0,0.0
1779744292461,2,12.00000015,Lower Delivery,Delivery,pitch.1,703354,0.7657,3.509,2.9089,0.6285,1.8221,-1.6515,-0.0596,0.0206
1779744292461,2,12.00000018,Upper Delivery,Delivery,pitch.1,704041,-0.5019,-0.2506,-0.4777,-0.0884,-0.0304,-0.0012,0.0,0.0
1779744292461,2,Pitching Mound.Delivery,,Delivery,pitch.1,702407,0.2638,3.2584,2.4312,1.6915,1.7917,-2.0837,0.0,0.0
1779744292461,2,Pitching Mound.Drive,,Delivery,pitch.1,703279,-0.0246,-0.2963,0.7936,0.0203,-0.3397,-0.481,0.0,0.0
1779744292461,2,Pitching Mound.Parent,,Delivery,pitch.1,701731,0.2392,2.9621,3.2248,1.7119,1.452,-2.5646,0.0,0.0
1779744292462,2,11.0000004b,Drive,Delivery,pitch.1,703280,-0.0173,-0.3041,0.8141,0.0162,-0.3081,-0.4904,0.0,0.0
1779744292462,2,12.00000015,Lower Delivery,Delivery,pitch.1,703355,0.7902,3.5054,2.8869,0.6088,1.4306,-1.6803,-0.0471,0.0201
1779744292462,2,12.00000018,Upper Delivery,Delivery,pitch.1,704042,-0.4991,-0.2157,-0.4631,-0.0884,-0.0304,-0.0012,0.0,0.0
1779744292462,2,Pitching Mound.Delivery,,Delivery,pitch.1,702408,0.2911,3.2897,2.4238,1.6594,1.4002,-2.1199,0.0,0.0
1779744292462,2,Pitching Mound.Drive,,Delivery,pitch.1,703280,-0.0173,-0.3041,0.8141,0.0162,-0.3081,-0.4904,0.0,0.0
1779744292462,2,Pitching Mound.Parent,,Delivery,pitch.1,701732,0.2738,2.9856,3.2379,1.6757,1.0921,-2.6103,0.0,0.0
1779744292463,2,11.0000004b,Drive,Delivery,pitch.1,703281,-0.0243,-0.2956,0.7804,0.0089,-0.2319,-0.4595,0.0,0.0
1779744292463,2,12.00000015,Lower Delivery,Delivery,pitch.1,703356,0.7743,3.5202,2.8903,0.5403,1.363,-1.6657,-0.0449,0.0178
1779744292463,2,12.00000018,Upper Delivery,Delivery,pitch.1,704043,-0.4854,-0.1978,-0.5421,-0.0884,-0.0304,-0.0012,0.0,0.0
1779744292463,2,Pitching Mound.Delivery,,Delivery,pitch.1,702409,0.2889,3.3224,2.3482,1.619,1.3326,-2.0952,0.0,0.0
1779744292463,2,Pitching Mound.Drive,,Delivery,pitch.1,703281,-0.0243,-0.2956,0.7804,0.0089,-0.2319,-0.4595,0.0,0.0
1779744292463,2,Pitching Mound.Parent,,Delivery,pitch.1,701733,0.2646,3.0268,3.1286,1.6279,1.1007,-2.5547,0.0,0.0
1779744292464,2,11.0000004b,Drive,Delivery,pitch.1,703282,-0.023,-0.2967,0.8871,0.0116,-0.2742,-0.4902,0.0,0.0
1779744292464,2,12.00000015,Lower Delivery,Delivery,pitch.1,703357,0.7343,3.5221,2.9289,0.5638,1.6508,-1.6236,-0.0536,0.0183
1779744292464,2,12.00000018,Upper Delivery,Delivery,pitch.1,704044,-0.4991,-0.2196,-0.4578,-0.0884,-0.0304,-0.0012,0.0,0.0
1779744292464,2,Pitching Mound.Delivery,,Delivery,pitch.1,702410,0.2351,3.3025,2.471,1.6269,1.6204,-2.0442,0.0,0.0
1779744292464,2,Pitching Mound.Drive,,Delivery,pitch.1,703282,-0.023,-0.2967,0.8871,0.0116,-0.2742,-0.4902,0.0,0.0
1779744292464,2,Pitching Mound.Parent,,Delivery,pitch.1,701734,0.2121,3.0058,3.3582,1.6384,1.3462,-2.5344,0.0,0.0
1779744292465,2,11.0000004b,Drive,Delivery,pitch.1,703283,-0.019,-0.2991,0.8959,0.0162,-0.3084,-0.4789,0.0,0.0
1779744292465,2,12.00000015,Lower Delivery,Delivery,pitch.1,703358,0.7209,3.5313,2.9882,0.6142,1.5409,-1.6256,-0.0491,0.0196
1779744292465,2,12.00000018,Upper Delivery,Delivery,pitch.1,704045,-0.5035,-0.2493,-0.4213,-0.0884,-0.0304,-0.0012,0.0,0.0
1779744292465,2,Pitching Mound.Delivery,,Delivery,pitch.1,702411,0.2174,3.282,2.5669,1.6851,1.5105,-2.0431,0.0,0.0
1779744292465,2,Pitching Mound.Drive,,Delivery,pitch.1,703283,-0.019,-0.2991,0.8959,0.0162,-0.3084,-0.4789,0.0,0.0
1779744292465,2,Pitching Mound.Parent,,Delivery,pitch.1,701735,0.1984,2.9829,3.4628,1.7013,1.2021,-2.522,0.0,0.0
1779744292466,2,11.0000004b,Drive,Delivery,pitch.1,703284,-0.0183,-0.3087,0.8729,0.0137,-0.2817,-0.4977,0.0,0.0
1779744292466,2,12.00000015,Lower Delivery,Delivery,pitch.1,703359,0.6923,3.5431,2.9739,0.6491,1.6604,-1.6276,-0.0531,0.0208
1779744292466,2,12.00000018,Upper Delivery,Delivery,pitch.1,704046,-0.4843,-0.2524,-0.4372,-0.0884,-0.0304,-0.0012,0.0,0.0
1779744292466,2,Pitching Mound.Delivery,,Delivery,pitch.1,702412,0.208,3.2907,2.5367,1.7205,1.63,-2.0288,0.0,0.0
1779744292466,2,Pitching Mound.Drive,,Delivery,pitch.1,703284,-0.0183,-0.3087,0.8729,0.0137,-0.2817,-0.4977,0.0,0.0
1779744292466,2,Pitching Mound.Parent,,Delivery,pitch.1,701736,0.1898,2.982,3.4096,1.7342,1.3483,-2.5266,0.0,0.0
1779744292467,2,11.0000004b,Drive,Delivery,pitch.1,703285,-0.0244,-0.3004,0.9132,0.0042,-0.203,-0.4916,0.0,0.0
1779744292467,2,12.00000015,Lower Delivery,Delivery,pitch.1,703360,0.674,3.5466,2.9395,0.5477,1.993,-1.5877,-0.0645,0.0177
1779744292467,2,12.00000018,Upper Delivery,Delivery,pitch.1,704047,-0.5002,-0.274,-0.3486,-0.0884,-0.0304,-0.0012,0.0,0.0
1779744292467,2,Pitching Mound.Delivery,,Delivery,pitch.1,702413,0.1738,3.2726,2.5909,1.5772,1.9626,-1.9882,0.0,0.0
1779744292467,2,Pitching Mound.Drive,,Delivery,pitch.1,703285,-0.0244,-0.3004,0.9132,0.0042,-0.203,-0.4916,0.0,0.0
1779744292467,2,Pitching Mound.Parent,,Delivery,pitch.1,701737,0.1494,2.9722,3.5041,1.5815,1.7596,-2.4798,0.0,0.0
1779744292468,2,11.0000004b,Drive,Delivery,pitch.1,703286,-0.0213,-0.3143,0.8632,0.0101,-0.2462,-0.4825,0.0,0.0
1779744292468,2,12.00000015,Lower Delivery,Delivery,pitch.1,703361,0.6923,3.5573,2.9573,0.4993,2.2427,-1.616,-0.0721,0.0161
1779744292468,2,12.00000018,Upper Delivery,Delivery,pitch.1,704048,-0.482,-0.2499,-0.3944,-0.0884,-0.0304,-0.0012,0.0,0.0
1779744292468,2,Pitching Mound.Delivery,,Delivery,pitch.1,702414,0.2103,3.3074,2.5629,1.5505,2.2124,-2.0165,0.0,0.0
1779744292468,2,Pitching Mound.Drive,,Delivery,pitch.1,703286,-0.0213,-0.3143,0.8632,0.0101,-0.2462,-0.4825,0.0,0.0
1779744292468,2,Pitching Mound.Parent,,Delivery,pitch.1,701738,0.189,2.9932,3.4261,1.5606,1.9661,-2.4991,0.0,0.0
1779744292469,2,11.0000004b,Drive,Delivery,pitch.1,703287,-0.0199,-0.305,0.8886,0.025,-0.3927,-0.5131,0.0,0.0
1779744292469,2,12.00000015,Lower Delivery,Delivery,pitch.1,703362,0.6958,3.549,2.9654,0.5124,2.825,-1.5773,-0.0906,0.0164
1779744292469,2,12.00000018,Upper Delivery,Delivery,pitch.1,704049,-0.5133,-0.2768,-0.3164,-0.0884,-0.0304,-0.0012,0.0,0.0
1779744292469,2,Pitching Mound.Delivery,,Delivery,pitch.1,702415,0.1825,3.2722,2.649,1.5398,2.7947,-1.9896,0.0,0.0
1779744292469,2,Pitching Mound.Drive,,Delivery,pitch.1,703287,-0.0199,-0.305,0.8886,0.025,-0.3927,-0.5131,0.0,0.0
1779744292469,2,Pitching Mound.Parent,,Delivery,pitch.1,701739,0.1626,2.9672,3.5376,1.5648,2.4019,-2.5027,0.0,0.0
1779744292470,2,11.0000004b,Drive,Delivery,pitch.1,703288,-0.0061,-0.3037,0.8629,0.0187,-0.3471,-0.5063,0.0,0.0
1779744292470,2,12.00000015,Lower Delivery,Delivery,pitch.1,703363,0.7048,3.5637,2.9087,0.4906,2.8121,-1.5592,-0.092,0.016
1779744292470,2,12.00000018,Upper Delivery,Delivery,pitch.1,704050,-0.4835,-0.2491,-0.3854,-0.0884,-0.0304,-0.0012,0.0,0.0
1779744292470,2,Pitching Mound.Delivery,,Delivery,pitch.1,702416,0.2213,3.3146,2.5233,1.5223,2.7818,-1.9644,0.0,0.0
1779744292470,2,Pitching Mound.Drive,,Delivery,pitch.1,703288,-0.0061,-0.3037,0.8629,0.0187,-0.3471,-0.5063,0.0,0.0
1779744292470,2,Pitching Mound.Parent,,Delivery,pitch.1,701740,0.2151,3.0109,3.3862,1.541,2.4347,-2.4707,0.0,0.0
1779744292471,2,11.0000004b,Drive,Delivery,pitch.1,703289,-0.0073,-0.3148,0.8433,0.0201,-0.3439,-0.4841,0.0,0.0
1779744292471,2,12.00000015,Lower Delivery,Delivery,pitch.1,703364,0.684,3.5681,2.8471,0.3644,2.6921,-1.587,-0.0899,0.0122
1779744292471,2,12.00000018,Upper Delivery,Delivery,pitch.1,704051,-0.5031,-0.2715,-0.3467,-0.0884,-0.0304,-0.0012,0.0,0.0
1779744292471,2,Pitching Mound.Delivery,,Delivery,pitch.1,702417,0.1809,3.2966,2.5004,1.362,2.6618,-1.9918,0.0,0.0
1779744292471,2,Pitching Mound.Drive,,Delivery,pitch.1,703289,-0.0073,-0.3148,0.8433,0.0201,-0.3439,-0.4841,0.0,0.0
1779744292471,2,Pitching Mound.Parent,,Delivery,pitch.1,701741,0.1736,2.9817,3.3437,1.3821,2.3178,-2.4759,0.0,0.0
1779744292472,2,11.0000004b,Drive,Delivery,pitch.1,703290,-0.0128,-0.3115,0.9353,0.0151,-0.3193,-0.5005,0.0,0.0
1779744292472,2,12.00000015,Lower Delivery,Delivery,pitch.1,703365,0.667,3.5759,2.825,0.3337,2.7256,-1.5583,-0.0918,0.0112
1779744292472,2,12.00000018,Upper Delivery,Delivery,pitch.1,704052,-0.4853,-0.2578,-0.3597,-0.0884,-0.0304,-0.0012,0.0,0.0
1779744292472,2,Pitching Mound.Delivery,,Delivery,pitch.1,702418,0.1817,3.3182,2.4652,1.3281,2.6952,-1.9513,0.0,0.0
1779744292472,2,Pitching Mound.Drive,,Delivery,pitch.1,703290,-0.0128,-0.3115,0.9353,0.0151,-0.3193,-0.5005,0.0,0.0
1779744292472,2,Pitching Mound.Parent,,Delivery,pitch.1,701742,0.1688,3.0067,3.4006,1.3432,2.3759,-2.4518,0.0,0.0
1779744292473,2,11.0000004b,Drive,Delivery,pitch.1,703291,-0.0082,-0.3046,0.8862,0.0239,-0.4063,-0.5243,0.0,0.0
1779744292473,2,12.00000015,Lower Delivery,Delivery,pitch.1,703366,0.6765,3.5783,2.8446,0.2622,2.8505,-1.5159,-0.0953,0.0088
1779744292473,2,12.00000018,Upper Delivery,Delivery,pitch.1,704053,-0.4726,-0.239,-0.3547,-0.0884,-0.0304,-0.0012,0.0,0.0
1779744292473,2,Pitching Mound.Delivery,,Delivery,pitch.1,702419,0.2039,3.3394,2.4898,1.2616,2.8201,-1.9078,0.0,0.0
1779744292473,2,Pitching Mound.Drive,,Delivery,pitch.1,703291,-0.0082,-0.3046,0.8862,0.0239,-0.4063,-0.5243,0.0,0.0
1779744292473,2,Pitching Mound.Parent,,Delivery,pitch.1,701743,0.1957,3.0348,3.376,1.2855,2.4138,-2.432,0.0,0.0
1779744292474,2,11.0000004b,Drive,Delivery,pitch.1,703292,-0.001,-0.2942,0.921,0.0138,-0.3414,-0.5477,0.0,0.0
1779744292474,2,12.00000015,Lower Delivery,Delivery,pitch.1,703367,0.7158,3.5801,2.8803,0.3512,2.8926,-1.5136,-0.0955,0.0116
1779744292474,2,12.00000018,Upper Delivery,Delivery,pitch.1,704054,-0.4878,-0.24,-0.1751,-0.0884,-0.0304,-0.0012,0.0,0.0
1779744292474,2,Pitching Mound.Delivery,,Delivery,pitch.1,702420,0.228,3.3401,2.7052,1.3017,2.8622,-1.924,0.0,0.0
1779744292474,2,Pitching Mound.Drive,,Delivery,pitch.1,703292,-0.001,-0.2942,0.921,0.0138,-0.3414,-0.5477,0.0,0.0
1779744292474,2,Pitching Mound.Parent,,Delivery,pitch.1,701744,0.2271,3.0459,3.6263,1.3155,2.5208,-2.4717,0.0,0.0
1779744292475,2,11.0000004b,Drive,Delivery,pitch.1,703293,0.0119,-0.2941,0.8747,0.0171,-0.3522,-0.5182,0.0,0.0
1779744292475,2,12.00000015,Lower Delivery,Delivery,pitch.1,703368,0.7369,3.5515,2.8472,0.4124,2.6,-1.5297,-0.0869,0.0138
1779744292475,2,12.00000018,Upper Delivery,Delivery,pitch.1,704055,-0.5052,-0.2458,-0.2126,-0.0884,-0.0304,-0.0012,0.0,0.0
1779744292475,2,Pitching Mound.Delivery,,Delivery,pitch.1,702421,0.2317,3.3057,2.6347,1.3644,2.5697,-1.9532,0.0,0.0
1779744292475,2,Pitching Mound.Drive,,Delivery,pitch.1,703293,0.0119,-0.2941,0.8747,0.0171,-0.3522,-0.5182,0.0,0.0
1779744292475,2,Pitching Mound.Parent,,Delivery,pitch.1,701745,0.2436,3.0115,3.5093,1.3815,2.2175,-2.4714,0.0,0.0
1779744292476,2,11.0000004b,Drive,Delivery,pitch.1,703294,0.0104,-0.2755,0.8491,0.0135,-0.3228,-0.5179,0.0,0.0
1779744292476,2,12.00000015,Lower Delivery,Delivery,pitch.1,703369,0.7565,3.557,2.863,0.4025,2.6644,-1.5332,-0.0885,0.0134
1779744292476,2,12.00000018,Upper Delivery,Delivery,pitch.1,704056,-0.5028,-0.2606,-0.32,-0.0884,-0.0304,-0.0012,0.0,0.0
1779744292476,2,Pitching Mound.Delivery,,Delivery,pitch.1,702422,0.2536,3.2964,2.5429,1.3963,2.634,-1.9625,0.0,0.0
1779744292476,2,Pitching Mound.Drive,,Delivery,pitch.1,703294,0.0104,-0.2755,0.8491,0.0135,-0.3228,-0.5179,0.0,0.0
1779744292476,2,Pitching Mound.Parent,,Delivery,pitch.1,701746,0.264,3.0209,3.392,1.4099,2.3113,-2.4805,0.0,0.0
1779744292477,2,11.0000004b,Drive,Delivery,pitch.1,703295,0.0161,-0.2645,0.8628,0.0243,-0.415,-0.5294,0.0,0.0
1779744292477,2,12.00000015,Lower Delivery,Delivery,pitch.1,703370,0.7806,3.5437,2.8861,0.2476,2.8171,-1.4989,-0.0929,0.0082
1779744292477,2,12.00000018,Upper Delivery,Delivery,pitch.1,704057,-0.524,-0.2704,-0.292,-0.0884,-0.0304,-0.0012,0.0,0.0
1779744292477,2,Pitching Mound.Delivery,,Delivery,pitch.1,702423,0.2566,3.2733,2.5942,1.2398,2.7867,-1.9437,0.0,0.0
1779744292477,2,Pitching Mound.Drive,,Delivery,pitch.1,703295,0.0161,-0.2645,0.8628,0.0243,-0.415,-0.5294,0.0,0.0
1779744292477,2,Pitching Mound.Parent,,Delivery,pitch.1,701747,0.2727,3.0088,3.457,1.2641,2.3717,-2.4731,0.0,0.0
1779744292478,2,11.0000004b,Drive,Delivery,pitch.1,703296,0.0154,-0.2796,0.8922,0.0331,-0.4902,-0.545,0.0,0.0
1779744292478,2,12.00000015,Lower Delivery,Delivery,pitch.1,703372,0.785,3.5422,2.8366,0.3622,2.8033,-1.5175,-0.094,0.0121
1779744292478,2,12.00000015,Lower Delivery,Delivery,pitch.1,703371,0.7966,3.5387,2.8804,0.3385,2.8802,-1.5211,-0.0951,0.0112
1779744292478,2,12.00000018,Upper Delivery,Delivery,pitch.1,704058,-0.4934,-0.2521,-0.3683,-0.0884,-0.0304,-0.0012,0.0,0.0
1779744292478,2,Pitching Mound.Delivery,,Delivery,pitch.1,702424,0.3032,3.2866,2.5121,1.3547,2.8498,-1.9609,0.0,0.0
1779744292478,2,Pitching Mound.Drive,,Delivery,pitch.1,703296,0.0154,-0.2796,0.8922,0.0331,-0.4902,-0.545,0.0,0.0
1779744292478,2,Pitching Mound.Parent,,Delivery,pitch.1,701748,0.3185,3.007,3.4043,1.3878,2.3596,-2.5058,0.0,0.0
1779744292479,2,11.0000004b,Drive,Delivery,pitch.1,703297,0.0098,-0.2738,0.9463,0.0342,-0.522,-0.5784,0.0,0.0
1779744292479,2,12.00000018,Upper Delivery,Delivery,pitch.1,704059,-0.4996,-0.2613,-0.2576,-0.0884,-0.0304,-0.0012,0.0,0.0
1779744292479,2,Pitching Mound.Delivery,,Delivery,pitch.1,702425,0.2854,3.2809,2.579,1.3259,2.7729,-1.9554,0.0,0.0
1779744292479,2,Pitching Mound.Drive,,Delivery,pitch.1,703297,0.0098,-0.2738,0.9463,0.0342,-0.522,-0.5784,0.0,0.0
1779744292479,2,Pitching Mound.Parent,,Delivery,pitch.1,701749,0.2952,3.0071,3.5252,1.3601,2.2509,-2.5338,0.0,0.0
1779744292480,2,11.0000004b,Drive,Delivery,pitch.1,703298,0.0152,-0.2713,0.9571,0.0437,-0.607,-0.587,0.0,0.0
1779744292480,2,12.00000015,Lower Delivery,Delivery,pitch.1,703373,0.8059,3.5068,2.7872,0.4516,2.3313,-1.5885,-0.0796,0.0154
1779744292480,2,12.00000018,Upper Delivery,Delivery,pitch.1,704060,-0.4384,-0.2224,-0.4365,-0.0884,-0.0304,-0.0012,0.0,0.0
1779744292480,2,Pitching Mound.Delivery,,Delivery,pitch.1,702426,0.3675,3.2844,2.3507,1.4593,2.3009,-2.0127,0.0,0.0
1779744292480,2,Pitching Mound.Drive,,Delivery,pitch.1,703298,0.0152,-0.2713,0.9571,0.0437,-0.607,-0.587,0.0,0.0
1779744292480,2,Pitching Mound.Parent,,Delivery,pitch.1,701750,0.3827,3.013,3.3078,1.5031,1.6939,-2.5997,0.0,0.0
1779744292481,2,11.0000004b,Drive,Delivery,pitch.1,703299,0.0268,-0.2732,0.9402,0.0444,-0.6225,-0.5984,0.0,0.0
1779744292481,2,12.00000015,Lower Delivery,Delivery,pitch.1,703374,0.8045,3.5167,2.8039,0.5813,2.2126,-1.5975,-0.0751,0.0197
1779744292481,2,12.00000018,Upper Delivery,Delivery,pitch.1,704061,-0.4581,-0.2509,-0.366,-0.0884,-0.0304,-0.0012,0.0,0.0
1779744292481,2,Pitching Mound.Delivery,,Delivery,pitch.1,702427,0.3465,3.2658,2.4378,1.5707,2.1822,-2.028,0.0,0.0
1779744292481,2,Pitching Mound.Drive,,Delivery,pitch.1,703299,0.0268,-0.2732,0.9402,0.0444,-0.6225,-0.5984,0.0,0.0
1779744292481,2,Pitching Mound.Parent,,Delivery,pitch.1,701751,0.3733,2.9926,3.378,1.615,1.5597,-2.6264,0.0,0.0
1779744292482,2,11.0000004b,Drive,Delivery,pitch.1,703300,0.0322,-0.2588,0.8552,0.0423,-0.6037,-0.5946,0.0,0.0
1779744292482,2,12.00000015,Lower Delivery,Delivery,pitch.1,703375,0.8025,3.514,2.7999,0.5758,1.7566,-1.5677,-0.0597,0.0196
1779744292482,2,12.00000018,Upper Delivery,Delivery,pitch.1,704062,-0.3797,-0.1755,-0.4206,-0.0884,-0.0304,-0.0012,0.0,0.0
1779744292482,2,Pitching Mound.Delivery,,Delivery,pitch.1,702428,0.4228,3.3385,2.3793,1.5824,1.7262,-1.9709,0.0,0.0
1779744292482,2,Pitching Mound.Drive,,Delivery,pitch.1,703300,0.0322,-0.2588,0.8552,0.0423,-0.6037,-0.5946,0.0,0.0
1779744292482,2,Pitching Mound.Parent,,Delivery,pitch.1,701752,0.455,3.0797,3.2345,1.6247,1.1226,-2.5655,0.0,0.0
1779744292483,2,11.0000004b,Drive,Delivery,pitch.1,703301,0.0242,-0.2739,0.8945,0.0354,-0.5478,-0.5863,0.0,0.0
1779744292483,2,12.00000015,Lower Delivery,Delivery,pitch.1,703376,0.7664,3.5036,2.7843,0.645,1.9021,-1.5793,-0.065,0.022
1779744292483,2,12.00000018,Upper Delivery,Delivery,pitch.1,704063,-0.3759,-0.1805,-0.4249,-0.0884,-0.0304,-0.0012,0.0,0.0
1779744292483,2,Pitching Mound.Delivery,,Delivery,pitch.1,702429,0.3905,3.3231,2.3594,1.6478,1.8718,-1.9689,0.0,0.0
1779744292483,2,Pitching Mound.Drive,,Delivery,pitch.1,703301,0.0242,-0.2739,0.8945,0.0354,-0.5478,-0.5863,0.0,0.0
1779744292483,2,Pitching Mound.Parent,,Delivery,pitch.1,701753,0.4147,3.0491,3.2539,1.6832,1.3239,-2.5551,0.0,0.0
1779744292484,2,11.0000004b,Drive,Delivery,pitch.1,703302,0.0208,-0.2792,0.9449,0.0454,-0.6361,-0.5866,0.0,0.0
1779744292484,2,12.00000015,Lower Delivery,Delivery,pitch.1,703377,0.7824,3.5048,2.7093,0.5718,1.4539,-1.5787,-0.051,0.0201
1779744292484,2,12.00000018,Upper Delivery,Delivery,pitch.1,704064,-0.396,-0.1912,-0.4271,-0.0884,-0.0304,-0.0012,0.0,0.0
1779744292484,2,Pitching Mound.Delivery,,Delivery,pitch.1,702430,0.3864,3.3136,2.2822,1.5498,1.4235,-1.9806,0.0,0.0
1779744292484,2,Pitching Mound.Drive,,Delivery,pitch.1,703302,0.0208,-0.2792,0.9449,0.0454,-0.6361,-0.5866,0.0,0.0
1779744292484,2,Pitching Mound.Parent,,Delivery,pitch.1,701754,0.4071,3.0345,3.227,1.5952,0.7874,-2.5671,0.0,0.0
1779744292485,2,11.0000004b,Drive,Delivery,pitch.1,703303,0.0175,-0.2811,0.9743,0.0452,-0.6932,-0.6103,0.0,0.0
1779744292485,2,12.00000015,Lower Delivery,Delivery,pitch.1,703378,0.7707,3.5065,2.748,0.4739,1.1828,-1.6248,-0.0409,0.0164
1779744292485,2,12.00000015,Lower Delivery,Delivery,pitch.1,703379,0.7715,3.511,2.793,0.3547,0.617,-1.608,-0.021,0.0121
1779744292485,2,12.00000018,Upper Delivery,Delivery,pitch.1,704065,-0.3822,-0.1836,-0.4227,-0.0884,-0.0304,-0.0012,0.0,0.0
1779744292485,2,Pitching Mound.Delivery,,Delivery,pitch.1,702431,0.3886,3.3229,2.3253,1.4636,1.1524,-2.018,0.0,0.0
1779744292485,2,Pitching Mound.Drive,,Delivery,pitch.1,703303,0.0175,-0.2811,0.9743,0.0452,-0.6932,-0.6103,0.0,0.0
1779744292485,2,Pitching Mound.Parent,,Delivery,pitch.1,701755,0.4061,3.0418,3.2996,1.5088,0.4593,-2.6283,0.0,0.0
1779744292486,2,11.0000004b,Drive,Delivery,pitch.1,703304,0.0158,-0.2865,1.0088,0.049,-0.738,-0.629,0.0,0.0
1779744292486,2,12.00000015,Lower Delivery,Delivery,pitch.1,703380,0.7754,3.4988,2.7234,0.4131,0.6068,-1.6252,-0.0212,0.0144
1779744292486,2,12.00000018,Upper Delivery,Delivery,pitch.1,704066,-0.3437,-0.1452,-0.4527,-0.0884,-0.0304,-0.0012,0.0,0.0
1779744292486,2,Pitching Mound.Delivery,,Delivery,pitch.1,702432,0.4279,3.3658,2.3402,1.3699,0.5866,-1.9884,0.0,0.0
1779744292486,2,Pitching Mound.Drive,,Delivery,pitch.1,703304,0.0158,-0.2865,1.0088,0.049,-0.738,-0.629,0.0,0.0
1779744292486,2,Pitching Mound.Parent,,Delivery,pitch.1,701756,0.4436,3.0793,3.349,1.4188,-0.1514,-2.6174,0.0,0.0
1779744292487,2,11.0000004b,Drive,Delivery,pitch.1,703305,-0.0049,-0.2734,1.0671,0.0329,-0.5564,-0.585,0.0,0.0
1779744292487,2,12.00000018,Upper Delivery,Delivery,pitch.1,704067,-0.3396,-0.1321,-0.4863,-0.0884,-0.0304,-0.0012,0.0,0.0
1779744292487,2,Pitching Mound.Delivery,,Delivery,pitch.1,702433,0.4357,3.3667,2.2371,1.4161,0.5764,-2.0055,0.0,0.0
1779744292487,2,Pitching Mound.Drive,,Delivery,pitch.1,703305,-0.0049,-0.2734,1.0671,0.0329,-0.5564,-0.585,0.0,0.0
1779744292487,2,Pitching Mound.Parent,,Delivery,pitch.1,701757,0.4308,3.0933,3.3042,1.449,0.02,-2.5905,0.0,0.0
1779744292488,2,11.0000004b,Drive,Delivery,pitch.1,703306,-0.0128,-0.2795,1.0554,0.0272,-0.4741,-0.5902,0.0,0.0
1779744292488,2,12.00000015,Lower Delivery,Delivery,pitch.1,703381,0.8244,3.4773,2.7134,0.2647,0.1428,-1.63,-0.005,0.0093
1779744292488,2,12.00000018,Upper Delivery,Delivery,pitch.1,704068,-0.3251,-0.1194,-0.4616,-0.0884,-0.0304,-0.0012,0.0,0.0
1779744292488,2,Pitching Mound.Delivery,,Delivery,pitch.1,702434,0.4993,3.3579,2.2518,1.2558,0.1125,-2.022,0.0,0.0
1779744292488,2,Pitching Mound.Drive,,Delivery,pitch.1,703306,-0.0128,-0.2795,1.0554,0.0272,-0.4741,-0.5902,0.0,0.0
1779744292488,2,Pitching Mound.Parent,,Delivery,pitch.1,701758,0.4865,3.0783,3.3072,1.283,-0.3617,-2.6122,0.0,0.0
1779744292489,2,11.0000004b,Drive,Delivery,pitch.1,703307,-0.0147,-0.2654,1.0422,0.0272,-0.4643,-0.5661,0.0,0.0
1779744292489,2,12.00000015,Lower Delivery,Delivery,pitch.1,703382,0.8151,3.4812,2.7312,0.1492,0.2286,-1.6299,-0.008,0.0052
1779744292489,2,12.00000018,Upper Delivery,Delivery,pitch.1,704069,-0.3302,-0.1481,-0.4375,-0.0884,-0.0304,-0.0012,0.0,0.0
1779744292489,2,Pitching Mound.Delivery,,Delivery,pitch.1,702435,0.485,3.3331,2.2937,1.1382,0.1982,-2.0205,0.0,0.0
1779744292489,2,Pitching Mound.Drive,,Delivery,pitch.1,703307,-0.0147,-0.2654,1.0422,0.0272,-0.4643,-0.5661,0.0,0.0
1779744292489,2,Pitching Mound.Parent,,Delivery,pitch.1,701759,0.4703,3.0678,3.336,1.1653,-0.2661,-2.5866,0.0,0.0
1779744292490,2,11.0000004b,Drive,Delivery,pitch.1,703308,-0.0071,-0.2841,1.0225,0.0289,-0.471,-0.5545,0.0,0.0
1779744292490,2,11.0000004b,Drive,Delivery,pitch.1,703309,-0.0094,-0.2993,0.982,0.0242,-0.427,-0.55,0.0,0.0
1779744292490,2,12.00000015,Lower Delivery,Delivery,pitch.1,703383,0.8185,3.4669,2.7582,0.0986,0.1411,-1.6346,-0.0049,0.0034
1779744292490,2,12.00000018,Upper Delivery,Delivery,pitch.1,704070,-0.3433,-0.1608,-0.4091,-0.0884,-0.0304,-0.0012,0.0,0.0
1779744292490,2,Pitching Mound.Delivery,,Delivery,pitch.1,702436,0.4752,3.3062,2.3491,1.0871,0.1107,-2.0308,0.0,0.0
1779744292490,2,Pitching Mound.Drive,,Delivery,pitch.1,703308,-0.0071,-0.2841,1.0225,0.0289,-0.471,-0.5545,0.0,0.0
1779744292490,2,Pitching Mound.Drive,,Delivery,pitch.1,703309,-0.0094,-0.2993,0.982,0.0242,-0.427,-0.55,0.0,0.0
1779744292490,2,Pitching Mound.Parent,,Delivery,pitch.1,701760,0.4681,3.022,3.3716,1.116,-0.3604,-2.5853,0.0,0.0
1779744292491,2,11.0000004b,Drive,Delivery,pitch.1,703310,-0.0156,-0.3002,1.0147,0.0308,-0.4422,-0.492,0.0,0.0
1779744292491,2,12.00000015,Lower Delivery,Delivery,pitch.1,703384,0.8112,3.4849,2.7956,0.0924,0.2334,-1.6271,-0.0079,0.0031
1779744292491,2,12.00000015,Lower Delivery,Delivery,pitch.1,703385,0.8015,3.4885,2.7876,0.1892,0.349,-1.5948,-0.0119,0.0065
1779744292491,2,12.00000018,Upper Delivery,Delivery,pitch.1,704071,-0.3538,-0.1583,-0.3789,-0.0884,-0.0304,-0.0012,0.0,0.0
1779744292491,2,Pitching Mound.Delivery,,Delivery,pitch.1,702437,0.4574,3.3266,2.4167,1.0834,0.2031,-2.0244,0.0,0.0
1779744292491,2,Pitching Mound.Drive,,Delivery,pitch.1,703310,-0.0156,-0.3002,1.0147,0.0308,-0.4422,-0.492,0.0,0.0
1779744292491,2,Pitching Mound.Parent,,Delivery,pitch.1,701761,0.448,3.0274,3.3987,1.1076,-0.2239,-2.5744,0.0,0.0
1779744292492,2,11.0000004b,Drive,Delivery,pitch.1,703311,-0.0123,-0.3255,0.9919,0.032,-0.4436,-0.4862,0.0,0.0
1779744292492,2,12.00000015,Lower Delivery,Delivery,pitch.1,703386,0.8002,3.4833,2.7833,0.2522,0.4401,-1.6201,-0.015,0.0086
1779744292492,2,12.00000018,Upper Delivery,Delivery,pitch.1,704072,-0.3753,-0.1909,-0.3795,-0.0884,-0.0304,-0.0012,0.0,0.0
1779744292492,2,Pitching Mound.Delivery,,Delivery,pitch.1,702438,0.4262,3.2976,2.4081,1.1777,0.3186,-1.9961,0.0,0.0
1779744292492,2,Pitching Mound.Drive,,Delivery,pitch.1,703311,-0.0123,-0.3255,0.9919,0.032,-0.4436,-0.4862,0.0,0.0
1779744292492,2,Pitching Mound.Parent,,Delivery,pitch.1,701762,0.4106,2.9974,3.4228,1.2084,-0.1236,-2.4881,0.0,0.0
1779744292493,2,12.00000015,Lower Delivery,Delivery,pitch.1,703387,0.8188,3.4727,2.8255,0.1897,0.2326,-1.6188,-0.0078,0.0064
1779744292493,2,12.00000018,Upper Delivery,Delivery,pitch.1,704073,-0.3598,-0.1893,-0.4026,-0.0884,-0.0304,-0.0012,0.0,0.0
1779744292493,2,Pitching Mound.Delivery,,Delivery,pitch.1,702439,0.4404,3.294,2.3806,1.2471,0.4098,-2.0157,0.0,0.0
1779744292493,2,Pitching Mound.Parent,,Delivery,pitch.1,701763,0.4281,2.9685,3.3725,1.2791,-0.0338,-2.5019,0.0,0.0
1779744292494,2,11.0000004b,Drive,Delivery,pitch.1,703312,-0.016,-0.2995,0.9853,0.0318,-0.4446,-0.488,0.0,0.0
1779744292494,2,11.0000004b,Drive,Delivery,pitch.1,703313,-0.0122,-0.3286,0.8583,0.0339,-0.4667,-0.5005,0.0,0.0
1779744292494,2,12.00000018,Upper Delivery,Delivery,pitch.1,704074,-0.3473,-0.176,-0.3886,-0.0884,-0.0304,-0.0012,0.0,0.0
1779744292494,2,Pitching Mound.Delivery,,Delivery,pitch.1,702440,0.4715,3.2966,2.4369,1.1942,0.2023,-2.0164,0.0,0.0
1779744292494,2,Pitching Mound.Drive,,Delivery,pitch.1,703312,-0.016,-0.2995,0.9853,0.0318,-0.4446,-0.488,0.0,0.0
1779744292494,2,Pitching Mound.Drive,,Delivery,pitch.1,703313,-0.0122,-0.3286,0.8583,0.0339,-0.4667,-0.5005,0.0,0.0
1779744292494,2,Pitching Mound.Parent,,Delivery,pitch.1,701764,0.4555,2.9971,3.4222,1.2259,-0.2423,-2.5045,0.0,0.0
1779744292495,2,11.0000004b,Drive,Delivery,pitch.1,703314,-0.0089,-0.3404,0.8006,0.0203,-0.3561,-0.5067,0.0,0.0
1779744292495,2,12.00000015,Lower Delivery,Delivery,pitch.1,703388,0.7897,3.4887,2.7991,0.2881,0.1576,-1.6106,-0.0054,0.0098
1779744292495,2,12.00000018,Upper Delivery,Delivery,pitch.1,704075,-0.3626,-0.1828,-0.3759,-0.0884,-0.0304,-0.0012,0.0,0.0
1779744292495,2,Pitching Mound.Delivery,,Delivery,pitch.1,702441,0.4271,3.306,2.4231,1.2793,0.1272,-2.0036,0.0,0.0
1779744292495,2,Pitching Mound.Drive,,Delivery,pitch.1,703314,-0.0089,-0.3404,0.8006,0.0203,-0.3561,-0.5067,0.0,0.0
1779744292495,2,Pitching Mound.Parent,,Delivery,pitch.1,701765,0.4149,2.9773,3.2814,1.3132,-0.3395,-2.5041,0.0,0.0
1779744292496,2,11.0000004b,Drive,Delivery,pitch.1,703315,-0.0109,-0.3364,0.8541,0.027,-0.4249,-0.5284,0.0,0.0
1779744292496,2,12.00000015,Lower Delivery,Delivery,pitch.1,703389,0.7718,3.4845,2.775,0.3771,0.2364,-1.5951,-0.0081,0.0129
1779744292496,2,12.00000015,Lower Delivery,Delivery,pitch.1,703390,0.7632,3.5026,2.7974,0.3308,0.406,-1.5859,-0.0138,0.0112
1779744292496,2,12.00000018,Upper Delivery,Delivery,pitch.1,704076,-0.3277,-0.159,-0.4504,-0.0884,-0.0304,-0.0012,0.0,0.0
1779744292496,2,Pitching Mound.Delivery,,Delivery,pitch.1,702442,0.4441,3.3255,2.3245,1.3854,0.2061,-1.9701,0.0,0.0
1779744292496,2,Pitching Mound.Drive,,Delivery,pitch.1,703315,-0.0109,-0.3364,0.8541,0.027,-0.4249,-0.5284,0.0,0.0
1779744292496,2,Pitching Mound.Parent,,Delivery,pitch.1,701766,0.4352,2.9851,3.1251,1.4057,-0.15,-2.4768,0.0,0.0
1779744292497,2,11.0000004b,Drive,Delivery,pitch.1,703316,-0.0085,-0.3274,0.8496,0.0307,-0.4532,-0.5181,0.0,0.0
1779744292497,2,12.00000015,Lower Delivery,Delivery,pitch.1,703391,0.7444,3.5253,2.8605,0.2365,0.2583,-1.6049,-0.0086,0.0079
1779744292497,2,12.00000018,Upper Delivery,Delivery,pitch.1,704077,-0.3796,-0.1917,-0.4301,-0.0884,-0.0304,-0.0012,0.0,0.0
1779744292497,2,Pitching Mound.Delivery,,Delivery,pitch.1,702443,0.3835,3.3108,2.3673,1.3397,0.3756,-1.9757,0.0,0.0
1779744292497,2,Pitching Mound.Drive,,Delivery,pitch.1,703316,-0.0085,-0.3274,0.8496,0.0307,-0.4532,-0.5181,0.0,0.0
1779744292497,2,Pitching Mound.Parent,,Delivery,pitch.1,701767,0.3726,2.9744,3.2214,1.3668,-0.0492,-2.504,0.0,0.0
1779744292498,2,11.0000004b,Drive,Delivery,pitch.1,703317,0.0026,-0.339,0.9255,0.0471,-0.6124,-0.5577,0.0,0.0
1779744292498,2,12.00000015,Lower Delivery,Delivery,pitch.1,703392,0.7411,3.5321,2.8417,0.233,0.2206,-1.6008,-0.0074,0.0078
1779744292498,2,12.00000018,Upper Delivery,Delivery,pitch.1,704078,-0.3982,-0.2036,-0.4042,-0.0884,-0.0304,-0.0012,0.0,0.0
1779744292498,2,Pitching Mound.Delivery,,Delivery,pitch.1,702444,0.3462,3.3217,2.4563,1.2582,0.2279,-1.9946,0.0,0.0
1779744292498,2,Pitching Mound.Drive,,Delivery,pitch.1,703317,0.0026,-0.339,0.9255,0.0471,-0.6124,-0.5577,0.0,0.0
1779744292498,2,Pitching Mound.Parent,,Delivery,pitch.1,701768,0.3378,2.9943,3.3059,1.2889,-0.2254,-2.5127,0.0,0.0
1779744292499,2,11.0000004b,Drive,Delivery,pitch.1,703318,-0.0043,-0.3254,1.0041,0.0404,-0.5523,-0.5482,0.0,0.0
1779744292499,2,12.00000018,Upper Delivery,Delivery,pitch.1,704079,-0.4292,-0.2077,-0.4162,-0.0884,-0.0304,-0.0012,0.0,0.0
1779744292499,2,Pitching Mound.Delivery,,Delivery,pitch.1,702445,0.3119,3.3244,2.4255,1.2524,0.1902,-1.9999,0.0,0.0
1779744292499,2,Pitching Mound.Drive,,Delivery,pitch.1,703318,-0.0043,-0.3254,1.0041,0.0404,-0.5523,-0.5482,0.0,0.0
1779744292499,2,Pitching Mound.Parent,,Delivery,pitch.1,701769,0.3145,2.9854,3.351,1.2994,-0.4222,-2.5576,0.0,0.0
1779744292500,2,11.0000004b,Drive,Delivery,pitch.1,703319,0.0047,-0.3365,0.9166,0.0562,-0.691,-0.5524,0.0,0.0
1779744292500,2,12.00000015,Lower Delivery,Delivery,pitch.1,703393,0.7463,3.5112,2.844,0.5258,0.2073,-1.6268,-0.0069,0.0176
1779744292500,2,12.00000015,Lower Delivery,Delivery,pitch.1,703394,0.7871,3.5091,2.7965,0.5144,0.1408,-1.61,-0.0048,0.0175
1779744292500,2,12.00000018,Upper Delivery,Delivery,pitch.1,704080,-0.4497,-0.2228,-0.3936,-0.0884,-0.0304,-0.0012,0.0,0.0
1779744292500,2,Pitching Mound.Delivery,,Delivery,pitch.1,702446,0.2966,3.2884,2.4505,1.5382,0.1769,-2.0346,0.0,0.0
1779744292500,2,Pitching Mound.Drive,,Delivery,pitch.1,703319,0.0047,-0.3365,0.9166,0.0562,-0.691,-0.5524,0.0,0.0
1779744292500,2,Pitching Mound.Parent,,Delivery,pitch.1,701770,0.2923,2.963,3.4546,1.5787,-0.3754,-2.5828,0.0,0.0
1779744292501,2,11.0000004b,Drive,Delivery,pitch.1,703320,-0.0047,-0.3156,0.9653,0.0546,-0.6882,-0.5712,0.0,0.0
1779744292501,2,12.00000018,Upper Delivery,Delivery,pitch.1,704081,-0.4395,-0.2296,-0.4426,-0.0884,-0.0304,-0.0012,0.0,0.0
1779744292501,2,Pitching Mound.Delivery,,Delivery,pitch.1,702447,0.3476,3.2795,2.3539,1.5273,0.1105,-2.0283,0.0,0.0
1779744292501,2,Pitching Mound.Drive,,Delivery,pitch.1,703320,-0.0047,-0.3156,0.9653,0.0546,-0.6882,-0.5712,0.0,0.0
1779744292501,2,Pitching Mound.Parent,,Delivery,pitch.1,701771,0.3523,2.943,3.2705,1.5835,-0.5806,-2.5807,0.0,0.0
1779744292502,2,11.0000004b,Drive,Delivery,pitch.1,703321,0.0025,-0.3333,0.9506,0.0379,-0.5495,-0.5764,0.0,0.0
1779744292502,2,12.00000015,Lower Delivery,Delivery,pitch.1,703395,0.7688,3.5211,2.7772,0.5375,0.1242,-1.6071,-0.0043,0.0184
1779744292502,2,12.00000018,Upper Delivery,Delivery,pitch.1,704082,-0.4235,-0.2063,-0.5287,-0.0884,-0.0304,-0.0012,0.0,0.0
1779744292502,2,Pitching Mound.Delivery,,Delivery,pitch.1,702448,0.3453,3.3147,2.2485,1.5732,0.0938,-2.0136,0.0,0.0
1779744292502,2,Pitching Mound.Drive,,Delivery,pitch.1,703321,0.0025,-0.3333,0.9506,0.0379,-0.5495,-0.5764,0.0,0.0
1779744292502,2,Pitching Mound.Parent,,Delivery,pitch.1,701772,0.3406,2.9992,3.2138,1.6278,-0.5943,-2.5849,0.0,0.0
1779744292503,2,11.0000004b,Drive,Delivery,pitch.1,703322,0.0072,-0.3346,0.9677,0.0544,-0.6973,-0.5863,0.0,0.0
1779744292503,2,12.00000015,Lower Delivery,Delivery,pitch.1,703396,0.763,3.4974,2.8346,0.4872,0.0419,-1.7002,-0.0014,0.0164
1779744292503,2,12.00000018,Upper Delivery,Delivery,pitch.1,704083,-0.4288,-0.2107,-0.5142,-0.0884,-0.0304,-0.0012,0.0,0.0
1779744292503,2,Pitching Mound.Delivery,,Delivery,pitch.1,702449,0.3342,3.2867,2.3204,1.5374,0.0115,-2.1066,0.0,0.0
1779744292503,2,Pitching Mound.Drive,,Delivery,pitch.1,703322,0.0072,-0.3346,0.9677,0.0544,-0.6973,-0.5863,0.0,0.0
1779744292503,2,Pitching Mound.Parent,,Delivery,pitch.1,701773,0.3367,2.9534,3.2711,1.5753,-0.538,-2.683,0.0,0.0
1779744292504,2,11.0000004b,Drive,Delivery,pitch.1,703323,0.0097,-0.3243,0.9403,0.0352,-0.5132,-0.5465,0.0,0.0
1779744292504,2,12.00000015,Lower Delivery,Delivery,pitch.1,703397,0.7959,3.4961,2.767,0.356,0.0977,-1.7028,-0.0034,0.0122
1779744292504,2,12.00000015,Lower Delivery,Delivery,pitch.1,703398,0.8069,3.4826,2.7099,0.4408,-0.0441,-1.6663,0.0015,0.0155
1779744292504,2,12.00000018,Upper Delivery,Delivery,pitch.1,704084,-0.4394,-0.2028,-0.5827,-0.0884,-0.0304,-0.0012,0.0,0.0
1779744292504,2,Pitching Mound.Delivery,,Delivery,pitch.1,702450,0.3565,3.2933,2.1843,1.4066,0.0673,-2.124,0.0,0.0
1779744292504,2,Pitching Mound.Drive,,Delivery,pitch.1,703323,0.0097,-0.3243,0.9403,0.0352,-0.5132,-0.5465,0.0,0.0
1779744292504,2,Pitching Mound.Parent,,Delivery,pitch.1,701774,0.3637,2.9586,3.152,1.461,-0.63,-2.7103,0.0,0.0
1779744292505,2,11.0000004b,Drive,Delivery,pitch.1,703324,0.0065,-0.3369,0.9665,0.0549,-0.6812,-0.5425,0.0,0.0
1779744292505,2,12.00000018,Upper Delivery,Delivery,pitch.1,704085,-0.4362,-0.1972,-0.5671,-0.0884,-0.0304,-0.0012,0.0,0.0
1779744292505,2,Pitching Mound.Delivery,,Delivery,pitch.1,702451,0.3707,3.2855,2.1428,1.4667,-0.0745,-2.0902,0.0,0.0
1779744292505,2,Pitching Mound.Drive,,Delivery,pitch.1,703324,0.0065,-0.3369,0.9665,0.0549,-0.6812,-0.5425,0.0,0.0
1779744292505,2,Pitching Mound.Parent,,Delivery,pitch.1,701775,0.3804,2.9612,3.083,1.5018,-0.5876,-2.6366,0.0,0.0
1779744292506,2,11.0000004b,Drive,Delivery,pitch.1,703325,0.014,-0.3093,0.9923,0.0667,-0.7786,-0.5326,0.0,0.0
1779744292506,2,12.00000015,Lower Delivery,Delivery,pitch.1,703400,0.828,3.436,2.7068,0.2437,-0.2601,-1.6689,0.0091,0.0086
1779744292506,2,12.00000015,Lower Delivery,Delivery,pitch.1,703399,0.8032,3.4671,2.7159,0.3797,-0.1919,-1.6805,0.0067,0.0133
1779744292506,2,12.00000018,Upper Delivery,Delivery,pitch.1,704086,-0.4401,-0.1918,-0.512,-0.0884,-0.0304,-0.0012,0.0,0.0
1779744292506,2,Pitching Mound.Delivery,,Delivery,pitch.1,702452,0.3631,3.2753,2.2039,1.3888,-0.2223,-2.1044,0.0,0.0
1779744292506,2,Pitching Mound.Drive,,Delivery,pitch.1,703325,0.014,-0.3093,0.9923,0.0667,-0.7786,-0.5326,0.0,0.0
1779744292506,2,Pitching Mound.Parent,,Delivery,pitch.1,701776,0.3696,2.9384,3.1704,1.4438,-0.9035,-2.6469,0.0,0.0
1779744292507,2,11.0000004b,Drive,Delivery,pitch.1,703326,0.0151,-0.3269,0.9818,0.0752,-0.8413,-0.5184,0.0,0.0
1779744292507,2,12.00000015,Lower Delivery,Delivery,pitch.1,703401,0.8277,3.4492,2.7144,0.153,-0.4381,-1.7004,0.0154,0.0054
1779744292507,2,12.00000018,Upper Delivery,Delivery,pitch.1,704087,-0.4519,-0.2054,-0.503,-0.0884,-0.0304,-0.0012,0.0,0.0
1779744292507,2,Pitching Mound.Delivery,,Delivery,pitch.1,702453,0.3761,3.2306,2.2038,1.2467,-0.2905,-2.1052,0.0,0.0
1779744292507,2,Pitching Mound.Drive,,Delivery,pitch.1,703326,0.0151,-0.3269,0.9818,0.0752,-0.8413,-0.5184,0.0,0.0
1779744292507,2,Pitching Mound.Parent,,Delivery,pitch.1,701777,0.3902,2.9213,3.196,1.3134,-1.0691,-2.6378,0.0,0.0
1779744292508,2,11.0000004b,Drive,Delivery,pitch.1,703327,0.0369,-0.3258,0.9068,0.0705,-0.801,-0.5155,0.0,0.0
1779744292508,2,12.00000015,Lower Delivery,Delivery,pitch.1,703402,0.8353,3.4616,2.7313,0.1684,-0.4304,-1.672,0.015,0.0059
1779744292508,2,12.00000018,Upper Delivery,Delivery,pitch.1,704088,-0.4558,-0.1971,-0.4923,-0.0884,-0.0304,-0.0012,0.0,0.0
1779744292508,2,Pitching Mound.Delivery,,Delivery,pitch.1,702454,0.372,3.2521,2.222,1.155,-0.4685,-2.138,0.0,0.0
1779744292508,2,Pitching Mound.Drive,,Delivery,pitch.1,703327,0.0369,-0.3258,0.9068,0.0705,-0.801,-0.5155,0.0,0.0
1779744292508,2,Pitching Mound.Parent,,Delivery,pitch.1,701778,0.3871,2.9252,3.2038,1.2301,-1.3098,-2.6564,0.0,0.0
1779744292509,2,11.0000004b,Drive,Delivery,pitch.1,703328,0.0309,-0.3267,0.8902,0.0534,-0.6374,-0.4754,0.0,0.0
1779744292509,2,12.00000015,Lower Delivery,Delivery,pitch.1,703403,0.8335,3.4853,2.7232,0.1724,-0.231,-1.6895,0.0081,0.006
1779744292509,2,12.00000018,Upper Delivery,Delivery,pitch.1,704089,-0.4464,-0.2115,-0.4883,-0.0884,-0.0304,-0.0012,0.0,0.0
1779744292509,2,Pitching Mound.Delivery,,Delivery,pitch.1,702455,0.3888,3.2502,2.243,1.1747,-0.4607,-2.109,0.0,0.0
1779744292509,2,Pitching Mound.Drive,,Delivery,pitch.1,703328,0.0309,-0.3267,0.8902,0.0534,-0.6374,-0.4754,0.0,0.0
1779744292509,2,Pitching Mound.Parent,,Delivery,pitch.1,701779,0.4258,2.9244,3.1498,1.2452,-1.2617,-2.6245,0.0,0.0
1779744292510,2,11.0000004b,Drive,Delivery,pitch.1,703329,0.0374,-0.33,0.9218,0.0653,-0.7377,-0.4819,0.0,0.0
1779744292510,2,12.00000015,Lower Delivery,Delivery,pitch.1,703404,0.8562,3.4818,2.7082,0.2443,-0.0972,-1.6888,0.0034,0.0086
1779744292510,2,12.00000018,Upper Delivery,Delivery,pitch.1,704090,-0.452,-0.2438,-0.5089,-0.0884,-0.0304,-0.0012,0.0,0.0
1779744292510,2,Pitching Mound.Delivery,,Delivery,pitch.1,702456,0.3815,3.2415,2.2143,1.183,-0.2614,-2.1278,0.0,0.0
1779744292510,2,Pitching Mound.Drive,,Delivery,pitch.1,703329,0.0374,-0.33,0.9218,0.0653,-0.7377,-0.4819,0.0,0.0
1779744292510,2,Pitching Mound.Parent,,Delivery,pitch.1,701780,0.4124,2.9148,3.1045,1.2364,-0.8988,-2.6032,0.0,0.0
1779744292511,2,11.0000004b,Drive,Delivery,pitch.1,703330,0.0318,-0.331,0.9288,0.0555,-0.6456,-0.4678,0.0,0.0
1779744292511,2,12.00000015,Lower Delivery,Delivery,pitch.1,703405,0.8559,3.4715,2.7764,0.285,0.1695,-1.6916,-0.0058,0.0098
1779744292511,2,12.00000018,Upper Delivery,Delivery,pitch.1,704091,-0.4223,-0.2244,-0.525,-0.0884,-0.0304,-0.0012,0.0,0.0
1779744292511,2,Pitching Mound.Delivery,,Delivery,pitch.1,702457,0.4339,3.2574,2.1831,1.2553,-0.1276,-2.1247,0.0,0.0
1779744292511,2,Pitching Mound.Drive,,Delivery,pitch.1,703330,0.0318,-0.331,0.9288,0.0555,-0.6456,-0.4678,0.0,0.0
1779744292511,2,Pitching Mound.Parent,,Delivery,pitch.1,701781,0.4713,2.9274,3.105,1.3206,-0.8653,-2.6065,0.0,0.0
1779744292512,2,11.0000004b,Drive,Delivery,pitch.1,703331,0.0404,-0.336,0.9986,0.0713,-0.7249,-0.4745,0.0,0.0
1779744292512,2,12.00000015,Lower Delivery,Delivery,pitch.1,703406,0.8575,3.4655,2.6805,0.2836,0.2861,-1.6461,-0.0102,0.0101
1779744292512,2,12.00000018,Upper Delivery,Delivery,pitch.1,704092,-0.4611,-0.2379,-0.4114,-0.0884,-0.0304,-0.0012,0.0,0.0
1779744292512,2,Pitching Mound.Delivery,,Delivery,pitch.1,702458,0.3949,3.2336,2.3651,1.2805,0.1392,-2.1406,0.0,0.0
1779744292512,2,Pitching Mound.Drive,,Delivery,pitch.1,703331,0.0404,-0.336,0.9986,0.0713,-0.7249,-0.4745,0.0,0.0
1779744292512,2,Pitching Mound.Parent,,Delivery,pitch.1,701782,0.4266,2.9026,3.2939,1.336,-0.5064,-2.6084,0.0,0.0
1779744292513,2,11.0000004b,Drive,Delivery,pitch.1,703332,0.0296,-0.3339,0.9677,0.0523,-0.6152,-0.4609,0.0,0.0
1779744292513,2,12.00000015,Lower Delivery,Delivery,pitch.1,703407,0.8271,3.4903,2.6743,0.3796,0.3393,-1.6221,-0.0121,0.0135
1779744292513,2,12.00000018,Upper Delivery,Delivery,pitch.1,704093,-0.4773,-0.2411,-0.2635,-0.0884,-0.0304,-0.0012,0.0,0.0
1779744292513,2,Pitching Mound.Delivery,,Delivery,pitch.1,702459,0.3802,3.2244,2.417,1.1962,0.2557,-2.1011,0.0,0.0
1779744292513,2,Pitching Mound.Drive,,Delivery,pitch.1,703332,0.0296,-0.3339,0.9677,0.0523,-0.6152,-0.4609,0.0,0.0
1779744292513,2,Pitching Mound.Parent,,Delivery,pitch.1,701783,0.4206,2.8883,3.4156,1.2675,-0.4692,-2.5756,0.0,0.0
1779744292514,2,11.0000004b,Drive,Delivery,pitch.1,703333,0.0298,-0.329,0.9744,0.0484,-0.5763,-0.4602,0.0,0.0
1779744292514,2,12.00000015,Lower Delivery,Delivery,pitch.1,703408,0.825,3.4886,2.7286,0.3176,0.4057,-1.6229,-0.0141,0.0111
1779744292514,2,12.00000018,Upper Delivery,Delivery,pitch.1,704094,-0.491,-0.2473,-0.239,-0.0884,-0.0304,-0.0012,0.0,0.0
1779744292514,2,Pitching Mound.Delivery,,Delivery,pitch.1,702460,0.3362,3.243,2.4353,1.2818,0.3089,-2.0715,0.0,0.0
1779744292514,2,Pitching Mound.Drive,,Delivery,pitch.1,703333,0.0298,-0.329,0.9744,0.0484,-0.5763,-0.4602,0.0,0.0
1779744292514,2,Pitching Mound.Parent,,Delivery,pitch.1,701784,0.3657,2.9091,3.403,1.3341,-0.3063,-2.5324,0.0,0.0
1779744292515,2,11.0000004b,Drive,Delivery,pitch.1,703334,0.0266,-0.321,0.995,0.0438,-0.5252,-0.4423,0.0,0.0
1779744292515,2,12.00000015,Lower Delivery,Delivery,pitch.1,703409,0.8053,3.492,2.8097,0.2955,0.5593,-1.5802,-0.0189,0.01
1779744292515,2,12.00000018,Upper Delivery,Delivery,pitch.1,704095,-0.4929,-0.2421,-0.0942,-0.0884,-0.0304,-0.0012,0.0,0.0
1779744292515,2,Pitching Mound.Delivery,,Delivery,pitch.1,702461,0.3321,3.2465,2.6343,1.189,0.3753,-2.0722,0.0,0.0
1779744292515,2,Pitching Mound.Drive,,Delivery,pitch.1,703334,0.0266,-0.321,0.995,0.0438,-0.5252,-0.4423,0.0,0.0
1779744292515,2,Pitching Mound.Parent,,Delivery,pitch.1,701785,0.3619,2.9175,3.6087,1.2373,-0.201,-2.5324,0.0,0.0
1779744292516,2,11.0000004b,Drive,Delivery,pitch.1,703335,0.0099,-0.3091,0.9786,0.0318,-0.4209,-0.4568,0.0,0.0
1779744292516,2,12.00000015,Lower Delivery,Delivery,pitch.1,703410,0.8134,3.5021,2.759,0.431,0.4422,-1.6099,-0.0152,0.0149
1779744292516,2,12.00000018,Upper Delivery,Delivery,pitch.1,704096,-0.5196,-0.2537,-0.1154,-0.0884,-0.0304,-0.0012,0.0,0.0
1779744292516,2,Pitching Mound.Delivery,,Delivery,pitch.1,702462,0.2857,3.2384,2.6943,1.2016,0.529,-2.0318,0.0,0.0
1779744292516,2,Pitching Mound.Drive,,Delivery,pitch.1,703335,0.0099,-0.3091,0.9786,0.0318,-0.4209,-0.4568,0.0,0.0
1779744292516,2,Pitching Mound.Parent,,Delivery,pitch.1,701786,0.3123,2.9174,3.6893,1.2454,0.0037,-2.4742,0.0,0.0
1779744292517,2,11.0000004b,Drive,Delivery,pitch.1,703336,-0.0086,-0.3171,0.921,0.0194,-0.3214,-0.4511,0.0,0.0
1779744292517,2,12.00000015,Lower Delivery,Delivery,pitch.1,703411,0.7593,3.4953,2.7342,0.4623,0.4299,-1.5873,-0.015,0.0161
1779744292517,2,12.00000018,Upper Delivery,Delivery,pitch.1,704097,-0.5101,-0.2303,-0.0293,-0.0884,-0.0304,-0.0012,0.0,0.0
1779744292517,2,Pitching Mound.Delivery,,Delivery,pitch.1,702463,0.3033,3.2718,2.7297,1.2907,0.4118,-2.0611,0.0,0.0
1779744292517,2,Pitching Mound.Drive,,Delivery,pitch.1,703336,-0.0086,-0.3171,0.921,0.0194,-0.3214,-0.4511,0.0,0.0
1779744292517,2,Pitching Mound.Parent,,Delivery,pitch.1,701787,0.3132,2.9627,3.7083,1.3224,-0.009,-2.5179,0.0,0.0
1779744292518,2,Pitching Mound.Delivery,,Delivery,pitch.1,702464,0.2521,3.2645,2.6948,1.317,0.3996,-2.0191,0.0,0.0
1779744292518,2,Pitching Mound.Parent,,Delivery,pitch.1,701788,0.2435,2.9474,3.6158,1.3365,0.0781,-2.4702,0.0,0.0
